0.000000000000000000e+00, 0.000000000000000000e+00
1.000000000000000082e-05, 5.545158346700583538e-09
2.000000000000000164e-05, 1.663550943097748710e-08
3.000000000000000415e-05, 3.327108767649454167e-08
4.000000000000000327e-05, 5.545192753967288008e-08
5.000000000000000240e-05, 8.317806350966022297e-08
6.000000000000000152e-05, 1.164495301083002061e-07
7.000000000000000742e-05, 1.552663618901018410e-07
8.000000000000000654e-05, 1.996285934422089552e-07
9.000000000000000567e-05, 2.495362593843698187e-07
1.000000000000000048e-04, 3.049893943689066767e-07
1.100000000000000039e-04, 3.659880330806855216e-07
1.200000000000000030e-04, 4.325322102370858378e-07
1.300000000000000157e-04, 5.046219605879705054e-07
1.400000000000000148e-04, 5.822573189156555193e-07
1.500000000000000140e-04, 6.654383200348801836e-07
1.600000000000000131e-04, 7.541649987927769894e-07
1.700000000000000122e-04, 8.484373900688418626e-07
1.800000000000000113e-04, 9.482555287749042003e-07
1.900000000000000105e-04, 1.053619449855097224e-06
2.000000000000000096e-04, 1.164529188285828123e-06
2.100000000000000087e-04, 1.280984779075748725e-06
2.200000000000000078e-04, 1.402986257265725849e-06
2.300000000000000070e-04, 1.530533657928811449e-06
2.400000000000000061e-04, 1.663627016170213604e-06
2.500000000000000052e-04, 1.802266367127267079e-06
2.600000000000000314e-04, 1.946451745969403896e-06
2.700000000000000577e-04, 2.096183187898124744e-06
2.800000000000000839e-04, 2.251460728146968487e-06
2.900000000000001101e-04, 2.412284401981483998e-06
3.000000000000001363e-04, 2.578654244699201573e-06
3.100000000000001626e-04, 2.750570291629602861e-06
3.200000000000001888e-04, 2.928032578134092491e-06
3.300000000000002150e-04, 3.111041139605969693e-06
3.400000000000002413e-04, 3.299596011470398227e-06
3.500000000000002675e-04, 3.493697229184378860e-06
3.600000000000002937e-04, 3.693344828236720986e-06
3.700000000000003200e-04, 3.898538844148012135e-06
3.800000000000003462e-04, 4.109279312470592136e-06
3.900000000000003724e-04, 4.325566268788522203e-06
4.000000000000003986e-04, 4.547399748717557405e-06
4.100000000000004249e-04, 4.774779787905119985e-06
4.200000000000004511e-04, 5.007706422030267171e-06
4.300000000000004773e-04, 5.246179686803667464e-06
4.400000000000005036e-04, 5.490199617967570137e-06
4.500000000000005298e-04, 5.739766251295776445e-06
4.600000000000005560e-04, 5.994879622593612511e-06
4.700000000000005822e-04, 6.255539767697902228e-06
4.800000000000006085e-04, 6.521746722476938455e-06
4.900000000000006347e-04, 6.793500522830455069e-06
5.000000000000006609e-04, 7.070801204689598162e-06
5.100000000000006872e-04, 7.353648804016901481e-06
5.200000000000007134e-04, 7.642043356806255930e-06
5.300000000000007396e-04, 7.935984899082880776e-06
5.400000000000007658e-04, 8.235473466903302469e-06
5.500000000000007921e-04, 8.540509096355319071e-06
5.600000000000008183e-04, 8.851091823557977379e-06
5.700000000000008445e-04, 9.167221684661545829e-06
5.800000000000008708e-04, 9.488898715847483996e-06
5.900000000000008970e-04, 9.816122953328418880e-06
6.000000000000009232e-04, 1.014889443334811610e-05
6.100000000000009494e-04, 1.048721319218145282e-05
6.200000000000009757e-04, 1.083107926613439057e-05
6.300000000000010019e-04, 1.118049269154394825e-05
6.400000000000010281e-04, 1.153545350477817661e-05
6.500000000000010544e-04, 1.189596174223612614e-05
6.600000000000010806e-04, 1.226201744034782839e-05
6.700000000000011068e-04, 1.263362063557426213e-05
6.800000000000011331e-04, 1.301077136440733126e-05
6.900000000000011593e-04, 1.339346966336983272e-05
7.000000000000011855e-04, 1.378171556901543776e-05
7.100000000000012117e-04, 1.417550911792865811e-05
7.200000000000012380e-04, 1.457485034672482227e-05
7.300000000000012642e-04, 1.497973929205004836e-05
7.400000000000012904e-04, 1.539017599058122214e-05
7.500000000000013167e-04, 1.580616047902596311e-05
7.600000000000013429e-04, 1.622769279412260250e-05
7.700000000000013691e-04, 1.665477297264015614e-05
7.800000000000013953e-04, 1.708740105137829908e-05
7.900000000000014216e-04, 1.752557706716734184e-05
8.000000000000014478e-04, 1.796930105686819656e-05
8.100000000000014740e-04, 1.841857305737235666e-05
8.200000000000015003e-04, 1.887339310560187650e-05
8.300000000000015265e-04, 1.933376123850933073e-05
8.400000000000015527e-04, 1.979967749307779735e-05
8.500000000000015789e-04, 2.027114190632083740e-05
8.600000000000016052e-04, 2.074815451528245764e-05
8.700000000000016314e-04, 2.123071535703709368e-05
8.800000000000016576e-04, 2.171882446868957602e-05
8.900000000000016839e-04, 2.221248188737511318e-05
9.000000000000017101e-04, 2.271168765025926455e-05
9.100000000000017363e-04, 2.321644179453790654e-05
9.200000000000017625e-04, 2.372674435743721559e-05
9.300000000000017888e-04, 2.424259537621363775e-05
9.400000000000018150e-04, 2.476399488815387166e-05
9.500000000000018412e-04, 2.529094293057483473e-05
9.600000000000018675e-04, 2.582343954082363941e-05
9.700000000000018937e-04, 2.636148475627756943e-05
9.800000000000019199e-04, 2.690507861434405615e-05
9.900000000000019462e-04, 2.745422115246065140e-05
1.000000000000001972e-03, 2.800891240809500040e-05
1.010000000000001999e-03, 2.856915241874482145e-05
1.020000000000002025e-03, 2.913494122193787539e-05
1.030000000000002051e-03, 2.970627885523194868e-05
1.040000000000002077e-03, 3.028316535621481954e-05
1.050000000000002104e-03, 3.086560076250424099e-05
1.060000000000002130e-03, 3.145358511174791035e-05
1.070000000000002156e-03, 3.204711844162345231e-05
1.080000000000002182e-03, 3.264620078983837488e-05
1.090000000000002208e-03, 3.325083219413007619e-05
1.100000000000002235e-03, 3.386101269226578345e-05
1.110000000000002261e-03, 3.447674232204256655e-05
1.120000000000002287e-03, 3.509802112128727707e-05
1.130000000000002313e-03, 3.572484912785655502e-05
1.140000000000002340e-03, 3.635722637963678824e-05
1.150000000000002366e-03, 3.699515291454407844e-05
1.160000000000002392e-03, 3.763862877052424807e-05
1.170000000000002418e-03, 3.828765398555277925e-05
1.180000000000002445e-03, 3.894222859763481383e-05
1.190000000000002471e-03, 3.960235264480513301e-05
1.200000000000002497e-03, 4.026802616512810320e-05
1.210000000000002523e-03, 4.093924919669768948e-05
1.220000000000002549e-03, 4.161602177763740825e-05
1.230000000000002576e-03, 4.229834394610030007e-05
1.240000000000002602e-03, 4.298621574026892969e-05
1.250000000000002628e-03, 4.367963719835533861e-05
1.260000000000002654e-03, 4.437860835860102474e-05
1.270000000000002681e-03, 4.508312925927693564e-05
1.280000000000002707e-03, 4.579319993868343462e-05
1.290000000000002733e-03, 4.650882043515026010e-05
1.300000000000002759e-03, 4.722999078703652559e-05
1.310000000000002785e-03, 4.795671103273069263e-05
1.320000000000002812e-03, 4.868898121065053683e-05
1.330000000000002838e-03, 4.942680135924312762e-05
1.340000000000002864e-03, 5.017017151698481466e-05
1.350000000000002890e-03, 5.091909172238118719e-05
1.360000000000002917e-03, 5.167356201396707400e-05
1.370000000000002943e-03, 5.243358243030649606e-05
1.380000000000002969e-03, 5.319915300999265970e-05
1.390000000000002995e-03, 5.397027379164792270e-05
1.400000000000003022e-03, 5.474694481392378083e-05
1.410000000000003048e-03, 5.552916611550083386e-05
1.420000000000003074e-03, 5.631693773508877210e-05
1.430000000000003100e-03, 5.711025971142635600e-05
1.440000000000003126e-03, 5.790913208328137555e-05
1.450000000000003153e-03, 5.871355488945064345e-05
1.460000000000003179e-03, 5.952352816875996805e-05
1.470000000000003205e-03, 6.033905196006413300e-05
1.480000000000003231e-03, 6.116012630224686338e-05
1.490000000000003258e-03, 6.198675123422082566e-05
1.500000000000003284e-03, 6.281892679492756678e-05
1.510000000000003310e-03, 6.365665302333754121e-05
1.520000000000003336e-03, 6.449992995845004319e-05
1.530000000000003363e-03, 6.534875763929320674e-05
1.540000000000003389e-03, 6.620313610492399212e-05
1.550000000000003415e-03, 6.706306539442813159e-05
1.560000000000003441e-03, 6.792854554692012942e-05
1.570000000000003467e-03, 6.879957660154324835e-05
1.580000000000003494e-03, 6.967615859746946895e-05
1.590000000000003520e-03, 7.055829157389946244e-05
1.600000000000003546e-03, 7.144597557006259077e-05
1.610000000000003572e-03, 7.233921062521686594e-05
1.620000000000003599e-03, 7.323799677864894998e-05
1.630000000000003625e-03, 7.414233406967408720e-05
1.640000000000003651e-03, 7.505222253763614484e-05
1.650000000000003677e-03, 7.596766222190753177e-05
1.660000000000003703e-03, 7.688865316188921205e-05
1.670000000000003730e-03, 7.781519539701069134e-05
1.680000000000003756e-03, 7.874728896672994916e-05
1.690000000000003782e-03, 7.968493391053345246e-05
1.700000000000003808e-03, 8.062813026793614203e-05
1.710000000000003835e-03, 8.157687807848137832e-05
1.720000000000003861e-03, 8.253117738174094143e-05
1.730000000000003887e-03, 8.349102821731500400e-05
1.740000000000003913e-03, 8.445643062483210411e-05
1.750000000000003940e-03, 8.542738464394914529e-05
1.760000000000003966e-03, 8.640389031435134228e-05
1.770000000000003992e-03, 8.738594767575222106e-05
1.780000000000004018e-03, 8.837355676789359173e-05
1.790000000000004044e-03, 8.936671763054552142e-05
1.800000000000004071e-03, 9.036543030350632072e-05
1.810000000000004097e-03, 9.136969482660253013e-05
1.820000000000004123e-03, 9.237951123968889296e-05
1.830000000000004149e-03, 9.339487958264830112e-05
1.840000000000004176e-03, 9.441579989539182222e-05
1.850000000000004202e-03, 9.544227221785865894e-05
1.860000000000004228e-03, 9.647429659001612186e-05
1.870000000000004254e-03, 9.751187305185960244e-05
1.880000000000004281e-03, 9.855500164341258649e-05
1.890000000000004307e-03, 9.960368240472660002e-05
1.900000000000004333e-03, 1.006579153758811821e-04
1.910000000000004359e-03, 1.017177005969838985e-04
1.920000000000004385e-03, 1.027830381081702873e-04
1.930000000000004412e-03, 1.038539279496038725e-04
1.940000000000004438e-03, 1.049303701614760965e-04
1.950000000000004464e-03, 1.060123647840063334e-04
1.960000000000004274e-03, 1.070999118574418618e-04
1.970000000000004300e-03, 1.081930114220567944e-04
1.980000000000004326e-03, 1.092916635181484731e-04
1.990000000000004352e-03, 1.103958681860375227e-04
2.000000000000004378e-03, 1.115056254660677567e-04
2.010000000000004405e-03, 1.126209353986062174e-04
2.020000000000004431e-03, 1.137417980240431356e-04
2.030000000000004457e-03, 1.148682133827919305e-04
2.040000000000004483e-03, 1.160001815152891824e-04
2.050000000000004510e-03, 1.171377024619946194e-04
2.060000000000004536e-03, 1.182807762633911175e-04
2.070000000000004562e-03, 1.194294029599846324e-04
2.080000000000004588e-03, 1.205835825923042676e-04
2.090000000000004615e-03, 1.217433152009021931e-04
2.100000000000004641e-03, 1.229086008263536450e-04
2.110000000000004667e-03, 1.240794395092569263e-04
2.120000000000004693e-03, 1.252558312902333788e-04
2.130000000000004719e-03, 1.264377762099273567e-04
2.140000000000004746e-03, 1.276252743090062537e-04
2.150000000000004772e-03, 1.288183256281604482e-04
2.160000000000004798e-03, 1.300169302081032768e-04
2.170000000000004824e-03, 1.312210880895710882e-04
2.180000000000004851e-03, 1.324307993133231351e-04
2.190000000000004877e-03, 1.336460639201416279e-04
2.200000000000004903e-03, 1.348668819508316808e-04
2.210000000000004929e-03, 1.360932534462213391e-04
2.220000000000004955e-03, 1.373251784471615246e-04
2.230000000000004982e-03, 1.385626569945260357e-04
2.240000000000005008e-03, 1.398056891292115205e-04
2.250000000000005034e-03, 1.410542748921374766e-04
2.260000000000005060e-03, 1.423084143242462512e-04
2.270000000000005087e-03, 1.435681074665029597e-04
2.280000000000005113e-03, 1.448333543598955670e-04
2.290000000000005139e-03, 1.461041550454348064e-04
2.300000000000005165e-03, 1.473805095641541794e-04
2.310000000000005192e-03, 1.486624179571099285e-04
2.320000000000005218e-03, 1.499498802653810646e-04
2.330000000000005244e-03, 1.512428965300693126e-04
2.340000000000005270e-03, 1.525414667922991114e-04
2.350000000000005296e-03, 1.538455910932175869e-04
2.360000000000005323e-03, 1.551552694739945248e-04
2.370000000000005349e-03, 1.564705019758224247e-04
2.380000000000005375e-03, 1.577912886399164191e-04
2.390000000000005401e-03, 1.591176295075142732e-04
2.400000000000005428e-03, 1.604495246198763849e-04
2.410000000000005454e-03, 1.617869740182857575e-04
2.420000000000005480e-03, 1.631299777440479732e-04
2.430000000000005506e-03, 1.644785358384911924e-04
2.440000000000005533e-03, 1.658326483429661542e-04
2.450000000000005559e-03, 1.671923152988461490e-04
2.460000000000005585e-03, 1.685575367475270186e-04
2.470000000000005611e-03, 1.699283127304270749e-04
2.480000000000005637e-03, 1.713046432889871813e-04
2.490000000000005664e-03, 1.726865284646706712e-04
2.500000000000005690e-03, 1.740739682989633481e-04
2.510000000000005716e-03, 1.754669628333735128e-04
2.520000000000005742e-03, 1.768655121094318816e-04
2.530000000000005769e-03, 1.782696161686916415e-04
2.540000000000005795e-03, 1.796792750527283677e-04
2.550000000000005821e-03, 1.810944888031400246e-04
2.560000000000005847e-03, 1.825152574615470193e-04
2.570000000000005873e-03, 1.839415810695920936e-04
2.580000000000005900e-03, 1.853734596689403781e-04
2.590000000000005926e-03, 1.868108933012793107e-04
2.600000000000005952e-03, 1.882538820083187183e-04
2.610000000000005978e-03, 1.897024258317907351e-04
2.620000000000006005e-03, 1.911565248134497756e-04
2.630000000000006031e-03, 1.926161789950725620e-04
2.640000000000006057e-03, 1.940813884184580966e-04
2.650000000000006083e-03, 1.955521531254276351e-04
2.660000000000006110e-03, 1.970284731578246865e-04
2.670000000000006136e-03, 1.985103485575150128e-04
2.680000000000006162e-03, 1.999977793663865753e-04
2.690000000000006188e-03, 2.014907656263495341e-04
2.700000000000006214e-03, 2.029893073793362758e-04
2.710000000000006241e-03, 2.044934046673013586e-04
2.720000000000006267e-03, 2.060030575322214857e-04
2.730000000000006293e-03, 2.075182660160955050e-04
2.740000000000006319e-03, 2.090390301609444364e-04
2.750000000000006346e-03, 2.105653500088113905e-04
2.760000000000006372e-03, 2.120972256017616226e-04
2.770000000000006398e-03, 2.136346569818824517e-04
2.780000000000006424e-03, 2.151776441912833142e-04
2.790000000000006451e-03, 2.167261872720956833e-04
2.800000000000006477e-03, 2.182802862664730682e-04
2.810000000000006503e-03, 2.198399412165910692e-04
2.820000000000006529e-03, 2.214051521646472954e-04
2.830000000000006555e-03, 2.229759191528613656e-04
2.840000000000006582e-03, 2.245522422234748805e-04
2.850000000000006608e-03, 2.261341214187514504e-04
2.860000000000006634e-03, 2.277215567809766405e-04
2.870000000000006660e-03, 2.293145483524579981e-04
2.880000000000006687e-03, 2.309130961755249988e-04
2.890000000000006713e-03, 2.325172002925290460e-04
2.900000000000006739e-03, 2.341268607458434710e-04
2.910000000000006765e-03, 2.357420775778635061e-04
2.920000000000006792e-03, 2.373628508310062575e-04
2.930000000000006818e-03, 2.389891805477107321e-04
2.940000000000006844e-03, 2.406210667704378105e-04
2.950000000000006870e-03, 2.422585095416701661e-04
2.960000000000006896e-03, 2.439015089039123728e-04
2.970000000000006923e-03, 2.455500648996907973e-04
2.980000000000006949e-03, 2.472041775715536527e-04
2.990000000000006975e-03, 2.488638469620708363e-04
3.000000000000007001e-03, 2.505290731138342004e-04
3.010000000000007028e-03, 2.521998560694572273e-04
3.020000000000007054e-03, 2.538761958715751916e-04
3.030000000000007080e-03, 2.555580925628451062e-04
3.040000000000007106e-03, 2.572455461859457764e-04
3.050000000000007132e-03, 2.589385567835776375e-04
3.060000000000007159e-03, 2.606371243984628629e-04
3.070000000000007185e-03, 2.623412490733453644e-04
3.080000000000007211e-03, 2.640509308509906292e-04
3.090000000000007237e-03, 2.657661697741858830e-04
3.100000000000007264e-03, 2.674869658857399811e-04
3.110000000000007290e-03, 2.692133192284834088e-04
3.120000000000007316e-03, 2.709452298452683355e-04
3.130000000000007342e-03, 2.726826977789683975e-04
3.140000000000007369e-03, 2.744257230724789698e-04
3.150000000000007395e-03, 2.761743057687169483e-04
3.160000000000007421e-03, 2.779284459106208050e-04
3.170000000000007447e-03, 2.796881435411505872e-04
3.180000000000007473e-03, 2.814533987032878637e-04
3.190000000000007500e-03, 2.832242114400357791e-04
3.200000000000007526e-03, 2.850005817944189449e-04
3.210000000000007552e-03, 2.867825098094834400e-04
3.220000000000007578e-03, 2.885699955282969732e-04
3.230000000000007605e-03, 2.903630389939486117e-04
3.240000000000007631e-03, 2.921616402495489447e-04
3.250000000000007657e-03, 2.939657993382300280e-04
3.260000000000007683e-03, 2.957755163031452767e-04
3.270000000000007710e-03, 2.975907911874696270e-04
3.280000000000007736e-03, 2.994116240343994281e-04
3.290000000000007762e-03, 3.012380148871523339e-04
3.300000000000007788e-03, 3.030699637889675197e-04
3.310000000000007814e-03, 3.049074707831054111e-04
3.320000000000007841e-03, 3.067505359128479010e-04
3.330000000000007867e-03, 3.085991592214981866e-04
3.340000000000007893e-03, 3.104533407523807700e-04
3.350000000000007919e-03, 3.123130805488415662e-04
3.360000000000007946e-03, 3.141783786542477405e-04
3.370000000000007972e-03, 3.160492351119877628e-04
3.380000000000007998e-03, 3.179256499654714075e-04
3.390000000000008024e-03, 3.198076232581296995e-04
3.400000000000008051e-03, 3.216951550334149683e-04
3.410000000000008077e-03, 3.235882453348007393e-04
3.420000000000008103e-03, 3.254868942057818426e-04
3.430000000000008129e-03, 3.273911016898742505e-04
3.440000000000008155e-03, 3.293008678306152395e-04
3.450000000000008182e-03, 3.312161926715632282e-04
3.460000000000008208e-03, 3.331370762562978313e-04
3.470000000000008234e-03, 3.350635186284198598e-04
3.480000000000008260e-03, 3.369955198315512123e-04
3.490000000000008287e-03, 3.389330799093350378e-04
3.500000000000008313e-03, 3.408761989054355729e-04
3.510000000000008339e-03, 3.428248768635381964e-04
3.520000000000008365e-03, 3.447791138273493747e-04
3.530000000000008391e-03, 3.467389098405966618e-04
3.540000000000008418e-03, 3.487042649470287539e-04
3.550000000000008444e-03, 3.506751791904153806e-04
3.560000000000008470e-03, 3.526516526145473049e-04
3.570000000000008496e-03, 3.546336852632364319e-04
3.580000000000008523e-03, 3.566212771803156461e-04
3.590000000000008549e-03, 3.586144284096388652e-04
3.600000000000008575e-03, 3.606131389950809865e-04
3.610000000000008601e-03, 3.626174089805379950e-04
3.620000000000008628e-03, 3.646272384099267464e-04
3.630000000000008654e-03, 3.666426273271851844e-04
3.640000000000008680e-03, 3.686635757762721775e-04
3.650000000000008706e-03, 3.706900838011675196e-04
3.660000000000008732e-03, 3.727221514458719837e-04
3.670000000000008759e-03, 3.747597787544072680e-04
3.680000000000008785e-03, 3.768029657708159416e-04
3.690000000000008811e-03, 3.788517125391614986e-04
3.700000000000008837e-03, 3.809060191035283584e-04
3.710000000000008864e-03, 3.829658855080218111e-04
3.720000000000008890e-03, 3.850313117967679635e-04
3.730000000000008916e-03, 3.871022980139138476e-04
3.740000000000008942e-03, 3.891788442036272578e-04
3.750000000000008969e-03, 3.912609504100969136e-04
3.760000000000008995e-03, 3.933486166775322429e-04
3.770000000000009021e-03, 3.954418430501635984e-04
3.780000000000009047e-03, 3.975406295722420415e-04
3.790000000000009073e-03, 3.996449762880395040e-04
3.800000000000009100e-03, 4.017548832418485721e-04
3.810000000000009126e-03, 4.038703504779827028e-04
3.820000000000009152e-03, 4.059913780407760071e-04
3.830000000000009178e-03, 4.081179659745834127e-04
3.840000000000009205e-03, 4.102501143237805015e-04
3.850000000000009231e-03, 4.123878231327636175e-04
3.860000000000009257e-03, 4.145310924459498134e-04
3.870000000000009283e-03, 4.166799223077767415e-04
3.880000000000009309e-03, 4.188343127627028708e-04
3.890000000000009336e-03, 4.209942638552072159e-04
3.900000000000009362e-03, 4.231597756297894456e-04
3.910000000000008955e-03, 4.253308481309699910e-04
3.920000000000008547e-03, 4.275074814032897748e-04
3.930000000000008140e-03, 4.296896754913104278e-04
3.940000000000007732e-03, 4.318774304396141264e-04
3.950000000000007325e-03, 4.340707462928036471e-04
3.960000000000006917e-03, 4.362696230955024203e-04
3.970000000000006510e-03, 4.384740608923543676e-04
3.980000000000006102e-03, 4.406840597280240108e-04
3.990000000000005695e-03, 4.428996196471964172e-04
4.000000000000005287e-03, 4.451207406945771453e-04
4.010000000000004880e-03, 4.473474229148923539e-04
4.020000000000004473e-03, 4.495796663528886386e-04
4.030000000000004065e-03, 4.518174710533331409e-04
4.040000000000003658e-03, 4.540608370610134934e-04
4.050000000000003250e-03, 4.563097644207377663e-04
4.060000000000002843e-03, 4.585642531773345752e-04
4.070000000000002435e-03, 4.608243033756529187e-04
4.080000000000002028e-03, 4.630899150605622327e-04
4.090000000000001620e-03, 4.653610882769524445e-04
4.100000000000001213e-03, 4.676378230697338643e-04
4.110000000000000805e-03, 4.699201194838371854e-04
4.120000000000000398e-03, 4.722079775642135926e-04
4.129999999999999991e-03, 4.745013973558345451e-04
4.139999999999999583e-03, 4.768003789036919394e-04
4.149999999999999176e-03, 4.791049222527980550e-04
4.159999999999998768e-03, 4.814150274481854459e-04
4.169999999999998361e-03, 4.837306945349070493e-04
4.179999999999997953e-03, 4.860519235580361853e-04
4.189999999999997546e-03, 4.883787145626664484e-04
4.199999999999997138e-03, 4.907110675939117079e-04
4.209999999999996731e-03, 4.930489826969061077e-04
4.219999999999996323e-03, 4.953924599168041745e-04
4.229999999999995916e-03, 4.977414992987806014e-04
4.239999999999995509e-03, 5.000961008880304643e-04
4.249999999999995101e-03, 5.024562647297690053e-04
4.259999999999994694e-03, 5.048219908692317412e-04
4.269999999999994286e-03, 5.071932793516743549e-04
4.279999999999993879e-03, 5.095701302223728038e-04
4.289999999999993471e-03, 5.119525435266233200e-04
4.299999999999993064e-03, 5.143405193097420848e-04
4.309999999999992656e-03, 5.167340576170657710e-04
4.319999999999992249e-03, 5.191331584939510007e-04
4.329999999999991842e-03, 5.215378219857746706e-04
4.339999999999991434e-03, 5.239480481379338436e-04
4.349999999999991027e-03, 5.263638369958455318e-04
4.359999999999990619e-03, 5.287851886049471303e-04
4.369999999999990212e-03, 5.312121030106959838e-04
4.379999999999989804e-03, 5.336445802585696027e-04
4.389999999999989397e-03, 5.360826203940655555e-04
4.399999999999988989e-03, 5.385262234627015768e-04
4.409999999999988582e-03, 5.409753895100154588e-04
4.419999999999988174e-03, 5.434301185815649431e-04
4.429999999999987767e-03, 5.458904107229279375e-04
4.439999999999987360e-03, 5.483562659797022992e-04
4.449999999999986952e-03, 5.508276843975059428e-04
4.459999999999986545e-03, 5.533046660219768410e-04
4.469999999999986137e-03, 5.557872108987730242e-04
4.479999999999985730e-03, 5.582753190735723634e-04
4.489999999999985322e-03, 5.607689905920727877e-04
4.499999999999984915e-03, 5.632682254999922837e-04
4.509999999999984507e-03, 5.657730238430686790e-04
4.519999999999984100e-03, 5.682833856670598590e-04
4.529999999999983692e-03, 5.707993110177435499e-04
4.539999999999983285e-03, 5.733207999409175356e-04
4.549999999999982878e-03, 5.758478524823993326e-04
4.559999999999982470e-03, 5.783804686880265151e-04
4.569999999999982063e-03, 5.809186486036566066e-04
4.579999999999981655e-03, 5.834623922751668631e-04
4.589999999999981248e-03, 5.860116997484544898e-04
4.599999999999980840e-03, 5.885665710694365331e-04
4.609999999999980433e-03, 5.911270062840498800e-04
4.619999999999980025e-03, 5.936930054382513668e-04
4.629999999999979618e-03, 5.962645685780175626e-04
4.639999999999979211e-03, 5.988416957493448772e-04
4.649999999999978803e-03, 6.014243869982495612e-04
4.659999999999978396e-03, 6.040126423707677062e-04
4.669999999999977988e-03, 6.066064619129551364e-04
4.679999999999977581e-03, 6.092058456708874083e-04
4.689999999999977173e-03, 6.118107936906599193e-04
4.699999999999976766e-03, 6.144213060183879079e-04
4.709999999999976358e-03, 6.170373827002061280e-04
4.719999999999975951e-03, 6.196590237822692830e-04
4.729999999999975543e-03, 6.222862293107518086e-04
4.739999999999975136e-03, 6.249189993318477647e-04
4.749999999999974729e-03, 6.275573338917708353e-04
4.759999999999974321e-03, 6.302012330367545451e-04
4.769999999999973914e-03, 6.328506968130521515e-04
4.779999999999973506e-03, 6.355057252669364274e-04
4.789999999999973099e-03, 6.381663184446998783e-04
4.799999999999972691e-03, 6.408324763926547419e-04
4.809999999999972284e-03, 6.435041991571327719e-04
4.819999999999971876e-03, 6.461814867844854543e-04
4.829999999999971469e-03, 6.488643393210838991e-04
4.839999999999971061e-03, 6.515527568133187321e-04
4.849999999999970654e-03, 6.542467393076003114e-04
4.859999999999970247e-03, 6.569462868503584026e-04
4.869999999999969839e-03, 6.596513994880426118e-04
4.879999999999969432e-03, 6.623620772671218442e-04
4.889999999999969024e-03, 6.650783202340848459e-04
4.899999999999968617e-03, 6.678001284354396615e-04
4.909999999999968209e-03, 6.705275019177139601e-04
4.919999999999967802e-03, 6.732604407274550345e-04
4.929999999999967394e-03, 6.759989449112295849e-04
4.939999999999966987e-03, 6.787430145156239355e-04
4.949999999999966580e-03, 6.814926495872438176e-04
4.959999999999966172e-03, 6.842478501727143701e-04
4.969999999999965765e-03, 6.870086163186804639e-04
4.979999999999965357e-03, 6.897749480718061606e-04
4.989999999999964950e-03, 6.925468454787752541e-04
4.999999999999964542e-03, 6.953243085862907289e-04
5.009999999999964135e-03, 6.981073374410751934e-04
6.009999999999964156e-03, 1.032122616111181505e-03
7.009999999999964176e-03, 1.421902615245792308e-03
8.009999999999965065e-03, 1.867501174227704239e-03
9.009999999999965953e-03, 2.368973528376932397e-03
1.000999999999996684e-02, 2.926376243401692095e-03
1.100999999999996773e-02, 3.539767050221446013e-03
1.200999999999996862e-02, 4.209204819000972320e-03
1.300999999999996951e-02, 4.934749534438063676e-03
1.400999999999997039e-02, 5.716462167785355333e-03
1.500999999999997128e-02, 6.554404718918944994e-03
1.600999999999997217e-02, 7.448640264811292981e-03
1.700999999999997306e-02, 8.399232934629548633e-03
1.800999999999997395e-02, 9.406247881854722451e-03
1.900999999999997483e-02, 1.046975111129140427e-02
2.000999999999997572e-02, 1.158980939462398926e-02
2.100999999999997661e-02, 1.276649026185803365e-02
2.200999999999997750e-02, 1.399986199313853555e-02
2.300999999999997839e-02, 1.528999353545347668e-02
2.400999999999997928e-02, 1.663695455050002991e-02
2.500999999999998016e-02, 1.804081544449068208e-02
2.600999999999998105e-02, 1.950164735904890909e-02
2.700999999999998194e-02, 2.101952216238181861e-02
2.800999999999998283e-02, 2.259451244072628942e-02
2.900999999999998372e-02, 2.422669149006480976e-02
3.000999999999998460e-02, 2.591613330810654120e-02
3.100999999999998549e-02, 2.766291258499787090e-02
3.200999999999998291e-02, 2.946710460198515361e-02
3.300999999999998380e-02, 3.132878517242340677e-02
3.400999999999998469e-02, 3.324803063939863607e-02
3.500999999999998558e-02, 3.522491787363407623e-02
3.600999999999998646e-02, 3.725952422690251981e-02
3.700999999999998735e-02, 3.935192755511177087e-02
3.800999999999998824e-02, 4.150220624655999446e-02
3.900999999999998913e-02, 4.371043921932190462e-02
4.000999999999999002e-02, 4.597670591862055428e-02
4.100999999999999091e-02, 4.830108631419687687e-02
4.200999999999999179e-02, 5.068366089768706895e-02
4.300999999999999268e-02, 5.312451068001620286e-02
4.400999999999999357e-02, 5.562371718881498756e-02
4.500999999999999446e-02, 5.818136246586537441e-02
4.600999999999999535e-02, 6.079752906457966399e-02
4.700999999999999623e-02, 6.347230004751691634e-02
4.800999999999999712e-02, 6.620575898393964154e-02
4.900999999999999801e-02, 6.895836680589091661e-02
5.000999999999999890e-02, 7.171431200597198907e-02
5.100999999999999979e-02, 7.447363627238430539e-02
5.201000000000000068e-02, 7.723637947700127959e-02
5.301000000000000156e-02, 8.000257991276885083e-02
5.401000000000000245e-02, 8.277227436677696282e-02
5.501000000000000334e-02, 8.554549819508550090e-02
5.601000000000000423e-02, 8.832228543436750068e-02
5.701000000000000512e-02, 9.110266896363382327e-02
5.801000000000000600e-02, 9.388668074396197549e-02
5.901000000000000689e-02, 9.667435191301186614e-02
6.001000000000000778e-02, 9.946571281441987655e-02
6.101000000000000867e-02, 1.022607930266815623e-01
6.201000000000000956e-02, 1.050596213910707233e-01
6.301000000000001044e-02, 1.078622260383744896e-01
6.401000000000001133e-02, 1.106686344143547329e-01
6.501000000000001222e-02, 1.134788733039199665e-01
6.601000000000001311e-02, 1.162929689228645452e-01
6.701000000000001400e-02, 1.191109470508576185e-01
6.801000000000001489e-02, 1.219328330767153745e-01
6.901000000000001577e-02, 1.247586520065872562e-01
7.001000000000001666e-02, 1.275884284724093098e-01
7.101000000000001755e-02, 1.304221867404693758e-01
7.201000000000001844e-02, 1.332599507199741518e-01
7.301000000000001933e-02, 1.361017439715403454e-01
7.401000000000002021e-02, 1.389475902413508102e-01
7.501000000000002110e-02, 1.417975127743508201e-01
7.601000000000002199e-02, 1.446515340931985583e-01
7.701000000000002288e-02, 1.475096760196226986e-01
7.801000000000002377e-02, 1.503719596858176244e-01
7.901000000000002466e-02, 1.532384053870179119e-01
8.001000000000002554e-02, 1.561090328857502041e-01
8.101000000000002643e-02, 1.589838614846495191e-01
8.201000000000002732e-02, 1.618629100382006636e-01
8.301000000000002821e-02, 1.647461969641349500e-01
8.401000000000002910e-02, 1.676337402544794131e-01
8.501000000000002998e-02, 1.705255574862593881e-01
8.601000000000003087e-02, 1.734216658318594173e-01
8.701000000000003176e-02, 1.763220820690490631e-01
8.801000000000003265e-02, 1.792268225906820112e-01
8.901000000000003354e-02, 1.821359034140780098e-01
9.001000000000003443e-02, 1.850493401900978607e-01
9.101000000000003531e-02, 1.879671482119220083e-01
9.201000000000003620e-02, 1.908893424235434400e-01
9.301000000000003709e-02, 1.938159374279858072e-01
9.401000000000003798e-02, 1.967469474952573405e-01
9.501000000000003887e-02, 1.996823865700511347e-01
9.601000000000003975e-02, 2.026222682792020169e-01
9.701000000000004064e-02, 2.055666059524816902e-01
9.801000000000004153e-02, 2.085154126906900440e-01
9.901000000000004242e-02, 2.114687013929006654e-01
1.000100000000000433e-01, 2.144264847605932001e-01
1.010100000000000442e-01, 2.173887753017347546e-01
1.020100000000000451e-01, 2.203555853348061200e-01
1.030100000000000460e-01, 2.233269269927697087e-01
1.040100000000000469e-01, 2.263028122269766795e-01
1.050100000000000477e-01, 2.292832528110118062e-01
1.060100000000000486e-01, 2.322682603444746474e-01
1.070100000000000495e-01, 2.352578462566967954e-01
1.080100000000000504e-01, 2.382520218103945098e-01
1.090100000000000513e-01, 2.412507981052572359e-01
1.100100000000000522e-01, 2.442541860814719246e-01
1.110100000000000531e-01, 2.472621965231840968e-01
1.120100000000000540e-01, 2.502748400618960423e-01
1.130100000000000549e-01, 2.532921271798032614e-01
1.140100000000000557e-01, 2.563140682130701786e-01
1.150100000000000566e-01, 2.593406733550458476e-01
1.160100000000000575e-01, 2.623719526594212592e-01
1.170100000000000584e-01, 2.654079160433290840e-01
1.180100000000000593e-01, 2.684485732903874600e-01
1.190100000000000602e-01, 2.714939340536886569e-01
1.200100000000000611e-01, 2.745440078587342847e-01
1.210100000000000620e-01, 2.775988041063182643e-01
1.220100000000000628e-01, 2.806583317544946166e-01
1.230100000000000637e-01, 2.837225997937973254e-01
1.240100000000000646e-01, 2.867916174796860118e-01
1.250100000000000655e-01, 2.898653943206509487e-01
1.260100000000000664e-01, 2.929439400672007587e-01
1.270100000000000673e-01, 2.960272647016504721e-01
1.280100000000000682e-01, 2.991153784286370576e-01
1.290100000000000691e-01, 3.022082916662982011e-01
1.300100000000000700e-01, 3.053060150380558779e-01
1.310100000000000708e-01, 3.084085593649539270e-01
1.320100000000000717e-01, 3.115159356585029404e-01
1.330100000000000726e-01, 3.146281551139909483e-01
1.340100000000000735e-01, 3.177452291042229260e-01
1.350100000000000744e-01, 3.208671691736547649e-01
1.360100000000000753e-01, 3.239939870328920057e-01
1.370100000000000762e-01, 3.271256945535250260e-01
1.380100000000000771e-01, 3.302623037632758662e-01
1.390100000000000779e-01, 3.334038268414342698e-01
1.400100000000000788e-01, 3.365502761145612864e-01
1.410100000000000797e-01, 3.397016640524425646e-01
1.420100000000000806e-01, 3.428580032642731812e-01
1.430100000000000815e-01, 3.460193064950583541e-01
1.440100000000000824e-01, 3.491855866222159932e-01
1.450100000000000833e-01, 3.523568566523669898e-01
1.460100000000000842e-01, 3.555331297183015327e-01
1.470100000000000851e-01, 3.587144190761099027e-01
1.480100000000000859e-01, 3.619007381024673675e-01
1.490100000000000868e-01, 3.650921002920636260e-01
1.500100000000000877e-01, 3.682885192551680342e-01
1.510100000000000886e-01, 3.714900087153218955e-01
1.520100000000000895e-01, 3.746965825071508771e-01
1.530100000000000904e-01, 3.779082545742901700e-01
1.540100000000000913e-01, 3.811250389674155081e-01
1.550100000000000922e-01, 3.843469498423747188e-01
1.560100000000000930e-01, 3.875740014584134197e-01
1.570100000000000939e-01, 3.908062081764900331e-01
1.580100000000000948e-01, 3.940435844576749558e-01
1.590100000000000957e-01, 3.972861448616293867e-01
1.600100000000000966e-01, 4.005339040451597055e-01
1.610100000000000975e-01, 4.037868767608430165e-01
1.620100000000000984e-01, 4.070450778557204163e-01
1.630100000000000993e-01, 4.103085222700544876e-01
1.640100000000001002e-01, 4.135772250361474667e-01
1.650100000000001010e-01, 4.168512012772173647e-01
1.660100000000001019e-01, 4.201304662063288231e-01
1.670100000000001028e-01, 4.234150351253763156e-01
1.680100000000001037e-01, 4.267049234241168110e-01
1.690100000000001046e-01, 4.300001465792497868e-01
1.700100000000001055e-01, 4.333007201535422070e-01
1.710100000000001064e-01, 4.366066597949962436e-01
1.720100000000001073e-01, 4.399179812360581865e-01
1.730100000000001081e-01, 4.432347002928658797e-01
1.740100000000001090e-01, 4.465568328645337370e-01
1.750100000000001099e-01, 4.498843949324730085e-01
1.760100000000001108e-01, 4.532174025597462408e-01
1.770100000000001117e-01, 4.565558718904538793e-01
1.780100000000001126e-01, 4.598998191491521781e-01
1.790100000000001135e-01, 4.632492606403006974e-01
1.800100000000001144e-01, 4.666042127477380008e-01
1.810100000000001153e-01, 4.699646919341849971e-01
1.820100000000001161e-01, 4.733307147407738169e-01
1.830100000000001170e-01, 4.767022977866022804e-01
1.840100000000001179e-01, 4.800794577683117903e-01
1.850100000000001188e-01, 4.834622114596885956e-01
1.860100000000001197e-01, 4.868505757112868704e-01
1.870100000000001206e-01, 4.902445674500733319e-01
1.880100000000001215e-01, 4.936442036790918420e-01
1.890100000000001224e-01, 4.970495014771478259e-01
1.900100000000001232e-01, 5.004604779985114549e-01
1.910100000000001241e-01, 5.038771504726388129e-01
1.920100000000001250e-01, 5.072995362039108835e-01
1.930100000000001259e-01, 5.107276525713887461e-01
1.940100000000001268e-01, 5.141615170285854797e-01
1.950100000000001277e-01, 5.176011471032531119e-01
1.960100000000001286e-01, 5.210465603971849990e-01
1.970100000000001295e-01, 5.244977745860325280e-01
1.980100000000001303e-01, 5.279548074191356966e-01
1.990100000000001312e-01, 5.314176767193672379e-01
2.000100000000001321e-01, 5.348864003829898461e-01
2.010100000000001330e-01, 5.383609963795257247e-01
2.020100000000001339e-01, 5.418414827516384591e-01
2.030100000000001348e-01, 5.453278776150266571e-01
2.040100000000001357e-01, 5.488201991583285810e-01
2.050100000000001366e-01, 5.523184656430381034e-01
2.060100000000001375e-01, 5.558226954034313216e-01
2.070100000000001383e-01, 5.593329068465031639e-01
2.080100000000001392e-01, 5.628491184519138768e-01
2.090100000000001401e-01, 5.663713487719456152e-01
2.100100000000001410e-01, 5.698996164314680257e-01
2.110100000000001419e-01, 5.734339401279126003e-01
2.120100000000001428e-01, 5.769743386312566891e-01
2.130100000000001437e-01, 5.805208307840149518e-01
2.140100000000001446e-01, 5.840734355012398016e-01
2.150100000000001454e-01, 5.876321717705296210e-01
2.160100000000001463e-01, 5.911970586520448601e-01
2.170100000000001472e-01, 5.947681152785313508e-01
2.180100000000001481e-01, 5.983453608553515046e-01
2.190100000000001490e-01, 6.019288146605221712e-01
2.200100000000001499e-01, 6.055184960447598241e-01
2.210100000000001508e-01, 6.091144244315322975e-01
2.220100000000001517e-01, 6.127166193171169617e-01
2.230100000000001526e-01, 6.163251002706655601e-01
2.240100000000001534e-01, 6.199398869342751528e-01
2.250100000000001543e-01, 6.235609990230652766e-01
2.260100000000001552e-01, 6.271884563252606570e-01
2.270100000000001561e-01, 6.308222787022800260e-01
2.280100000000001570e-01, 6.344624860888307127e-01
2.290100000000001579e-01, 6.381090984930078980e-01
2.300100000000001588e-01, 6.417621359964001959e-01
2.310100000000001597e-01, 6.454216187542000105e-01
2.320100000000001605e-01, 6.490875669953188876e-01
2.330100000000001614e-01, 6.527600010225080851e-01
2.340100000000001623e-01, 6.564389412124838064e-01
2.350100000000001632e-01, 6.601244080160572070e-01
2.360100000000001641e-01, 6.638164219582693981e-01
2.370100000000001650e-01, 6.675150036385306684e-01
2.380100000000001659e-01, 6.712201737307638139e-01
2.390100000000001668e-01, 6.749319529835527964e-01
2.400100000000001677e-01, 6.786503622202948449e-01
2.410100000000001685e-01, 6.823754223393567742e-01
2.420100000000001694e-01, 6.861071543142358564e-01
2.430100000000001703e-01, 6.898455791937244674e-01
2.440100000000001712e-01, 6.935907181020785073e-01
2.450100000000001721e-01, 6.973425922391898180e-01
2.460100000000001730e-01, 7.011012228807624869e-01
2.470100000000001739e-01, 7.048666313784924808e-01
2.480100000000001748e-01, 7.086388391602514991e-01
2.490100000000001756e-01, 7.124178677302739349e-01
2.500100000000001765e-01, 7.162037386693475005e-01
2.510100000000001774e-01, 7.199964736350072947e-01
2.520100000000001783e-01, 7.237960943617333109e-01
2.530100000000001792e-01, 7.276026226611511660e-01
2.540100000000001801e-01, 7.314160804222362700e-01
2.550100000000001810e-01, 7.352364896115211046e-01
2.560100000000001819e-01, 7.390638722733054999e-01
2.570100000000001828e-01, 7.428982505298705741e-01
2.580100000000001836e-01, 7.467396465816952267e-01
2.590100000000001845e-01, 7.505880827076758521e-01
2.600100000000001854e-01, 7.544435812653490503e-01
2.610100000000001863e-01, 7.583061646911172238e-01
2.620100000000001872e-01, 7.621758555004772839e-01
2.630100000000001881e-01, 7.660526762882516882e-01
2.640100000000001890e-01, 7.699366497288230304e-01
2.650100000000001899e-01, 7.738277985763709621e-01
2.660100000000001907e-01, 7.777261456651117788e-01
2.670100000000001916e-01, 7.816317139095408928e-01
2.680100000000001925e-01, 7.855445263046783033e-01
2.690100000000001934e-01, 7.894646059263160653e-01
2.700100000000001943e-01, 7.933919759312686448e-01
2.710100000000001952e-01, 7.973266595576262716e-01
2.720100000000001961e-01, 8.012686801250101798e-01
2.730100000000001970e-01, 8.052180610348307344e-01
2.740100000000001979e-01, 8.091748257705480007e-01
2.750100000000001987e-01, 8.131389978979349786e-01
2.760100000000001996e-01, 8.171106010653428342e-01
2.770100000000002005e-01, 8.210896590039689080e-01
2.780100000000002014e-01, 8.250761955281270543e-01
2.790100000000002023e-01, 8.290702345355205338e-01
2.800100000000002032e-01, 8.330718000075165719e-01
2.810100000000002041e-01, 8.370809160094242474e-01
2.820100000000002050e-01, 8.410976066907738247e-01
2.830100000000002058e-01, 8.451218962855989725e-01
2.840100000000002067e-01, 8.491538091127209809e-01
2.850100000000002076e-01, 8.531933695760351988e-01
2.860100000000002085e-01, 8.572406021647996921e-01
2.870100000000002094e-01, 8.612955314539265661e-01
2.880100000000002103e-01, 8.653581821042748423e-01
2.890100000000002112e-01, 8.694285788629457778e-01
2.900100000000002121e-01, 8.735067465635806272e-01
2.910100000000002129e-01, 8.775927101266602914e-01
2.920100000000002138e-01, 8.816864945598070769e-01
2.930100000000002147e-01, 8.857881249580885630e-01
2.940100000000002156e-01, 8.898976265043239131e-01
2.950100000000002165e-01, 8.940150244693919612e-01
2.960100000000002174e-01, 8.981403442125414083e-01
2.970100000000002183e-01, 9.022736111817032389e-01
2.980100000000002192e-01, 9.064148509138051368e-01
2.990100000000002201e-01, 9.105640890299724344e-01
3.000100000000002209e-01, 9.147213511128418073e-01
3.010100000000002218e-01, 9.188866626536867921e-01
3.020100000000002227e-01, 9.230600490512340661e-01
3.030100000000002236e-01, 9.272415356110105256e-01
3.040100000000002245e-01, 9.314311474835148541e-01
3.050100000000002254e-01, 9.356289097101047059e-01
3.060100000000002263e-01, 9.398348472483309957e-01
3.070100000000002272e-01, 9.440489849719175819e-01
3.080100000000002280e-01, 9.482713476707311795e-01
3.090100000000002289e-01, 9.525019600507429463e-01
3.100100000000002298e-01, 9.567408467339815203e-01
3.110100000000002307e-01, 9.609880322584773982e-01
3.120100000000002316e-01, 9.652435410781985414e-01
3.130100000000002325e-01, 9.695073975629783236e-01
3.140100000000002334e-01, 9.737796259984345948e-01
3.150100000000002343e-01, 9.780602505858807527e-01
3.160100000000002352e-01, 9.823492954422287093e-01
3.170100000000002360e-01, 9.866467845998838637e-01
3.180100000000002369e-01, 9.909527420066323034e-01
3.190100000000002378e-01, 9.952671915255195678e-01
3.200100000000002387e-01, 9.995901569347224180e-01
3.210100000000002396e-01, 1.003921661927412279e+00
3.220100000000002405e-01, 1.008261730111611021e+00
3.230100000000002414e-01, 1.012610385010039860e+00
3.240100000000002423e-01, 1.016967650059959816e+00
3.250100000000002431e-01, 1.021333548613005071e+00
3.260100000000002440e-01, 1.025708103935009108e+00
3.270100000000002449e-01, 1.030091339205823742e+00
3.280100000000002458e-01, 1.034483277519129940e+00
3.290100000000002467e-01, 1.038883941882242423e+00
3.300100000000002476e-01, 1.043293355215906271e+00
3.310100000000002485e-01, 1.047711540354087312e+00
3.320100000000002494e-01, 1.052138520043754299e+00
3.330100000000002503e-01, 1.056574316944655312e+00
3.340100000000002511e-01, 1.061018953629086159e+00
3.350100000000002520e-01, 1.065472452581652352e+00
3.360100000000002529e-01, 1.069934836199024408e+00
3.370100000000002538e-01, 1.074406126789685390e+00
3.380100000000002547e-01, 1.078886346573673105e+00
3.390100000000002556e-01, 1.083375517682313882e+00
3.400100000000002565e-01, 1.087873662157950783e+00
3.410100000000002574e-01, 1.092380801953664715e+00
3.420100000000002582e-01, 1.096896958932989552e+00
3.430100000000002591e-01, 1.101422154869619030e+00
3.440100000000002600e-01, 1.105956411447108767e+00
3.450100000000002609e-01, 1.110499750258570950e+00
3.460100000000002618e-01, 1.115052192806362585e+00
3.470100000000002627e-01, 1.119613760559603488e+00
3.480100000000002636e-01, 1.124184475043093823e+00
3.490100000000002645e-01, 1.128764357863648593e+00
3.500100000000002654e-01, 1.133353430710053678e+00
3.510100000000002662e-01, 1.137951715353026971e+00
3.520100000000002671e-01, 1.142559233645185079e+00
3.530100000000002680e-01, 1.147176007521013785e+00
3.540100000000002689e-01, 1.151802058996844513e+00
3.550100000000002698e-01, 1.156437410170834790e+00
3.560100000000002707e-01, 1.161082083222953365e+00
3.570100000000002716e-01, 1.165736100414970000e+00
3.580100000000002725e-01, 1.170399484090449693e+00
3.590100000000002733e-01, 1.175072256674751126e+00
3.600100000000002742e-01, 1.179754440675028881e+00
3.610100000000002751e-01, 1.184446058680241443e+00
3.620100000000002760e-01, 1.189147133361160735e+00
3.630100000000002769e-01, 1.193857687470388562e+00
3.640100000000002778e-01, 1.198577743842374144e+00
3.650100000000002787e-01, 1.203307325393437877e+00
3.660100000000002796e-01, 1.208046455121797091e+00
3.670100000000002805e-01, 1.212795156107596917e+00
3.680100000000002813e-01, 1.217553451512944029e+00
3.690100000000002822e-01, 1.222321364581943737e+00
3.700100000000002831e-01, 1.227098918640741276e+00
3.710100000000002840e-01, 1.231886137097566003e+00
3.720100000000002849e-01, 1.236683043442779573e+00
3.730100000000002858e-01, 1.241489661248926790e+00
3.740100000000002867e-01, 1.246306014170790233e+00
3.750100000000002876e-01, 1.251132125945447537e+00
3.760100000000002884e-01, 1.255968020392332685e+00
3.770100000000002893e-01, 1.260813721413299060e+00
3.780100000000002902e-01, 1.265669252992687621e+00
3.790100000000002911e-01, 1.270534639197395510e+00
3.800100000000002920e-01, 1.275409904176950215e+00
3.810100000000002929e-01, 1.280295072163584402e+00
3.820100000000002938e-01, 1.285190167472314959e+00
3.830100000000002947e-01, 1.290095214501024490e+00
3.840100000000002956e-01, 1.295010237730545688e+00
3.850100000000002964e-01, 1.299935261724747937e+00
3.860100000000002973e-01, 1.304870311130627236e+00
3.870100000000002982e-01, 1.309815410678398351e+00
3.880100000000002991e-01, 1.314770585181590068e+00
3.890100000000003000e-01, 1.319735859537141787e+00
3.900100000000003009e-01, 1.324711258725504104e+00
3.910100000000003018e-01, 1.329696807810741399e+00
3.920100000000003027e-01, 1.334692531940636417e+00
3.930100000000003035e-01, 1.339698456346797295e+00
3.940100000000003044e-01, 1.344714606344767693e+00
3.950100000000003053e-01, 1.349741007334138931e+00
3.960100000000003062e-01, 1.354777684798663451e+00
3.970100000000003071e-01, 1.359824664306372277e+00
3.980100000000003080e-01, 1.364881971509693592e+00
3.990100000000003089e-01, 1.369949632145573526e+00
4.000100000000003098e-01, 1.375027672035599613e+00
4.010100000000003106e-01, 1.380116117086125804e+00
4.020100000000003115e-01, 1.385214993288400809e+00
4.030100000000003124e-01, 1.390324326718696657e+00
4.040100000000003133e-01, 1.395444143538440818e+00
4.050100000000003142e-01, 1.400574469994350091e+00
4.060100000000003151e-01, 1.405715332418565833e+00
4.070100000000003160e-01, 1.410866757228792068e+00
4.080100000000003169e-01, 1.416028770928434710e+00
4.090100000000003178e-01, 1.421201400106743451e+00
4.100100000000003186e-01, 1.426384671438955420e+00
4.110100000000003195e-01, 1.431578611686439961e+00
4.120100000000003204e-01, 1.436783247696846511e+00
4.130100000000003213e-01, 1.441998606404253147e+00
4.140100000000003222e-01, 1.447224714829317804e+00
4.150100000000003231e-01, 1.452461600079431259e+00
4.160100000000003240e-01, 1.457709289348870785e+00
4.170100000000003249e-01, 1.462967809918957363e+00
4.180100000000003257e-01, 1.468237189158213107e+00
4.190100000000003266e-01, 1.473517454522520920e+00
4.200100000000003275e-01, 1.478808633555286134e+00
4.210100000000003284e-01, 1.484110753887599721e+00
4.220100000000003293e-01, 1.489423843238402378e+00
4.230100000000003302e-01, 1.494747929414651733e+00
4.240100000000003311e-01, 1.500083040311489757e+00
4.250100000000003320e-01, 1.505429203912412639e+00
4.260100000000003329e-01, 1.510786448289441974e+00
4.270100000000003337e-01, 1.516154801603297742e+00
4.280100000000003346e-01, 1.521534292103571939e+00
4.290100000000003355e-01, 1.526924948128905557e+00
4.300100000000003364e-01, 1.532326798107164878e+00
4.310100000000003373e-01, 1.537739870555621335e+00
4.320100000000003382e-01, 1.543164194081131368e+00
4.330100000000003391e-01, 1.548599797380318499e+00
4.340100000000003400e-01, 1.554046709239756519e+00
4.350100000000003408e-01, 1.559504958536154895e+00
4.360100000000003417e-01, 1.564974574236544180e+00
4.370100000000003426e-01, 1.570455585398464304e+00
4.380100000000003435e-01, 1.575948021170153535e+00
4.390100000000003444e-01, 1.581451910790739213e+00
4.400100000000003453e-01, 1.586967283590428934e+00
4.410100000000003462e-01, 1.592494168990704617e+00
4.420100000000003471e-01, 1.598032596504517011e+00
4.430100000000003480e-01, 1.603582595736480876e+00
4.440100000000003488e-01, 1.609144196383073488e+00
4.450100000000003497e-01, 1.614717428232832264e+00
4.460100000000003506e-01, 1.620302321166555481e+00
4.470100000000003515e-01, 1.625898905157503238e+00
4.480100000000003524e-01, 1.631507210271599950e+00
4.490100000000003533e-01, 1.637127266667638192e+00
4.500100000000003542e-01, 1.642759104597484088e+00
4.510100000000003551e-01, 1.648402754406283366e+00
4.520100000000003559e-01, 1.654058246532669196e+00
4.530100000000003568e-01, 1.659725611508971133e+00
4.540100000000003577e-01, 1.665404879961425166e+00
4.550100000000003586e-01, 1.671096082610385114e+00
4.560100000000003595e-01, 1.676799250270534891e+00
4.570100000000003604e-01, 1.682514413851102564e+00
4.580100000000003613e-01, 1.688241604356075287e+00
4.590100000000003622e-01, 1.693980852884415578e+00
4.600100000000003631e-01, 1.699732190630278250e+00
4.610100000000003639e-01, 1.705495648883229132e+00
4.620100000000003648e-01, 1.711271259028464886e+00
4.630100000000003657e-01, 1.717059052547033726e+00
4.640100000000003666e-01, 1.722859061016057458e+00
4.650100000000003675e-01, 1.728671316108954192e+00
4.660100000000003684e-01, 1.734495849595662831e+00
4.670100000000003693e-01, 1.740332693342868664e+00
4.680100000000003702e-01, 1.746181879314229635e+00
4.690100000000003710e-01, 1.752043439570603933e+00
4.700100000000003719e-01, 1.757917406270278482e+00
4.710100000000003728e-01, 1.763803811669198973e+00
4.720100000000003737e-01, 1.769702688121200573e+00
4.730100000000003746e-01, 1.775614068078240182e+00
4.740100000000003755e-01, 1.781537984090628912e+00
4.750100000000003764e-01, 1.787474468807266570e+00
4.760100000000003773e-01, 1.793423554975876577e+00
4.770100000000003782e-01, 1.799385275443242449e+00
4.780100000000003790e-01, 1.805359663155444716e+00
4.790100000000003799e-01, 1.811346751158099400e+00
4.800100000000003808e-01, 1.817346572596597376e+00
4.810100000000003817e-01, 1.823359160716344185e+00
4.820100000000003826e-01, 1.829384548863002058e+00
4.830100000000003835e-01, 1.835422770482732169e+00
4.840100000000003844e-01, 1.841473859122437551e+00
4.850100000000003853e-01, 1.847537848430008234e+00
4.860100000000003861e-01, 1.853614772154565715e+00
4.870100000000003870e-01, 1.859704664146710318e+00
4.880100000000003879e-01, 1.865807558358768103e+00
4.890100000000003888e-01, 1.871923488845038674e+00
4.900100000000003897e-01, 1.878052489762045640e+00
4.910100000000003906e-01, 1.884194595368786196e+00
4.920100000000003915e-01, 1.890349840026982253e+00
4.930100000000003924e-01, 1.896518258201333129e+00
4.940100000000003932e-01, 1.902699884459768676e+00
4.950100000000003941e-01, 1.908894753473703076e+00
4.960100000000003950e-01, 1.915102900018290200e+00
4.970100000000003959e-01, 1.921324358972679391e+00
4.980100000000003968e-01, 1.927559165320272827e+00
4.990100000000003977e-01, 1.933807354148983304e+00
5.000100000000003986e-01, 1.940068960651492480e+00
5.010100000000003995e-01, 1.946344020125511554e+00
5.020100000000004004e-01, 1.952632567974041056e+00
5.030100000000004012e-01, 1.958934639705632863e+00
5.040100000000004021e-01, 1.965250270934652876e+00
5.050100000000004030e-01, 1.971579497381543700e+00
5.060100000000004039e-01, 1.977922354873089983e+00
5.070100000000004048e-01, 1.984278879342682433e+00
5.080100000000004057e-01, 1.990649106830584492e+00
5.090100000000004066e-01, 1.997033073484199672e+00
5.100100000000004075e-01, 2.003430815558338463e+00
5.110100000000004083e-01, 2.009842369415487884e+00
5.120100000000004092e-01, 2.016267771526080388e+00
5.130100000000004101e-01, 2.022707058468765418e+00
5.140100000000004110e-01, 2.029160266930678969e+00
5.150100000000004119e-01, 2.035627433707718037e+00
5.160100000000004128e-01, 2.042108595704811069e+00
5.170100000000004137e-01, 2.048603789936194630e+00
5.180100000000004146e-01, 2.055113053525685629e+00
5.190100000000004155e-01, 2.061636423706958876e+00
5.200100000000004163e-01, 2.068173937823821973e+00
5.210100000000004172e-01, 2.074725633330494201e+00
5.220100000000004181e-01, 2.081291547791883190e+00
5.230100000000004190e-01, 2.087871718883864691e+00
5.240100000000004199e-01, 2.094466184393561914e+00
5.250100000000004208e-01, 2.101074982219626630e+00
5.260100000000004217e-01, 2.107698150372520285e+00
5.270100000000004226e-01, 2.114335726974795993e+00
5.280100000000004234e-01, 2.120987750261381866e+00
5.290100000000004243e-01, 2.127654258579865232e+00
5.300100000000004252e-01, 2.134335290390776851e+00
5.310100000000004261e-01, 2.141030884267876022e+00
5.320100000000004270e-01, 2.147741078898437905e+00
5.330100000000004279e-01, 2.154465913083539963e+00
5.340100000000004288e-01, 2.161205425738349284e+00
5.350100000000004297e-01, 2.167959655892411686e+00
5.360100000000004306e-01, 2.174728642689942149e+00
5.370100000000004314e-01, 2.181512425390113474e+00
5.380100000000004323e-01, 2.188311043367348052e+00
5.390100000000004332e-01, 2.195124536111609181e+00
5.400100000000004341e-01, 2.201952943228694615e+00
5.410100000000004350e-01, 2.208796304440528324e+00
5.420100000000004359e-01, 2.215654659585456265e+00
5.430100000000004368e-01, 2.222528048618539476e+00
5.440100000000004377e-01, 2.229416511611850726e+00
5.450100000000004385e-01, 2.236320088754771174e+00
5.460100000000004394e-01, 2.243238820354286123e+00
5.470100000000004403e-01, 2.250172746835283899e+00
5.480100000000004412e-01, 2.257121908740854721e+00
5.490100000000004421e-01, 2.264086346732589128e+00
5.500100000000004430e-01, 2.271066101590878183e+00
5.510100000000004439e-01, 2.278061214215214125e+00
5.520100000000004448e-01, 2.285071725624493233e+00
5.530100000000004457e-01, 2.292097676957316477e+00
5.540100000000004465e-01, 2.299139109472293274e+00
5.550100000000004474e-01, 2.306196064548344804e+00
5.560100000000004483e-01, 2.313268583685008650e+00
5.570100000000004492e-01, 2.320356708502743892e+00
5.580100000000004501e-01, 2.327460480743237081e+00
5.590100000000004510e-01, 2.334579942269708663e+00
5.600100000000004519e-01, 2.341715135067219844e+00
5.610100000000004528e-01, 2.348866101242981230e+00
5.620100000000004536e-01, 2.356032883026661029e+00
5.630100000000004545e-01, 2.363215522770694577e+00
5.640100000000004554e-01, 2.370414062950594314e+00
5.650100000000004563e-01, 2.377628546165260648e+00
5.660100000000004572e-01, 2.384859015137292815e+00
5.670100000000004581e-01, 2.392105512713301518e+00
5.680100000000004590e-01, 2.399368081864221125e+00
5.690100000000004599e-01, 2.406646765685624523e+00
5.700100000000004608e-01, 2.413941607398035316e+00
5.710100000000004616e-01, 2.421252650347243573e+00
5.720100000000004625e-01, 2.428579938004621575e+00
5.730100000000004634e-01, 2.435923513967439558e+00
5.740100000000004643e-01, 2.443283421959181911e+00
5.750100000000004652e-01, 2.450659705829865587e+00
5.760100000000004661e-01, 2.458052409556357620e+00
5.770100000000004670e-01, 2.465461577242693991e+00
5.780100000000004679e-01, 2.472887253120398920e+00
5.790100000000004687e-01, 2.480329481548804615e+00
5.800100000000004696e-01, 2.487788307015372347e+00
5.810100000000004705e-01, 2.495263774136013080e+00
5.820100000000004714e-01, 2.502755927655410773e+00
5.830100000000004723e-01, 2.510264812447343008e+00
5.840100000000004732e-01, 2.517790473515005623e+00
5.850100000000004741e-01, 2.525332955991336004e+00
5.860100000000004750e-01, 2.532892305139337275e+00
5.870100000000004759e-01, 2.540468566352402924e+00
5.880100000000004767e-01, 2.548061785154643655e+00
5.890100000000004776e-01, 2.555672007201212459e+00
5.900100000000004785e-01, 2.563299278278631910e+00
5.910100000000004794e-01, 2.570943644305121456e+00
5.920100000000004803e-01, 2.578605151330926049e+00
5.930100000000004812e-01, 2.586283845538643433e+00
5.940100000000004821e-01, 2.593979773243554110e+00
5.950100000000004830e-01, 2.601692980890063733e+00
5.960100000000004838e-01, 2.609423515022410989e+00
5.970100000000004847e-01, 2.617171422278476101e+00
5.980100000000004856e-01, 2.624936749389664481e+00
5.990100000000004865e-01, 2.632719543180862765e+00
6.000100000000004874e-01, 2.640519850554007064e+00
6.010100000000004883e-01, 2.648337718504773175e+00
6.020100000000004892e-01, 2.656173194124770820e+00
6.030100000000004901e-01, 2.664026324601678208e+00
6.040100000000004909e-01, 2.671897157219375707e+00
6.050100000000004918e-01, 2.679785739358079066e+00
6.060100000000004927e-01, 2.687692118494473092e+00
6.070100000000004936e-01, 2.695616342201843985e+00
6.080100000000004945e-01, 2.703558458150210786e+00
6.090100000000004954e-01, 2.711518514106455946e+00
6.100100000000004963e-01, 2.719496557934457215e+00
6.110100000000004972e-01, 2.727492637595215985e+00
6.120100000000004981e-01, 2.735506801146988298e+00
6.130100000000004989e-01, 2.743539096745412298e+00
6.140100000000004998e-01, 2.751589572643636572e+00
6.150100000000005007e-01, 2.759658277192447606e+00
6.160100000000005016e-01, 2.767745258840397238e+00
6.170100000000005025e-01, 2.775850566133927888e+00
6.180100000000005034e-01, 2.783974247717498685e+00
6.190100000000005043e-01, 2.792116352333709806e+00
6.200100000000005052e-01, 2.800276928823426825e+00
6.210100000000005060e-01, 2.808456026125905058e+00
6.220100000000005069e-01, 2.816653693278910797e+00
6.230100000000005078e-01, 2.824869979418844768e+00
6.240100000000005087e-01, 2.833104933780862922e+00
6.250100000000005096e-01, 2.841358605698998119e+00
6.260100000000005105e-01, 2.849631044606278696e+00
6.270100000000005114e-01, 2.857922300034849705e+00
6.280100000000005123e-01, 2.866232421616089709e+00
6.290100000000005132e-01, 2.874561459080730241e+00
6.300100000000005140e-01, 2.882909462258972155e+00
6.310100000000005149e-01, 2.891276481080602423e+00
6.320100000000005158e-01, 2.899662565575110040e+00
6.330100000000005167e-01, 2.908067765871800603e+00
6.340100000000005176e-01, 2.916492132199910881e+00
6.350100000000005185e-01, 2.924935714888722504e+00
6.360100000000005194e-01, 2.933398564367674322e+00
6.370100000000005203e-01, 2.941880731166474749e+00
6.380100000000005211e-01, 2.950382265915212354e+00
6.390100000000005220e-01, 2.958903219344466873e+00
6.400100000000005229e-01, 2.967443642285418459e+00
6.410100000000005238e-01, 2.976003585669957374e+00
6.420100000000005247e-01, 2.984583100530791011e+00
6.430100000000005256e-01, 2.993182238019810537e+00
6.440100000000005265e-01, 3.001801049424549284e+00
6.450100000000005274e-01, 3.010439586172044990e+00
6.460100000000005283e-01, 3.019097899829139120e+00
6.470100000000005291e-01, 3.027776042102775733e+00
6.480100000000005300e-01, 3.036474064840299913e+00
6.490100000000005309e-01, 3.045192020029757085e+00
6.500100000000005318e-01, 3.053929959800193217e+00
6.510100000000005327e-01, 3.062687936421954138e+00
6.520100000000005336e-01, 3.071466002306985743e+00
6.530100000000005345e-01, 3.080264210009135084e+00
6.540100000000005354e-01, 3.089082612224449242e+00
6.550100000000005362e-01, 3.097921261791478198e+00
6.560100000000005371e-01, 3.106780211691574145e+00
6.570100000000005380e-01, 3.115659515049193473e+00
6.580100000000005389e-01, 3.124559225132198748e+00
6.590100000000005398e-01, 3.133479395352159802e+00
6.600100000000005407e-01, 3.142420079264655275e+00
6.610100000000005416e-01, 3.151381330569575479e+00
6.620100000000005425e-01, 3.160363203111424379e+00
6.630100000000005434e-01, 3.169365750879621579e+00
6.640100000000005442e-01, 3.178389028008806516e+00
6.650100000000005451e-01, 3.187433088779139112e+00
6.660100000000005460e-01, 3.196497987616604863e+00
6.670100000000005469e-01, 3.205583779093316377e+00
6.680100000000005478e-01, 3.214690517927818014e+00
6.690100000000005487e-01, 3.223818258985388319e+00
6.700100000000005496e-01, 3.232967057278344658e+00
6.710100000000005505e-01, 3.242136967966346095e+00
6.720100000000005513e-01, 3.251328046356698032e+00
6.730100000000005522e-01, 3.260540347904655967e+00
6.740100000000005531e-01, 3.269773928213729697e+00
6.750100000000005540e-01, 3.279028843035987517e+00
6.760100000000005549e-01, 3.288305148272360423e+00
6.770100000000005558e-01, 3.297602899972947643e+00
6.780100000000005567e-01, 3.306922154337320396e+00
6.790100000000005576e-01, 3.316262967714826537e+00
6.800100000000005585e-01, 3.325625396604895645e+00
6.810100000000005593e-01, 3.335009497657344113e+00
6.820100000000005602e-01, 3.344415327672680238e+00
6.830100000000005611e-01, 3.353842943602408422e+00
6.840100000000005620e-01, 3.363292402549335147e+00
6.850100000000005629e-01, 3.372763761767873625e+00
6.860100000000005638e-01, 3.382257078664349326e+00
6.870100000000005647e-01, 3.391772410797305071e+00
6.880100000000005656e-01, 3.401309815877806564e+00
6.890100000000005664e-01, 3.410869351769747482e+00
6.900100000000005673e-01, 3.420451076490155451e+00
6.910100000000005682e-01, 3.430055048209496249e+00
6.920100000000005691e-01, 3.439681325251980226e+00
6.930100000000005700e-01, 3.449329966095867395e+00
6.940100000000005709e-01, 3.459001029373772962e+00
6.950100000000005718e-01, 3.468694573872972420e+00
6.960100000000005727e-01, 3.478410658535707523e+00
6.970100000000005736e-01, 3.488149342459490931e+00
6.980100000000005744e-01, 3.497910684897412192e+00
6.990100000000005753e-01, 3.507694745258442826e+00
7.000100000000005762e-01, 3.517501583107741858e+00
7.010100000000005771e-01, 3.527331258166960026e+00
7.020100000000005780e-01, 3.537183830314546640e+00
7.030100000000005789e-01, 3.547059359586053784e+00
7.040100000000005798e-01, 3.556957906174440964e+00
7.050100000000005807e-01, 3.566879530430381084e+00
7.060100000000005815e-01, 3.576824292862564647e+00
7.070100000000005824e-01, 3.586792254138004399e+00
7.080100000000005833e-01, 3.596783475082341308e+00
7.090100000000005842e-01, 3.606798016680148322e+00
7.100100000000005851e-01, 3.616835940075234124e+00
7.110100000000005860e-01, 3.626897306570949553e+00
7.120100000000005869e-01, 3.636982177630489588e+00
7.130100000000005878e-01, 3.647090614877199766e+00
7.140100000000005886e-01, 3.657222680094878609e+00
7.150100000000005895e-01, 3.667378435228081823e+00
7.160100000000005904e-01, 3.677557942382426948e+00
7.170100000000005913e-01, 3.687761263824895774e+00
7.180100000000005922e-01, 3.697988461984138553e+00
7.190100000000005931e-01, 3.708239599450776414e+00
7.200100000000005940e-01, 3.718514738977705569e+00
7.210100000000005949e-01, 3.728813943480399740e+00
7.220100000000005958e-01, 3.739137276037212576e+00
7.230100000000005966e-01, 3.749484799889679643e+00
7.240100000000005975e-01, 3.759856578442822617e+00
7.250100000000005984e-01, 3.770252675265449049e+00
7.260100000000005993e-01, 3.780673154090456123e+00
7.270100000000006002e-01, 3.791118078815130854e+00
7.280100000000006011e-01, 3.801587513501452076e+00
7.290100000000006020e-01, 3.812081522376391973e+00
7.300100000000006029e-01, 3.822600169832216288e+00
7.310100000000006037e-01, 3.833143520426784967e+00
7.320100000000006046e-01, 3.843711638883853254e+00
7.330100000000006055e-01, 3.854304590093370564e+00
7.340100000000006064e-01, 3.864922439111781571e+00
7.350100000000006073e-01, 3.875565251162325087e+00
7.360100000000006082e-01, 3.886233091635332482e+00
7.370100000000006091e-01, 3.896926026088527895e+00
7.380100000000006100e-01, 3.907644120247326214e+00
7.390100000000006109e-01, 3.918387440005131506e+00
7.400100000000006117e-01, 3.929156051423634111e+00
7.410100000000006126e-01, 3.939950020733109071e+00
7.420100000000006135e-01, 3.950769414332713225e+00
7.430100000000006144e-01, 3.961614298790782307e+00
7.440100000000006153e-01, 3.972484740845126261e+00
7.450100000000006162e-01, 3.983380807403326784e+00
7.460100000000006171e-01, 3.994302565543032202e+00
7.470100000000006180e-01, 4.005250082512253229e+00
7.480100000000006188e-01, 4.016223425729657848e+00
7.490100000000006197e-01, 4.027222662784865292e+00
7.500100000000006206e-01, 4.038247861438740927e+00
7.510100000000006215e-01, 4.049299089623689341e+00
7.520100000000006224e-01, 4.060376415443948339e+00
7.530100000000006233e-01, 4.071479907175882040e+00
7.540100000000006242e-01, 4.082609633268271310e+00
7.550100000000006251e-01, 4.093765662342606859e+00
7.560100000000006260e-01, 4.104948063193381458e+00
7.570100000000006268e-01, 4.116156904788380366e+00
7.580100000000006277e-01, 4.127392256268970883e+00
7.590100000000006286e-01, 4.138654186950393665e+00
7.600100000000006295e-01, 4.149942766322051391e+00
7.610100000000006304e-01, 4.161258064047798300e+00
7.620100000000006313e-01, 4.161368673350799519e+00
7.630100000000006322e-01, 4.161479285211211021e+00
7.640100000000006331e-01, 4.161589899629098532e+00
7.650100000000006339e-01, 4.161700516604527778e+00
7.660100000000006348e-01, 4.161811136137563594e+00
7.670100000000006357e-01, 4.161921758228271706e+00
7.680100000000006366e-01, 4.162032382876716952e+00
7.690100000000006375e-01, 4.162143010082965056e+00
7.700100000000006384e-01, 4.162253639847081743e+00
7.710100000000006393e-01, 4.162364272169130963e+00
7.720100000000006402e-01, 4.162474907049179329e+00
7.730100000000006411e-01, 4.162585544487291678e+00
7.740100000000006419e-01, 4.162696184483532846e+00
7.750100000000006428e-01, 4.162806827037968560e+00
7.760100000000006437e-01, 4.162917472150664544e+00
7.770100000000006446e-01, 4.163028119821685635e+00
7.780100000000006455e-01, 4.163138770051097559e+00
7.790100000000006464e-01, 4.163249422838965152e+00
7.800100000000006473e-01, 4.163360078185354141e+00
7.810100000000006482e-01, 4.163470736090330249e+00
7.820100000000006490e-01, 4.163581396553958314e+00
7.830100000000006499e-01, 4.163692059576303173e+00
7.840100000000006508e-01, 4.163802725157430551e+00
7.850100000000006517e-01, 4.163913393297406174e+00
7.860100000000006526e-01, 4.164024063996294878e+00
7.870100000000006535e-01, 4.164134737254162388e+00
7.880100000000006544e-01, 4.164245413071073543e+00
7.890100000000006553e-01, 4.164356091447094066e+00
7.900100000000006562e-01, 4.164466772382289683e+00
7.910100000000006570e-01, 4.164577455876725232e+00
7.920100000000006579e-01, 4.164688141930466436e+00
7.930100000000006588e-01, 4.164798830543578134e+00
7.940100000000006597e-01, 4.164909521716126051e+00
7.950100000000006606e-01, 4.165020215448175023e+00
7.960100000000006615e-01, 4.165130911739790776e+00
7.970100000000006624e-01, 4.165241610591039034e+00
7.980100000000006633e-01, 4.165352312001984636e+00
7.990100000000006641e-01, 4.165463015972693306e+00
8.000100000000006650e-01, 4.165573722503229881e+00
8.010100000000006659e-01, 4.165684431593660086e+00
8.020100000000006668e-01, 4.165795143244049648e+00
8.030100000000006677e-01, 4.165905857454463401e+00
8.040100000000006686e-01, 4.166016574224966185e+00
8.050100000000006695e-01, 4.166127293555624611e+00
8.060100000000006704e-01, 4.166238015446503518e+00
8.070100000000006712e-01, 4.166348739897667741e+00
8.080100000000006721e-01, 4.166459466909183895e+00
8.090100000000006730e-01, 4.166570196481115929e+00
8.100100000000006739e-01, 4.166680928613530455e+00
8.110100000000006748e-01, 4.166791663306492310e+00
8.120100000000006757e-01, 4.166902400560066333e+00
8.130100000000006766e-01, 4.167013140374319136e+00
8.140100000000006775e-01, 4.167123882749315555e+00
8.150100000000006784e-01, 4.167234627685120429e+00
8.160100000000006792e-01, 4.167345375181799483e+00
8.170100000000006801e-01, 4.167456125239418441e+00
8.180100000000006810e-01, 4.167566877858042140e+00
8.190100000000006819e-01, 4.167677633037736307e+00
