0.000000000000000000e+00, 9.081304350478092147e+00
1.000000000000000082e-05, 9.086549761467271225e+00
2.000000000000000164e-05, 9.089169064437538026e+00
3.000000000000000415e-05, 9.091786106311760207e+00
4.000000000000000327e-05, 9.094400892501893097e+00
5.000000000000000240e-05, 9.097013428397508150e+00
6.000000000000000152e-05, 9.099623719365945718e+00
7.000000000000000742e-05, 9.102231770752426954e+00
8.000000000000000654e-05, 9.104837587880194150e+00
9.000000000000000567e-05, 9.107441176050649290e+00
1.000000000000000048e-04, 9.110042540543467737e+00
1.100000000000000039e-04, 9.112641686616742120e+00
1.200000000000000030e-04, 9.115238619507103124e+00
1.300000000000000157e-04, 9.117833344429838505e+00
1.400000000000000148e-04, 9.120425866579040530e+00
1.500000000000000140e-04, 9.123016191127710783e+00
1.600000000000000131e-04, 9.125604323227884507e+00
1.700000000000000122e-04, 9.128190268010769159e+00
1.800000000000000113e-04, 9.130774030586852774e+00
1.900000000000000105e-04, 9.133355616046026526e+00
2.000000000000000096e-04, 9.135935029457709078e+00
2.100000000000000087e-04, 9.138512275870963819e+00
2.200000000000000078e-04, 9.141087360314614330e+00
2.300000000000000070e-04, 9.143660287797368724e+00
2.400000000000000061e-04, 9.146231063307926235e+00
2.500000000000000052e-04, 9.148799691815103330e+00
2.600000000000000314e-04, 9.151366178267938523e+00
2.700000000000000577e-04, 9.153930527595811384e+00
2.800000000000000839e-04, 9.156492744708554454e+00
2.900000000000001101e-04, 9.159052834496568707e+00
3.000000000000001363e-04, 9.161610801830926576e+00
3.100000000000001626e-04, 9.164166651563490973e+00
3.200000000000001888e-04, 9.166720388527018315e+00
3.300000000000002150e-04, 9.169272017535270436e+00
3.400000000000002413e-04, 9.171821543383122943e+00
3.500000000000002675e-04, 9.174368970846671800e+00
3.600000000000002937e-04, 9.176914304683339907e+00
3.700000000000003200e-04, 9.179457549631976576e+00
3.800000000000003462e-04, 9.181998710412972997e+00
3.900000000000003724e-04, 9.184537791728358158e+00
4.000000000000003986e-04, 9.187074798261907205e+00
4.100000000000004249e-04, 9.189609734679233810e+00
4.200000000000004511e-04, 9.192142605627910967e+00
4.300000000000004773e-04, 9.194673415737545596e+00
4.400000000000005036e-04, 9.197202169619908219e+00
4.500000000000005298e-04, 9.199728871869009339e+00
4.600000000000005560e-04, 9.202253527061198923e+00
4.700000000000005822e-04, 9.204776139755288966e+00
4.800000000000006085e-04, 9.207296714492613887e+00
4.900000000000006347e-04, 9.209815255797165534e+00
5.000000000000006609e-04, 9.212331768175655355e+00
5.100000000000006872e-04, 9.214846256117628087e+00
5.200000000000007134e-04, 9.217358724095557676e+00
5.300000000000007396e-04, 9.219869176564927216e+00
5.400000000000007658e-04, 9.222377617964337304e+00
5.500000000000007921e-04, 9.224884052715587757e+00
5.600000000000008183e-04, 9.227388485223771752e+00
5.700000000000008445e-04, 9.229890919877378863e+00
5.800000000000008708e-04, 9.232391361048355449e+00
5.900000000000008970e-04, 9.234889813092232558e+00
6.000000000000009232e-04, 9.237386280348189871e+00
6.100000000000009494e-04, 9.239880767139146300e+00
6.200000000000009757e-04, 9.242373277771859463e+00
6.300000000000010019e-04, 9.244863816537002066e+00
6.400000000000010281e-04, 9.247352387709247168e+00
6.500000000000010544e-04, 9.249838995547371212e+00
6.600000000000010806e-04, 9.252323644294321525e+00
6.700000000000011068e-04, 9.254806338177310465e+00
6.800000000000011331e-04, 9.257287081407882923e+00
6.900000000000011593e-04, 9.259765878182031784e+00
7.000000000000011855e-04, 9.262242732680252999e+00
7.100000000000012117e-04, 9.264717649067632621e+00
7.200000000000012380e-04, 9.267190631493953390e+00
7.300000000000012642e-04, 9.269661684093730258e+00
7.400000000000012904e-04, 9.272130810986332961e+00
7.500000000000013167e-04, 9.274598016276049961e+00
7.600000000000013429e-04, 9.277063304052161286e+00
7.700000000000013691e-04, 9.279526678389027339e+00
7.800000000000013953e-04, 9.281988143346172393e+00
7.900000000000014216e-04, 9.284447702968348537e+00
8.000000000000014478e-04, 9.286905361285620941e+00
8.100000000000014740e-04, 9.289361122313437136e+00
8.200000000000015003e-04, 9.291814990052715828e+00
8.300000000000015265e-04, 9.294266968489919734e+00
8.400000000000015527e-04, 9.296717061597123077e+00
8.500000000000015789e-04, 9.299165273332086201e+00
8.600000000000016052e-04, 9.301611607638347934e+00
8.700000000000016314e-04, 9.304056068445270000e+00
8.800000000000016576e-04, 9.306498659668143603e+00
8.900000000000016839e-04, 9.308939385208228501e+00
9.000000000000017101e-04, 9.311378248952850711e+00
9.100000000000017363e-04, 9.313815254775468233e+00
9.200000000000017625e-04, 9.316250406535729667e+00
9.300000000000017888e-04, 9.318683708079563033e+00
9.400000000000018150e-04, 9.321115163239236168e+00
9.500000000000018412e-04, 9.323544775833426002e+00
9.600000000000018675e-04, 9.325972549667300271e+00
9.700000000000018937e-04, 9.328398488532554822e+00
9.800000000000019199e-04, 9.330822596207525521e+00
9.900000000000019462e-04, 9.333244876457225558e+00
1.000000000000001972e-03, 9.335665333033423607e+00
1.010000000000001999e-03, 9.338083969674707774e+00
1.020000000000002025e-03, 9.340500790106553097e+00
1.030000000000002051e-03, 9.342915798041394382e+00
1.040000000000002077e-03, 9.345328997178683039e+00
1.050000000000002104e-03, 9.347740391204951038e+00
1.060000000000002130e-03, 9.350149983793885511e+00
1.070000000000002156e-03, 9.352557778606389149e+00
1.080000000000002182e-03, 9.354963779290633497e+00
1.090000000000002208e-03, 9.357367989482147763e+00
1.100000000000002235e-03, 9.359770412803856132e+00
1.110000000000002261e-03, 9.362171052866152365e+00
1.120000000000002287e-03, 9.364569913266963752e+00
1.130000000000002313e-03, 9.366966997591807953e+00
1.140000000000002340e-03, 9.369362309413853396e+00
1.150000000000002366e-03, 9.371755852293992106e+00
1.160000000000002392e-03, 9.374147629780885893e+00
1.170000000000002418e-03, 9.376537645411037403e+00
1.180000000000002445e-03, 9.378925902708839857e+00
1.190000000000002471e-03, 9.381312405186651660e+00
1.200000000000002497e-03, 9.383697156344837254e+00
1.210000000000002523e-03, 9.386080159671841727e+00
1.220000000000002549e-03, 9.388461418644238776e+00
1.230000000000002576e-03, 9.390840936726798205e+00
1.240000000000002602e-03, 9.393218717372533888e+00
1.250000000000002628e-03, 9.395594764022760614e+00
1.260000000000002654e-03, 9.397969080107168693e+00
1.270000000000002681e-03, 9.400341669043859483e+00
1.280000000000002707e-03, 9.402712534239411113e+00
1.290000000000002733e-03, 9.405081679088935331e+00
1.300000000000002759e-03, 9.407449106976127240e+00
1.310000000000002785e-03, 9.409814821273327468e+00
1.320000000000002812e-03, 9.412178825341571908e+00
1.330000000000002838e-03, 9.414541122530648565e+00
1.340000000000002864e-03, 9.416901716179156168e+00
1.350000000000002890e-03, 9.419260609614541480e+00
1.360000000000002917e-03, 9.421617806153179231e+00
1.370000000000002943e-03, 9.423973309100391660e+00
1.380000000000002969e-03, 9.426327121750537330e+00
1.390000000000002995e-03, 9.428679247387037776e+00
1.400000000000003022e-03, 9.431029689282436124e+00
1.410000000000003048e-03, 9.433378450698455708e+00
1.420000000000003074e-03, 9.435725534886048038e+00
1.430000000000003100e-03, 9.438070945085433650e+00
1.440000000000003126e-03, 9.440414684526176714e+00
1.450000000000003153e-03, 9.442756756427197473e+00
1.460000000000003179e-03, 9.445097163996868161e+00
1.470000000000003205e-03, 9.447435910433030770e+00
1.480000000000003231e-03, 9.449772998923055667e+00
1.490000000000003258e-03, 9.452108432643891334e+00
1.500000000000003284e-03, 9.454442214762117658e+00
1.510000000000003310e-03, 9.456774348433981459e+00
1.520000000000003336e-03, 9.459104836805469319e+00
1.530000000000003363e-03, 9.461433683012320017e+00
1.540000000000003389e-03, 9.463760890180109797e+00
1.550000000000003415e-03, 9.466086461424271903e+00
1.560000000000003441e-03, 9.468410399850158754e+00
1.570000000000003467e-03, 9.470732708553079249e+00
1.580000000000003494e-03, 9.473053390618360936e+00
1.590000000000003520e-03, 9.475372449121376661e+00
1.600000000000003546e-03, 9.477689887127603185e+00
1.610000000000003572e-03, 9.480005707692660266e+00
1.620000000000003599e-03, 9.482319913862367500e+00
1.630000000000003625e-03, 9.484632508672770967e+00
1.640000000000003651e-03, 9.486943495150205408e+00
1.650000000000003677e-03, 9.489252876311333296e+00
1.660000000000003703e-03, 9.491560655163185700e+00
1.670000000000003730e-03, 9.493866834703208468e+00
1.680000000000003756e-03, 9.496171417919308411e+00
1.690000000000003782e-03, 9.498474407789892382e+00
1.700000000000003808e-03, 9.500775807283913466e+00
1.710000000000003835e-03, 9.503075619360918935e+00
1.720000000000003861e-03, 9.505373846971080454e+00
1.730000000000003887e-03, 9.507670493055250915e+00
1.740000000000003913e-03, 9.509965560544998198e+00
1.750000000000003940e-03, 9.512259052362646017e+00
1.760000000000003966e-03, 9.514550971421321890e+00
1.770000000000003992e-03, 9.516841320624996214e+00
1.780000000000004018e-03, 9.519130102868519572e+00
1.790000000000004044e-03, 9.521417321037668913e+00
1.800000000000004071e-03, 9.523702978009188413e+00
1.810000000000004097e-03, 9.525987076650826779e+00
1.820000000000004123e-03, 9.528269619821381653e+00
1.830000000000004149e-03, 9.530550610370731590e+00
1.840000000000004176e-03, 9.532830051139891125e+00
1.850000000000004202e-03, 9.535107944961026760e+00
1.860000000000004228e-03, 9.537384294657526240e+00
1.870000000000004254e-03, 9.539659103044009214e+00
1.880000000000004281e-03, 9.541932372926387629e+00
1.890000000000004307e-03, 9.544204107101892376e+00
1.900000000000004333e-03, 9.546474308359117700e+00
1.910000000000004359e-03, 9.548742979478051396e+00
1.920000000000004385e-03, 9.551010123230124549e+00
1.930000000000004412e-03, 9.553275742378241731e+00
1.940000000000004438e-03, 9.555539839676816527e+00
1.950000000000004464e-03, 9.557802417871817724e+00
1.960000000000004274e-03, 9.560063479700797728e+00
1.970000000000004300e-03, 9.562323027330181802e+00
1.980000000000004326e-03, 9.564581061059147515e+00
1.990000000000004352e-03, 9.566837581241816935e+00
2.000000000000004378e-03, 9.569092588285634804e+00
2.010000000000004405e-03, 9.571346082649764497e+00
2.020000000000004431e-03, 9.573598064843544364e+00
2.030000000000004457e-03, 9.575848535425002694e+00
2.040000000000004483e-03, 9.578097494999397554e+00
2.050000000000004510e-03, 9.580344944217815240e+00
2.060000000000004536e-03, 9.582590883775811363e+00
2.070000000000004562e-03, 9.584835314412078588e+00
2.080000000000004588e-03, 9.587078236907172979e+00
2.090000000000004615e-03, 9.589319652082265222e+00
2.100000000000004641e-03, 9.591559560797930928e+00
2.110000000000004667e-03, 9.593797963952990671e+00
2.120000000000004693e-03, 9.596034862483358907e+00
2.130000000000004719e-03, 9.598270257360947966e+00
2.140000000000004746e-03, 9.600504149592596903e+00
2.150000000000004772e-03, 9.602736540219025230e+00
2.160000000000004798e-03, 9.604967430313839927e+00
2.170000000000004824e-03, 9.607196820982531804e+00
2.180000000000004851e-03, 9.609424713361534032e+00
2.190000000000004877e-03, 9.611651108617316197e+00
2.200000000000004903e-03, 9.613876007945444613e+00
2.210000000000004929e-03, 9.616099412569750982e+00
2.220000000000004955e-03, 9.618321323741461981e+00
2.230000000000004982e-03, 9.620541742738380364e+00
2.240000000000005008e-03, 9.622760670864083821e+00
2.250000000000005034e-03, 9.624978109447154040e+00
2.260000000000005060e-03, 9.627194059840412876e+00
2.270000000000005087e-03, 9.629408523420190491e+00
2.280000000000005113e-03, 9.631621501585607703e+00
2.290000000000005139e-03, 9.633832995757890316e+00
2.300000000000005165e-03, 9.636043007379690550e+00
2.310000000000005192e-03, 9.638251537914424460e+00
2.320000000000005218e-03, 9.640458588845636001e+00
2.330000000000005244e-03, 9.642664161676380630e+00
2.340000000000005270e-03, 9.644868257928621347e+00
2.350000000000005296e-03, 9.647070879142640720e+00
2.360000000000005323e-03, 9.649272026876461794e+00
2.370000000000005349e-03, 9.651471702705300970e+00
2.380000000000005375e-03, 9.653669908221027995e+00
2.390000000000005401e-03, 9.655866645031638384e+00
2.400000000000005428e-03, 9.658061914760734723e+00
2.410000000000005454e-03, 9.660255719047039946e+00
2.420000000000005480e-03, 9.662448059543896406e+00
2.430000000000005506e-03, 9.664638937918814676e+00
2.440000000000005533e-03, 9.666828355853002819e+00
2.450000000000005559e-03, 9.669016315040911635e+00
2.460000000000005585e-03, 9.671202817189820777e+00
2.470000000000005611e-03, 9.673387864019392879e+00
2.480000000000005637e-03, 9.675571457261272101e+00
2.490000000000005664e-03, 9.677753598658679124e+00
2.500000000000005690e-03, 9.679934289966032779e+00
2.510000000000005716e-03, 9.682113532948545043e+00
2.520000000000005742e-03, 9.684291329381871094e+00
2.530000000000005769e-03, 9.686467681051738055e+00
2.540000000000005795e-03, 9.688642589753593271e+00
2.550000000000005821e-03, 9.690816057292268582e+00
2.560000000000005847e-03, 9.692988085481641036e+00
2.570000000000005873e-03, 9.695158676144298937e+00
2.580000000000005900e-03, 9.697327831111257623e+00
2.590000000000005926e-03, 9.699495552221595318e+00
2.600000000000005952e-03, 9.701661841322222202e+00
2.610000000000005978e-03, 9.703826700267512706e+00
2.620000000000006005e-03, 9.705990130919087022e+00
2.630000000000006031e-03, 9.708152135145487804e+00
2.640000000000006057e-03, 9.710312714821935032e+00
2.650000000000006083e-03, 9.712471871830041792e+00
2.660000000000006110e-03, 9.714629608057572696e+00
2.670000000000006136e-03, 9.716785925398182755e+00
2.680000000000006162e-03, 9.718940825751188228e+00
2.690000000000006188e-03, 9.721094311021300172e+00
2.700000000000006214e-03, 9.723246383118429037e+00
2.710000000000006241e-03, 9.725397043957418219e+00
2.720000000000006267e-03, 9.727546295457859316e+00
2.730000000000006293e-03, 9.729694139543857645e+00
2.740000000000006319e-03, 9.731840578143817311e+00
2.750000000000006346e-03, 9.733985613190256458e+00
2.760000000000006372e-03, 9.736129246619588784e+00
2.770000000000006398e-03, 9.738271480371945898e+00
2.780000000000006424e-03, 9.740412316390971270e+00
2.790000000000006451e-03, 9.742551756623649695e+00
2.800000000000006477e-03, 9.744689803020113672e+00
2.810000000000006503e-03, 9.746826457533483534e+00
2.820000000000006529e-03, 9.748961722119680928e+00
2.830000000000006555e-03, 9.751095598737270720e+00
2.840000000000006582e-03, 9.753228089347297569e+00
2.850000000000006608e-03, 9.755359195913124282e+00
2.860000000000006634e-03, 9.757488920400275489e+00
2.870000000000006660e-03, 9.759617264776295542e+00
2.880000000000006687e-03, 9.761744231010586859e+00
2.890000000000006713e-03, 9.763869821074285582e+00
2.900000000000006739e-03, 9.765994036940098155e+00
2.910000000000006765e-03, 9.768116880582185857e+00
2.920000000000006792e-03, 9.770238353976019141e+00
2.930000000000006818e-03, 9.772358459098251515e+00
2.940000000000006844e-03, 9.774477197926591643e+00
2.950000000000006870e-03, 9.776594572439687880e+00
2.960000000000006896e-03, 9.778710584616995050e+00
2.970000000000006923e-03, 9.780825236438662529e+00
2.980000000000006949e-03, 9.782938529885420564e+00
2.990000000000006975e-03, 9.785050466938470137e+00
3.000000000000007001e-03, 9.787161049579369276e+00
3.010000000000007028e-03, 9.789270279789931806e+00
3.020000000000007054e-03, 9.791378159552120763e+00
3.030000000000007080e-03, 9.793484690847943597e+00
3.040000000000007106e-03, 9.795589875659368673e+00
3.050000000000007132e-03, 9.797693715968202710e+00
3.060000000000007159e-03, 9.799796213756026830e+00
3.070000000000007185e-03, 9.801897371004082871e+00
3.080000000000007211e-03, 9.803997189693195224e+00
3.090000000000007237e-03, 9.806095671803682023e+00
3.100000000000007264e-03, 9.808192819315268096e+00
3.110000000000007290e-03, 9.810288634207006808e+00
3.120000000000007316e-03, 9.812383118457189468e+00
3.130000000000007342e-03, 9.814476274043277826e+00
3.140000000000007369e-03, 9.816568102941829466e+00
3.150000000000007395e-03, 9.818658607128408988e+00
3.160000000000007421e-03, 9.820747788577525839e+00
3.170000000000007447e-03, 9.822835649262559699e+00
3.180000000000007473e-03, 9.824922191155694762e+00
3.190000000000007500e-03, 9.827007416227854009e+00
3.200000000000007526e-03, 9.829091326448617494e+00
3.210000000000007552e-03, 9.831173923786183266e+00
3.220000000000007578e-03, 9.833255210207283881e+00
3.230000000000007605e-03, 9.835335187677136659e+00
3.240000000000007631e-03, 9.837413858159381519e+00
3.250000000000007657e-03, 9.839491223616020577e+00
3.260000000000007683e-03, 9.841567286007370186e+00
3.270000000000007710e-03, 9.843642047291993435e+00
3.280000000000007736e-03, 9.845715509426653966e+00
3.290000000000007762e-03, 9.847787674366268007e+00
3.300000000000007788e-03, 9.849858544063845756e+00
3.310000000000007814e-03, 9.851928120470448746e+00
3.320000000000007841e-03, 9.853996405535129455e+00
3.330000000000007867e-03, 9.856063401204902874e+00
3.340000000000007893e-03, 9.858129109424684344e+00
3.350000000000007919e-03, 9.860193532137254024e+00
3.360000000000007946e-03, 9.862256671283216036e+00
3.370000000000007972e-03, 9.864318528800941621e+00
3.380000000000007998e-03, 9.866379106626546047e+00
3.390000000000008024e-03, 9.868438406693837095e+00
3.400000000000008051e-03, 9.870496430934281307e+00
3.410000000000008077e-03, 9.872553181276964906e+00
3.420000000000008103e-03, 9.874608659648552944e+00
3.430000000000008129e-03, 9.876662867973264426e+00
3.440000000000008155e-03, 9.878715808172822577e+00
3.450000000000008182e-03, 9.880767482166431748e+00
3.460000000000008208e-03, 9.882817891870743665e+00
3.470000000000008234e-03, 9.884867039199820127e+00
3.480000000000008260e-03, 9.886914926065104581e+00
3.490000000000008287e-03, 9.888961554375391927e+00
3.500000000000008313e-03, 9.891006926036803648e+00
3.510000000000008339e-03, 9.893051042952748730e+00
3.520000000000008365e-03, 9.895093907023904123e+00
3.530000000000008391e-03, 9.897135520148184540e+00
3.540000000000008418e-03, 9.899175884220721144e+00
3.550000000000008444e-03, 9.901215001133824245e+00
3.560000000000008470e-03, 9.903252872776974414e+00
3.570000000000008496e-03, 9.905289501036783406e+00
3.580000000000008523e-03, 9.907324887796985280e+00
3.590000000000008549e-03, 9.909359034938399091e+00
3.600000000000008575e-03, 9.911391944338920013e+00
3.610000000000008601e-03, 9.913423617873487359e+00
3.620000000000008628e-03, 9.915454057414072153e+00
3.630000000000008654e-03, 9.917483264829652256e+00
3.640000000000008680e-03, 9.919511241986196382e+00
3.650000000000008706e-03, 9.921537990746642777e+00
3.660000000000008732e-03, 9.923563512970881462e+00
3.670000000000008759e-03, 9.925587810515734688e+00
3.680000000000008785e-03, 9.927610885234946281e+00
3.690000000000008811e-03, 9.929632738979160322e+00
3.700000000000008837e-03, 9.931653373595906942e+00
3.710000000000008864e-03, 9.933672790929582774e+00
3.720000000000008890e-03, 9.935690992821442080e+00
3.730000000000008916e-03, 9.937707981109577204e+00
3.740000000000008942e-03, 9.939723757628911471e+00
3.750000000000008969e-03, 9.941738324211176092e+00
3.760000000000008995e-03, 9.943751682684908388e+00
3.770000000000009021e-03, 9.945763834875428699e+00
3.780000000000009047e-03, 9.947774782604840382e+00
3.790000000000009073e-03, 9.949784527692003167e+00
3.800000000000009100e-03, 9.951793071952533154e+00
3.810000000000009126e-03, 9.953800417198792161e+00
3.820000000000009152e-03, 9.955806565239869954e+00
3.830000000000009178e-03, 9.957811517881584251e+00
3.840000000000009205e-03, 9.959815276926459404e+00
3.850000000000009231e-03, 9.961817844173728176e+00
3.860000000000009257e-03, 9.963819221419319305e+00
3.870000000000009283e-03, 9.965819410455848626e+00
3.880000000000009309e-03, 9.967818413072606631e+00
3.890000000000009336e-03, 9.969816231055560252e+00
3.900000000000009362e-03, 9.971812866187336866e+00
3.910000000000008955e-03, 9.973808320247226078e+00
3.920000000000008547e-03, 9.975802595011165508e+00
3.930000000000008140e-03, 9.977795692251739013e+00
3.940000000000007732e-03, 9.979787613738164254e+00
3.950000000000007325e-03, 9.981778361236298025e+00
3.960000000000006917e-03, 9.983767936508623819e+00
3.970000000000006510e-03, 9.985756341314244722e+00
3.980000000000006102e-03, 9.987743577408881634e+00
3.990000000000005695e-03, 9.989729646544878605e+00
4.000000000000005287e-03, 9.991714550471176182e+00
4.010000000000004880e-03, 9.993698290933329176e+00
4.020000000000004473e-03, 9.995680869673488900e+00
4.030000000000004065e-03, 9.997662288430412048e+00
4.040000000000003658e-03, 9.999642548939442932e+00
4.050000000000003250e-03, 1.000162165293252592e+01
4.060000000000002843e-03, 1.000359960213819299e+01
4.070000000000002435e-03, 1.000557639828155665e+01
4.080000000000002028e-03, 1.000755204308433477e+01
4.090000000000001620e-03, 1.000952653826480621e+01
4.100000000000001213e-03, 1.001149988553784276e+01
4.110000000000000805e-03, 1.001347208661489852e+01
4.120000000000000398e-03, 1.001544314320400453e+01
4.129999999999999991e-03, 1.001741305700977236e+01
4.139999999999999583e-03, 1.001938182973338165e+01
4.149999999999999176e-03, 1.002134946307260677e+01
4.159999999999998768e-03, 1.002331595872178660e+01
4.169999999999998361e-03, 1.002528131837183345e+01
4.179999999999997953e-03, 1.002724554371024546e+01
4.189999999999997546e-03, 1.002920863642109062e+01
4.199999999999997138e-03, 1.003117059818501744e+01
4.209999999999996731e-03, 1.003313143067924962e+01
4.219999999999996323e-03, 1.003509113557758781e+01
4.229999999999995916e-03, 1.003704971455041495e+01
4.239999999999995509e-03, 1.003900716926469272e+01
4.249999999999995101e-03, 1.004096350138396154e+01
4.259999999999994694e-03, 1.004291871256834412e+01
4.269999999999994286e-03, 1.004487280447455078e+01
4.279999999999993879e-03, 1.004682577875587057e+01
4.289999999999993471e-03, 1.004877763706218730e+01
4.299999999999993064e-03, 1.005072838103996702e+01
4.309999999999992656e-03, 1.005267801233227232e+01
4.319999999999992249e-03, 1.005462653257875338e+01
4.329999999999991842e-03, 1.005657394341566402e+01
4.339999999999991434e-03, 1.005852024647584386e+01
4.349999999999991027e-03, 1.006046544338874327e+01
4.359999999999990619e-03, 1.006240953578041086e+01
4.369999999999990212e-03, 1.006435252527350421e+01
4.379999999999989804e-03, 1.006629441348729159e+01
4.389999999999989397e-03, 1.006823520203764311e+01
4.399999999999988989e-03, 1.007017489253705378e+01
4.409999999999988582e-03, 1.007211348659463468e+01
4.419999999999988174e-03, 1.007405098581611647e+01
4.429999999999987767e-03, 1.007598739180385650e+01
4.439999999999987360e-03, 1.007792270615684416e+01
4.449999999999986952e-03, 1.007985693047069375e+01
4.459999999999986545e-03, 1.008179006633766228e+01
4.469999999999986137e-03, 1.008372211534664231e+01
4.479999999999985730e-03, 1.008565307908317443e+01
4.489999999999985322e-03, 1.008758295912944902e+01
4.499999999999984915e-03, 1.008951175706429915e+01
4.509999999999984507e-03, 1.009143947446322009e+01
4.519999999999984100e-03, 1.009336611289837293e+01
4.529999999999983692e-03, 1.009529167393858273e+01
4.539999999999983285e-03, 1.009721615914933324e+01
4.549999999999982878e-03, 1.009913957009279173e+01
4.559999999999982470e-03, 1.010106190832780904e+01
4.569999999999982063e-03, 1.010298317540990531e+01
4.579999999999981655e-03, 1.010490337289130203e+01
4.589999999999981248e-03, 1.010682250232090773e+01
4.599999999999980840e-03, 1.010874056524432696e+01
4.609999999999980433e-03, 1.011065756320387621e+01
4.619999999999980025e-03, 1.011257349773857150e+01
4.629999999999979618e-03, 1.011448837038414617e+01
4.639999999999979211e-03, 1.011640218267305080e+01
4.649999999999978803e-03, 1.011831493613445865e+01
4.659999999999978396e-03, 1.012022663229427621e+01
4.669999999999977988e-03, 1.012213727267513441e+01
4.679999999999977581e-03, 1.012404685879641875e+01
4.689999999999977173e-03, 1.012595539217424800e+01
4.699999999999976766e-03, 1.012786287432149557e+01
4.709999999999976358e-03, 1.012976930674779119e+01
4.719999999999975951e-03, 1.013167469095952811e+01
4.729999999999975543e-03, 1.013357902845986303e+01
4.739999999999975136e-03, 1.013548232074873034e+01
4.749999999999974729e-03, 1.013738456932283860e+01
4.759999999999974321e-03, 1.013928577567568468e+01
4.769999999999973914e-03, 1.014118594129755735e+01
4.779999999999973506e-03, 1.014308506767553730e+01
4.789999999999973099e-03, 1.014498315629351310e+01
4.799999999999972691e-03, 1.014688020863217766e+01
4.809999999999972284e-03, 1.014877622616903707e+01
4.819999999999971876e-03, 1.015067121037842313e+01
4.829999999999971469e-03, 1.015256516273149145e+01
4.839999999999971061e-03, 1.015445808469623223e+01
4.849999999999970654e-03, 1.015634997773746662e+01
4.859999999999970247e-03, 1.015824084331687160e+01
4.869999999999969839e-03, 1.016013068289297117e+01
4.879999999999969432e-03, 1.016201949792114156e+01
4.889999999999969024e-03, 1.016390728985363090e+01
4.899999999999968617e-03, 1.016579406013955200e+01
4.909999999999968209e-03, 1.016767981022489842e+01
4.919999999999967802e-03, 1.016956454155253731e+01
4.929999999999967394e-03, 1.017144825556223786e+01
4.939999999999966987e-03, 1.017333095369065354e+01
4.949999999999966580e-03, 1.017521263737134696e+01
4.959999999999966172e-03, 1.017709330803478629e+01
4.969999999999965765e-03, 1.017897296710835420e+01
4.979999999999965357e-03, 1.018085161601635136e+01
4.989999999999964950e-03, 1.018272925618002134e+01
4.999999999999964542e-03, 1.018460588901751684e+01
5.009999999999964135e-03, 1.018648151594395657e+01
6.009999999999964156e-03, 1.042946922750802408e+01
7.009999999999964176e-03, 1.064229017284819356e+01
8.009999999999965065e-03, 1.083477816776964531e+01
9.009999999999965953e-03, 1.101238375415475623e+01
1.000999999999996684e-02, 1.117850381658926651e+01
1.100999999999996773e-02, 1.133530780983711495e+01
1.200999999999996862e-02, 1.148431749282379855e+01
1.300999999999996951e-02, 1.162665264221965344e+01
1.400999999999997039e-02, 1.176313460536213817e+01
1.500999999999997128e-02, 1.189444037384220643e+01
1.600999999999997217e-02, 1.202113476018598348e+01
1.700999999999997306e-02, 1.214367743154609514e+01
1.800999999999997395e-02, 1.226244919514100573e+01
1.900999999999997483e-02, 1.237775034477161284e+01
2.000999999999997572e-02, 1.248983333806987162e+01
2.100999999999997661e-02, 1.259892223039908465e+01
2.200999999999997750e-02, 1.270521700287772404e+01
2.300999999999997839e-02, 1.280888823604897908e+01
2.400999999999997928e-02, 1.291009771732945843e+01
2.500999999999998016e-02, 1.300899565177806494e+01
2.600999999999998105e-02, 1.310571759705617723e+01
2.700999999999998194e-02, 1.320038644187498278e+01
2.800999999999998283e-02, 1.329311403953356141e+01
2.900999999999998372e-02, 1.338400257079372757e+01
3.000999999999998460e-02, 1.347314569128683104e+01
3.100999999999998549e-02, 1.356062942155363160e+01
3.200999999999998291e-02, 1.364652820397706812e+01
3.300999999999998380e-02, 1.373090891514587852e+01
3.400999999999998469e-02, 1.381383457398550618e+01
3.500999999999998558e-02, 1.389536458643895145e+01
3.600999999999998646e-02, 1.397555289315889659e+01
3.700999999999998735e-02, 1.405445183238661500e+01
3.800999999999998824e-02, 1.413211216978457863e+01
3.900999999999998913e-02, 1.420858172233542405e+01
4.000999999999999002e-02, 1.428390557210426692e+01
4.100999999999999091e-02, 1.435812626285854066e+01
4.200999999999999179e-02, 1.443128398082722263e+01
4.300999999999999268e-02, 1.450341672084414135e+01
4.400999999999999357e-02, 1.457456043906305432e+01
4.500999999999999446e-02, 1.464474919336239367e+01
4.600999999999999535e-02, 1.471401527248233165e+01
4.700999999999999623e-02, 1.478238931485948626e+01
4.800999999999999712e-02, 1.484990041804816663e+01
4.900999999999999801e-02, 1.499509630073243827e+01
5.000999999999999890e-02, 1.516642547840106481e+01
5.100999999999999979e-02, 1.533077271959514754e+01
5.201000000000000068e-02, 1.548897977368167922e+01
5.301000000000000156e-02, 1.564171867547497818e+01
5.401000000000000245e-02, 1.578952348263834260e+01
5.501000000000000334e-02, 1.593283087179848678e+01
5.601000000000000423e-02, 1.607200660266424563e+01
5.701000000000000512e-02, 1.620737045597664050e+01
5.801000000000000600e-02, 1.633921325709538053e+01
5.901000000000000689e-02, 1.646779011389045877e+01
6.001000000000000778e-02, 1.659332206787860287e+01
6.101000000000000867e-02, 1.671600273319016239e+01
6.201000000000000956e-02, 1.683600326533904479e+01
6.301000000000001044e-02, 1.695347616459423179e+01
6.401000000000001133e-02, 1.706855824351899642e+01
6.501000000000001222e-02, 1.718137298081866859e+01
6.601000000000001311e-02, 1.729203625621050477e+01
6.701000000000001400e-02, 1.740065954176982999e+01
6.801000000000001489e-02, 1.750734582074320755e+01
6.901000000000001577e-02, 1.761218877273948280e+01
7.001000000000001666e-02, 1.771527400017310327e+01
7.101000000000001755e-02, 1.781668004343989864e+01
7.201000000000001844e-02, 1.791647922926249947e+01
7.301000000000001933e-02, 1.801473838572628949e+01
7.401000000000002021e-02, 1.811152777633105160e+01
7.501000000000002110e-02, 1.820690212525212459e+01
7.601000000000002199e-02, 1.830090877976402908e+01
7.701000000000002288e-02, 1.839359199006989698e+01
7.801000000000002377e-02, 1.848499306962187916e+01
7.901000000000002466e-02, 1.857514886172102564e+01
8.001000000000002554e-02, 1.866409991191204654e+01
8.101000000000002643e-02, 1.875188559040551084e+01
8.201000000000002732e-02, 1.883854281548448029e+01
8.301000000000002821e-02, 1.892410628161136188e+01
8.401000000000002910e-02, 1.900860865969197988e+01
8.501000000000002998e-02, 1.909208077365953216e+01
8.601000000000003087e-02, 1.917455175681064361e+01
8.701000000000003176e-02, 1.925604919074130450e+01
8.801000000000003265e-02, 1.933659922925998131e+01
8.901000000000003354e-02, 1.941622670927301897e+01
9.001000000000003443e-02, 1.949495525032570242e+01
9.101000000000003531e-02, 1.957280734422640478e+01
9.201000000000003620e-02, 1.964980443596930826e+01
9.301000000000003709e-02, 1.972596699699596456e+01
9.401000000000003798e-02, 1.980131459168902097e+01
9.501000000000003887e-02, 1.987586593786865308e+01
9.601000000000003975e-02, 1.994963896195869779e+01
9.701000000000004064e-02, 2.002265116155363955e+01
9.801000000000004153e-02, 2.009492070375204165e+01
9.901000000000004242e-02, 2.016646547492231889e+01
1.000100000000000433e-01, 2.023730258487710643e+01
1.010100000000000442e-01, 2.030744841744190055e+01
1.020100000000000451e-01, 2.037691867668782564e+01
1.030100000000000460e-01, 2.044572842928655376e+01
1.040100000000000469e-01, 2.051389214338832545e+01
1.050100000000000477e-01, 2.058142372437512080e+01
1.060100000000000486e-01, 2.064833654779867800e+01
1.070100000000000495e-01, 2.071464348977695380e+01
1.080100000000000504e-01, 2.078035695509100833e+01
1.090100000000000513e-01, 2.084548890319721082e+01
1.100100000000000522e-01, 2.091005087234566062e+01
1.110100000000000531e-01, 2.097405400197526149e+01
1.120100000000000540e-01, 2.103750905353755485e+01
1.130100000000000549e-01, 2.110042642988556238e+01
1.140100000000000557e-01, 2.116281619334995767e+01
1.150100000000000566e-01, 2.122468808261240270e+01
1.160100000000000575e-01, 2.128605152847512016e+01
1.170100000000000584e-01, 2.134691566861596357e+01
1.180100000000000593e-01, 2.140728936140985894e+01
1.190100000000000602e-01, 2.146718119888963727e+01
1.200100000000000611e-01, 2.152659951891271817e+01
1.210100000000000620e-01, 2.158555241659381352e+01
1.220100000000000628e-01, 2.164404271364674415e+01
1.230100000000000637e-01, 2.170208050355736518e+01
1.240100000000000646e-01, 2.175967914436442285e+01
1.250100000000000655e-01, 2.181685135302851464e+01
1.260100000000000664e-01, 2.187360924969429021e+01
1.270100000000000673e-01, 2.192996439795883745e+01
1.280100000000000682e-01, 2.198592784159081148e+01
1.290100000000000691e-01, 2.204151013808608184e+01
1.300100000000000700e-01, 2.209672138939604480e+01
1.310100000000000708e-01, 2.215157127012231797e+01
1.320100000000000717e-01, 2.220606905343548476e+01
1.330100000000000726e-01, 2.226022363494429968e+01
1.340100000000000735e-01, 2.231404355471524070e+01
1.350100000000000744e-01, 2.236753701761902491e+01
1.360100000000000753e-01, 2.242071191216082582e+01
1.370100000000000762e-01, 2.247357582793339503e+01
1.380100000000000771e-01, 2.252613607181720212e+01
1.390100000000000779e-01, 2.257839968303838418e+01
1.400100000000000788e-01, 2.263037344718386379e+01
1.410100000000000797e-01, 2.268206390926228977e+01
1.420100000000000806e-01, 2.273347738589114897e+01
1.430100000000000815e-01, 2.278461997668174988e+01
1.440100000000000824e-01, 2.283549757488727394e+01
1.450100000000000833e-01, 2.288611587737251440e+01
1.460100000000000842e-01, 2.293648039395847604e+01
1.470100000000000851e-01, 2.298659645619014569e+01
1.480100000000000859e-01, 2.303646922557121357e+01
1.490100000000000868e-01, 2.308610370130558209e+01
1.500100000000000877e-01, 2.313550472758204180e+01
1.510100000000000886e-01, 2.318467700043525781e+01
1.520100000000000895e-01, 2.323362507421335010e+01
1.530100000000000904e-01, 2.328235336767987818e+01
1.540100000000000913e-01, 2.333086616977552552e+01
1.550100000000000922e-01, 2.337916764506287848e+01
1.560100000000000930e-01, 2.342726183887574720e+01
1.570100000000000939e-01, 2.347515268219267526e+01
1.580100000000000948e-01, 2.352284399625281708e+01
1.590100000000000957e-01, 2.357033949693090236e+01
1.600100000000000966e-01, 2.361764279888675233e+01
1.610100000000000975e-01, 2.366475741950362988e+01
1.620100000000000984e-01, 2.371168678262856488e+01
1.630100000000000993e-01, 2.375843422212692602e+01
1.640100000000001002e-01, 2.380500298526255420e+01
1.650100000000001010e-01, 2.385139623591399882e+01
1.660100000000001019e-01, 2.389761705763654120e+01
1.670100000000001028e-01, 2.394366845657912179e+01
1.680100000000001037e-01, 2.398955336426468321e+01
1.690100000000001046e-01, 2.403527464024156046e+01
1.700100000000001055e-01, 2.408083507461355666e+01
1.710100000000001064e-01, 2.412623739045525184e+01
1.720100000000001073e-01, 2.417148424611907487e+01
1.730100000000001081e-01, 2.421657823744004290e+01
1.740100000000001090e-01, 2.426152189984372853e+01
1.750100000000001099e-01, 2.430631771036273037e+01
1.760100000000001108e-01, 2.435096808956638625e+01
1.770100000000001117e-01, 2.439547540340844023e+01
1.780100000000001126e-01, 2.443984196499685879e+01
1.790100000000001135e-01, 2.448407003628987155e+01
1.800100000000001144e-01, 2.452816182972192038e+01
1.810100000000001153e-01, 2.457211950976320125e+01
1.820100000000001161e-01, 2.461594519441597129e+01
1.830100000000001170e-01, 2.465964095665088607e+01
1.840100000000001179e-01, 2.470320882578626254e+01
1.850100000000001188e-01, 2.474665078881301739e+01
1.860100000000001197e-01, 2.478996879166795964e+01
1.870100000000001206e-01, 2.483316474045789946e+01
1.880100000000001215e-01, 2.487624050263678654e+01
1.890100000000001224e-01, 2.491919790813832591e+01
1.900100000000001232e-01, 2.496203875046584741e+01
1.910100000000001241e-01, 2.500476478774161748e+01
1.920100000000001250e-01, 2.504737774371735881e+01
1.930100000000001259e-01, 2.508987930874772587e+01
1.940100000000001268e-01, 2.513227114072845936e+01
1.950100000000001277e-01, 2.517455486600065839e+01
1.960100000000001286e-01, 2.521673208022289359e+01
1.970100000000001295e-01, 2.525880434921226936e+01
1.980100000000001303e-01, 2.530077320975607336e+01
1.990100000000001312e-01, 2.534264017039508232e+01
2.000100000000001321e-01, 2.538440671217979272e+01
2.010100000000001330e-01, 2.542607428940075920e+01
2.020100000000001339e-01, 2.546764433029407115e+01
2.030100000000001348e-01, 2.550911823772302256e+01
2.040100000000001357e-01, 2.555049738983700180e+01
2.050100000000001366e-01, 2.559178314070840798e+01
2.060100000000001375e-01, 2.563297682094867014e+01
2.070100000000001383e-01, 2.567407973830408352e+01
2.080100000000001392e-01, 2.571509317823224450e+01
2.090100000000001401e-01, 2.575601840446000423e+01
2.100100000000001410e-01, 2.579685665952353091e+01
2.110100000000001419e-01, 2.583760916529121587e+01
2.120100000000001428e-01, 2.587827712347016629e+01
2.130100000000001437e-01, 2.591886171609675316e+01
2.140100000000001446e-01, 2.595936410601203193e+01
2.150100000000001454e-01, 2.599978543732244063e+01
2.160100000000001463e-01, 2.604012683584640442e+01
2.170100000000001472e-01, 2.608038940954738649e+01
2.180100000000001481e-01, 2.612057424895384727e+01
2.190100000000001490e-01, 2.616068242756660212e+01
2.200100000000001499e-01, 2.620071500225412819e+01
2.210100000000001508e-01, 2.624067301363606930e+01
2.220100000000001517e-01, 2.628055748645556378e+01
2.230100000000001526e-01, 2.632036942994072959e+01
2.240100000000001534e-01, 2.636010983815559072e+01
2.250100000000001543e-01, 2.639977969034098138e+01
2.260100000000001552e-01, 2.643937995124566598e+01
2.270100000000001561e-01, 2.647891157144810848e+01
2.280100000000001570e-01, 2.651837548766909336e+01
2.290100000000001579e-01, 2.655777262307563547e+01
2.300100000000001588e-01, 2.659710388757641297e+01
2.310100000000001597e-01, 2.663637017810903274e+01
2.320100000000001605e-01, 2.667557237891938371e+01
2.330100000000001614e-01, 2.671471136183336270e+01
2.340100000000001623e-01, 2.675378798652122470e+01
2.350100000000001632e-01, 2.679280310075484550e+01
2.360100000000001641e-01, 2.683175754065799268e+01
2.370100000000001650e-01, 2.687065213095000971e+01
2.380100000000001659e-01, 2.690948768518302714e+01
2.390100000000001668e-01, 2.694826500597291385e+01
2.400100000000001677e-01, 2.698698488522415673e+01
2.410100000000001685e-01, 2.702564810434904885e+01
2.420100000000001694e-01, 2.706425543448093762e+01
2.430100000000001703e-01, 2.710280763668225390e+01
2.440100000000001712e-01, 2.714130546214710904e+01
2.450100000000001721e-01, 2.717974965239874408e+01
2.460100000000001730e-01, 2.721814093948199798e+01
2.470100000000001739e-01, 2.725648004615100817e+01
2.480100000000001748e-01, 2.729476768605211490e+01
2.490100000000001756e-01, 2.733300456390236377e+01
2.500100000000001765e-01, 2.737119137566343952e+01
2.510100000000001774e-01, 2.740932880871151767e+01
2.520100000000001783e-01, 2.744741754200280326e+01
2.530100000000001792e-01, 2.748545824623519707e+01
2.540100000000001801e-01, 2.752345158400594016e+01
2.550100000000001810e-01, 2.756139820996556367e+01
2.560100000000001819e-01, 2.759929877096813655e+01
2.570100000000001828e-01, 2.763715390621793944e+01
2.580100000000001836e-01, 2.767496424741266381e+01
2.590100000000001845e-01, 2.771273041888333566e+01
2.600100000000001854e-01, 2.775045303773084626e+01
2.610100000000001863e-01, 2.778813271395942408e+01
2.620100000000001872e-01, 2.782577005060693054e+01
2.630100000000001881e-01, 2.786336564387228165e+01
2.640100000000001890e-01, 2.790092008323981787e+01
2.650100000000001899e-01, 2.793843395160096676e+01
2.660100000000001907e-01, 2.797590782537306708e+01
2.670100000000001916e-01, 2.801334227461562065e+01
2.680100000000001925e-01, 2.805073786314380868e+01
2.690100000000001934e-01, 2.808809514863959578e+01
2.700100000000001943e-01, 2.812541468276035417e+01
2.710100000000001952e-01, 2.816269701124503655e+01
2.720100000000001961e-01, 2.819994267401805743e+01
2.730100000000001970e-01, 2.823715220529094339e+01
2.740100000000001979e-01, 2.827432613366172731e+01
2.750100000000001987e-01, 2.831146498221221819e+01
2.760100000000001996e-01, 2.834856926860316761e+01
2.770100000000002005e-01, 2.838563950516743972e+01
2.780100000000002014e-01, 2.842267619900113118e+01
2.790100000000002023e-01, 2.845967985205286155e+01
2.800100000000002032e-01, 2.849665096121104568e+01
2.810100000000002041e-01, 2.853359001838952125e+01
2.820100000000002050e-01, 2.857049751061116538e+01
2.830100000000002058e-01, 2.860737392009002278e+01
2.840100000000002067e-01, 2.864421972431150110e+01
2.850100000000002076e-01, 2.868103539611110975e+01
2.860100000000002085e-01, 2.871782140375143300e+01
2.870100000000002094e-01, 2.875457821099767841e+01
2.880100000000002103e-01, 2.879130627719159108e+01
2.890100000000002112e-01, 2.882800605732388277e+01
2.900100000000002121e-01, 2.886467800210530399e+01
2.910100000000002129e-01, 2.890132255803615990e+01
2.920100000000002138e-01, 2.893794016747454734e+01
2.930100000000002147e-01, 2.897453126870319196e+01
2.940100000000002156e-01, 2.901109629599497097e+01
2.950100000000002165e-01, 2.904763567967720661e+01
2.960100000000002174e-01, 2.908414984619457400e+01
2.970100000000002183e-01, 2.912063921817095391e+01
2.980100000000002192e-01, 2.915710421446996037e+01
2.990100000000002201e-01, 2.919354522894063564e+01
3.000100000000002209e-01, 2.922996214077553390e+01
3.010100000000002218e-01, 2.926635461078922873e+01
3.020100000000002227e-01, 2.930272229810858775e+01
3.030100000000002236e-01, 2.933906486239783007e+01
3.040100000000002245e-01, 2.937538170930871928e+01
3.050100000000002254e-01, 2.941167244178119589e+01
3.060100000000002263e-01, 2.944793677159091061e+01
3.070100000000002272e-01, 2.948417441309905840e+01
3.080100000000002280e-01, 2.952038508318954868e+01
3.090100000000002289e-01, 2.955656850120753631e+01
3.100100000000002298e-01, 2.959272438889941270e+01
3.110100000000002307e-01, 2.962885247035419312e+01
3.120100000000002316e-01, 2.966495247194618301e+01
3.130100000000002325e-01, 2.970102412227900146e+01
3.140100000000002334e-01, 2.973706715213081608e+01
3.150100000000002343e-01, 2.977308129440084983e+01
3.160100000000002352e-01, 2.980906628405698910e+01
3.170100000000002360e-01, 2.984502185808470642e+01
3.180100000000002369e-01, 2.988094775543693160e+01
3.190100000000002378e-01, 2.991684371698517353e+01
3.200100000000002387e-01, 2.995270948547159406e+01
3.210100000000002396e-01, 2.998854480546218326e+01
3.220100000000002405e-01, 3.002434942330095780e+01
3.230100000000002414e-01, 3.006012308706502978e+01
3.240100000000002423e-01, 3.009586554652082668e+01
3.250100000000002431e-01, 3.013157655308105021e+01
3.260100000000002440e-01, 3.016725585976264057e+01
3.270100000000002449e-01, 3.020290322114559700e+01
3.280100000000002458e-01, 3.023851839333270775e+01
3.290100000000002467e-01, 3.027410113391001190e+01
3.300100000000002476e-01, 3.030965120190820983e+01
3.310100000000002485e-01, 3.034516835776471666e+01
3.320100000000002494e-01, 3.038065236328661101e+01
3.330100000000002503e-01, 3.041610298161433334e+01
3.340100000000002511e-01, 3.045151997718600612e+01
3.350100000000002520e-01, 3.048690311570256384e+01
3.360100000000002529e-01, 3.052225216409362218e+01
3.370100000000002538e-01, 3.055756689048385866e+01
3.380100000000002547e-01, 3.059284706416024946e+01
3.390100000000002556e-01, 3.062809245553983573e+01
3.400100000000002565e-01, 3.066330283613812213e+01
3.410100000000002574e-01, 3.069847797853815763e+01
3.420100000000002582e-01, 3.073361765636011711e+01
3.430100000000002591e-01, 3.076872164423158296e+01
3.440100000000002600e-01, 3.080378971775829910e+01
3.450100000000002609e-01, 3.083882165349550064e+01
3.460100000000002618e-01, 3.087381722891984026e+01
3.470100000000002627e-01, 3.090877646310087812e+01
3.480100000000002636e-01, 3.094369974376632015e+01
3.490100000000002645e-01, 3.097858756345768683e+01
3.500100000000002654e-01, 3.101344040903031996e+01
3.510100000000002662e-01, 3.104825876175467769e+01
3.520100000000002671e-01, 3.108304309741537708e+01
3.530100000000002680e-01, 3.111779388640801258e+01
3.540100000000002689e-01, 3.115251159383383239e+01
3.550100000000002698e-01, 3.118719667959227593e+01
3.560100000000002707e-01, 3.122184959847147212e+01
3.570100000000002716e-01, 3.125647080023683344e+01
3.580100000000002725e-01, 3.129106072971756802e+01
3.590100000000002733e-01, 3.132561982689144742e+01
3.600100000000002742e-01, 3.136014852696765587e+01
3.610100000000002751e-01, 3.139464726046788812e+01
3.620100000000002760e-01, 3.142911645330570991e+01
3.630100000000002769e-01, 3.146355652686420967e+01
3.640100000000002778e-01, 3.149796789807204789e+01
3.650100000000002787e-01, 3.153235097947780829e+01
3.660100000000002796e-01, 3.156670617932288536e+01
3.670100000000002805e-01, 3.160103390161284054e+01
3.680100000000002813e-01, 3.163533454618711716e+01
3.690100000000002822e-01, 3.166960850878757938e+01
3.700100000000002831e-01, 3.170385618112538140e+01
3.710100000000002840e-01, 3.173807795094662154e+01
3.720100000000002849e-01, 3.177227420209662512e+01
3.730100000000002858e-01, 3.180644531458284519e+01
3.740100000000002867e-01, 3.184059166463655544e+01
3.750100000000002876e-01, 3.187471362477336356e+01
3.760100000000002884e-01, 3.190881156385234618e+01
3.770100000000002893e-01, 3.194288584713412860e+01
3.780100000000002902e-01, 3.197693683633776374e+01
3.790100000000002911e-01, 3.201096488969655240e+01
3.800100000000002920e-01, 3.204497036201263427e+01
3.810100000000002929e-01, 3.207895360471059121e+01
3.820100000000002938e-01, 3.211291496589007721e+01
3.830100000000002947e-01, 3.214685479037720484e+01
3.840100000000002956e-01, 3.218077341977518557e+01
3.850100000000002964e-01, 3.221467119251385469e+01
3.860100000000002973e-01, 3.224854844389824393e+01
3.870100000000002982e-01, 3.228240550615628734e+01
3.880100000000002991e-01, 3.231624270848556790e+01
3.890100000000003000e-01, 3.235006037709921856e+01
3.900100000000003009e-01, 3.238385883527093512e+01
3.910100000000003018e-01, 3.241763840337911518e+01
3.920100000000003027e-01, 3.245139939895025094e+01
3.930100000000003035e-01, 3.248514213670142681e+01
3.940100000000003044e-01, 3.251886692858209216e+01
3.950100000000003053e-01, 3.255257408381502415e+01
3.960100000000003062e-01, 3.258626390893657288e+01
3.970100000000003071e-01, 3.261993670783611776e+01
3.980100000000003080e-01, 3.265359278179484903e+01
3.990100000000003089e-01, 3.268723242952384567e+01
4.000100000000003098e-01, 3.272085594720140733e+01
4.010100000000003106e-01, 3.275446362850983917e+01
4.020100000000003115e-01, 3.278805576467136262e+01
4.030100000000003124e-01, 3.282163264448364970e+01
4.040100000000003133e-01, 3.285519455435451874e+01
4.050100000000003142e-01, 3.288874177833606183e+01
4.060100000000003151e-01, 3.292227459815827473e+01
4.070100000000003160e-01, 3.295579329326196927e+01
4.080100000000003169e-01, 3.298929814083112433e+01
4.090100000000003178e-01, 3.302278941582476790e+01
4.100100000000003186e-01, 3.305626739100819123e+01
4.110100000000003195e-01, 3.308973233698369398e+01
4.120100000000003204e-01, 3.312318452222075393e+01
4.130100000000003213e-01, 3.315662421308579866e+01
4.140100000000003222e-01, 3.319005167387116018e+01
4.150100000000003231e-01, 3.322346716682399403e+01
4.160100000000003240e-01, 3.325687095217426759e+01
4.170100000000003249e-01, 3.329026328816259195e+01
4.180100000000003257e-01, 3.332364443106737184e+01
4.190100000000003266e-01, 3.335701463523166410e+01
4.200100000000003275e-01, 3.339037415308944645e+01
4.210100000000003284e-01, 3.342372323519156652e+01
4.220100000000003293e-01, 3.345706213023115083e+01
4.230100000000003302e-01, 3.349039108506868700e+01
4.240100000000003311e-01, 3.352371034475667955e+01
4.250100000000003320e-01, 3.355702015256382253e+01
4.260100000000003329e-01, 3.359032074999881701e+01
4.270100000000003337e-01, 3.362361237683391124e+01
4.280100000000003346e-01, 3.365689527112789392e+01
4.290100000000003355e-01, 3.369016966924875334e+01
4.300100000000003364e-01, 3.372343580589606660e+01
4.310100000000003373e-01, 3.375669391412295539e+01
4.320100000000003382e-01, 3.378994422535765096e+01
4.330100000000003391e-01, 3.382318696942480329e+01
4.340100000000003400e-01, 3.385642237456642079e+01
4.350100000000003408e-01, 3.388965066746244759e+01
4.360100000000003417e-01, 3.392287207325102827e+01
4.370100000000003426e-01, 3.395608681554850250e+01
4.380100000000003435e-01, 3.398929511646900892e+01
4.390100000000003444e-01, 3.402249719664386163e+01
4.400100000000003453e-01, 3.405569327524057854e+01
4.410100000000003462e-01, 3.408888356998156866e+01
4.420100000000003471e-01, 3.412206829716264167e+01
4.430100000000003480e-01, 3.415524767167120501e+01
4.440100000000003488e-01, 3.418842190700405581e+01
4.450100000000003497e-01, 3.422159121528507342e+01
4.460100000000003506e-01, 3.425475580728254243e+01
4.470100000000003515e-01, 3.428791589242624127e+01
4.480100000000003524e-01, 3.432107167882427490e+01
4.490100000000003533e-01, 3.435422337327964470e+01
4.500100000000003542e-01, 3.438737118130652703e+01
4.510100000000003551e-01, 3.442051530714642382e+01
4.520100000000003559e-01, 3.445365595378397217e+01
4.530100000000003568e-01, 3.448679332296254074e+01
4.540100000000003577e-01, 3.451992761519958464e+01
4.550100000000003586e-01, 3.455305902980182964e+01
4.560100000000003595e-01, 3.458618776488016522e+01
4.570100000000003604e-01, 3.461931401736435987e+01
4.580100000000003613e-01, 3.465243798301754907e+01
4.590100000000003622e-01, 3.468555985645049589e+01
4.600100000000003631e-01, 3.471867983113567391e+01
4.610100000000003639e-01, 3.475179809942112286e+01
4.620100000000003648e-01, 3.478491485254414073e+01
4.630100000000003657e-01, 3.481803028064468464e+01
4.640100000000003666e-01, 3.485114457277873612e+01
4.650100000000003675e-01, 3.488425791693130407e+01
4.660100000000003684e-01, 3.491737050002935661e+01
4.670100000000003693e-01, 3.495048250795455402e+01
4.680100000000003702e-01, 3.498359412555572590e+01
4.690100000000003710e-01, 3.501670553666131980e+01
4.700100000000003719e-01, 3.504981692409148764e+01
4.710100000000003728e-01, 3.508292846967015066e+01
4.720100000000003737e-01, 3.511604035423680159e+01
4.730100000000003746e-01, 3.514915275765828540e+01
4.740100000000003755e-01, 3.518226585884014668e+01
4.750100000000003764e-01, 3.521537983573816888e+01
4.760100000000003773e-01, 3.524849486536943033e+01
4.770100000000003782e-01, 3.528161112382341003e+01
4.780100000000003790e-01, 3.531472878627289447e+01
4.790100000000003799e-01, 3.534784802698467843e+01
4.800100000000003808e-01, 3.538096901933022309e+01
4.810100000000003817e-01, 3.541409193579600867e+01
4.820100000000003826e-01, 3.544721694799395806e+01
4.830100000000003835e-01, 3.548034422667151944e+01
4.840100000000003844e-01, 3.551347394172178440e+01
4.850100000000003853e-01, 3.554660626219328634e+01
4.860100000000003861e-01, 3.557974135629984147e+01
4.870100000000003870e-01, 3.561287939143016956e+01
4.880100000000003879e-01, 3.564602053415735838e+01
4.890100000000003888e-01, 3.567916495024832813e+01
4.900100000000003897e-01, 3.571231280467298319e+01
4.910100000000003906e-01, 3.574546426161342083e+01
4.920100000000003915e-01, 3.577861948447293372e+01
4.930100000000003924e-01, 3.581177863588487043e+01
4.940100000000003932e-01, 3.584494187772141771e+01
4.950100000000003941e-01, 3.587810937110232601e+01
4.960100000000003950e-01, 3.591128127640337198e+01
4.970100000000003959e-01, 3.594445775326484238e+01
4.980100000000003968e-01, 3.597763896059985456e+01
4.990100000000003977e-01, 3.601082505660261290e+01
5.000100000000003986e-01, 3.604401619875644514e+01
5.010100000000003995e-01, 3.607721254384188825e+01
5.020100000000004004e-01, 3.611041424794455423e+01
5.030100000000004012e-01, 3.614362146646295315e+01
5.040100000000004021e-01, 3.617683435411617410e+01
5.050100000000004030e-01, 3.621005306495156617e+01
5.060100000000004039e-01, 3.624327775235214943e+01
5.070100000000004048e-01, 3.627650856904413246e+01
5.080100000000004057e-01, 3.630974566710414564e+01
5.090100000000004066e-01, 3.634298919796653138e+01
5.100100000000004075e-01, 3.637623931243047792e+01
5.110100000000004083e-01, 3.640949616066703953e+01
5.120100000000004092e-01, 3.644275989222615664e+01
5.130100000000004101e-01, 3.647603065604345574e+01
5.140100000000004110e-01, 3.650930860044710613e+01
5.150100000000004119e-01, 3.654259387316449903e+01
5.160100000000004128e-01, 3.657588662132888402e+01
5.170100000000004137e-01, 3.660918699148584921e+01
5.180100000000004146e-01, 3.664249512959991506e+01
5.190100000000004155e-01, 3.667581118106077298e+01
5.200100000000004163e-01, 3.670913529068968018e+01
5.210100000000004172e-01, 3.674246760274566270e+01
5.220100000000004181e-01, 3.677580826093167587e+01
5.230100000000004190e-01, 3.680915740840062966e+01
5.240100000000004199e-01, 3.684251518776142831e+01
5.250100000000004208e-01, 3.687588174108497441e+01
5.260100000000004217e-01, 3.690925720990988879e+01
5.270100000000004226e-01, 3.694264173524838668e+01
5.280100000000004234e-01, 3.697603545759196209e+01
5.290100000000004243e-01, 3.700943851691708630e+01
5.300100000000004252e-01, 3.704285105269073597e+01
5.310100000000004261e-01, 3.707627320387592107e+01
5.320100000000004270e-01, 3.710970510893715613e+01
5.330100000000004279e-01, 3.714314690584583190e+01
5.340100000000004288e-01, 3.717659873208553023e+01
5.350100000000004297e-01, 3.721006072465733183e+01
5.360100000000004306e-01, 3.724353302008491085e+01
5.370100000000004314e-01, 3.727701575441975734e+01
5.380100000000004323e-01, 3.731050906324627903e+01
5.390100000000004332e-01, 3.734401308168668976e+01
5.400100000000004341e-01, 3.737752794440611837e+01
5.410100000000004350e-01, 3.741105378561736927e+01
5.420100000000004359e-01, 3.744459073908589630e+01
5.430100000000004368e-01, 3.747813893813447095e+01
5.440100000000004377e-01, 3.751169851564799274e+01
5.450100000000004385e-01, 3.754526960407815750e+01
5.460100000000004394e-01, 3.757885233544802617e+01
5.470100000000004403e-01, 3.761244684135665750e+01
5.480100000000004412e-01, 3.764605325298359872e+01
5.490100000000004421e-01, 3.767967170109334063e+01
5.500100000000004430e-01, 3.771330231603975847e+01
5.510100000000004439e-01, 3.774694522777041783e+01
5.520100000000004448e-01, 3.778060056583097293e+01
5.530100000000004457e-01, 3.781426845936938008e+01
5.540100000000004465e-01, 3.784794903714010417e+01
5.550100000000004474e-01, 3.788164242750831789e+01
5.560100000000004483e-01, 3.791534875845403718e+01
5.570100000000004492e-01, 3.794906815757610019e+01
5.580100000000004501e-01, 3.798280075209630979e+01
5.590100000000004510e-01, 3.801654666886340550e+01
5.600100000000004519e-01, 3.805030603435690750e+01
5.610100000000004528e-01, 3.808407897469111703e+01
5.620100000000004536e-01, 3.811786561561890352e+01
5.630100000000004545e-01, 3.815166608253552738e+01
5.640100000000004554e-01, 3.818548050048246267e+01
5.650100000000004563e-01, 3.821930899415100669e+01
5.660100000000004572e-01, 3.825315168788608133e+01
5.670100000000004581e-01, 3.828700870568976455e+01
5.680100000000004590e-01, 3.832088017122501356e+01
5.690100000000004599e-01, 3.835476620781910384e+01
5.700100000000004608e-01, 3.838866693846725298e+01
5.710100000000004616e-01, 3.842258248583603120e+01
5.720100000000004625e-01, 3.845651297226685728e+01
5.730100000000004634e-01, 3.849045851977935229e+01
5.740100000000004643e-01, 3.852441925007479284e+01
5.750100000000004652e-01, 3.855839528453934406e+01
5.760100000000004661e-01, 3.859238674424743465e+01
5.770100000000004670e-01, 3.862639374996498987e+01
5.780100000000004679e-01, 3.866041642215264318e+01
5.790100000000004687e-01, 3.869445488096894081e+01
5.800100000000004696e-01, 3.872850924627350366e+01
5.810100000000004705e-01, 3.876257963763013947e+01
5.820100000000004714e-01, 3.879666617430991948e+01
5.830100000000004723e-01, 3.883076897529427640e+01
5.840100000000004732e-01, 3.886488815927795315e+01
5.850100000000004741e-01, 3.889902384467207241e+01
5.860100000000004750e-01, 3.893317614960701434e+01
5.870100000000004759e-01, 3.896734519193542212e+01
5.880100000000004767e-01, 3.900153108923500866e+01
5.890100000000004776e-01, 3.903573395881149821e+01
5.900100000000004785e-01, 3.906995391770139037e+01
5.910100000000004794e-01, 3.910419108267481647e+01
5.920100000000004803e-01, 3.913844557023827520e+01
5.930100000000004812e-01, 3.917271749663738234e+01
5.940100000000004821e-01, 3.920700697785959221e+01
5.950100000000004830e-01, 3.924131412229990445e+01
5.960100000000004838e-01, 3.927563898231930750e+01
5.970100000000004847e-01, 3.930998159815457171e+01
5.980100000000004856e-01, 3.934434200942442317e+01
5.990100000000004865e-01, 3.937872025527516939e+01
6.000100000000004874e-01, 3.941311634348394932e+01
6.010100000000004883e-01, 3.944753031311309144e+01
6.020100000000004892e-01, 3.948196220696549119e+01
6.030100000000004901e-01, 3.951641206768839254e+01
6.040100000000004909e-01, 3.955087993777387823e+01
6.050100000000004918e-01, 3.958536585955944531e+01
6.060100000000004927e-01, 3.961986987522838888e+01
6.070100000000004936e-01, 3.965439202681034203e+01
6.080100000000004945e-01, 3.968893235618173065e+01
6.090100000000004954e-01, 3.972349090506621394e+01
6.100100000000004963e-01, 3.975806771503514625e+01
6.110100000000004972e-01, 3.979266282750800343e+01
6.120100000000004981e-01, 3.982727628375285889e+01
6.130100000000004989e-01, 3.986190812488669621e+01
6.140100000000004998e-01, 3.989655839187594921e+01
6.150100000000005007e-01, 3.993122712553679321e+01
6.160100000000005016e-01, 3.996591436653563534e+01
6.170100000000005025e-01, 4.000062015538940585e+01
6.180100000000005034e-01, 4.003534453246597735e+01
6.190100000000005043e-01, 4.007008753798456979e+01
6.200100000000005052e-01, 4.010484921201599917e+01
6.210100000000005060e-01, 4.013962959448314649e+01
6.220100000000005069e-01, 4.017442872516122776e+01
6.230100000000005078e-01, 4.020924664367813506e+01
6.240100000000005087e-01, 4.024408338951478470e+01
6.250100000000005096e-01, 4.027893900200540855e+01
6.260100000000005105e-01, 4.031381352033786669e+01
6.270100000000005114e-01, 4.034870698355395291e+01
6.280100000000005123e-01, 4.038361943054967895e+01
6.290100000000005132e-01, 4.041855090007556583e+01
6.300100000000005140e-01, 4.045350143073691385e+01
6.310100000000005149e-01, 4.048847106099408677e+01
6.320100000000005158e-01, 4.052345982916271083e+01
6.330100000000005167e-01, 4.055846777341403708e+01
6.340100000000005176e-01, 4.059349493177506929e+01
6.350100000000005185e-01, 4.062854134212888368e+01
6.360100000000005194e-01, 4.066360704221481370e+01
6.370100000000005203e-01, 4.069869206962871289e+01
6.380100000000005211e-01, 4.073379646182311831e+01
6.390100000000005220e-01, 4.076892025610749926e+01
6.400100000000005229e-01, 4.080406348964842067e+01
6.410100000000005238e-01, 4.083922619946981314e+01
6.420100000000005247e-01, 4.087440842245305817e+01
6.430100000000005256e-01, 4.090961022977029415e+01
6.440100000000005265e-01, 4.094483172303267793e+01
6.450100000000005274e-01, 4.098007301036862060e+01
6.460100000000005283e-01, 4.101533419967475425e+01
6.470100000000005291e-01, 4.105061539861814879e+01
6.480100000000005300e-01, 4.108591671463840100e+01
6.490100000000005309e-01, 4.112123825494978746e+01
6.500100000000005318e-01, 4.115658012654338194e+01
6.510100000000005327e-01, 4.119194243618910178e+01
6.520100000000005336e-01, 4.122732529043781113e+01
6.530100000000005345e-01, 4.126272879562327489e+01
6.540100000000005354e-01, 4.129815305786425483e+01
6.550100000000005362e-01, 4.133359818306645650e+01
6.560100000000005371e-01, 4.136906427692448318e+01
6.570100000000005380e-01, 4.140455144492383255e+01
6.580100000000005389e-01, 4.144005979234279380e+01
6.590100000000005398e-01, 4.147558942425430217e+01
6.600100000000005407e-01, 4.151114044552793558e+01
6.610100000000005416e-01, 4.154671296083165544e+01
6.620100000000005425e-01, 4.158230707463377485e+01
6.630100000000005434e-01, 4.161792289120463550e+01
6.640100000000005442e-01, 4.165356051461856168e+01
6.650100000000005451e-01, 4.168922004875553711e+01
6.660100000000005460e-01, 4.172490159730298132e+01
6.670100000000005469e-01, 4.176060526375756865e+01
6.680100000000005478e-01, 4.179633115142685540e+01
6.690100000000005487e-01, 4.183207936343108457e+01
6.700100000000005496e-01, 4.186785000270477752e+01
6.710100000000005505e-01, 4.190364317199845345e+01
6.720100000000005513e-01, 4.193945897388029920e+01
6.730100000000005522e-01, 4.197529751073776083e+01
6.740100000000005531e-01, 4.201115888477917792e+01
6.750100000000005540e-01, 4.204704319803539647e+01
6.760100000000005549e-01, 4.208295055236132498e+01
6.770100000000005558e-01, 4.211888104943749767e+01
6.780100000000005567e-01, 4.215483479077165185e+01
6.790100000000005576e-01, 4.219081187770019170e+01
6.800100000000005585e-01, 4.222681241138979402e+01
6.810100000000005593e-01, 4.226283649283880806e+01
6.820100000000005602e-01, 4.229888422287881156e+01
6.830100000000005611e-01, 4.233495570217598925e+01
6.840100000000005620e-01, 4.237105103123266758e+01
6.850100000000005629e-01, 4.240717031038871454e+01
6.860100000000005638e-01, 4.244331363982288963e+01
6.870100000000005647e-01, 4.247948111955437867e+01
6.880100000000005656e-01, 4.251567284944398750e+01
6.890100000000005664e-01, 4.255188892919570520e+01
6.900100000000005673e-01, 4.258812945835792618e+01
6.910100000000005682e-01, 4.262439453632482156e+01
6.920100000000005691e-01, 4.266068426233772470e+01
6.930100000000005700e-01, 4.269699873548627522e+01
6.940100000000005709e-01, 4.273333805470991109e+01
6.950100000000005718e-01, 4.276970231879901974e+01
6.960100000000005727e-01, 4.280609162639618859e+01
6.970100000000005736e-01, 4.284250607599759775e+01
6.980100000000005744e-01, 4.287894576595402896e+01
6.990100000000005753e-01, 4.291541079447232221e+01
7.000100000000005762e-01, 4.295190125961641314e+01
7.010100000000005771e-01, 4.298841725930860491e+01
7.020100000000005780e-01, 4.302495889133070506e+01
7.030100000000005789e-01, 4.306152625332524764e+01
7.040100000000005798e-01, 4.309811944279659457e+01
7.050100000000005807e-01, 4.313473855711206539e+01
7.060100000000005815e-01, 4.317138369350315230e+01
7.070100000000005824e-01, 4.320805494906651489e+01
7.080100000000005833e-01, 4.324475242076513126e+01
7.090100000000005842e-01, 4.328147620542944196e+01
7.100100000000005851e-01, 4.331822639975833766e+01
7.110100000000005860e-01, 4.335500310032022497e+01
7.120100000000005869e-01, 4.339180640355415619e+01
7.130100000000005878e-01, 4.342863640577078854e+01
7.140100000000005886e-01, 4.346549320315344289e+01
7.150100000000005895e-01, 4.350237689175908429e+01
7.160100000000005904e-01, 4.353928756751938067e+01
7.170100000000005913e-01, 4.357622532624161948e+01
7.180100000000005922e-01, 4.361319026360975215e+01
7.190100000000005931e-01, 4.365018247518531069e+01
7.200100000000005940e-01, 4.368720205640835985e+01
7.210100000000005949e-01, 4.372424910259851316e+01
7.220100000000005958e-01, 4.376132370895573587e+01
7.230100000000005966e-01, 4.379842597056136100e+01
7.240100000000005975e-01, 4.383555598237898465e+01
7.250100000000005984e-01, 4.387271383925529733e+01
7.260100000000005993e-01, 4.390989963592108580e+01
7.270100000000006002e-01, 4.394711346699197207e+01
7.280100000000006011e-01, 4.398435542696937972e+01
7.290100000000006020e-01, 4.402162561024135101e+01
7.300100000000006029e-01, 4.405892411108334983e+01
7.310100000000006037e-01, 4.409625102365917115e+01
7.320100000000006046e-01, 4.413360644202168714e+01
7.330100000000006055e-01, 4.417099046011371399e+01
7.340100000000006064e-01, 4.420840317176875800e+01
7.350100000000006073e-01, 4.424584467071184690e+01
7.360100000000006082e-01, 4.428331505056029727e+01
7.370100000000006091e-01, 4.432081440482446055e+01
7.380100000000006100e-01, 4.435834282690855446e+01
7.390100000000006109e-01, 4.439590041011127397e+01
7.400100000000006117e-01, 4.443348724762667246e+01
7.410100000000006126e-01, 4.447110343254482245e+01
7.420100000000006135e-01, 4.450874905785251912e+01
7.430100000000006144e-01, 4.454642421643405470e+01
7.440100000000006153e-01, 4.458412900107184385e+01
7.450100000000006162e-01, 4.462186350444714833e+01
7.460100000000006171e-01, 4.465962781914078761e+01
7.470100000000006180e-01, 4.469742203763374278e+01
7.480100000000006188e-01, 4.473524625230788132e+01
7.490100000000006197e-01, 4.477310055544655398e+01
7.500100000000006206e-01, 4.481098503923530529e+01
7.510100000000006215e-01, 4.484889979576242780e+01
7.520100000000006224e-01, 4.488684491701967971e+01
7.530100000000006233e-01, 4.492482049490279650e+01
7.540100000000006242e-01, 4.496282662121221563e+01
7.550100000000006251e-01, 4.500086338765353133e+01
7.560100000000006260e-01, 4.503893088583823356e+01
7.570100000000006268e-01, 4.507702920728418405e+01
7.580100000000006277e-01, 4.511515844341624160e+01
7.590100000000006286e-01, 4.515331868556681627e+01
7.600100000000006295e-01, 4.519151002497636682e+01
7.610100000000006304e-01, 4.522973255279406857e+01
7.620100000000006313e-01, 4.523010648278118140e+01
7.630100000000006322e-01, 4.523048041576264211e+01
7.640100000000006331e-01, 4.523085435173854307e+01
7.650100000000006339e-01, 4.523122829070899087e+01
7.660100000000006348e-01, 4.523160223267404234e+01
7.670100000000006357e-01, 4.523197617763379696e+01
7.680100000000006366e-01, 4.523235012558834001e+01
7.690100000000006375e-01, 4.523272407653775673e+01
7.700100000000006384e-01, 4.523309803048212530e+01
7.710100000000006393e-01, 4.523347198742154518e+01
7.720100000000006402e-01, 4.523384594735608744e+01
7.730100000000006411e-01, 4.523421991028584443e+01
7.740100000000006419e-01, 4.523459387621088723e+01
7.750100000000006428e-01, 4.523496784513132241e+01
7.760100000000006437e-01, 4.523534181704722101e+01
7.770100000000006446e-01, 4.523571579195867542e+01
7.780100000000006455e-01, 4.523608976986574959e+01
7.790100000000006464e-01, 4.523646375076857140e+01
7.800100000000006473e-01, 4.523683773466718350e+01
7.810100000000006482e-01, 4.523721172156169956e+01
7.820100000000006490e-01, 4.523758571145218355e+01
7.830100000000006499e-01, 4.523795970433873492e+01
7.840100000000006508e-01, 4.523833370022142475e+01
7.850100000000006517e-01, 4.523870769910035960e+01
7.860100000000006526e-01, 4.523908170097560344e+01
7.870100000000006535e-01, 4.523945570584725573e+01
7.880100000000006544e-01, 4.523982971371538753e+01
7.890100000000006553e-01, 4.524020372458009831e+01
7.900100000000006562e-01, 4.524057773844146624e+01
7.910100000000006570e-01, 4.524095175529957658e+01
7.920100000000006579e-01, 4.524132577515450038e+01
7.930100000000006588e-01, 4.524169979800635844e+01
7.940100000000006597e-01, 4.524207382385520049e+01
7.950100000000006606e-01, 4.524244785270113312e+01
7.960100000000006615e-01, 4.524282188454423448e+01
7.970100000000006624e-01, 4.524319591938458274e+01
7.980100000000006633e-01, 4.524356995722226316e+01
7.990100000000006641e-01, 4.524394399805738232e+01
8.000100000000006650e-01, 4.524431804188999706e+01
8.010100000000006659e-01, 4.524469208872020687e+01
8.020100000000006668e-01, 4.524506613854808990e+01
8.030100000000006677e-01, 4.524544019137374562e+01
8.040100000000006686e-01, 4.524581424719724509e+01
8.050100000000006695e-01, 4.524618830601868069e+01
8.060100000000006704e-01, 4.524656236783813767e+01
8.070100000000006712e-01, 4.524693643265568710e+01
8.080100000000006721e-01, 4.524731050047142844e+01
8.090100000000006730e-01, 4.524768457128544696e+01
8.100100000000006739e-01, 4.524805864509781372e+01
8.110100000000006748e-01, 4.524843272190864241e+01
8.120100000000006757e-01, 4.524880680171798275e+01
8.130100000000006766e-01, 4.524918088452593423e+01
8.140100000000006775e-01, 4.524955497033258922e+01
8.150100000000006784e-01, 4.524992905913802588e+01
8.160100000000006792e-01, 4.525030315094232947e+01
8.170100000000006801e-01, 4.525067724574559946e+01
8.180100000000006810e-01, 4.525105134354789271e+01
8.190100000000006819e-01, 4.525142544434931580e+01
