0.000000000000000000e+00, 0.000000000000000000e+00
1.000000000000000082e-05, -5.590507734659634090e-06
2.000000000000000164e-05, -1.118105014145030290e-05
3.000000000000000415e-05, -1.677162725342824391e-05
4.000000000000000327e-05, -2.236223910361866273e-05
5.000000000000000240e-05, -2.795288572501578812e-05
6.000000000000000152e-05, -3.354356715058294058e-05
7.000000000000000742e-05, -3.913428341325261883e-05
8.000000000000000654e-05, -4.472503454592654712e-05
9.000000000000000567e-05, -5.031582058147578379e-05
1.000000000000000048e-04, -5.590664155274073808e-05
1.100000000000000039e-04, -6.149749749253129898e-05
1.200000000000000030e-04, -6.708838843362686228e-05
1.300000000000000157e-04, -7.267931440877639833e-05
1.400000000000000148e-04, -7.827027545069859438e-05
1.500000000000000140e-04, -8.386127159208178001e-05
1.600000000000000131e-04, -8.945230286558417110e-05
1.700000000000000122e-04, -9.504336930383374782e-05
1.800000000000000113e-04, -1.006344709394285257e-04
1.900000000000000105e-04, -1.062256078049363930e-04
2.000000000000000096e-04, -1.118167799328954903e-04
2.100000000000000087e-04, -1.174079873558139662e-04
2.200000000000000078e-04, -1.229992301061701133e-04
2.300000000000000070e-04, -1.285905082164126795e-04
2.400000000000000061e-04, -1.341818217189606516e-04
2.500000000000000052e-04, -1.397731706462033497e-04
2.600000000000000314e-04, -1.453645550305005766e-04
2.700000000000000577e-04, -1.509559749041828615e-04
2.800000000000000839e-04, -1.565474302995510810e-04
2.900000000000001101e-04, -1.621389212488768921e-04
3.000000000000001363e-04, -1.677304477844027326e-04
3.100000000000001626e-04, -1.733220099383417400e-04
3.200000000000001888e-04, -1.789136077428779678e-04
3.300000000000002150e-04, -1.845052412301663588e-04
3.400000000000002413e-04, -1.900969104323329347e-04
3.500000000000002675e-04, -1.956886153814745791e-04
3.600000000000002937e-04, -2.012803561096594446e-04
3.700000000000003200e-04, -2.068721326489268437e-04
3.800000000000003462e-04, -2.124639450312873306e-04
3.900000000000003724e-04, -2.180557932887227279e-04
4.000000000000003986e-04, -2.236476774531862628e-04
4.100000000000004249e-04, -2.292395975566025393e-04
4.200000000000004511e-04, -2.348315536308676738e-04
4.300000000000004773e-04, -2.404235457078494041e-04
4.400000000000005036e-04, -2.460155738193870617e-04
4.500000000000005298e-04, -2.516076379972915448e-04
4.600000000000005560e-04, -2.571997382733455626e-04
4.700000000000005822e-04, -2.627918746793037161e-04
4.800000000000006085e-04, -2.683840472468923088e-04
4.900000000000006347e-04, -2.739762560078097260e-04
5.000000000000006609e-04, -2.795685009937261636e-04
5.100000000000006872e-04, -2.851607822362840078e-04
5.200000000000007134e-04, -2.907530997670976182e-04
5.300000000000007396e-04, -2.963454536177536529e-04
5.400000000000007658e-04, -3.019378438198109063e-04
5.500000000000007921e-04, -3.075302704048004168e-04
5.600000000000008183e-04, -3.131227334042256845e-04
5.700000000000008445e-04, -3.187152328495625078e-04
5.800000000000008708e-04, -3.243077687722592008e-04
5.900000000000008970e-04, -3.299003412037364844e-04
6.000000000000009232e-04, -3.354929501753878664e-04
6.100000000000009494e-04, -3.410855957185792071e-04
6.200000000000009757e-04, -3.466782778646492619e-04
6.300000000000010019e-04, -3.522709966449096269e-04
6.400000000000010281e-04, -3.578637520906444137e-04
6.500000000000010544e-04, -3.634565442331107372e-04
6.600000000000010806e-04, -3.690493731035386074e-04
6.700000000000011068e-04, -3.746422387331311459e-04
6.800000000000011331e-04, -3.802351411530642067e-04
6.900000000000011593e-04, -3.858280803944871894e-04
7.000000000000011855e-04, -3.914210564885221713e-04
7.100000000000012117e-04, -3.970140694662647215e-04
7.200000000000012380e-04, -4.026071193587835205e-04
7.300000000000012642e-04, -4.082002061971206318e-04
7.400000000000012904e-04, -4.137933300122916100e-04
7.500000000000013167e-04, -4.193864908352851759e-04
7.600000000000013429e-04, -4.249796886970636498e-04
7.700000000000013691e-04, -4.305729236285629519e-04
7.800000000000013953e-04, -4.361661956606924392e-04
7.900000000000014216e-04, -4.417595048243351226e-04
8.000000000000014478e-04, -4.473528511503481551e-04
8.100000000000014740e-04, -4.529462346695618011e-04
8.200000000000015003e-04, -4.585396554127804127e-04
8.300000000000015265e-04, -4.641331134107823213e-04
8.400000000000015527e-04, -4.697266086943195662e-04
8.500000000000015789e-04, -4.753201412941181658e-04
8.600000000000016052e-04, -4.809137112408783349e-04
8.700000000000016314e-04, -4.865073185652742127e-04
8.800000000000016576e-04, -4.921009632979541889e-04
8.900000000000016839e-04, -4.976946454695405780e-04
9.000000000000017101e-04, -5.032883651106303787e-04
9.100000000000017363e-04, -5.088821222517940805e-04
9.200000000000017625e-04, -5.144759169235774534e-04
9.300000000000017888e-04, -5.200697491565001379e-04
9.400000000000018150e-04, -5.256636189810561877e-04
9.500000000000018412e-04, -5.312575264277145026e-04
9.600000000000018675e-04, -5.368514715269178533e-04
9.700000000000018937e-04, -5.424454543090843992e-04
9.800000000000019199e-04, -5.480394748046063871e-04
9.900000000000019462e-04, -5.536335330438509105e-04
1.000000000000001972e-03, -5.592276290571598007e-04
1.010000000000001999e-03, -5.648217628748499527e-04
1.020000000000002025e-03, -5.704159345272125656e-04
1.030000000000002051e-03, -5.760101440445144442e-04
1.040000000000002077e-03, -5.816043914569965891e-04
1.050000000000002104e-03, -5.871986767948754980e-04
1.060000000000002130e-03, -5.927930000883426236e-04
1.070000000000002156e-03, -5.983873613675641566e-04
1.080000000000002182e-03, -6.039817606626821100e-04
1.090000000000002208e-03, -6.095761980038131266e-04
1.100000000000002235e-03, -6.151706734210493459e-04
1.110000000000002261e-03, -6.207651869444580795e-04
1.120000000000002287e-03, -6.263597386040821360e-04
1.130000000000002313e-03, -6.319543284299396040e-04
1.140000000000002340e-03, -6.375489564520238524e-04
1.150000000000002366e-03, -6.431436227003041808e-04
1.160000000000002392e-03, -6.487383272047248439e-04
1.170000000000002418e-03, -6.543330699952062436e-04
1.180000000000002445e-03, -6.599278511016440623e-04
1.190000000000002471e-03, -6.655226705539098045e-04
1.200000000000002497e-03, -6.711175283818505803e-04
1.210000000000002523e-03, -6.767124246152893220e-04
1.220000000000002549e-03, -6.823073592840247842e-04
1.230000000000002576e-03, -6.879023324178318690e-04
1.240000000000002602e-03, -6.934973440464608672e-04
1.250000000000002628e-03, -6.990923941996382172e-04
1.260000000000002654e-03, -7.046874829070666132e-04
1.270000000000002681e-03, -7.102826101984246803e-04
1.280000000000002707e-03, -7.158777761033668658e-04
1.290000000000002733e-03, -7.214729806515240897e-04
1.300000000000002759e-03, -7.270682238725035282e-04
1.310000000000002785e-03, -7.326635057958883965e-04
1.320000000000002812e-03, -7.382588264512380573e-04
1.330000000000002838e-03, -7.438541858680884546e-04
1.340000000000002864e-03, -7.494495840759518969e-04
1.350000000000002890e-03, -7.550450211043169485e-04
1.360000000000002917e-03, -7.606404969826489719e-04
1.370000000000002943e-03, -7.662360117403889349e-04
1.380000000000002969e-03, -7.718315654069557961e-04
1.390000000000002995e-03, -7.774271580117439028e-04
1.400000000000003022e-03, -7.830227895841251591e-04
1.410000000000003048e-03, -7.886184601534471832e-04
1.420000000000003074e-03, -7.942141697490348248e-04
1.430000000000003100e-03, -7.998099184001899488e-04
1.440000000000003126e-03, -8.054057061361910011e-04
1.450000000000003153e-03, -8.110015329862930089e-04
1.460000000000003179e-03, -8.165973989797286649e-04
1.470000000000003205e-03, -8.221933041457067009e-04
1.480000000000003231e-03, -8.277892485134138393e-04
1.490000000000003258e-03, -8.333852321120124081e-04
1.500000000000003284e-03, -8.389812549706435934e-04
1.510000000000003310e-03, -8.445773171184241864e-04
1.520000000000003336e-03, -8.501734185844490779e-04
1.530000000000003363e-03, -8.557695593977897395e-04
1.540000000000003389e-03, -8.613657395874957422e-04
1.550000000000003415e-03, -8.669619591825928045e-04
1.560000000000003441e-03, -8.725582182120849607e-04
1.570000000000003467e-03, -8.781545167049530434e-04
1.580000000000003494e-03, -8.837508546901560926e-04
1.590000000000003520e-03, -8.893472321966295127e-04
1.600000000000003546e-03, -8.949436492532868073e-04
1.610000000000003572e-03, -9.005401058890190368e-04
1.620000000000003599e-03, -9.061366021326946020e-04
1.630000000000003625e-03, -9.117331380131602197e-04
1.640000000000003651e-03, -9.173297135592392961e-04
1.650000000000003677e-03, -9.229263287997334451e-04
1.660000000000003703e-03, -9.285229837634221628e-04
1.670000000000003730e-03, -9.341196784790627193e-04
1.680000000000003756e-03, -9.397164129753896164e-04
1.690000000000003782e-03, -9.453131872811161053e-04
1.700000000000003808e-03, -9.509100014249326693e-04
1.710000000000003835e-03, -9.565068554355083243e-04
1.720000000000003861e-03, -9.621037493414895348e-04
1.730000000000003887e-03, -9.677006831715014067e-04
1.740000000000003913e-03, -9.732976569541466026e-04
1.750000000000003940e-03, -9.788946707180057761e-04
1.760000000000003966e-03, -9.844917244916386555e-04
1.770000000000003992e-03, -9.900888183035818756e-04
1.780000000000004018e-03, -9.956859521823512547e-04
1.790000000000004044e-03, -1.001283126156440927e-03
1.800000000000004071e-03, -1.006880340254322475e-03
1.810000000000004097e-03, -1.012477594504446665e-03
1.820000000000004123e-03, -1.018074888935242362e-03
1.830000000000004149e-03, -1.023672223575116964e-03
1.840000000000004176e-03, -1.029269598452456184e-03
1.850000000000004202e-03, -1.034867013595624488e-03
1.860000000000004228e-03, -1.040464469032964002e-03
1.870000000000004254e-03, -1.046061964792797342e-03
1.880000000000004281e-03, -1.051659500903423701e-03
1.890000000000004307e-03, -1.057257077393121891e-03
1.900000000000004333e-03, -1.062854694290149473e-03
1.910000000000004359e-03, -1.068452351622742975e-03
1.920000000000004385e-03, -1.074050049419116373e-03
1.930000000000004412e-03, -1.079647787707464562e-03
1.940000000000004438e-03, -1.085245566515959667e-03
1.950000000000004464e-03, -1.090843385872752782e-03
1.960000000000004274e-03, -1.096441245805975049e-03
1.970000000000004300e-03, -1.102039146342668639e-03
1.980000000000004326e-03, -1.107637087506282243e-03
1.990000000000004352e-03, -1.113235069320247204e-03
2.000000000000004378e-03, -1.118833091807980989e-03
2.010000000000004405e-03, -1.124431154992883933e-03
2.020000000000004431e-03, -1.130029258898341627e-03
2.030000000000004457e-03, -1.135627403547722963e-03
2.040000000000004483e-03, -1.141225588964382741e-03
2.050000000000004510e-03, -1.146823815171658847e-03
2.060000000000004536e-03, -1.152422082192874203e-03
2.070000000000004562e-03, -1.158020390051336338e-03
2.080000000000004588e-03, -1.163618738770336516e-03
2.090000000000004615e-03, -1.169217128373151475e-03
2.100000000000004641e-03, -1.174815558883042120e-03
2.110000000000004667e-03, -1.180414030323253313e-03
2.120000000000004693e-03, -1.186012542717015819e-03
2.130000000000004719e-03, -1.191611096087543493e-03
2.140000000000004746e-03, -1.197209690458036092e-03
2.150000000000004772e-03, -1.202808325851677110e-03
2.160000000000004798e-03, -1.208407002291635515e-03
2.170000000000004824e-03, -1.214005719801064011e-03
2.180000000000004851e-03, -1.219604478403100989e-03
2.190000000000004877e-03, -1.225203278120869446e-03
2.200000000000004903e-03, -1.230802118977476333e-03
2.210000000000004929e-03, -1.236401000996013855e-03
2.220000000000004955e-03, -1.241999924199559471e-03
2.230000000000004982e-03, -1.247598888611175247e-03
2.240000000000005008e-03, -1.253197894253907851e-03
2.250000000000005034e-03, -1.258796941150788773e-03
2.260000000000005060e-03, -1.264396029324834974e-03
2.270000000000005087e-03, -1.269995158799047804e-03
2.280000000000005113e-03, -1.275594329596413650e-03
2.290000000000005139e-03, -1.281193541739904370e-03
2.300000000000005165e-03, -1.286792795252476211e-03
2.310000000000005192e-03, -1.292392090157070675e-03
2.320000000000005218e-03, -1.297991426476614299e-03
2.330000000000005244e-03, -1.303590804234019311e-03
2.340000000000005270e-03, -1.309190223452181461e-03
2.350000000000005296e-03, -1.314789684153983267e-03
2.360000000000005323e-03, -1.320389186362291422e-03
2.370000000000005349e-03, -1.325988730099958088e-03
2.380000000000005375e-03, -1.331588315389820899e-03
2.390000000000005401e-03, -1.337187942254702312e-03
2.400000000000005428e-03, -1.342787610717409820e-03
2.410000000000005454e-03, -1.348387320800736172e-03
2.420000000000005480e-03, -1.353987072527460455e-03
2.430000000000005506e-03, -1.359586865920345711e-03
2.440000000000005533e-03, -1.365186701002141321e-03
2.450000000000005559e-03, -1.370786577795580618e-03
2.460000000000005585e-03, -1.376386496323383926e-03
2.470000000000005611e-03, -1.381986456608256609e-03
2.480000000000005637e-03, -1.387586458672888197e-03
2.490000000000005664e-03, -1.393186502539954779e-03
2.500000000000005690e-03, -1.398786588232117916e-03
2.510000000000005716e-03, -1.404386715772024206e-03
2.520000000000005742e-03, -1.409986885182305718e-03
2.530000000000005769e-03, -1.415587096485580428e-03
2.540000000000005795e-03, -1.421187349704451566e-03
2.550000000000005821e-03, -1.426787644861507616e-03
2.560000000000005847e-03, -1.432387981979323837e-03
2.570000000000005873e-03, -1.437988361080459439e-03
2.580000000000005900e-03, -1.443588782187460841e-03
2.590000000000005926e-03, -1.449189245322858848e-03
2.600000000000005952e-03, -1.454789750509170821e-03
2.610000000000005978e-03, -1.460390297768898943e-03
2.620000000000006005e-03, -1.465990887124531952e-03
2.630000000000006031e-03, -1.471591518598543624e-03
2.640000000000006057e-03, -1.477192192213394074e-03
2.650000000000006083e-03, -1.482792907991529541e-03
2.660000000000006110e-03, -1.488393665955380432e-03
2.670000000000006136e-03, -1.493994466127364362e-03
2.680000000000006162e-03, -1.499595308529884418e-03
2.690000000000006188e-03, -1.505196193185329590e-03
2.700000000000006214e-03, -1.510797120116075211e-03
2.710000000000006241e-03, -1.516398089344481864e-03
2.720000000000006267e-03, -1.521999100892895175e-03
2.730000000000006293e-03, -1.527600154783648840e-03
2.740000000000006319e-03, -1.533201251039061595e-03
2.750000000000006346e-03, -1.538802389681436563e-03
2.760000000000006372e-03, -1.544403570733066024e-03
2.770000000000006398e-03, -1.550004794216225780e-03
2.780000000000006424e-03, -1.555606060153178405e-03
2.790000000000006451e-03, -1.561207368566173027e-03
2.800000000000006477e-03, -1.566808719477444031e-03
2.810000000000006503e-03, -1.572410112909212359e-03
2.820000000000006529e-03, -1.578011548883685505e-03
2.830000000000006555e-03, -1.583613027423056438e-03
2.840000000000006582e-03, -1.589214548549503598e-03
2.850000000000006608e-03, -1.594816112285193932e-03
2.860000000000006634e-03, -1.600417718652278557e-03
2.870000000000006660e-03, -1.606019367672896015e-03
2.880000000000006687e-03, -1.611621059369169450e-03
2.890000000000006713e-03, -1.617222793763211167e-03
2.900000000000006739e-03, -1.622824570877116120e-03
2.910000000000006765e-03, -1.628426390732969076e-03
2.920000000000006792e-03, -1.634028253352838101e-03
2.930000000000006818e-03, -1.639630158758779554e-03
2.940000000000006844e-03, -1.645232106972836133e-03
2.950000000000006870e-03, -1.650834098017036006e-03
2.960000000000006896e-03, -1.656436131913394767e-03
2.970000000000006923e-03, -1.662038208683913046e-03
2.980000000000006949e-03, -1.667640328350579329e-03
2.990000000000006975e-03, -1.673242490935367578e-03
3.000000000000007001e-03, -1.678844696460238739e-03
3.010000000000007028e-03, -1.684446944947140317e-03
3.020000000000007054e-03, -1.690049236418006374e-03
3.030000000000007080e-03, -1.695651570894757742e-03
3.040000000000007106e-03, -1.701253948399300943e-03
3.050000000000007132e-03, -1.706856368953529922e-03
3.060000000000007159e-03, -1.712458832579324746e-03
3.070000000000007185e-03, -1.718061339298552256e-03
3.080000000000007211e-03, -1.723663889133066496e-03
3.090000000000007237e-03, -1.729266482104707420e-03
3.100000000000007264e-03, -1.734869118235301102e-03
3.110000000000007290e-03, -1.740471797546662772e-03
3.120000000000007316e-03, -1.746074520060592267e-03
3.130000000000007342e-03, -1.751677285798875329e-03
3.140000000000007369e-03, -1.757280094783287942e-03
3.150000000000007395e-03, -1.762882947035589393e-03
3.160000000000007421e-03, -1.768485842577526826e-03
3.170000000000007447e-03, -1.774088781430836759e-03
3.180000000000007473e-03, -1.779691763617237497e-03
3.190000000000007500e-03, -1.785294789158439104e-03
3.200000000000007526e-03, -1.790897858076135815e-03
3.210000000000007552e-03, -1.796500970392008855e-03
3.220000000000007578e-03, -1.802104126127727739e-03
3.230000000000007605e-03, -1.807707325304948320e-03
3.240000000000007631e-03, -1.813310567945312143e-03
3.250000000000007657e-03, -1.818913854070449473e-03
3.260000000000007683e-03, -1.824517183701977133e-03
3.270000000000007710e-03, -1.830120556861498070e-03
3.280000000000007736e-03, -1.835723973570603518e-03
3.290000000000007762e-03, -1.841327433850871269e-03
3.300000000000007788e-03, -1.846930937723865671e-03
3.310000000000007814e-03, -1.852534485211138060e-03
3.320000000000007841e-03, -1.858138076334228716e-03
3.330000000000007867e-03, -1.863741711114662953e-03
3.340000000000007893e-03, -1.869345389573954597e-03
3.350000000000007919e-03, -1.874949111733603159e-03
3.360000000000007946e-03, -1.880552877615096442e-03
3.370000000000007972e-03, -1.886156687239909672e-03
3.380000000000007998e-03, -1.891760540629504415e-03
3.390000000000008024e-03, -1.897364437805330309e-03
3.400000000000008051e-03, -1.902968378788823765e-03
3.410000000000008077e-03, -1.908572363601408186e-03
3.420000000000008103e-03, -1.914176392264494830e-03
3.430000000000008129e-03, -1.919780464799482377e-03
3.440000000000008155e-03, -1.925384581227756065e-03
3.450000000000008182e-03, -1.930988741570689423e-03
3.460000000000008208e-03, -1.936592945849642750e-03
3.470000000000008234e-03, -1.942197194085963554e-03
3.480000000000008260e-03, -1.947801486300987633e-03
3.490000000000008287e-03, -1.953405822516037123e-03
3.500000000000008313e-03, -1.959010202752421801e-03
3.510000000000008339e-03, -1.964614627031440602e-03
3.520000000000008365e-03, -1.970219095374376415e-03
3.530000000000008391e-03, -1.975823607802503455e-03
3.540000000000008418e-03, -1.981428164337080758e-03
3.550000000000008444e-03, -1.987032764999356084e-03
3.560000000000008470e-03, -1.992637409810564617e-03
3.570000000000008496e-03, -1.998242098791928097e-03
3.580000000000008523e-03, -2.003846831964658289e-03
3.590000000000008549e-03, -2.009451609349951779e-03
3.600000000000008575e-03, -2.015056430968994311e-03
3.610000000000008601e-03, -2.020661296842958619e-03
3.620000000000008628e-03, -2.026266206993006160e-03
3.630000000000008654e-03, -2.031871161440284516e-03
3.640000000000008680e-03, -2.037476160205930423e-03
3.650000000000008706e-03, -2.043081203311067177e-03
3.660000000000008732e-03, -2.048686290776805495e-03
3.670000000000008759e-03, -2.054291422624245685e-03
3.680000000000008785e-03, -2.059896598874474179e-03
3.690000000000008811e-03, -2.065501819548566133e-03
3.700000000000008837e-03, -2.071107084667582823e-03
3.710000000000008864e-03, -2.076712394252575988e-03
3.720000000000008890e-03, -2.082317748324583051e-03
3.730000000000008916e-03, -2.087923146904630163e-03
3.740000000000008942e-03, -2.093528590013730463e-03
3.750000000000008969e-03, -2.099134077672886681e-03
3.760000000000008995e-03, -2.104739609903087238e-03
3.770000000000009021e-03, -2.110345186725310577e-03
3.780000000000009047e-03, -2.115950808160521699e-03
3.790000000000009073e-03, -2.121556474229673462e-03
3.800000000000009100e-03, -2.127162184953708748e-03
3.810000000000009126e-03, -2.132767940353554395e-03
3.820000000000009152e-03, -2.138373740450129866e-03
3.830000000000009178e-03, -2.143979585264338579e-03
3.840000000000009205e-03, -2.149585474817075278e-03
3.850000000000009231e-03, -2.155191409129219964e-03
3.860000000000009257e-03, -2.160797388221643092e-03
3.870000000000009283e-03, -2.166403412115201245e-03
3.880000000000009309e-03, -2.172009480830741027e-03
3.890000000000009336e-03, -2.177615594389095601e-03
3.900000000000009362e-03, -2.183221752811085985e-03
3.910000000000008955e-03, -2.188827956117522788e-03
3.920000000000008547e-03, -2.194434204329204045e-03
3.930000000000008140e-03, -2.200040497466915646e-03
3.940000000000007732e-03, -2.205646835551432639e-03
3.950000000000007325e-03, -2.211253218603516195e-03
3.960000000000006917e-03, -2.216859646643918810e-03
3.970000000000006510e-03, -2.222466119693378671e-03
3.980000000000006102e-03, -2.228072637772623554e-03
3.990000000000005695e-03, -2.233679200902368225e-03
4.000000000000005287e-03, -2.239285809103317478e-03
4.010000000000004880e-03, -2.244892462396162660e-03
4.020000000000004473e-03, -2.250499160801585144e-03
4.030000000000004065e-03, -2.256105904340253293e-03
4.040000000000003658e-03, -2.261712693032823761e-03
4.050000000000003250e-03, -2.267319526899943226e-03
4.060000000000002843e-03, -2.272926405962244056e-03
4.070000000000002435e-03, -2.278533330240350378e-03
4.080000000000002028e-03, -2.284140299754871140e-03
4.090000000000001620e-03, -2.289747314526405751e-03
4.100000000000001213e-03, -2.295354374575543210e-03
4.110000000000000805e-03, -2.300961479922858204e-03
4.120000000000000398e-03, -2.306568630588915880e-03
4.129999999999999991e-03, -2.312175826594269241e-03
4.139999999999999583e-03, -2.317783067959459584e-03
4.149999999999999176e-03, -2.323390354705016925e-03
4.159999999999998768e-03, -2.328997686851460008e-03
4.169999999999998361e-03, -2.334605064419295866e-03
4.179999999999997953e-03, -2.340212487429019824e-03
4.189999999999997546e-03, -2.345819955901116798e-03
4.199999999999997138e-03, -2.351427469856059559e-03
4.209999999999996731e-03, -2.357035029314309606e-03
4.219999999999996323e-03, -2.362642634296316293e-03
4.229999999999995916e-03, -2.368250284822519432e-03
4.239999999999995509e-03, -2.373857980913345392e-03
4.249999999999995101e-03, -2.379465722589211435e-03
4.259999999999994694e-03, -2.385073509870521379e-03
4.269999999999994286e-03, -2.390681342777669065e-03
4.279999999999993879e-03, -2.396289221331037497e-03
4.289999999999993471e-03, -2.401897145550996662e-03
4.299999999999993064e-03, -2.407505115457906578e-03
4.309999999999992656e-03, -2.413113131072115551e-03
4.319999999999992249e-03, -2.418721192413960611e-03
4.329999999999991842e-03, -2.424329299503769249e-03
4.339999999999991434e-03, -2.429937452361854641e-03
4.349999999999991027e-03, -2.435545651008520426e-03
4.359999999999990619e-03, -2.441153895464061134e-03
4.369999999999990212e-03, -2.446762185748756115e-03
4.379999999999989804e-03, -2.452370521882876481e-03
4.389999999999989397e-03, -2.457978903886680767e-03
4.399999999999988989e-03, -2.463587331780418398e-03
4.409999999999988582e-03, -2.469195805584324492e-03
4.419999999999988174e-03, -2.474804325318626791e-03
4.429999999999987767e-03, -2.480412891003539160e-03
4.439999999999987360e-03, -2.486021502659265924e-03
4.449999999999986952e-03, -2.491630160305998831e-03
4.459999999999986545e-03, -2.497238863963920953e-03
4.469999999999986137e-03, -2.502847613653201922e-03
4.479999999999985730e-03, -2.508456409394002693e-03
4.489999999999985322e-03, -2.514065251206471646e-03
4.499999999999984915e-03, -2.519674139110746319e-03
4.509999999999984507e-03, -2.525283073126953839e-03
4.519999999999984100e-03, -2.530892053275210062e-03
4.529999999999983692e-03, -2.536501079575620432e-03
4.539999999999983285e-03, -2.542110152048279118e-03
4.549999999999982878e-03, -2.547719270713269448e-03
4.559999999999982470e-03, -2.553328435590663907e-03
4.569999999999982063e-03, -2.558937646700524138e-03
4.579999999999981655e-03, -2.564546904062900510e-03
4.589999999999981248e-03, -2.570156207697832981e-03
4.599999999999980840e-03, -2.575765557625351535e-03
4.609999999999980433e-03, -2.581374953865474015e-03
4.619999999999980025e-03, -2.586984396438208288e-03
4.629999999999979618e-03, -2.592593885363550510e-03
4.639999999999979211e-03, -2.598203420661487732e-03
4.649999999999978803e-03, -2.603813002351994428e-03
4.659999999999978396e-03, -2.609422630455035530e-03
4.669999999999977988e-03, -2.615032304990565562e-03
4.679999999999977581e-03, -2.620642025978526472e-03
4.689999999999977173e-03, -2.626251793438851533e-03
4.699999999999976766e-03, -2.631861607391462743e-03
4.709999999999976358e-03, -2.637471467856270825e-03
4.719999999999975951e-03, -2.643081374853176960e-03
4.729999999999975543e-03, -2.648691328402070621e-03
4.739999999999975136e-03, -2.654301328522831304e-03
4.749999999999974729e-03, -2.659911375235327231e-03
4.759999999999974321e-03, -2.665521468559417517e-03
4.769999999999973914e-03, -2.671131608514949133e-03
4.779999999999973506e-03, -2.676741795121759075e-03
4.789999999999973099e-03, -2.682352028399673932e-03
4.799999999999972691e-03, -2.687962308368509884e-03
4.809999999999972284e-03, -2.693572635048071401e-03
4.819999999999971876e-03, -2.699183008458154714e-03
4.829999999999971469e-03, -2.704793428618543476e-03
4.839999999999971061e-03, -2.710403895549011802e-03
4.849999999999970654e-03, -2.716014409269323394e-03
4.859999999999970247e-03, -2.721624969799231117e-03
4.869999999999969839e-03, -2.727235577158478291e-03
4.879999999999969432e-03, -2.732846231366795661e-03
4.889999999999969024e-03, -2.738456932443906599e-03
4.899999999999968617e-03, -2.744067680409520600e-03
4.909999999999968209e-03, -2.749678475283340653e-03
4.919999999999967802e-03, -2.755289317085056738e-03
4.929999999999967394e-03, -2.760900205834348857e-03
4.939999999999966987e-03, -2.766511141550887041e-03
4.949999999999966580e-03, -2.772122124254331344e-03
4.959999999999966172e-03, -2.777733153964329679e-03
4.969999999999965765e-03, -2.783344230700523017e-03
4.979999999999965357e-03, -2.788955354482539322e-03
4.989999999999964950e-03, -2.794566525329997015e-03
4.999999999999964542e-03, -2.800177743262504543e-03
5.009999999999964135e-03, -2.805789008299658643e-03
6.009999999999964156e-03, -3.367469208540838782e-03
7.009999999999964176e-03, -3.929676960937019195e-03
8.009999999999965065e-03, -4.492427510251036094e-03
9.009999999999965953e-03, -5.055734930017559588e-03
1.000999999999996684e-02, -5.619612632920330253e-03
1.100999999999996773e-02, -6.184072366365069885e-03
1.200999999999996862e-02, -6.749125615974636665e-03
1.300999999999996951e-02, -7.314783618227882131e-03
1.400999999999997039e-02, -7.881056319355598389e-03
1.500999999999997128e-02, -8.447954089715235815e-03
1.600999999999997217e-02, -9.015487788357486043e-03
1.700999999999997306e-02, -9.583668023279775725e-03
1.800999999999997395e-02, -1.015250512139107865e-02
1.900999999999997483e-02, -1.072200766555011890e-02
2.000999999999997572e-02, -1.129218338727187507e-02
2.100999999999997661e-02, -1.186303993178492583e-02
2.200999999999997750e-02, -1.243458486183158032e-02
2.300999999999997839e-02, -1.300682490037739086e-02
2.400999999999997928e-02, -1.357976725296456029e-02
2.500999999999998016e-02, -1.415341942563419324e-02
2.600999999999998105e-02, -1.472778883263946986e-02
2.700999999999998194e-02, -1.530288279923817246e-02
2.800999999999998283e-02, -1.587870856444988099e-02
2.900999999999998372e-02, -1.645527328377504109e-02
3.000999999999998460e-02, -1.703258403186903511e-02
3.100999999999998549e-02, -1.761064778973291806e-02
3.200999999999998291e-02, -1.818947051670773488e-02
3.300999999999998380e-02, -1.876905757739691372e-02
3.400999999999998469e-02, -1.934941431243291862e-02
3.500999999999998558e-02, -1.993054604133905755e-02
3.600999999999998646e-02, -2.051245761395219941e-02
3.700999999999998735e-02, -2.109515411285156627e-02
3.800999999999998824e-02, -2.167864090548072414e-02
3.900999999999998913e-02, -2.226292333293130102e-02
4.000999999999999002e-02, -2.284800670979792239e-02
4.100999999999999091e-02, -2.343389632415547250e-02
4.200999999999999179e-02, -2.402059743763820809e-02
4.300999999999999268e-02, -2.460811528560333944e-02
4.400999999999999357e-02, -2.519645507736441303e-02
4.500999999999999446e-02, -2.578562199648214148e-02
4.600999999999999535e-02, -2.637562120110218192e-02
4.700999999999999623e-02, -2.696645782433105751e-02
4.800999999999999712e-02, -2.749893017532549847e-02
4.900999999999999801e-02, -2.753197827773463946e-02
5.000999999999999890e-02, -2.756545884238841351e-02
5.100999999999999979e-02, -2.759934990235842281e-02
5.201000000000000068e-02, -2.763363496597426999e-02
5.301000000000000156e-02, -2.766829848036733361e-02
5.401000000000000245e-02, -2.770332560976515243e-02
5.501000000000000334e-02, -2.773870224573895052e-02
5.601000000000000423e-02, -2.777441551413917589e-02
5.701000000000000512e-02, -2.781045458503357895e-02
5.801000000000000600e-02, -2.784681097785698251e-02
5.901000000000000689e-02, -2.788347650861501895e-02
6.001000000000000778e-02, -2.792044328896621866e-02
6.101000000000000867e-02, -2.795770371866762583e-02
6.201000000000000956e-02, -2.799525047464203678e-02
6.301000000000001044e-02, -2.803307649848549993e-02
6.401000000000001133e-02, -2.807117498344453496e-02
6.501000000000001222e-02, -2.810953946429761707e-02
6.601000000000001311e-02, -2.814816469599930315e-02
6.701000000000001400e-02, -2.818704669151931783e-02
6.801000000000001489e-02, -2.822618154387211004e-02
6.901000000000001577e-02, -2.826556543000905558e-02
7.001000000000001666e-02, -2.830519461279105975e-02
7.101000000000001755e-02, -2.834506544160463049e-02
7.201000000000001844e-02, -2.838517435201811864e-02
7.301000000000001933e-02, -2.842551786476190875e-02
7.401000000000002021e-02, -2.846609788518746770e-02
7.501000000000002110e-02, -2.850690939369307508e-02
7.601000000000002199e-02, -2.854794514127560745e-02
7.701000000000002288e-02, -2.858919809337132426e-02
7.801000000000002377e-02, -2.863066138781109396e-02
7.901000000000002466e-02, -2.867232686815208292e-02
8.001000000000002554e-02, -2.871418943986229003e-02
8.101000000000002643e-02, -2.875624447338535200e-02
8.201000000000002732e-02, -2.879848745842330734e-02
8.301000000000002821e-02, -2.884091400026272262e-02
8.401000000000002910e-02, -2.888351981610707414e-02
8.501000000000002998e-02, -2.892630073145223066e-02
8.601000000000003087e-02, -2.896925267653144981e-02
8.701000000000003176e-02, -2.901237168284830775e-02
8.801000000000003265e-02, -2.905565387981041275e-02
8.901000000000003354e-02, -2.909909549147156327e-02
9.001000000000003443e-02, -2.914269283338733960e-02
9.101000000000003531e-02, -2.918644230958623506e-02
9.201000000000003620e-02, -2.923034040965668059e-02
9.301000000000003709e-02, -2.927438370594882128e-02
9.401000000000003798e-02, -2.931856885088922685e-02
9.501000000000003887e-02, -2.936289257440536510e-02
9.601000000000003975e-02, -2.940735170173662538e-02
9.701000000000004064e-02, -2.945194338529337139e-02
9.801000000000004153e-02, -2.949666554781001440e-02
9.901000000000004242e-02, -2.954151615462771718e-02
1.000100000000000433e-01, -2.958649321317132624e-02
1.010100000000000442e-01, -2.963159477237998357e-02
1.020100000000000451e-01, -2.967681892210269692e-02
1.030100000000000460e-01, -2.972216379246758397e-02
1.040100000000000469e-01, -2.976762755323250631e-02
1.050100000000000477e-01, -2.981320841312320308e-02
1.060100000000000486e-01, -2.985890461916408667e-02
1.070100000000000495e-01, -2.990471445600593331e-02
1.080100000000000504e-01, -2.995063624525404894e-02
1.090100000000000513e-01, -2.999666834479969638e-02
1.100100000000000522e-01, -3.004280914815722972e-02
1.110100000000000531e-01, -3.008905708380880256e-02
1.120100000000000540e-01, -3.013541061455818001e-02
1.130100000000000549e-01, -3.018186823689501808e-02
1.140100000000000557e-01, -3.022842848037042215e-02
1.150100000000000566e-01, -3.027508990698465213e-02
1.160100000000000575e-01, -3.032185111058754642e-02
1.170100000000000584e-01, -3.036871071629199809e-02
1.180100000000000593e-01, -3.041566737990093056e-02
1.190100000000000602e-01, -3.046271978734776606e-02
1.200100000000000611e-01, -3.050986665415067467e-02
1.210100000000000620e-01, -3.055710624543020795e-02
1.220100000000000628e-01, -3.060443370197903773e-02
1.230100000000000637e-01, -3.065185176273373460e-02
1.240100000000000646e-01, -3.069936304106996028e-02
1.250100000000000655e-01, -3.074697003424105290e-02
1.260100000000000664e-01, -3.079467513192564107e-02
1.270100000000000673e-01, -3.084248062398704110e-02
1.280100000000000682e-01, -3.089038870753317220e-02
1.290100000000000691e-01, -3.093840149335374753e-02
1.300100000000000700e-01, -3.098652101180178475e-02
1.310100000000000708e-01, -3.103474921817806279e-02
1.320100000000000717e-01, -3.108308799766947017e-02
1.330100000000000726e-01, -3.113153916988656289e-02
1.340100000000000735e-01, -3.118010449303979664e-02
1.350100000000000744e-01, -3.122878566778952356e-02
1.360100000000000753e-01, -3.127758434080084998e-02
1.370100000000000762e-01, -3.132650210803084034e-02
1.380100000000000771e-01, -3.137554051777265152e-02
1.390100000000000779e-01, -3.142470107347847263e-02
1.400100000000000788e-01, -3.147398523638076512e-02
1.410100000000000797e-01, -3.152339442792954916e-02
1.420100000000000806e-01, -3.157293003206106119e-02
1.430100000000000815e-01, -3.162259339731248592e-02
1.440100000000000824e-01, -3.167238583879500302e-02
1.450100000000000833e-01, -3.172230864003693085e-02
1.460100000000000842e-01, -3.177236305470739625e-02
1.470100000000000851e-01, -3.182255030822984249e-02
1.480100000000000859e-01, -3.187287159929391711e-02
1.490100000000000868e-01, -3.192332810127371939e-02
1.500100000000000877e-01, -3.197392096355917285e-02
1.510100000000000886e-01, -3.202465131280733679e-02
1.520100000000000895e-01, -3.207552025411909008e-02
1.530100000000000904e-01, -3.212652887214700881e-02
1.540100000000000913e-01, -3.217767823213916328e-02
1.550100000000000922e-01, -3.222896938092325442e-02
1.560100000000000930e-01, -3.228040334783528753e-02
1.570100000000000939e-01, -3.233198114559675956e-02
1.580100000000000948e-01, -3.238370377114367649e-02
1.590100000000000957e-01, -3.243557220641046096e-02
1.600100000000000966e-01, -3.248758741907221970e-02
1.610100000000000975e-01, -3.253975036324747994e-02
1.620100000000000984e-01, -3.259206198016444817e-02
1.630100000000000993e-01, -3.264452319879276171e-02
1.640100000000001002e-01, -3.269713493644325897e-02
1.650100000000001010e-01, -3.274989809933721158e-02
1.660100000000001019e-01, -3.280281358314758589e-02
1.670100000000001028e-01, -3.285588227351340929e-02
1.680100000000001037e-01, -3.290910504652930224e-02
1.690100000000001046e-01, -3.296248276921133480e-02
1.700100000000001055e-01, -3.301601629994092152e-02
1.710100000000001064e-01, -3.306970648888766379e-02
1.720100000000001073e-01, -3.312355417841268690e-02
1.730100000000001081e-01, -3.317756020345335316e-02
1.740100000000001090e-01, -3.323172539189055835e-02
1.750100000000001099e-01, -3.328605056489949282e-02
1.760100000000001108e-01, -3.334053653728478311e-02
1.770100000000001117e-01, -3.339518411780088153e-02
1.780100000000001126e-01, -3.344999410945864726e-02
1.790100000000001135e-01, -3.350496730981849386e-02
1.800100000000001144e-01, -3.356010451127128952e-02
1.810100000000001153e-01, -3.361540650130726698e-02
1.820100000000001161e-01, -3.367087406277379652e-02
1.830100000000001170e-01, -3.372650797412252155e-02
1.840100000000001179e-01, -3.378230900964630107e-02
1.850100000000001188e-01, -3.383827793970677761e-02
1.860100000000001197e-01, -3.389441553095267484e-02
1.870100000000001206e-01, -3.395072254652956728e-02
1.880100000000001215e-01, -3.400719974628131637e-02
1.890100000000001224e-01, -3.406384788694390153e-02
1.900100000000001232e-01, -3.412066772233161155e-02
1.910100000000001241e-01, -3.417766000351631084e-02
1.920100000000001250e-01, -3.423482547899995426e-02
1.930100000000001259e-01, -3.429216489488060016e-02
1.940100000000001268e-01, -3.434967899501249755e-02
1.950100000000001277e-01, -3.440736852116014349e-02
1.960100000000001286e-01, -3.446523421314701130e-02
1.970100000000001295e-01, -3.452327680899874851e-02
1.980100000000001303e-01, -3.458149704508155231e-02
1.990100000000001312e-01, -3.463989565623556977e-02
2.000100000000001321e-01, -3.469847337590376002e-02
2.010100000000001330e-01, -3.475723093625630866e-02
2.020100000000001339e-01, -3.481616906831096203e-02
2.030100000000001348e-01, -3.487528850204912184e-02
2.040100000000001357e-01, -3.493458996652835241e-02
2.050100000000001366e-01, -3.499407418999104374e-02
2.060100000000001375e-01, -3.505374189996959822e-02
2.070100000000001383e-01, -3.511359382338832130e-02
2.080100000000001392e-01, -3.517363068666193304e-02
2.090100000000001401e-01, -3.523385321579121376e-02
2.100100000000001410e-01, -3.529426213645548566e-02
2.110100000000001419e-01, -3.535485817410243675e-02
2.120100000000001428e-01, -3.541564205403507221e-02
2.130100000000001437e-01, -3.547661450149619533e-02
2.140100000000001446e-01, -3.553777624175034899e-02
2.150100000000001454e-01, -3.559912800016328677e-02
2.160100000000001463e-01, -3.566067050227931384e-02
2.170100000000001472e-01, -3.572240447389628953e-02
2.180100000000001481e-01, -3.578433064113852036e-02
2.190100000000001490e-01, -3.584644973052769634e-02
2.200100000000001499e-01, -3.590876246905185670e-02
2.210100000000001508e-01, -3.597126958423244730e-02
2.220100000000001517e-01, -3.603397180418956014e-02
2.230100000000001526e-01, -3.609686985770555606e-02
2.240100000000001534e-01, -3.615996447428686256e-02
2.250100000000001543e-01, -3.622325638422432131e-02
2.260100000000001552e-01, -3.628674631865196065e-02
2.270100000000001561e-01, -3.635043500960414425e-02
2.280100000000001570e-01, -3.641432319007161661e-02
2.290100000000001579e-01, -3.647841159405575823e-02
2.300100000000001588e-01, -3.654270095662195267e-02
2.310100000000001597e-01, -3.660719201395135763e-02
2.320100000000001605e-01, -3.667188550339166297e-02
2.330100000000001614e-01, -3.673678216350655112e-02
2.340100000000001623e-01, -3.680188273412402650e-02
2.350100000000001632e-01, -3.686718795638381507e-02
2.360100000000001641e-01, -3.693269857278356355e-02
2.370100000000001650e-01, -3.699841532722397686e-02
2.380100000000001659e-01, -3.706433896505319237e-02
2.390100000000001668e-01, -3.713047023310999534e-02
2.400100000000001677e-01, -3.719680987976627107e-02
2.410100000000001685e-01, -3.726335865496857580e-02
2.420100000000001694e-01, -3.733011731027872926e-02
2.430100000000001703e-01, -3.739708659891381737e-02
2.440100000000001712e-01, -3.746426727578522353e-02
2.450100000000001721e-01, -3.753166009753698684e-02
2.460100000000001730e-01, -3.759926582258343863e-02
2.470100000000001739e-01, -3.766708521114611741e-02
2.480100000000001748e-01, -3.773511902528998291e-02
2.490100000000001756e-01, -3.780336802895906817e-02
2.500100000000001765e-01, -3.787183298801139603e-02
2.510100000000001774e-01, -3.794051467025331276e-02
2.520100000000001783e-01, -3.800941384547329438e-02
2.530100000000001792e-01, -3.807853128547516314e-02
2.540100000000001801e-01, -3.814786776411061009e-02
2.550100000000001810e-01, -3.821742405731151648e-02
2.560100000000001819e-01, -3.828720094312142858e-02
2.570100000000001828e-01, -3.835719920172669939e-02
2.580100000000001836e-01, -3.842741961548718638e-02
2.590100000000001845e-01, -3.849786296896636623e-02
2.600100000000001854e-01, -3.856853004896116516e-02
2.610100000000001863e-01, -3.863942164453122025e-02
2.620100000000001872e-01, -3.871053854702780073e-02
2.630100000000001881e-01, -3.878188155012232685e-02
2.640100000000001890e-01, -3.885345144983447241e-02
2.650100000000001899e-01, -3.892524904455993418e-02
2.660100000000001907e-01, -3.899727513509781279e-02
2.670100000000001916e-01, -3.906953052467765364e-02
2.680100000000001925e-01, -3.914201601898618932e-02
2.690100000000001934e-01, -3.921473242619367972e-02
2.700100000000001943e-01, -3.928768055698000916e-02
2.710100000000001952e-01, -3.936086122456051994e-02
2.720100000000001961e-01, -3.943427524471136009e-02
2.730100000000001970e-01, -3.950792343579481725e-02
2.740100000000001979e-01, -3.958180661878418077e-02
2.750100000000001987e-01, -3.965592561728845111e-02
2.760100000000001996e-01, -3.973028125757666063e-02
2.770100000000002005e-01, -3.980487436860223605e-02
2.780100000000002014e-01, -3.987970578202668787e-02
2.790100000000002023e-01, -3.995477633224354952e-02
2.800100000000002032e-01, -4.003008685640174064e-02
2.810100000000002041e-01, -4.010563819442883315e-02
2.820100000000002050e-01, -4.018143118905425498e-02
2.830100000000002058e-01, -4.025746668583196630e-02
2.840100000000002067e-01, -4.033374553316333017e-02
2.850100000000002076e-01, -4.041026858231954594e-02
2.860100000000002085e-01, -4.048703668746395784e-02
2.870100000000002094e-01, -4.056405070567422472e-02
2.880100000000002103e-01, -4.064131149696434409e-02
2.890100000000002112e-01, -4.071881992430646802e-02
2.900100000000002121e-01, -4.079657685365253861e-02
2.910100000000002129e-01, -4.087458315395589570e-02
2.920100000000002138e-01, -4.095283969719265560e-02
2.930100000000002147e-01, -4.103134735838293717e-02
2.940100000000002156e-01, -4.111010701561200464e-02
2.950100000000002165e-01, -4.118911955005130632e-02
2.960100000000002174e-01, -4.126838584597928433e-02
2.970100000000002183e-01, -4.134790679080219827e-02
2.980100000000002192e-01, -4.142768327507476145e-02
2.990100000000002201e-01, -4.150771614094617146e-02
3.000100000000002209e-01, -4.158800499364771752e-02
3.010100000000002218e-01, -4.166854890532148414e-02
3.020100000000002227e-01, -4.174934693614893583e-02
3.030100000000002236e-01, -4.183039813971105997e-02
3.040100000000002245e-01, -4.191170094622390097e-02
3.050100000000002254e-01, -4.199325424850240684e-02
3.060100000000002263e-01, -4.207505719475853473e-02
3.070100000000002272e-01, -4.215710893297077572e-02
3.080100000000002280e-01, -4.223940861079464315e-02
3.090100000000002289e-01, -4.232195537547443764e-02
3.100100000000002298e-01, -4.240474837375586559e-02
3.110100000000002307e-01, -4.248778675179976094e-02
3.120100000000002316e-01, -4.257106965509665358e-02
3.130100000000002325e-01, -4.265459622838228826e-02
3.140100000000002334e-01, -4.273836561555410807e-02
3.150100000000002343e-01, -4.282237695958848733e-02
3.160100000000002352e-01, -4.290662940245895673e-02
3.170100000000002360e-01, -4.299112208505503907e-02
3.180100000000002369e-01, -4.307585414710209115e-02
3.190100000000002378e-01, -4.316082472708176326e-02
3.200100000000002387e-01, -4.324603296215331211e-02
3.210100000000002396e-01, -4.333147798807546885e-02
3.220100000000002405e-01, -4.341715893912925089e-02
3.230100000000002414e-01, -4.350307494804120378e-02
3.240100000000002423e-01, -4.358922514590746200e-02
3.250100000000002431e-01, -4.367560866211837867e-02
3.260100000000002440e-01, -4.376222462428376592e-02
3.270100000000002449e-01, -4.384907215815880832e-02
3.280100000000002458e-01, -4.393615038757044122e-02
3.290100000000002467e-01, -4.402345843434435357e-02
3.300100000000002476e-01, -4.411099541823252507e-02
3.310100000000002485e-01, -4.419876045684129062e-02
3.320100000000002494e-01, -4.428675266555991835e-02
3.330100000000002503e-01, -4.437497115748961080e-02
3.340100000000002511e-01, -4.446341504337312373e-02
3.350100000000002520e-01, -4.455208343152468331e-02
3.360100000000002529e-01, -4.464097542776044453e-02
3.370100000000002538e-01, -4.473009013532936590e-02
3.380100000000002547e-01, -4.481942665484446586e-02
3.390100000000002556e-01, -4.490898408421453020e-02
3.400100000000002565e-01, -4.499876151857612472e-02
3.410100000000002574e-01, -4.508875805022607292e-02
3.420100000000002582e-01, -4.517897276855427358e-02
3.430100000000002591e-01, -4.526940475997679597e-02
3.440100000000002600e-01, -4.536005310786940525e-02
3.450100000000002609e-01, -4.545091689250128908e-02
3.460100000000002618e-01, -4.554199527739109105e-02
3.470100000000002627e-01, -4.563328825172567604e-02
3.480100000000002636e-01, -4.572479663595974825e-02
3.490100000000002645e-01, -4.581652125006940163e-02
3.500100000000002654e-01, -4.590846291360394654e-02
3.510100000000002662e-01, -4.600062244573666775e-02
3.520100000000002671e-01, -4.609300066531454160e-02
3.530100000000002680e-01, -4.618559839090694702e-02
3.540100000000002689e-01, -4.627841644085328721e-02
3.550100000000002698e-01, -4.637145563330975079e-02
3.560100000000002707e-01, -4.646471678629501140e-02
3.570100000000002716e-01, -4.655820071773517088e-02
3.580100000000002725e-01, -4.665190824550759924e-02
3.590100000000002733e-01, -4.674584018748415004e-02
3.600100000000002742e-01, -4.683999736157330729e-02
3.610100000000002751e-01, -4.693438058576165917e-02
3.620100000000002760e-01, -4.702899067815448364e-02
3.630100000000002769e-01, -4.712382845701570955e-02
3.640100000000002778e-01, -4.721889474080686461e-02
3.650100000000002787e-01, -4.731419034822557934e-02
3.660100000000002796e-01, -4.740971609824315425e-02
3.670100000000002805e-01, -4.750547281014153717e-02
3.680100000000002813e-01, -4.760146130354960675e-02
3.690100000000002822e-01, -4.769768239847881064e-02
3.700100000000002831e-01, -4.779413691535808889e-02
3.710100000000002840e-01, -4.789082567506830479e-02
3.720100000000002849e-01, -4.798774949897591929e-02
3.730100000000002858e-01, -4.808490920896622139e-02
3.740100000000002867e-01, -4.818230562747578827e-02
3.750100000000002876e-01, -4.827993957752464704e-02
3.760100000000002884e-01, -4.837781188274761085e-02
3.770100000000002893e-01, -4.847592336742532343e-02
3.780100000000002902e-01, -4.857427485651456128e-02
3.790100000000002911e-01, -4.867286717567825133e-02
3.800100000000002920e-01, -4.877170115131481548e-02
3.810100000000002929e-01, -4.887077761058708503e-02
3.820100000000002938e-01, -4.897009738145083335e-02
3.830100000000002947e-01, -4.906966129268275356e-02
3.840100000000002956e-01, -4.916947017390795038e-02
3.850100000000002964e-01, -4.926952485562719614e-02
3.860100000000002973e-01, -4.936982616924349976e-02
3.870100000000002982e-01, -4.947037494708847460e-02
3.880100000000002991e-01, -4.957117202244818582e-02
3.890100000000003000e-01, -4.967221822958865080e-02
3.900100000000003009e-01, -4.977351440378092323e-02
3.910100000000003018e-01, -4.987506138132585115e-02
3.920100000000003027e-01, -4.997685999957839076e-02
3.930100000000003035e-01, -5.007891109697171217e-02
3.940100000000003044e-01, -5.018121551304070144e-02
3.950100000000003053e-01, -5.028377408844541402e-02
3.960100000000003062e-01, -5.038658766499399394e-02
3.970100000000003071e-01, -5.048965708566536398e-02
3.980100000000003080e-01, -5.059298319463149951e-02
3.990100000000003089e-01, -5.069656683727955665e-02
4.000100000000003098e-01, -5.080040886023354935e-02
4.010100000000003106e-01, -5.090451011137574894e-02
4.020100000000003115e-01, -5.100887143986795186e-02
4.030100000000003124e-01, -5.111349369617221999e-02
4.040100000000003133e-01, -5.121837773207153083e-02
4.050100000000003142e-01, -5.132352440069008759e-02
4.060100000000003151e-01, -5.142893455651339346e-02
4.070100000000003160e-01, -5.153460905540801357e-02
4.080100000000003169e-01, -5.164054875464119121e-02
4.090100000000003178e-01, -5.174675451290008249e-02
4.100100000000003186e-01, -5.185322719031089378e-02
4.110100000000003195e-01, -5.195996764845765142e-02
4.120100000000003204e-01, -5.206697675040084655e-02
4.130100000000003213e-01, -5.217425536069580927e-02
4.140100000000003222e-01, -5.228180434541083305e-02
4.150100000000003231e-01, -5.238962457214516727e-02
4.160100000000003240e-01, -5.249771691004672530e-02
4.170100000000003249e-01, -5.260608222982964682e-02
4.180100000000003257e-01, -5.271472140379158955e-02
4.190100000000003266e-01, -5.282363530583088218e-02
4.200100000000003275e-01, -5.293282481146349000e-02
4.210100000000003284e-01, -5.304229079783970985e-02
4.220100000000003293e-01, -5.315203414376081653e-02
4.230100000000003302e-01, -5.326205572969538310e-02
4.240100000000003311e-01, -5.337235643779558031e-02
4.250100000000003320e-01, -5.348293715191313608e-02
4.260100000000003329e-01, -5.359379875761523943e-02
4.270100000000003337e-01, -5.370494214220029178e-02
4.280100000000003346e-01, -5.381636819471340150e-02
4.290100000000003355e-01, -5.392807780596179518e-02
4.300100000000003364e-01, -5.404007186853006239e-02
4.310100000000003373e-01, -5.415235127679519228e-02
4.320100000000003382e-01, -5.426491692694161706e-02
4.330100000000003391e-01, -5.437776971697581840e-02
4.340100000000003400e-01, -5.449091054674119056e-02
4.350100000000003408e-01, -5.460434031793239690e-02
4.360100000000003417e-01, -5.471805993410975427e-02
4.370100000000003426e-01, -5.483207030071356181e-02
4.380100000000003435e-01, -5.494637232507808278e-02
4.390100000000003444e-01, -5.506096691644560281e-02
4.400100000000003453e-01, -5.517585498598023830e-02
4.410100000000003462e-01, -5.529103744678173088e-02
4.420100000000003471e-01, -5.540651521389892975e-02
4.430100000000003480e-01, -5.552228920434339882e-02
4.440100000000003488e-01, -5.563836033710269080e-02
4.450100000000003497e-01, -5.575472953315366992e-02
4.460100000000003506e-01, -5.587139771547561251e-02
4.470100000000003515e-01, -5.598836580906325910e-02
4.480100000000003524e-01, -5.610563474093972769e-02
4.490100000000003533e-01, -5.622320544016930904e-02
4.500100000000003542e-01, -5.634107883787030369e-02
4.510100000000003551e-01, -5.645925586722739392e-02
4.520100000000003559e-01, -5.657773746350441835e-02
4.530100000000003568e-01, -5.669652456405662594e-02
4.540100000000003577e-01, -5.681561810834301340e-02
4.550100000000003586e-01, -5.693501903793860008e-02
4.560100000000003595e-01, -5.705472829654650163e-02
4.570100000000003604e-01, -5.717474683001001756e-02
4.580100000000003613e-01, -5.729507558632455227e-02
4.590100000000003622e-01, -5.741571551564946668e-02
4.600100000000003631e-01, -5.753666757031991597e-02
4.610100000000003639e-01, -5.765793270485843058e-02
4.620100000000003648e-01, -5.777951187598663607e-02
4.630100000000003657e-01, -5.790140604263671609e-02
4.640100000000003666e-01, -5.802361616596281996e-02
4.650100000000003675e-01, -5.814614320935258818e-02
4.660100000000003684e-01, -5.826898813843825464e-02
4.670100000000003693e-01, -5.839215192110790154e-02
4.680100000000003702e-01, -5.851563552751673503e-02
4.690100000000003710e-01, -5.863943993009797934e-02
4.700100000000003719e-01, -5.876356610357391652e-02
4.710100000000003728e-01, -5.888801502496684298e-02
4.720100000000003737e-01, -5.901278767360991495e-02
4.730100000000003746e-01, -5.913788503115784828e-02
4.740100000000003755e-01, -5.926330808159779168e-02
4.750100000000003764e-01, -5.938905781125976280e-02
4.760100000000003773e-01, -5.951513520882743824e-02
4.770100000000003782e-01, -5.964154126534845085e-02
4.780100000000003790e-01, -5.976827697424504093e-02
4.790100000000003799e-01, -5.989534333132435356e-02
4.800100000000003808e-01, -6.002274133478873591e-02
4.810100000000003817e-01, -6.015047198524606231e-02
4.820100000000003826e-01, -6.027853628571989281e-02
4.830100000000003835e-01, -6.040693524165968026e-02
4.840100000000003844e-01, -6.053566986095078317e-02
4.850100000000003853e-01, -6.066474115392452710e-02
4.860100000000003861e-01, -6.079415013336823131e-02
4.870100000000003870e-01, -6.092389781453503433e-02
4.880100000000003879e-01, -6.105398521515380261e-02
4.890100000000003888e-01, -6.118441335543900461e-02
4.900100000000003897e-01, -6.131518325810034198e-02
4.910100000000003906e-01, -6.144629594835252645e-02
4.920100000000003915e-01, -6.157775245392494573e-02
4.930100000000003924e-01, -6.170955380507123222e-02
4.940100000000003932e-01, -6.184170103457876932e-02
4.950100000000003941e-01, -6.197419517777831566e-02
4.960100000000003950e-01, -6.210703727255336565e-02
4.970100000000003959e-01, -6.224022835934953785e-02
4.980100000000003968e-01, -6.237376948118395631e-02
4.990100000000003977e-01, -6.250766168365458342e-02
5.000100000000003986e-01, -6.264190601494946942e-02
5.010100000000003995e-01, -6.277650352585591176e-02
5.020100000000004004e-01, -6.291145526976969771e-02
5.030100000000004012e-01, -6.304676230270414572e-02
5.040100000000004021e-01, -6.318242568329923703e-02
5.050100000000004030e-01, -6.331844647283070560e-02
5.060100000000004039e-01, -6.345482573521886438e-02
5.070100000000004048e-01, -6.359156453703772305e-02
5.080100000000004057e-01, -6.372866394752373098e-02
5.090100000000004066e-01, -6.386612503858483947e-02
5.100100000000004075e-01, -6.400394888480911981e-02
5.110100000000004083e-01, -6.414213656347361736e-02
5.120100000000004092e-01, -6.428068915455313614e-02
5.130100000000004101e-01, -6.441960774072884310e-02
5.140100000000004110e-01, -6.455889340739702498e-02
5.150100000000004119e-01, -6.469854724267762314e-02
5.160100000000004128e-01, -6.483857033742279619e-02
5.170100000000004137e-01, -6.497896378522556582e-02
5.180100000000004146e-01, -6.511972868242815737e-02
5.190100000000004155e-01, -6.526086612813063181e-02
5.200100000000004163e-01, -6.540237722419912914e-02
5.210100000000004172e-01, -6.554426307527438933e-02
5.220100000000004181e-01, -6.568652478878003742e-02
5.230100000000004190e-01, -6.582916347493086850e-02
5.240100000000004199e-01, -6.597218024674111891e-02
5.250100000000004208e-01, -6.611557622003280676e-02
5.260100000000004217e-01, -6.625935251344376720e-02
5.270100000000004226e-01, -6.640351024843590966e-02
5.280100000000004234e-01, -6.654805054930336417e-02
5.290100000000004243e-01, -6.669297454318041940e-02
5.300100000000004252e-01, -6.683828336004973836e-02
5.310100000000004261e-01, -6.698397813275031032e-02
5.320100000000004270e-01, -6.713005999698541670e-02
5.330100000000004279e-01, -6.727653009133062467e-02
5.340100000000004288e-01, -6.742338955724160032e-02
5.350100000000004297e-01, -6.757063953906210230e-02
5.360100000000004306e-01, -6.771828118403168395e-02
5.370100000000004314e-01, -6.786631564229374247e-02
5.380100000000004323e-01, -6.801474406690292962e-02
5.390100000000004332e-01, -6.816356761383320084e-02
5.400100000000004341e-01, -6.831278744198539254e-02
5.410100000000004350e-01, -6.846240471319489651e-02
5.420100000000004359e-01, -6.861242059223925105e-02
5.430100000000004368e-01, -6.876283624684587092e-02
5.440100000000004377e-01, -6.891365284769949973e-02
5.450100000000004385e-01, -6.906487156844975939e-02
5.460100000000004394e-01, -6.921649358571867194e-02
5.470100000000004403e-01, -6.936852007910818130e-02
5.480100000000004412e-01, -6.952095223120743905e-02
5.490100000000004421e-01, -6.967379122760038179e-02
5.500100000000004430e-01, -6.982703825687297527e-02
5.510100000000004439e-01, -6.998069451062055579e-02
5.520100000000004448e-01, -7.013476118345518540e-02
5.530100000000004457e-01, -7.028923947301290998e-02
5.540100000000004465e-01, -7.044413057996094796e-02
5.550100000000004474e-01, -7.059943570800492063e-02
5.560100000000004483e-01, -7.075515606389609635e-02
5.570100000000004492e-01, -7.091129285743831556e-02
5.580100000000004501e-01, -7.106784730149538765e-02
5.590100000000004510e-01, -7.122482061199783554e-02
5.600100000000004519e-01, -7.138221400795022320e-02
5.610100000000004528e-01, -7.154002871143792797e-02
5.620100000000004536e-01, -7.169826594763434313e-02
5.630100000000004545e-01, -7.185692694480756704e-02
5.640100000000004554e-01, -7.201601293432749462e-02
5.650100000000004563e-01, -7.217552515067261754e-02
5.660100000000004572e-01, -7.233546483143685202e-02
5.670100000000004581e-01, -7.249583321733633900e-02
5.680100000000004590e-01, -7.265663155221631364e-02
5.690100000000004599e-01, -7.281786108305762784e-02
5.700100000000004608e-01, -7.297952305998371691e-02
5.710100000000004616e-01, -7.314161873626703891e-02
5.720100000000004625e-01, -7.330414936833595796e-02
5.730100000000004634e-01, -7.346711621578104479e-02
5.740100000000004643e-01, -7.363052054136193236e-02
5.750100000000004652e-01, -7.379436361101369968e-02
5.760100000000004661e-01, -7.395864669385336654e-02
5.770100000000004670e-01, -7.412337106218641614e-02
5.780100000000004679e-01, -7.428853799151327597e-02
5.790100000000004687e-01, -7.445414876053560449e-02
5.800100000000004696e-01, -7.462020465116270262e-02
5.810100000000004705e-01, -7.478670694851785594e-02
5.820100000000004714e-01, -7.495365694094471842e-02
5.830100000000004723e-01, -7.512105592001333543e-02
5.840100000000004732e-01, -7.528890518052668013e-02
5.850100000000004741e-01, -7.545720602052660708e-02
5.860100000000004750e-01, -7.562595974130009724e-02
5.870100000000004759e-01, -7.579516764738543355e-02
5.880100000000004767e-01, -7.596483104657814067e-02
5.890100000000004776e-01, -7.613495124993721608e-02
5.900100000000004785e-01, -7.630552957179102813e-02
5.910100000000004794e-01, -7.647656732974335292e-02
5.920100000000004803e-01, -7.664806584467930006e-02
5.930100000000004812e-01, -7.682002644077121079e-02
5.940100000000004821e-01, -7.699245044548454209e-02
5.950100000000004830e-01, -7.716533915038982505e-02
5.960100000000004838e-01, -7.733869355171327231e-02
5.970100000000004847e-01, -7.751251458324465160e-02
5.980100000000004856e-01, -7.768680317756235243e-02
5.990100000000004865e-01, -7.786156026678893449e-02
6.000100000000004874e-01, -7.803678661734524125e-02
6.010100000000004883e-01, -7.821248316390547184e-02
6.020100000000004892e-01, -7.838865086323067166e-02
6.030100000000004901e-01, -7.856529067341316841e-02
6.040100000000004909e-01, -7.874240355387095158e-02
6.050100000000004918e-01, -7.891999046534164952e-02
6.060100000000004927e-01, -7.909805236987663135e-02
6.070100000000004936e-01, -7.927659023083521994e-02
6.080100000000004945e-01, -7.945560501287834976e-02
6.090100000000004954e-01, -7.963509768196279370e-02
6.100100000000004963e-01, -7.981506920533483485e-02
6.110100000000004972e-01, -7.999552055152411856e-02
6.120100000000004981e-01, -8.017645269033743527e-02
6.130100000000004989e-01, -8.035786659285230893e-02
6.140100000000004998e-01, -8.053976323141072424e-02
6.150100000000005007e-01, -8.072214357961268738e-02
6.160100000000005016e-01, -8.090500861230971730e-02
6.170100000000005025e-01, -8.108835930559828153e-02
6.180100000000005034e-01, -8.127219663681317652e-02
6.190100000000005043e-01, -8.145652158452096336e-02
6.200100000000005052e-01, -8.164133512851307062e-02
6.210100000000005060e-01, -8.182663824979928557e-02
6.220100000000005069e-01, -8.201243193060049619e-02
6.230100000000005078e-01, -8.219871715434223791e-02
6.240100000000005087e-01, -8.238549490564739397e-02
6.250100000000005096e-01, -8.257276617032931199e-02
6.260100000000005105e-01, -8.276053193538464303e-02
6.270100000000005114e-01, -8.294879318898625009e-02
6.280100000000005123e-01, -8.313755092047603323e-02
6.290100000000005132e-01, -8.332680612035743561e-02
6.300100000000005140e-01, -8.351655978028835192e-02
6.310100000000005149e-01, -8.370681289307355111e-02
6.320100000000005158e-01, -8.389756645265734891e-02
6.330100000000005167e-01, -8.408882145411587794e-02
6.340100000000005176e-01, -8.428057889364971855e-02
6.350100000000005185e-01, -8.447283976857605792e-02
6.360100000000005194e-01, -8.466560507732105723e-02
6.370100000000005203e-01, -8.485887581941196911e-02
6.380100000000005211e-01, -8.505265299546933833e-02
6.390100000000005220e-01, -8.524693760719911917e-02
6.400100000000005229e-01, -8.544173065738454309e-02
6.410100000000005238e-01, -8.563703314987819448e-02
6.420100000000005247e-01, -8.583284611687773402e-02
6.430100000000005256e-01, -8.602917083565822520e-02
6.440100000000005265e-01, -8.622600869886784536e-02
6.450100000000005274e-01, -8.642336110213753864e-02
6.460100000000005283e-01, -8.662122944408426339e-02
6.470100000000005291e-01, -8.681961512631329592e-02
6.480100000000005300e-01, -8.701851955342126965e-02
6.490100000000005309e-01, -8.721794413299868709e-02
6.500100000000005318e-01, -8.741789027563252878e-02
6.510100000000005327e-01, -8.761835939490879299e-02
6.520100000000005336e-01, -8.781935290741493816e-02
6.530100000000005345e-01, -8.802087223274249195e-02
6.540100000000005354e-01, -8.822291879348923005e-02
6.550100000000005362e-01, -8.842549401526160480e-02
6.560100000000005371e-01, -8.862859932667702112e-02
6.570100000000005380e-01, -8.883223615936594597e-02
6.580100000000005389e-01, -8.903640594797425367e-02
6.590100000000005398e-01, -8.924111013016519656e-02
6.600100000000005407e-01, -8.944635014662152828e-02
6.610100000000005416e-01, -8.965212744104740505e-02
6.620100000000005425e-01, -8.985844346017039797e-02
6.630100000000005434e-01, -9.006529965374335256e-02
6.640100000000005442e-01, -9.027269747454627624e-02
6.650100000000005451e-01, -9.048063837838800361e-02
6.660100000000005460e-01, -9.068912382410798667e-02
6.670100000000005469e-01, -9.089815527357789082e-02
6.680100000000005478e-01, -9.110773419170326015e-02
6.690100000000005487e-01, -9.131786204642501625e-02
6.700100000000005496e-01, -9.152854030872090152e-02
6.710100000000005505e-01, -9.173977045260697794e-02
6.720100000000005513e-01, -9.195155395513895935e-02
6.730100000000005522e-01, -9.216389229641358538e-02
6.740100000000005531e-01, -9.237678695956962061e-02
6.750100000000005540e-01, -9.259023943078938113e-02
6.760100000000005549e-01, -9.280425119929962274e-02
6.770100000000005558e-01, -9.301882375737272057e-02
6.780100000000005567e-01, -9.323395860032762661e-02
6.790100000000005576e-01, -9.344965722653081341e-02
6.800100000000005585e-01, -9.366592113739725944e-02
6.810100000000005593e-01, -9.388275183739104579e-02
6.820100000000005602e-01, -9.410015083402642477e-02
6.830100000000005611e-01, -9.431811963786825015e-02
6.840100000000005620e-01, -9.453665976253282366e-02
6.850100000000005629e-01, -9.475577272468822809e-02
6.860100000000005638e-01, -9.497546004405517384e-02
6.870100000000005647e-01, -9.519572324340717928e-02
6.880100000000005656e-01, -9.541656384857104267e-02
6.890100000000005664e-01, -9.563798338842718905e-02
6.900100000000005673e-01, -9.585998339490998943e-02
6.910100000000005682e-01, -9.608256540300770532e-02
6.920100000000005691e-01, -9.630573095076304380e-02
6.930100000000005700e-01, -9.652948157927276895e-02
6.940100000000005709e-01, -9.675381883268809047e-02
6.950100000000005718e-01, -9.697874425821437216e-02
6.960100000000005727e-01, -9.720425940611104876e-02
6.970100000000005736e-01, -9.743036582969147319e-02
6.980100000000005744e-01, -9.765706508532262520e-02
6.990100000000005753e-01, -9.788435873242480600e-02
7.000100000000005762e-01, -9.811224833347127749e-02
7.010100000000005771e-01, -9.834073545398776262e-02
7.020100000000005780e-01, -9.856982166255179312e-02
7.030100000000005789e-01, -9.879950853079239037e-02
7.040100000000005798e-01, -9.902979763338920494e-02
7.050100000000005807e-01, -9.926069054807175329e-02
7.060100000000005815e-01, -9.949218885561880721e-02
7.070100000000005824e-01, -9.972429413985738067e-02
7.080100000000005833e-01, -9.995700798766178619e-02
7.090100000000005842e-01, -1.001903319889527189e-01
7.100100000000005851e-01, -1.004242677366960768e-01
7.110100000000005860e-01, -1.006588168269018646e-01
7.120100000000005869e-01, -1.008939808586229170e-01
7.130100000000005878e-01, -1.011297614339537326e-01
7.140100000000005886e-01, -1.013661601580290034e-01
7.150100000000005895e-01, -1.016031786390222125e-01
7.160100000000005904e-01, -1.018408184881440665e-01
7.170100000000005913e-01, -1.020790813196410518e-01
7.180100000000005922e-01, -1.023179687507936864e-01
7.190100000000005931e-01, -1.025574824019147152e-01
7.200100000000005940e-01, -1.027976238963475009e-01
7.210100000000005949e-01, -1.030383948604640110e-01
7.220100000000005958e-01, -1.032797969236629587e-01
7.230100000000005966e-01, -1.035218317183676934e-01
7.240100000000005975e-01, -1.037645008800241325e-01
7.250100000000005984e-01, -1.040078060470985971e-01
7.260100000000005993e-01, -1.042517488610755494e-01
7.270100000000006002e-01, -1.044963309664554280e-01
7.280100000000006011e-01, -1.047415540107518861e-01
7.290100000000006020e-01, -1.049874196444896685e-01
7.300100000000006029e-01, -1.052339295212019188e-01
7.310100000000006037e-01, -1.054810852974274044e-01
7.320100000000006046e-01, -1.057288886327081567e-01
7.330100000000006055e-01, -1.059773411895863493e-01
7.340100000000006064e-01, -1.062264446336015355e-01
7.350100000000006073e-01, -1.064762006332877209e-01
7.360100000000006082e-01, -1.067266108601705038e-01
7.370100000000006091e-01, -1.069776769887635509e-01
7.380100000000006100e-01, -1.072294006965658353e-01
7.390100000000006109e-01, -1.074817836640581947e-01
7.400100000000006117e-01, -1.077348275746999179e-01
7.410100000000006126e-01, -1.079885341149253580e-01
7.420100000000006135e-01, -1.082429049741407134e-01
7.430100000000006144e-01, -1.084979418447197530e-01
7.440100000000006153e-01, -1.087536464220009713e-01
7.450100000000006162e-01, -1.090100204042831616e-01
7.460100000000006171e-01, -1.092670654928220159e-01
7.470100000000006180e-01, -1.095247833918259750e-01
7.480100000000006188e-01, -1.097831758084522741e-01
7.490100000000006197e-01, -1.100422444528027927e-01
7.500100000000006206e-01, -1.103019910379200441e-01
7.510100000000006215e-01, -1.105624172797827903e-01
7.520100000000006224e-01, -1.108235248973017117e-01
7.530100000000006233e-01, -1.110853156123149943e-01
7.540100000000006242e-01, -1.113477911495838746e-01
7.550100000000006251e-01, -1.116109532367879215e-01
7.560100000000006260e-01, -1.118748036045203453e-01
7.570100000000006268e-01, -1.121393439862833491e-01
7.580100000000006277e-01, -1.124045761184831460e-01
7.590100000000006286e-01, -1.126705017404251580e-01
7.600100000000006295e-01, -1.129371225943087281e-01
7.610100000000006304e-01, 9.000000000000000000e+01
7.620100000000006313e-01, -1.119255037658817287e-02
7.630100000000006322e-01, -1.119280917058240732e-02
7.640100000000006331e-01, -1.119306797118468921e-02
7.650100000000006339e-01, -1.119332677839501855e-02
7.660100000000006348e-01, -1.119358559221517169e-02
7.670100000000006357e-01, -1.119384441264337227e-02
7.680100000000006366e-01, -1.119410323968317300e-02
7.690100000000006375e-01, -1.119436207332924482e-02
7.700100000000006384e-01, -1.119462091358514044e-02
7.710100000000006393e-01, -1.119487976045085986e-02
7.720100000000006402e-01, -1.119513861392640308e-02
7.730100000000006411e-01, -1.119539747401177010e-02
7.740100000000006419e-01, -1.119565634070873728e-02
7.750100000000006428e-01, -1.119591521401375189e-02
7.760100000000006437e-01, -1.119617409393036667e-02
7.770100000000006446e-01, -1.119643298045680524e-02
7.780100000000006455e-01, -1.119669187359484397e-02
7.790100000000006464e-01, -1.119695077334093014e-02
7.800100000000006473e-01, -1.119720967970216918e-02
7.810100000000006482e-01, -1.119746859267145567e-02
7.820100000000006490e-01, -1.119772751225234231e-02
7.830100000000006499e-01, -1.119798643844660546e-02
7.840100000000006508e-01, -1.119824537125069241e-02
7.850100000000006517e-01, -1.119850431066815588e-02
7.860100000000006526e-01, -1.119876325669721950e-02
7.870100000000006535e-01, -1.119902220933788328e-02
7.880100000000006544e-01, -1.119928116859014722e-02
7.890100000000006553e-01, -1.119954013445578767e-02
7.900100000000006562e-01, -1.119979910693480463e-02
7.910100000000006570e-01, -1.120005808602719810e-02
7.920100000000006579e-01, -1.120031707173119173e-02
7.930100000000006588e-01, -1.120057606404856188e-02
7.940100000000006597e-01, -1.120083506297753217e-02
7.950100000000006606e-01, -1.120109406852165534e-02
7.960100000000006615e-01, -1.120135308067915503e-02
7.970100000000006624e-01, -1.120161209945180758e-02
7.980100000000006633e-01, -1.120187112483606029e-02
7.990100000000006641e-01, -1.120213015683546587e-02
8.000100000000006650e-01, -1.120238919545002432e-02
8.010100000000006659e-01, -1.120264824067618292e-02
8.020100000000006668e-01, -1.120290729251927075e-02
8.030100000000006677e-01, -1.120316635097573510e-02
8.040100000000006686e-01, -1.120342541604912867e-02
8.050100000000006695e-01, -1.120368448773589876e-02
8.060100000000006704e-01, -1.120394356603782171e-02
8.070100000000006712e-01, -1.120420265095489754e-02
8.080100000000006721e-01, -1.120446174248890259e-02
8.090100000000006730e-01, -1.120472084063806051e-02
8.100100000000006739e-01, -1.120497994540237130e-02
8.110100000000006748e-01, -1.120523905678538767e-02
8.120100000000006757e-01, -1.120549817478355692e-02
8.130100000000006766e-01, -1.120575729939510268e-02
8.140100000000006775e-01, -1.120601643062535402e-02
8.150100000000006784e-01, -1.120627556847075823e-02
8.160100000000006792e-01, -1.120653471293664438e-02
8.170100000000006801e-01, -1.120679386401590705e-02
8.180100000000006810e-01, -1.120705302171387530e-02
8.190100000000006819e-01, 9.886795559574778736e+00
