0.000000000000000000e+00, 0.000000000000000000e+00
1.000000000000000082e-05, 5.545158346700584035e-08
2.000000000000000164e-05, 1.109035108427690307e-07
3.000000000000000415e-05, 1.663557824551705060e-07
4.000000000000000327e-05, 2.218083986317833311e-07
5.000000000000000240e-05, 2.772613596998733496e-07
6.000000000000000152e-05, 3.327146659863997788e-07
7.000000000000000742e-05, 3.881683178180162427e-07
8.000000000000000654e-05, 4.436223155210711951e-07
9.000000000000000567e-05, 4.990766594216085815e-07
1.000000000000000048e-04, 5.545313498453685801e-07
1.100000000000000039e-04, 6.099863871177885550e-07
1.200000000000000030e-04, 6.654417715640033734e-07
1.300000000000000157e-04, 7.208975035088465708e-07
1.400000000000000148e-04, 7.763535832768502447e-07
1.500000000000000140e-04, 8.318100111922465371e-07
1.600000000000000131e-04, 8.872667875789680579e-07
1.700000000000000122e-04, 9.427239127606486263e-07
1.800000000000000113e-04, 9.981813870606231646e-07
1.900000000000000105e-04, 1.053639210801929816e-06
2.000000000000000096e-04, 1.109097384307309203e-06
2.100000000000000087e-04, 1.164555907899206440e-06
2.200000000000000078e-04, 1.220014781899770181e-06
2.300000000000000070e-04, 1.275474006630855368e-06
2.400000000000000061e-04, 1.330933582414021331e-06
2.500000000000000052e-04, 1.386393509570534962e-06
2.600000000000000314e-04, 1.441853788421369867e-06
2.700000000000000577e-04, 1.497314419287207426e-06
2.800000000000000839e-04, 1.552775402488436581e-06
2.900000000000001101e-04, 1.608236738345156588e-06
3.000000000000001363e-04, 1.663698427177175536e-06
3.100000000000001626e-04, 1.719160469304012675e-06
3.200000000000001888e-04, 1.774622865044896937e-06
3.300000000000002150e-04, 1.830085614718769682e-06
3.400000000000002413e-04, 1.885548718644284284e-06
3.500000000000002675e-04, 1.941012177139807603e-06
3.600000000000002937e-04, 1.996475990523419569e-06
3.700000000000003200e-04, 2.051940159112914029e-06
3.800000000000003462e-04, 2.107404683225799163e-06
3.900000000000003724e-04, 2.162869563179298975e-06
4.000000000000003986e-04, 2.218334799290354983e-06
4.100000000000004249e-04, 2.273800391875621561e-06
4.200000000000004511e-04, 2.329266341251474407e-06
4.300000000000004773e-04, 2.384732647734005043e-06
4.400000000000005036e-04, 2.440199311639023349e-06
4.500000000000005298e-04, 2.495666333282058840e-06
4.600000000000005560e-04, 2.551133712978360661e-06
4.700000000000005822e-04, 2.606601451042898014e-06
4.800000000000006085e-04, 2.662069547790360579e-06
4.900000000000006347e-04, 2.717538003535161480e-06
5.000000000000006609e-04, 2.773006818591432628e-06
5.100000000000006872e-04, 2.828475993273031915e-06
5.200000000000007134e-04, 2.883945527893538563e-06
5.300000000000007396e-04, 2.939415422766256083e-06
5.400000000000007658e-04, 2.994885678204212276e-06
5.500000000000007921e-04, 3.050356294520161353e-06
5.600000000000008183e-04, 3.105827272026581392e-06
5.700000000000008445e-04, 3.161298611035677301e-06
5.800000000000008708e-04, 3.216770311859381246e-06
5.900000000000008970e-04, 3.272242374809352224e-06
6.000000000000009232e-04, 3.327714800196977756e-06
6.100000000000009494e-04, 3.383187588333372621e-06
6.200000000000009757e-04, 3.438660739529383087e-06
6.300000000000010019e-04, 3.494134254095583103e-06
6.400000000000010281e-04, 3.549608132342277682e-06
6.500000000000010544e-04, 3.605082374579501636e-06
6.600000000000010806e-04, 3.660556981117023383e-06
6.700000000000011068e-04, 3.716031952264339868e-06
6.800000000000011331e-04, 3.771507288330684611e-06
6.900000000000011593e-04, 3.826982989625020501e-06
7.000000000000011855e-04, 3.882459056456047848e-06
7.100000000000012117e-04, 3.937935489132197608e-06
7.200000000000012380e-04, 3.993412287961636459e-06
7.300000000000012642e-04, 4.048889453252268502e-06
7.400000000000012904e-04, 4.104366985311729327e-06
7.500000000000013167e-04, 4.159844884447397026e-06
7.600000000000013429e-04, 4.215323150966381181e-06
7.700000000000013691e-04, 4.270801785175531336e-06
7.800000000000013953e-04, 4.326280787381434455e-06
7.900000000000014216e-04, 4.381760157890415768e-06
8.000000000000014478e-04, 4.437239897008541312e-06
8.100000000000014740e-04, 4.492720005041615394e-06
8.200000000000015003e-04, 4.548200482295181431e-06
8.300000000000015265e-04, 4.603681329074526192e-06
8.400000000000015527e-04, 4.659162545684676404e-06
8.500000000000015789e-04, 4.714644132430398759e-06
8.600000000000016052e-04, 4.770126089616205835e-06
8.700000000000016314e-04, 4.825608417546351020e-06
8.800000000000016576e-04, 4.881091116524830203e-06
8.900000000000016839e-04, 4.936574186855385165e-06
9.000000000000017101e-04, 4.992057628841499341e-06
9.100000000000017363e-04, 5.047541442786403748e-06
9.200000000000017625e-04, 5.103025628993074449e-06
9.300000000000017888e-04, 5.158510187764233396e-06
9.400000000000018150e-04, 5.213995119402347583e-06
9.500000000000018412e-04, 5.269480424209631592e-06
9.600000000000018675e-04, 5.324966102488048431e-06
9.700000000000018937e-04, 5.380452154539308696e-06
9.800000000000019199e-04, 5.435938580664871412e-06
9.900000000000019462e-04, 5.491425381165943190e-06
1.000000000000001972e-03, 5.546912556343482459e-06
1.010000000000001999e-03, 5.602400106498196080e-06
1.020000000000002025e-03, 5.657888031930541886e-06
1.030000000000002051e-03, 5.713376332940729528e-06
1.040000000000002077e-03, 5.768865009828719633e-06
1.050000000000002104e-03, 5.824354062894223796e-06
1.060000000000002130e-03, 5.879843492436706281e-06
1.070000000000002156e-03, 5.935333298755386559e-06
1.080000000000002182e-03, 5.990823482149235073e-06
1.090000000000002208e-03, 6.046314042916977474e-06
1.100000000000002235e-03, 6.101804981357092078e-06
1.110000000000002261e-03, 6.157296297767815799e-06
1.120000000000002287e-03, 6.212787992447136520e-06
1.130000000000002313e-03, 6.268280065692802417e-06
1.140000000000002340e-03, 6.323772517802314331e-06
1.150000000000002366e-03, 6.379265349072931698e-06
1.160000000000002392e-03, 6.434758559801672550e-06
1.170000000000002418e-03, 6.490252150285310127e-06
1.180000000000002445e-03, 6.545746120820375418e-06
1.190000000000002471e-03, 6.601240471703163088e-06
1.200000000000002497e-03, 6.656735203229722164e-06
1.210000000000002523e-03, 6.712230315695862808e-06
1.220000000000002549e-03, 6.767725809397155475e-06
1.230000000000002576e-03, 6.823221684628931753e-06
1.240000000000002602e-03, 6.878717941686283522e-06
1.250000000000002628e-03, 6.934214580864065492e-06
1.260000000000002654e-03, 6.989711602456890969e-06
1.270000000000002681e-03, 7.045209006759141170e-06
1.280000000000002707e-03, 7.100706794064955063e-06
1.290000000000002733e-03, 7.156204964668239530e-06
1.300000000000002759e-03, 7.211703518862660044e-06
1.310000000000002785e-03, 7.267202456941652536e-06
1.320000000000002812e-03, 7.322701779198411532e-06
1.330000000000002838e-03, 7.378201485925902011e-06
1.340000000000002864e-03, 7.433701577416852630e-06
1.350000000000002890e-03, 7.489202053963755725e-06
1.360000000000002917e-03, 7.544702915858874932e-06
1.370000000000002943e-03, 7.600204163394235870e-06
1.380000000000002969e-03, 7.655705796861634615e-06
1.390000000000002995e-03, 7.711207816552635152e-06
1.400000000000003022e-03, 7.766710222758569382e-06
1.410000000000003048e-03, 7.822213015770538812e-06
1.420000000000003074e-03, 7.877716195879411168e-06
1.430000000000003100e-03, 7.933219763375827171e-06
1.440000000000003126e-03, 7.988723718550195456e-06
1.450000000000003153e-03, 8.044228061692695956e-06
1.460000000000003179e-03, 8.099732793093279910e-06
1.470000000000003205e-03, 8.155237913041669853e-06
1.480000000000003231e-03, 8.210743421827359625e-06
1.490000000000003258e-03, 8.266249319739617753e-06
1.500000000000003284e-03, 8.321755607067477290e-06
1.510000000000003310e-03, 8.377262284099756142e-06
1.520000000000003336e-03, 8.432769351125038435e-06
1.530000000000003363e-03, 8.488276808431684676e-06
1.540000000000003389e-03, 8.543784656307824981e-06
1.550000000000003415e-03, 8.599292895041369238e-06
1.560000000000003441e-03, 8.654801524920007104e-06
1.570000000000003467e-03, 8.710310546231191068e-06
1.580000000000003494e-03, 8.765819959262160168e-06
1.590000000000003520e-03, 8.821329764299929823e-06
1.600000000000003546e-03, 8.876839961631281673e-06
1.610000000000003572e-03, 8.932350551542787292e-06
1.620000000000003599e-03, 8.987861534320784474e-06
1.630000000000003625e-03, 9.043372910251404337e-06
1.640000000000003651e-03, 9.098884679620544217e-06
1.650000000000003677e-03, 9.154396842713877834e-06
1.660000000000003703e-03, 9.209909399816868845e-06
1.670000000000003730e-03, 9.265422351214757288e-06
1.680000000000003756e-03, 9.320935697192559585e-06
1.690000000000003782e-03, 9.376449438035078707e-06
1.700000000000003808e-03, 9.431963574026890618e-06
1.710000000000003835e-03, 9.487478105452357832e-06
1.720000000000003861e-03, 9.542993032595626022e-06
1.730000000000003887e-03, 9.598508355740617242e-06
1.740000000000003913e-03, 9.654024075171043485e-06
1.750000000000003940e-03, 9.709540191170393125e-06
1.760000000000003966e-03, 9.765056704021941086e-06
1.770000000000003992e-03, 9.820573614008745448e-06
1.780000000000004018e-03, 9.876090921413647455e-06
1.790000000000004044e-03, 9.931608626519278284e-06
1.800000000000004071e-03, 9.987126729608045495e-06
1.810000000000004097e-03, 1.004264523096214658e-05
1.820000000000004123e-03, 1.009816413086356899e-05
1.830000000000004149e-03, 1.015368342959407313e-05
1.840000000000004176e-03, 1.020920312743522292e-05
1.850000000000004202e-03, 1.026472322466835190e-05
1.860000000000004228e-03, 1.032024372157459707e-05
1.870000000000004254e-03, 1.037576461843486843e-05
1.880000000000004281e-03, 1.043128591552987609e-05
1.890000000000004307e-03, 1.048680761314010994e-05
1.900000000000004333e-03, 1.054232971154585656e-05
1.910000000000004359e-03, 1.059785221102718231e-05
1.920000000000004385e-03, 1.065337511186395028e-05
1.930000000000004412e-03, 1.070889841433581007e-05
1.940000000000004438e-03, 1.076442211872220463e-05
1.950000000000004464e-03, 1.081994622530236347e-05
1.960000000000004274e-03, 1.087547073435530939e-05
1.970000000000004300e-03, 1.093099564614927740e-05
1.980000000000004326e-03, 1.098652096091684581e-05
1.990000000000004352e-03, 1.104204667889043368e-05
2.000000000000004378e-03, 1.109757280030231100e-05
2.010000000000004405e-03, 1.115309932538458174e-05
2.020000000000004431e-03, 1.120862625436920756e-05
2.030000000000004457e-03, 1.126415358748798750e-05
2.040000000000004483e-03, 1.131968132497256136e-05
2.050000000000004510e-03, 1.137520946705442662e-05
2.060000000000004536e-03, 1.143073801396491476e-05
2.070000000000004562e-03, 1.148626696593521496e-05
2.080000000000004588e-03, 1.154179632319635037e-05
2.090000000000004615e-03, 1.159732608597919844e-05
2.100000000000004641e-03, 1.165285625451447742e-05
2.110000000000004667e-03, 1.170838682903275643e-05
2.120000000000004693e-03, 1.176391780976445216e-05
2.130000000000004719e-03, 1.181944919693982543e-05
2.140000000000004746e-03, 1.187498099078898799e-05
2.150000000000004772e-03, 1.193051319154189912e-05
2.160000000000004798e-03, 1.198604579942836564e-05
2.170000000000004824e-03, 1.204157881467803850e-05
2.180000000000004851e-03, 1.209711223752042297e-05
2.190000000000004877e-03, 1.215264606818487187e-05
2.200000000000004903e-03, 1.220818030690058215e-05
2.210000000000004929e-03, 1.226371495389660844e-05
2.220000000000004955e-03, 1.231925000940184278e-05
2.230000000000004982e-03, 1.237478547364503826e-05
2.240000000000005008e-03, 1.243032134685479553e-05
2.250000000000005034e-03, 1.248585762925955938e-05
2.260000000000005060e-03, 1.254139432108763228e-05
2.270000000000005087e-03, 1.259693142256716087e-05
2.280000000000005113e-03, 1.265246893392614609e-05
2.290000000000005139e-03, 1.270800685539244319e-05
2.300000000000005165e-03, 1.276354518719374817e-05
2.310000000000005192e-03, 1.281908392955762153e-05
2.320000000000005218e-03, 1.287462308271146789e-05
2.330000000000005244e-03, 1.293016264688254281e-05
2.340000000000005270e-03, 1.298570262229795952e-05
2.350000000000005296e-03, 1.304124300918467883e-05
2.360000000000005323e-03, 1.309678380776951242e-05
2.370000000000005349e-03, 1.315232501827912972e-05
2.380000000000005375e-03, 1.320786664094005443e-05
2.390000000000005401e-03, 1.326340867597865780e-05
2.400000000000005428e-03, 1.331895112362116878e-05
2.410000000000005454e-03, 1.337449398409366724e-05
2.420000000000005480e-03, 1.343003725762208736e-05
2.430000000000005506e-03, 1.348558094443222441e-05
2.440000000000005533e-03, 1.354112504474971441e-05
2.450000000000005559e-03, 1.359666955880005786e-05
2.460000000000005585e-03, 1.365221448680861297e-05
2.470000000000005611e-03, 1.370775982900057867e-05
2.480000000000005637e-03, 1.376330558560102858e-05
2.490000000000005664e-03, 1.381885175683487365e-05
2.500000000000005690e-03, 1.387439834292689271e-05
2.510000000000005716e-03, 1.392994534410171212e-05
2.520000000000005742e-03, 1.398549276058382102e-05
2.530000000000005769e-03, 1.404104059259755949e-05
2.540000000000005795e-03, 1.409658884036713036e-05
2.550000000000005821e-03, 1.415213750411659079e-05
2.560000000000005847e-03, 1.420768658406985224e-05
2.570000000000005873e-03, 1.426323608045068727e-05
2.580000000000005900e-03, 1.431878599348271935e-05
2.590000000000005926e-03, 1.437433632338943643e-05
2.600000000000005952e-03, 1.442988707039418415e-05
2.610000000000005978e-03, 1.448543823472015910e-05
2.620000000000006005e-03, 1.454098981659042569e-05
2.630000000000006031e-03, 1.459654181622789929e-05
2.640000000000006057e-03, 1.465209423385535464e-05
2.650000000000006083e-03, 1.470764706969542927e-05
2.660000000000006110e-03, 1.476320032397062010e-05
2.670000000000006136e-03, 1.481875399690328005e-05
2.680000000000006162e-03, 1.487430808871562314e-05
2.690000000000006188e-03, 1.492986259962972108e-05
2.700000000000006214e-03, 1.498541752986750836e-05
2.710000000000006241e-03, 1.504097287965077885e-05
2.720000000000006267e-03, 1.509652864920118415e-05
2.730000000000006293e-03, 1.515208483874024370e-05
2.740000000000006319e-03, 1.520764144848932786e-05
2.750000000000006346e-03, 1.526319847866967316e-05
2.760000000000006372e-03, 1.531875592950238232e-05
2.770000000000006398e-03, 1.537431380120840896e-05
2.780000000000006424e-03, 1.542987209400857457e-05
2.790000000000006451e-03, 1.548543080812356850e-05
2.800000000000006477e-03, 1.554098994377392425e-05
2.810000000000006503e-03, 1.559654950118005335e-05
2.820000000000006529e-03, 1.565210948056222501e-05
2.830000000000006555e-03, 1.570766988214057294e-05
2.840000000000006582e-03, 1.576323070613508854e-05
2.850000000000006608e-03, 1.581879195276563105e-05
2.860000000000006634e-03, 1.587435362225192084e-05
2.870000000000006660e-03, 1.592991571481354272e-05
2.880000000000006687e-03, 1.598547823066994599e-05
2.890000000000006713e-03, 1.604104117004043765e-05
2.900000000000006739e-03, 1.609660453314419593e-05
2.910000000000006765e-03, 1.615216832020026694e-05
2.920000000000006792e-03, 1.620773253142754434e-05
2.930000000000006818e-03, 1.626329716704480655e-05
2.940000000000006844e-03, 1.631886222727068296e-05
2.950000000000006870e-03, 1.637442771232367419e-05
2.960000000000006896e-03, 1.642999362242214531e-05
2.970000000000006923e-03, 1.648555995778432592e-05
2.980000000000006949e-03, 1.654112671862831003e-05
2.990000000000006975e-03, 1.659669390517206296e-05
3.000000000000007001e-03, 1.665226151763340770e-05
3.010000000000007028e-03, 1.670782955623003509e-05
3.020000000000007054e-03, 1.676339802117951403e-05
3.030000000000007080e-03, 1.681896691269927109e-05
3.040000000000007106e-03, 1.687453623100659394e-05
3.050000000000007132e-03, 1.693010597631864489e-05
3.060000000000007159e-03, 1.698567614885245072e-05
3.070000000000007185e-03, 1.704124674882491285e-05
3.080000000000007211e-03, 1.709681777645278363e-05
3.090000000000007237e-03, 1.715238923195270019e-05
3.100000000000007264e-03, 1.720796111554116078e-05
3.110000000000007290e-03, 1.726353342743453488e-05
3.120000000000007316e-03, 1.731910616784904967e-05
3.130000000000007342e-03, 1.737467933700081714e-05
3.140000000000007369e-03, 1.743025293510580697e-05
3.150000000000007395e-03, 1.748582696237986349e-05
3.160000000000007421e-03, 1.754140141903869548e-05
3.170000000000007447e-03, 1.759697630529787963e-05
3.180000000000007473e-03, 1.765255162137286722e-05
3.190000000000007500e-03, 1.770812736747897742e-05
3.200000000000007526e-03, 1.776370354383139725e-05
3.210000000000007552e-03, 1.781928015064519177e-05
3.220000000000007578e-03, 1.787485718813528713e-05
3.230000000000007605e-03, 1.793043465651648408e-05
3.240000000000007631e-03, 1.798601255600345468e-05
3.250000000000007657e-03, 1.804159088681073203e-05
3.260000000000007683e-03, 1.809716964915273745e-05
3.270000000000007710e-03, 1.815274884324375671e-05
3.280000000000007736e-03, 1.820832846929793330e-05
3.290000000000007762e-03, 1.826390852752929889e-05
3.300000000000007788e-03, 1.831948901815175980e-05
3.310000000000007814e-03, 1.837506994137908003e-05
3.320000000000007841e-03, 1.843065129742489823e-05
3.330000000000007867e-03, 1.848623308650273447e-05
3.340000000000007893e-03, 1.854181530882596991e-05
3.350000000000007919e-03, 1.859739796460787049e-05
3.360000000000007946e-03, 1.865298105406157004e-05
3.370000000000007972e-03, 1.870856457740007023e-05
3.380000000000007998e-03, 1.876414853483625417e-05
3.390000000000008024e-03, 1.881973292658287281e-05
3.400000000000008051e-03, 1.887531775285254836e-05
3.410000000000008077e-03, 1.893090301385779123e-05
3.420000000000008103e-03, 1.898648870981096612e-05
3.430000000000008129e-03, 1.904207484092431917e-05
3.440000000000008155e-03, 1.909766140740997453e-05
3.450000000000008182e-03, 1.915324840947993439e-05
3.460000000000008208e-03, 1.920883584734606539e-05
3.470000000000008234e-03, 1.926442372122011900e-05
3.480000000000008260e-03, 1.932001203131371116e-05
3.490000000000008287e-03, 1.937560077783833921e-05
3.500000000000008313e-03, 1.943118996100537516e-05
3.510000000000008339e-03, 1.948677958102606900e-05
3.520000000000008365e-03, 1.954236963811154201e-05
3.530000000000008391e-03, 1.959796013247279349e-05
3.540000000000008418e-03, 1.965355106432069738e-05
3.550000000000008444e-03, 1.970914243386600562e-05
3.560000000000008470e-03, 1.976473424131934821e-05
3.570000000000008496e-03, 1.982032648689122640e-05
3.580000000000008523e-03, 1.987591917079203300e-05
3.590000000000008549e-03, 1.993151229323201175e-05
3.600000000000008575e-03, 1.998710585442130475e-05
3.610000000000008601e-03, 2.004269985456991857e-05
3.620000000000008628e-03, 2.009829429388775138e-05
3.630000000000008654e-03, 2.015388917258456578e-05
3.640000000000008680e-03, 2.020948449087000922e-05
3.650000000000008706e-03, 2.026508024895360715e-05
3.660000000000008732e-03, 2.032067644704476305e-05
3.670000000000008759e-03, 2.037627308535275506e-05
3.680000000000008785e-03, 2.043187016408673932e-05
3.690000000000008811e-03, 2.048746768345575679e-05
3.700000000000008837e-03, 2.054306564366871967e-05
3.710000000000008864e-03, 2.059866404493442837e-05
3.720000000000008890e-03, 2.065426288746155113e-05
3.730000000000008916e-03, 2.070986217145864443e-05
3.740000000000008942e-03, 2.076546189713414272e-05
3.750000000000008969e-03, 2.082106206469636531e-05
3.760000000000008995e-03, 2.087666267435349255e-05
3.770000000000009021e-03, 2.093226372631360317e-05
3.780000000000009047e-03, 2.098786522078465393e-05
3.790000000000009073e-03, 2.104346715797447622e-05
3.800000000000009100e-03, 2.109906953809077945e-05
3.810000000000009126e-03, 2.115467236134116125e-05
3.820000000000009152e-03, 2.121027562793310062e-05
3.830000000000009178e-03, 2.126587933807394786e-05
3.840000000000009205e-03, 2.132148349197094482e-05
3.850000000000009231e-03, 2.137708808983121138e-05
3.860000000000009257e-03, 2.143269313186174546e-05
3.870000000000009283e-03, 2.148829861826943654e-05
3.880000000000009309e-03, 2.154390454926104198e-05
3.890000000000009336e-03, 2.159951092504320394e-05
3.900000000000009362e-03, 2.165511774582246294e-05
3.910000000000008955e-03, 2.171072501180522056e-05
3.920000000000008547e-03, 2.176633272319777339e-05
3.930000000000008140e-03, 2.182194088020629602e-05
3.940000000000007732e-03, 2.187754948303684445e-05
3.950000000000007325e-03, 2.193315853189537306e-05
3.960000000000006917e-03, 2.198876802698769729e-05
3.970000000000006510e-03, 2.204437796851952080e-05
3.980000000000006102e-03, 2.209998835669643881e-05
3.990000000000005695e-03, 2.215559919172393474e-05
4.000000000000005287e-03, 2.221121047380735986e-05
4.010000000000004880e-03, 2.226682220315195703e-05
4.020000000000004473e-03, 2.232243437996285731e-05
4.030000000000004065e-03, 2.237804700444506978e-05
4.040000000000003658e-03, 2.243366007680349170e-05
4.050000000000003250e-03, 2.248927359724290514e-05
4.060000000000002843e-03, 2.254488756596797360e-05
4.070000000000002435e-03, 2.260050198318324199e-05
4.080000000000002028e-03, 2.265611684909315355e-05
4.090000000000001620e-03, 2.271173216390201942e-05
4.100000000000001213e-03, 2.276734792781405923e-05
4.110000000000000805e-03, 2.282296414103335034e-05
4.120000000000000398e-03, 2.287858080376387520e-05
4.129999999999999991e-03, 2.293419791620950111e-05
4.139999999999999583e-03, 2.298981547857397337e-05
4.149999999999999176e-03, 2.304543349106092886e-05
4.159999999999998768e-03, 2.310105195387387910e-05
4.169999999999998361e-03, 2.315667086721624415e-05
4.179999999999997953e-03, 2.321229023129131190e-05
4.189999999999997546e-03, 2.326791004630226524e-05
4.199999999999997138e-03, 2.332353031245217183e-05
4.209999999999996731e-03, 2.337915102994399434e-05
4.219999999999996323e-03, 2.343477219898055987e-05
4.229999999999995916e-03, 2.349039381976461086e-05
4.239999999999995509e-03, 2.354601589249876096e-05
4.249999999999995101e-03, 2.360163841738550526e-05
4.259999999999994694e-03, 2.365726139462725415e-05
4.269999999999994286e-03, 2.371288482442627230e-05
4.279999999999993879e-03, 2.376850870698474311e-05
4.289999999999993471e-03, 2.382413304250471104e-05
4.299999999999993064e-03, 2.387975783118812906e-05
4.309999999999992656e-03, 2.393538307323682480e-05
4.319999999999992249e-03, 2.399100876885253101e-05
4.329999999999991842e-03, 2.404663491823685510e-05
4.339999999999991434e-03, 2.410226152159129602e-05
4.349999999999991027e-03, 2.415788857911724434e-05
4.359999999999990619e-03, 2.421351609101597541e-05
4.369999999999990212e-03, 2.426914405748866295e-05
4.379999999999989804e-03, 2.432477247873636548e-05
4.389999999999989397e-03, 2.438040135496003308e-05
4.399999999999988989e-03, 2.443603068636049727e-05
4.409999999999988582e-03, 2.449166047313849131e-05
4.419999999999988174e-03, 2.454729071549463664e-05
4.429999999999987767e-03, 2.460292141362943274e-05
4.439999999999987360e-03, 2.465855256774328422e-05
4.449999999999986952e-03, 2.471418417803647710e-05
4.459999999999986545e-03, 2.476981624470919914e-05
4.469999999999986137e-03, 2.482544876796151614e-05
4.479999999999985730e-03, 2.488108174799339903e-05
4.489999999999985322e-03, 2.493671518500468660e-05
4.499999999999984915e-03, 2.499234907919513970e-05
4.509999999999984507e-03, 2.504798343076438706e-05
4.519999999999984100e-03, 2.510361823991195916e-05
4.529999999999983692e-03, 2.515925350683727464e-05
4.539999999999983285e-03, 2.521488923173964715e-05
4.549999999999982878e-03, 2.527052541481828189e-05
4.559999999999982470e-03, 2.532616205627227565e-05
4.569999999999982063e-03, 2.538179915630061001e-05
4.579999999999981655e-03, 2.543743671510217849e-05
4.589999999999981248e-03, 2.549307473287574922e-05
4.599999999999980840e-03, 2.554871320981998191e-05
4.609999999999980433e-03, 2.560435214613344821e-05
4.619999999999980025e-03, 2.565999154201459097e-05
4.629999999999979618e-03, 2.571563139766176162e-05
4.639999999999979211e-03, 2.577127171327320312e-05
4.649999999999978803e-03, 2.582691248904704325e-05
4.659999999999978396e-03, 2.588255372518131494e-05
4.669999999999977988e-03, 2.593819542187392912e-05
4.679999999999977581e-03, 2.599383757932270864e-05
4.689999999999977173e-03, 2.604948019772535439e-05
4.699999999999976766e-03, 2.610512327727947237e-05
4.709999999999976358e-03, 2.616076681818256018e-05
4.719999999999975951e-03, 2.621641082063200698e-05
4.729999999999975543e-03, 2.627205528482510368e-05
4.739999999999975136e-03, 2.632770021095902263e-05
4.749999999999974729e-03, 2.638334559923085143e-05
4.759999999999974321e-03, 2.643899144983754559e-05
4.769999999999973914e-03, 2.649463776297598605e-05
4.779999999999973506e-03, 2.655028453884292162e-05
4.789999999999973099e-03, 2.660593177763501642e-05
4.799999999999972691e-03, 2.666157947954881936e-05
4.809999999999972284e-03, 2.671722764478077770e-05
4.819999999999971876e-03, 2.677287627352723708e-05
4.829999999999971469e-03, 2.682852536598443469e-05
4.839999999999971061e-03, 2.688417492234850949e-05
4.849999999999970654e-03, 2.693982494281549201e-05
4.859999999999970247e-03, 2.699547542758131113e-05
4.869999999999969839e-03, 2.705112637684178731e-05
4.879999999999969432e-03, 2.710677779079264616e-05
4.889999999999969024e-03, 2.716242966962950485e-05
4.899999999999968617e-03, 2.721808201354788229e-05
4.909999999999968209e-03, 2.727373482274318223e-05
4.919999999999967802e-03, 2.732938809741072028e-05
4.929999999999967394e-03, 2.738504183774570367e-05
4.939999999999966987e-03, 2.744069604394323118e-05
4.949999999999966580e-03, 2.749635071619831013e-05
4.959999999999966172e-03, 2.755200585470583263e-05
4.969999999999965765e-03, 2.760766145966060271e-05
4.979999999999965357e-03, 2.766331753125731259e-05
4.989999999999964950e-03, 2.771897406969055285e-05
4.999999999999964542e-03, 2.777463107515481917e-05
5.009999999999964135e-03, 2.783028854784449886e-05
6.009999999999964156e-03, 3.340152786701062841e-05
7.009999999999964176e-03, 3.897799991346109527e-05
8.009999999999965065e-03, 4.455985589819118630e-05
9.009999999999965953e-03, 5.014723541492280496e-05
1.000999999999996684e-02, 5.574027150247596300e-05
1.100999999999996773e-02, 6.133908068197538636e-05
1.200999999999996862e-02, 6.694377687795260632e-05
1.300999999999996951e-02, 7.255447154370913288e-05
1.400999999999997039e-02, 7.817126333472916577e-05
1.500999999999997128e-02, 8.379425511335897693e-05
1.600999999999997217e-02, 8.942355458923479327e-05
1.700999999999997306e-02, 9.505926698182561670e-05
1.800999999999997395e-02, 1.007014947225173032e-04
1.900999999999997483e-02, 1.063503229436681959e-04
2.000999999999997572e-02, 1.120058283332585884e-04
2.100999999999997661e-02, 1.176680867234043763e-04
2.200999999999997750e-02, 1.233371731280501736e-04
2.300999999999997839e-02, 1.290131542314941460e-04
2.400999999999997928e-02, 1.346961015046552255e-04
2.500999999999998016e-02, 1.403860893990653200e-04
2.600999999999998105e-02, 1.460831914558227435e-04
2.700999999999998194e-02, 1.517874803332909799e-04
2.800999999999998283e-02, 1.574990278344471945e-04
2.900999999999998372e-02, 1.632179049338518988e-04
3.000999999999998460e-02, 1.689441818041731707e-04
3.100999999999998549e-02, 1.746779276891328233e-04
3.200999999999998291e-02, 1.804192016987282981e-04
3.300999999999998380e-02, 1.861680570438249964e-04
3.400999999999998469e-02, 1.919245466975231628e-04
3.500999999999998558e-02, 1.976887234235439239e-04
3.600999999999998646e-02, 2.034606353268442007e-04
3.700999999999998735e-02, 2.092403328209247869e-04
3.800999999999998824e-02, 2.150278691448220716e-04
3.900999999999998913e-02, 2.208232972761907072e-04
4.000999999999999002e-02, 2.266266699298647650e-04
4.100999999999999091e-02, 2.324380395576321125e-04
4.200999999999999179e-02, 2.382574583490192945e-04
4.300999999999999268e-02, 2.440849782329136350e-04
4.400999999999999357e-02, 2.499206508798787409e-04
4.500999999999999446e-02, 2.557645277050388591e-04
4.600999999999999535e-02, 2.616166598714291967e-04
4.700999999999999623e-02, 2.674770982937247905e-04
4.800999999999999712e-02, 2.733458936422724652e-04
4.900999999999999801e-02, 2.752607821951277779e-04
5.000999999999999890e-02, 2.755945200081078537e-04
5.100999999999999979e-02, 2.759324266412318378e-04
5.201000000000000068e-02, 2.762743204616977238e-04
5.301000000000000156e-02, 2.766200435767564520e-04
5.401000000000000245e-02, 2.769694454008117296e-04
5.501000000000000334e-02, 2.773223828308542965e-04
5.601000000000000423e-02, 2.776787239282004329e-04
5.701000000000000512e-02, 2.780383529266319126e-04
5.801000000000000600e-02, 2.784011780328150593e-04
5.901000000000000689e-02, 2.787671169049885881e-04
6.001000000000000778e-02, 2.791360901408006722e-04
6.101000000000000867e-02, 2.795080212261690238e-04
6.201000000000000956e-02, 2.798828364389165709e-04
6.301000000000001044e-02, 2.802604647303771229e-04
6.401000000000001133e-02, 2.806408375980248165e-04
6.501000000000001222e-02, 2.810238889565228504e-04
6.601000000000001311e-02, 2.814095618944573835e-04
6.701000000000001400e-02, 2.817978127993068897e-04
6.801000000000001489e-02, 2.821886025857759306e-04
6.901000000000001577e-02, 2.825818929871880031e-04
7.001000000000001666e-02, 2.829776465822054859e-04
7.101000000000001755e-02, 2.833758268060079257e-04
7.201000000000001844e-02, 2.837763979504768943e-04
7.301000000000001933e-02, 2.841793251566181199e-04
7.401000000000002021e-02, 2.845846269810468855e-04
7.501000000000002110e-02, 2.849922533000000865e-04
7.601000000000002199e-02, 2.854021318847750491e-04
7.701000000000002288e-02, 2.858141926424136430e-04
7.801000000000002377e-02, 2.862283666194922766e-04
7.901000000000002466e-02, 2.866445701200290015e-04
8.001000000000002554e-02, 2.870627498732299544e-04
8.101000000000002643e-02, 2.874828598899322450e-04
8.201000000000002732e-02, 2.879048553551134663e-04
8.301000000000002821e-02, 2.883286925934297321e-04
8.401000000000002910e-02, 2.887543290344454761e-04
8.501000000000002998e-02, 2.891817231779964447e-04
8.601000000000003087e-02, 2.896108345600028515e-04
8.701000000000003176e-02, 2.900416237189645482e-04
8.801000000000003265e-02, 2.904740521632939590e-04
8.901000000000003354e-02, 2.909080823395993726e-04
9.001000000000003443e-02, 2.913436776019860284e-04
9.101000000000003531e-02, 2.917808021824157098e-04
9.201000000000003620e-02, 2.922194211621443054e-04
9.301000000000003709e-02, 2.926595004442370126e-04
9.401000000000003798e-02, 2.931010067271529445e-04
9.501000000000003887e-02, 2.935439074793792444e-04
9.601000000000003975e-02, 2.939881709150884699e-04
9.701000000000004064e-02, 2.944337673279661728e-04
9.801000000000004153e-02, 2.948806738208350890e-04
9.901000000000004242e-02, 2.953288702210623944e-04
1.000100000000000433e-01, 2.957783367692536644e-04
1.010100000000000442e-01, 2.962290541141549016e-04
1.020100000000000451e-01, 2.966810033071368190e-04
1.030100000000000460e-01, 2.971341657963587433e-04
1.040100000000000469e-01, 2.975885234206981662e-04
1.050100000000000477e-01, 2.980440584035118660e-04
1.060100000000000486e-01, 2.985007533462841092e-04
1.070100000000000495e-01, 2.989585912222134860e-04
1.080100000000000504e-01, 2.994175553697720990e-04
1.090100000000000513e-01, 2.998776294862726664e-04
1.100100000000000522e-01, 3.003387976214700488e-04
1.110100000000000531e-01, 3.008010441712168233e-04
1.120100000000000540e-01, 3.012643538711932880e-04
1.130100000000000549e-01, 3.017287117907237149e-04
1.140100000000000557e-01, 3.021941033266921871e-04
1.150100000000000566e-01, 3.026605141975671266e-04
1.160100000000000575e-01, 3.031279304375393926e-04
1.170100000000000584e-01, 3.035963383907825698e-04
1.180100000000000593e-01, 3.040657247058363129e-04
1.190100000000000602e-01, 3.045360763301182237e-04
1.200100000000000611e-01, 3.050073805045636099e-04
1.210100000000000620e-01, 3.054796247583954562e-04
1.220100000000000628e-01, 3.059527648176374589e-04
1.230100000000000637e-01, 3.064268039302723385e-04
1.240100000000000646e-01, 3.069017685888665906e-04
1.250100000000000655e-01, 3.073776840964919732e-04
1.260100000000000664e-01, 3.078545746549809733e-04
1.270100000000000673e-01, 3.083324634449693871e-04
1.280100000000000682e-01, 3.088113726986598385e-04
1.290100000000000691e-01, 3.092913237661122855e-04
1.300100000000000700e-01, 3.097723371757664075e-04
1.310100000000000708e-01, 3.102544326898057933e-04
1.320100000000000717e-01, 3.107376293549011506e-04
1.330100000000000726e-01, 3.112219455488028641e-04
1.340100000000000735e-01, 3.117073990231962553e-04
1.350100000000000744e-01, 3.121940069431846472e-04
1.360100000000000753e-01, 3.126817859237249002e-04
1.370100000000000762e-01, 3.131707520633000212e-04
1.380100000000000771e-01, 3.136609209750860724e-04
1.390100000000000779e-01, 3.141523078158386245e-04
1.400100000000000788e-01, 3.146449273127031789e-04
1.410100000000000797e-01, 3.151387937881302962e-04
1.420100000000000806e-01, 3.156339211830597961e-04
1.430100000000000815e-01, 3.161303230785184439e-04
1.440100000000000824e-01, 3.166280127157654030e-04
1.450100000000000833e-01, 3.171270030151022209e-04
1.460100000000000842e-01, 3.176273065934567992e-04
1.470100000000000851e-01, 3.181289357808374089e-04
1.480100000000000859e-01, 3.186319026357455997e-04
1.490100000000000868e-01, 3.191362189596276934e-04
1.500100000000000877e-01, 3.196418963104385872e-04
1.510100000000000886e-01, 3.201489460153837847e-04
1.520100000000000895e-01, 3.206573791828994514e-04
1.530100000000000904e-01, 3.211672067139272491e-04
1.540100000000000913e-01, 3.216784393125340425e-04
1.550100000000000922e-01, 3.221910874959220666e-04
1.560100000000000930e-01, 3.227051616038725443e-04
1.570100000000000939e-01, 3.232206718076630330e-04
1.580100000000000948e-01, 3.237376281184917832e-04
1.590100000000000957e-01, 3.242560403954445106e-04
1.600100000000000966e-01, 3.247759183530322578e-04
1.610100000000000975e-01, 3.252972715683299433e-04
1.620100000000000984e-01, 3.258201094877398864e-04
1.630100000000000993e-01, 3.263444414334055674e-04
1.640100000000001002e-01, 3.268702766092968209e-04
1.650100000000001010e-01, 3.273976241069876574e-04
1.660100000000001019e-01, 3.279264929111455249e-04
1.670100000000001028e-01, 3.284568919047482186e-04
1.680100000000001037e-01, 3.289888298740483883e-04
1.690100000000001046e-01, 3.295223155132965404e-04
1.700100000000001055e-01, 3.300573574292393376e-04
1.710100000000001064e-01, 3.305939641454063728e-04
1.720100000000001073e-01, 3.311321441061955504e-04
1.730100000000001081e-01, 3.316719056807716608e-04
1.740100000000001090e-01, 3.322132571667859528e-04
1.750100000000001099e-01, 3.327562067939284678e-04
1.760100000000001108e-01, 3.333007627273214843e-04
1.770100000000001117e-01, 3.338469330707637757e-04
1.780100000000001126e-01, 3.343947258698324590e-04
1.790100000000001135e-01, 3.349441491148515940e-04
1.800100000000001144e-01, 3.354952107437330646e-04
1.810100000000001153e-01, 3.360479186446978716e-04
1.820100000000001161e-01, 3.366022806588841814e-04
1.830100000000001170e-01, 3.371583045828459237e-04
1.840100000000001179e-01, 3.377159981709503423e-04
1.850100000000001188e-01, 3.382753691376777505e-04
1.860100000000001197e-01, 3.388364251598296171e-04
1.870100000000001206e-01, 3.393991738786478023e-04
1.880100000000001215e-01, 3.399636229018523697e-04
1.890100000000001224e-01, 3.405297798055989512e-04
1.900100000000001232e-01, 3.410976521363608127e-04
1.910100000000001241e-01, 3.416672474127398522e-04
1.920100000000001250e-01, 3.422385731272092912e-04
1.930100000000001259e-01, 3.428116367477910989e-04
1.940100000000001268e-01, 3.433864457196722118e-04
1.950100000000001277e-01, 3.439630074667607436e-04
1.960100000000001286e-01, 3.445413293931869005e-04
1.970100000000001295e-01, 3.451214188847500112e-04
1.980100000000001303e-01, 3.457032833103141668e-04
1.990100000000001312e-01, 3.462869300231553957e-04
2.000100000000001321e-01, 3.468723663622619476e-04
2.010100000000001330e-01, 3.474595996535902870e-04
2.020100000000001339e-01, 3.480486372112781535e-04
2.030100000000001348e-01, 3.486394863388173971e-04
2.040100000000001357e-01, 3.492321543301875656e-04
2.050100000000001366e-01, 3.498266484709530093e-04
2.060100000000001375e-01, 3.504229760393230133e-04
2.070100000000001383e-01, 3.510211443071794592e-04
2.080100000000001392e-01, 3.516211605410709835e-04
2.090100000000001401e-01, 3.522230320031761834e-04
2.100100000000001410e-01, 3.528267659522367353e-04
2.110100000000001419e-01, 3.534323696444623781e-04
2.120100000000001428e-01, 3.540398503344080331e-04
2.130100000000001437e-01, 3.546492152758244686e-04
2.140100000000001446e-01, 3.552604717224842998e-04
2.150100000000001454e-01, 3.558736269289832139e-04
2.160100000000001463e-01, 3.564886881515185900e-04
2.170100000000001472e-01, 3.571056626486452962e-04
2.180100000000001481e-01, 3.577245576820100746e-04
2.190100000000001490e-01, 3.583453805170665717e-04
2.200100000000001499e-01, 3.589681384237685237e-04
2.210100000000001508e-01, 3.595928386772462445e-04
2.220100000000001517e-01, 3.602194885584634348e-04
2.230100000000001526e-01, 3.608480953548568078e-04
2.240100000000001534e-01, 3.614786663609598303e-04
2.250100000000001543e-01, 3.621112088790091714e-04
2.260100000000001552e-01, 3.627457302195358636e-04
2.270100000000001561e-01, 3.633822377019422069e-04
2.280100000000001570e-01, 3.640207386550632228e-04
2.290100000000001579e-01, 3.646612404177154774e-04
2.300100000000001588e-01, 3.653037503392319186e-04
2.310100000000001597e-01, 3.659482757799840816e-04
2.320100000000001605e-01, 3.665948241118910681e-04
2.330100000000001614e-01, 3.672434027189189838e-04
2.340100000000001623e-01, 3.678940189975667152e-04
2.350100000000001632e-01, 3.685466803573413520e-04
2.360100000000001641e-01, 3.692013942212234731e-04
2.370100000000001650e-01, 3.698581680261217521e-04
2.380100000000001659e-01, 3.705170092233180763e-04
2.390100000000001668e-01, 3.711779252789029087e-04
2.400100000000001677e-01, 3.718409236742013248e-04
2.410100000000001685e-01, 3.725060119061911353e-04
2.420100000000001694e-01, 3.731731974879114676e-04
2.430100000000001703e-01, 3.738424879488639208e-04
2.440100000000001712e-01, 3.745138908354052093e-04
2.450100000000001721e-01, 3.751874137111325968e-04
2.460100000000001730e-01, 3.758630641572621744e-04
2.470100000000001739e-01, 3.765408497729994951e-04
2.480100000000001748e-01, 3.772207781759039200e-04
2.490100000000001756e-01, 3.779028570022460796e-04
2.500100000000001765e-01, 3.785870939073588304e-04
2.510100000000001774e-01, 3.792734965659823559e-04
2.520100000000001783e-01, 3.799620726726032514e-04
2.530100000000001792e-01, 3.806528299417882952e-04
2.540100000000001801e-01, 3.813457761085119321e-04
2.550100000000001810e-01, 3.820409189284786609e-04
2.560100000000001819e-01, 3.827382661784407597e-04
2.570100000000001828e-01, 3.834378256565107532e-04
2.580100000000001836e-01, 3.841396051824687839e-04
2.590100000000001845e-01, 3.848436125980655921e-04
2.600100000000001854e-01, 3.855498557673220817e-04
2.610100000000001863e-01, 3.862583425768217828e-04
2.620100000000001872e-01, 3.869690809360023945e-04
2.630100000000001881e-01, 3.876820787774412549e-04
2.640100000000001890e-01, 3.883973440571376673e-04
2.650100000000001899e-01, 3.891148847547911066e-04
2.660100000000001907e-01, 3.898347088740766069e-04
2.670100000000001916e-01, 3.905568244429152695e-04
2.680100000000001925e-01, 3.912812395137425488e-04
2.690100000000001934e-01, 3.920079621637734485e-04
2.700100000000001943e-01, 3.927370004952630551e-04
2.710100000000001952e-01, 3.934683626357658249e-04
2.720100000000001961e-01, 3.942020567383907508e-04
2.730100000000001970e-01, 3.949380909820543613e-04
2.740100000000001979e-01, 3.956764735717302494e-04
2.750100000000001987e-01, 3.964172127386969753e-04
2.760100000000001996e-01, 3.971603167407823372e-04
2.770100000000002005e-01, 3.979057938626059617e-04
2.780100000000002014e-01, 3.986536524158192920e-04
2.790100000000002023e-01, 3.994039007393434073e-04
2.800100000000002032e-01, 4.001565471996038070e-04
2.810100000000002041e-01, 4.009116001907644358e-04
2.820100000000002050e-01, 4.016690681349586729e-04
2.830100000000002058e-01, 4.024289594825184238e-04
2.840100000000002067e-01, 4.031912827122016946e-04
2.850100000000002076e-01, 4.039560463314183225e-04
2.860100000000002085e-01, 4.047232588764531052e-04
2.870100000000002094e-01, 4.054929289126877907e-04
2.880100000000002103e-01, 4.062650650348226342e-04
2.890100000000002112e-01, 4.070396758670932389e-04
2.900100000000002121e-01, 4.078167700634895642e-04
2.910100000000002129e-01, 4.085963563079704356e-04
2.920100000000002138e-01, 4.093784433146783249e-04
2.930100000000002147e-01, 4.101630398281521793e-04
2.940100000000002156e-01, 4.109501546235391658e-04
2.950100000000002165e-01, 4.117397965068051151e-04
2.960100000000002174e-01, 4.125319743149431220e-04
2.970100000000002183e-01, 4.133266969161818747e-04
2.980100000000002192e-01, 4.141239732101924666e-04
2.990100000000002201e-01, 4.149238116167326272e-04
3.000100000000002209e-01, 4.157262082869352766e-04
3.010100000000002218e-01, 4.165311540845034982e-04
3.020100000000002227e-01, 4.173386397547251153e-04
3.030100000000002236e-01, 4.181486559776419112e-04
3.040100000000002245e-01, 4.189611872504365943e-04
3.050100000000002254e-01, 4.197762226589826285e-04
3.060100000000002263e-01, 4.205937538226343897e-04
3.070100000000002272e-01, 4.214137723586599779e-04
3.080100000000002280e-01, 4.222362698813564535e-04
3.090100000000002289e-01, 4.230612380011754292e-04
3.100100000000002298e-01, 4.238886683238586345e-04
3.110100000000002307e-01, 4.247185524495834569e-04
3.120100000000002316e-01, 4.255508819721178599e-04
3.130100000000002325e-01, 4.263856484779836504e-04
3.140100000000002334e-01, 4.272228435456300994e-04
3.150100000000002343e-01, 4.280624587446146107e-04
3.160100000000002352e-01, 4.289044856347930387e-04
3.170100000000002360e-01, 4.297489157655168908e-04
3.180100000000002369e-01, 4.305957406748396913e-04
3.190100000000002378e-01, 4.314449518887290922e-04
3.200100000000002387e-01, 4.322965409202890116e-04
3.210100000000002396e-01, 4.331504992689861645e-04
3.220100000000002405e-01, 4.340068184198849410e-04
3.230100000000002414e-01, 4.348654898428892237e-04
3.240100000000002423e-01, 4.357265049919900059e-04
3.250100000000002431e-01, 4.365898553045192434e-04
3.260100000000002440e-01, 4.374555322004106996e-04
3.270100000000002449e-01, 4.383235270814655614e-04
3.280100000000002458e-01, 4.391938313306248854e-04
3.290100000000002467e-01, 4.400664363112464887e-04
3.300100000000002476e-01, 4.409413333663886173e-04
3.310100000000002485e-01, 4.418185138180966490e-04
3.320100000000002494e-01, 4.426979689666973861e-04
3.330100000000002503e-01, 4.435796900900961133e-04
3.340100000000002511e-01, 4.444636684430795640e-04
3.350100000000002520e-01, 4.453498952566232235e-04
3.360100000000002529e-01, 4.462383617372022099e-04
3.370100000000002538e-01, 4.471290590661080103e-04
3.380100000000002547e-01, 4.480219783987674387e-04
3.390100000000002556e-01, 4.489171108640673414e-04
3.400100000000002565e-01, 4.498144475636817402e-04
3.410100000000002574e-01, 4.507139795714032600e-04
3.420100000000002582e-01, 4.516156979324786750e-04
3.430100000000002591e-01, 4.525195936629461901e-04
3.440100000000002600e-01, 4.534256577489783062e-04
3.450100000000002609e-01, 4.543338811462265285e-04
3.460100000000002618e-01, 4.552442547791685137e-04
3.470100000000002627e-01, 4.561567753240936517e-04
3.480100000000002636e-01, 4.570714483490371247e-04
3.490100000000002645e-01, 4.579882820554762447e-04
3.500100000000002654e-01, 4.589072846405020212e-04
3.510100000000002662e-01, 4.598284642973305249e-04
3.520100000000002671e-01, 4.607518292158010792e-04
3.530100000000002680e-01, 4.616773875828668609e-04
3.540100000000002689e-01, 4.626051475830733053e-04
3.550100000000002698e-01, 4.635351173990276191e-04
3.560100000000002707e-01, 4.644673052118591331e-04
3.570100000000002716e-01, 4.654017192016688667e-04
3.580100000000002725e-01, 4.663383675479723699e-04
3.590100000000002733e-01, 4.672772584301325915e-04
3.600100000000002742e-01, 4.682184000277833137e-04
3.610100000000002751e-01, 4.691618005212460827e-04
3.620100000000002760e-01, 4.701074680919386270e-04
3.630100000000002769e-01, 4.710554109227749284e-04
3.640100000000002778e-01, 4.720056371985577033e-04
3.650100000000002787e-01, 4.729581551063643239e-04
3.660100000000002796e-01, 4.739129728359248801e-04
3.670100000000002805e-01, 4.748700985799931391e-04
3.680100000000002813e-01, 4.758295405347111621e-04
3.690100000000002822e-01, 4.767913068999667667e-04
3.700100000000002831e-01, 4.777554058797452955e-04
3.710100000000002840e-01, 4.787218456824742299e-04
3.720100000000002849e-01, 4.796906345213623832e-04
3.730100000000002858e-01, 4.806617806147324792e-04
3.740100000000002867e-01, 4.816352921863486895e-04
3.750100000000002876e-01, 4.826111774657378833e-04
3.760100000000002884e-01, 4.835894446885049668e-04
3.770100000000002893e-01, 4.845701020966450257e-04
3.780100000000002902e-01, 4.855531579388470639e-04
3.790100000000002911e-01, 4.865386204707954120e-04
3.800100000000002920e-01, 4.875264979554639797e-04
3.810100000000002929e-01, 4.885167986634076894e-04
3.820100000000002938e-01, 4.895095308730478380e-04
3.830100000000002947e-01, 4.905047028709528514e-04
3.840100000000002956e-01, 4.915023229521151352e-04
3.850100000000002964e-01, 4.925023994202239143e-04
3.860100000000002973e-01, 4.935049405879322719e-04
3.870100000000002982e-01, 4.945099547771213697e-04
3.880100000000002991e-01, 4.955174503191606562e-04
3.890100000000003000e-01, 4.965274355551627626e-04
3.900100000000003009e-01, 4.975399188362357970e-04
3.910100000000003018e-01, 4.985549085237322769e-04
3.920100000000003027e-01, 4.995724129894922073e-04
3.930100000000003035e-01, 5.005924406160851834e-04
3.940100000000003044e-01, 5.016149997970467461e-04
3.950100000000003053e-01, 5.026400989371131124e-04
3.960100000000003062e-01, 5.036677464524518932e-04
3.970100000000003071e-01, 5.046979507708882580e-04
3.980100000000003080e-01, 5.057307203321303405e-04
3.990100000000003089e-01, 5.067660635879897655e-04
4.000100000000003098e-01, 5.078039890025994648e-04
4.010100000000003106e-01, 5.088445050526293253e-04
4.020100000000003115e-01, 5.098876202274978250e-04
4.030100000000003124e-01, 5.109333430295813928e-04
4.040100000000003133e-01, 5.119816819744210570e-04
4.050100000000003142e-01, 5.130326455909263840e-04
4.060100000000003151e-01, 5.140862424215762727e-04
4.070100000000003160e-01, 5.151424810226183388e-04
4.080100000000003169e-01, 5.162013699642639631e-04
4.090100000000003178e-01, 5.172629178308830143e-04
4.100100000000003186e-01, 5.183271332211940178e-04
4.110100000000003195e-01, 5.193940247484541079e-04
4.120100000000003204e-01, 5.204636010406447520e-04
4.130100000000003213e-01, 5.215358707406558478e-04
4.140100000000003222e-01, 5.226108425064692788e-04
4.150100000000003231e-01, 5.236885250113371571e-04
4.160100000000003240e-01, 5.247689269439607170e-04
4.170100000000003249e-01, 5.258520570086658470e-04
4.180100000000003257e-01, 5.269379239255764539e-04
4.190100000000003266e-01, 5.280265364307870678e-04
4.200100000000003275e-01, 5.291179032765319775e-04
4.210100000000003284e-01, 5.302120332313532821e-04
4.220100000000003293e-01, 5.313089350802677495e-04
4.230100000000003302e-01, 5.324086176249306392e-04
4.240100000000003311e-01, 5.335110896837978994e-04
4.250100000000003320e-01, 5.346163600922872790e-04
4.260100000000003329e-01, 5.357244377029380311e-04
4.270100000000003337e-01, 5.368353313855674710e-04
4.280100000000003346e-01, 5.379490500274276442e-04
4.290100000000003355e-01, 5.390656025333586321e-04
4.300100000000003364e-01, 5.401849978259426173e-04
4.310100000000003373e-01, 5.413072448456532869e-04
4.320100000000003382e-01, 5.424323525510074033e-04
4.330100000000003391e-01, 5.435603299187117144e-04
4.340100000000003400e-01, 5.446911859438100792e-04
4.350100000000003408e-01, 5.458249296398291848e-04
4.360100000000003417e-01, 5.469615700389220949e-04
4.370100000000003426e-01, 5.481011161920112560e-04
4.380100000000003435e-01, 5.492435771689295520e-04
4.390100000000003444e-01, 5.503889620585603829e-04
4.400100000000003453e-01, 5.515372799689766603e-04
4.410100000000003462e-01, 5.526885400275788254e-04
4.420100000000003471e-01, 5.538427513812291822e-04
4.430100000000003480e-01, 5.549999231963898081e-04
4.440100000000003488e-01, 5.561600646592545008e-04
4.450100000000003497e-01, 5.573231849758818104e-04
4.460100000000003506e-01, 5.584892933723280706e-04
4.470100000000003515e-01, 5.596583990947758772e-04
4.480100000000003524e-01, 5.608305114096654928e-04
4.490100000000003533e-01, 5.620056396038214819e-04
4.500100000000003542e-01, 5.631837929845818396e-04
4.510100000000003551e-01, 5.643649808799234332e-04
4.520100000000003559e-01, 5.655492126385872282e-04
4.530100000000003568e-01, 5.667364976302030795e-04
4.540100000000003577e-01, 5.679268452454124634e-04
4.550100000000003586e-01, 5.691202648959919680e-04
4.560100000000003595e-01, 5.703167660149737481e-04
4.570100000000003604e-01, 5.715163580567668477e-04
4.580100000000003613e-01, 5.727190504972763533e-04
4.590100000000003622e-01, 5.739248528340227650e-04
4.600100000000003631e-01, 5.751337745862595240e-04
4.610100000000003639e-01, 5.763458252950899975e-04
4.620100000000003648e-01, 5.775610145235845734e-04
4.630100000000003657e-01, 5.787793518568947176e-04
4.640100000000003666e-01, 5.800008469023694175e-04
4.650100000000003675e-01, 5.812255092896665299e-04
4.660100000000003684e-01, 5.824533486708685735e-04
4.670100000000003693e-01, 5.836843747205933174e-04
4.680100000000003702e-01, 5.849185971361054543e-04
4.690100000000003710e-01, 5.861560256374283816e-04
4.700100000000003719e-01, 5.873966699674525128e-04
4.710100000000003728e-01, 5.886405398920465173e-04
4.720100000000003737e-01, 5.898876452001645477e-04
4.730100000000003746e-01, 5.911379957039557438e-04
4.740100000000003755e-01, 5.923916012388690758e-04
4.750100000000003764e-01, 5.936484716637624144e-04
4.760100000000003773e-01, 5.949086168610070481e-04
4.770100000000003782e-01, 5.961720467365936096e-04
4.780100000000003790e-01, 5.974387712202363764e-04
4.790100000000003799e-01, 5.987088002654770286e-04
4.800100000000003808e-01, 5.999821438497890576e-04
4.810100000000003817e-01, 6.012588119746793561e-04
4.820100000000003826e-01, 6.025388146657912171e-04
4.830100000000003835e-01, 6.038221619730055984e-04
4.840100000000003844e-01, 6.051088639705420619e-04
4.850100000000003853e-01, 6.063989307570598212e-04
4.860100000000003861e-01, 6.076923724557565121e-04
4.870100000000003870e-01, 6.089891992144681569e-04
4.880100000000003879e-01, 6.102894212057683680e-04
4.890100000000003888e-01, 6.115930486270659263e-04
4.900100000000003897e-01, 6.129000917007026853e-04
4.910100000000003906e-01, 6.142105606740500641e-04
4.920100000000003915e-01, 6.155244658196067347e-04
4.930100000000003924e-01, 6.168418174350942485e-04
4.940100000000003932e-01, 6.181626258435526629e-04
4.950100000000003941e-01, 6.194869013934351919e-04
4.960100000000003950e-01, 6.208146544587044837e-04
4.970100000000003959e-01, 6.221458954389238018e-04
4.980100000000003968e-01, 6.234806347593535190e-04
4.990100000000003977e-01, 6.248188828710433832e-04
5.000100000000003986e-01, 6.261606502509236985e-04
5.010100000000003995e-01, 6.275059474019006271e-04
5.020100000000004004e-01, 6.288547848529446593e-04
5.030100000000004012e-01, 6.302071731591839645e-04
5.040100000000004021e-01, 6.315631229019947040e-04
5.050100000000004030e-01, 6.329226446890918881e-04
5.060100000000004039e-01, 6.342857491546186055e-04
5.070100000000004048e-01, 6.356524469592355784e-04
5.080100000000004057e-01, 6.370227487902116936e-04
5.090100000000004066e-01, 6.383966653615103046e-04
5.100100000000004075e-01, 6.397742074138794378e-04
5.110100000000004083e-01, 6.411553857149395038e-04
5.120100000000004092e-01, 6.425402110592697089e-04
5.130100000000004101e-01, 6.439286942684959835e-04
5.140100000000004110e-01, 6.453208461913769595e-04
5.150100000000004119e-01, 6.467166777038911400e-04
5.160100000000004128e-01, 6.481161997093212506e-04
5.170100000000004137e-01, 6.495194231383411921e-04
5.180100000000004146e-01, 6.509263589491006080e-04
5.190100000000004155e-01, 6.523370181273084774e-04
5.200100000000004163e-01, 6.537514116863195248e-04
5.210100000000004172e-01, 6.551695506672159698e-04
5.220100000000004181e-01, 6.565914461388925281e-04
5.230100000000004190e-01, 6.580171091981381606e-04
5.240100000000004199e-01, 6.594465509697207493e-04
5.250100000000004208e-01, 6.608797826064676537e-04
5.260100000000004217e-01, 6.623168152893487608e-04
5.270100000000004226e-01, 6.637576602275581253e-04
5.280100000000004234e-01, 6.652023286585946344e-04
5.290100000000004243e-01, 6.666508318483435397e-04
5.300100000000004252e-01, 6.681031810911566881e-04
5.310100000000004261e-01, 6.695593877099332951e-04
5.320100000000004270e-01, 6.710194630561986577e-04
5.330100000000004279e-01, 6.724834185101853613e-04
5.340100000000004288e-01, 6.739512654809112335e-04
5.350100000000004297e-01, 6.754230154062581658e-04
5.360100000000004306e-01, 6.768986797530510439e-04
5.370100000000004314e-01, 6.783782700171355927e-04
5.380100000000004323e-01, 6.798617977234567645e-04
5.390100000000004332e-01, 6.813492744261348500e-04
5.400100000000004341e-01, 6.828407117085445168e-04
5.410100000000004350e-01, 6.843361211833888600e-04
5.420100000000004359e-01, 6.858355144927793081e-04
5.430100000000004368e-01, 6.873389033083089151e-04
5.440100000000004377e-01, 6.888462993311281462e-04
5.450100000000004385e-01, 6.903577142920228320e-04
5.460100000000004394e-01, 6.918731599514860511e-04
5.470100000000004403e-01, 6.933926480997953251e-04
5.480100000000004412e-01, 6.949161905570856940e-04
5.490100000000004421e-01, 6.964437991734243093e-04
5.500100000000004430e-01, 6.979754858288835092e-04
5.510100000000004439e-01, 6.995112624336155202e-04
5.520100000000004448e-01, 7.010511409279234721e-04
5.530100000000004457e-01, 7.025951332823369673e-04
5.540100000000004465e-01, 7.041432514976820115e-04
5.550100000000004474e-01, 7.056955076051538720e-04
5.560100000000004483e-01, 7.072519136663890692e-04
5.570100000000004492e-01, 7.088124817735373673e-04
5.580100000000004501e-01, 7.103772240493312715e-04
5.590100000000004510e-01, 7.119461526471578027e-04
5.600100000000004519e-01, 7.135192797511295121e-04
5.610100000000004528e-01, 7.150966175761527864e-04
5.620100000000004536e-01, 7.166781783680001641e-04
5.630100000000004545e-01, 7.182639744033765799e-04
5.640100000000004554e-01, 7.198540179899916812e-04
5.650100000000004563e-01, 7.214483214666258561e-04
5.660100000000004572e-01, 7.230468972032014652e-04
5.670100000000004581e-01, 7.246497576008483280e-04
5.680100000000004590e-01, 7.262569150919724603e-04
5.690100000000004599e-01, 7.278683821403239464e-04
5.700100000000004608e-01, 7.294841712410647010e-04
5.710100000000004616e-01, 7.311042949208327625e-04
5.720100000000004625e-01, 7.327287657378113569e-04
5.730100000000004634e-01, 7.343575962817929740e-04
5.740100000000004643e-01, 7.359907991742473468e-04
5.750100000000004652e-01, 7.376283870683846607e-04
5.760100000000004661e-01, 7.392703726492219065e-04
5.770100000000004670e-01, 7.409167686336474989e-04
5.780100000000004679e-01, 7.425675877704851361e-04
5.790100000000004687e-01, 7.442228428405590684e-04
5.800100000000004696e-01, 7.458825466567561152e-04
5.810100000000004705e-01, 7.475467120640904998e-04
5.820100000000004714e-01, 7.492153519397661910e-04
5.830100000000004723e-01, 7.508884791932397872e-04
5.840100000000004732e-01, 7.525661067662830746e-04
5.850100000000004741e-01, 7.542482476330442847e-04
5.860100000000004750e-01, 7.559349148001108694e-04
5.870100000000004759e-01, 7.576261213065697830e-04
5.880100000000004767e-01, 7.593218802240689564e-04
5.890100000000004776e-01, 7.610222046568782287e-04
5.900100000000004785e-01, 7.627271077419486541e-04
5.910100000000004794e-01, 7.644366026489729992e-04
5.920100000000004803e-01, 7.661507025804446163e-04
5.930100000000004812e-01, 7.678694207717184830e-04
5.940100000000004821e-01, 7.695927704910675814e-04
5.950100000000004830e-01, 7.713207646509830833e-04
5.960100000000004838e-01, 7.730534132347270356e-04
5.970100000000004847e-01, 7.747907256065187992e-04
5.980100000000004856e-01, 7.765327111188184781e-04
5.990100000000004865e-01, 7.782793791198242862e-04
6.000100000000004874e-01, 7.800307373144146255e-04
6.010100000000004883e-01, 7.817867950766140559e-04
6.020100000000004892e-01, 7.835475619997818875e-04
6.030100000000004901e-01, 7.853130476907433299e-04
6.040100000000004909e-01, 7.870832617697308365e-04
6.050100000000004918e-01, 7.888582138703291360e-04
6.060100000000004927e-01, 7.906379136394151670e-04
6.070100000000004936e-01, 7.924223707370990979e-04
6.080100000000004945e-01, 7.942115948366666473e-04
6.090100000000004954e-01, 7.960055956245177177e-04
6.100100000000004963e-01, 7.978043828001073071e-04
6.110100000000004972e-01, 7.996079660758828415e-04
6.120100000000004981e-01, 8.014163551772246529e-04
6.130100000000004989e-01, 8.032295598423820106e-04
6.140100000000004998e-01, 8.050475898224121896e-04
6.150100000000005007e-01, 8.068704548811157437e-04
6.160100000000005016e-01, 8.086981647949726456e-04
6.170100000000005025e-01, 8.105307293530796204e-04
6.180100000000005034e-01, 8.123681583570828164e-04
6.190100000000005043e-01, 8.142104616211134037e-04
6.200100000000005052e-01, 8.160576489717218714e-04
6.210100000000005060e-01, 8.179097302478090725e-04
6.220100000000005069e-01, 8.197667153005611714e-04
6.230100000000005078e-01, 8.216286139933806892e-04
6.240100000000005087e-01, 8.234954362018172226e-04
6.250100000000005096e-01, 8.253671918134984891e-04
6.260100000000005105e-01, 8.272438907280615884e-04
6.270100000000005114e-01, 8.291255428570804692e-04
6.280100000000005123e-01, 8.310121581239967572e-04
6.290100000000005132e-01, 8.329037464640464631e-04
6.300100000000005140e-01, 8.348003178241883166e-04
6.310100000000005149e-01, 8.367018821630310167e-04
6.320100000000005158e-01, 8.386084494507590721e-04
6.330100000000005167e-01, 8.405200296690578830e-04
6.340100000000005176e-01, 8.424366328110403403e-04
6.350100000000005185e-01, 8.443582688811704980e-04
6.360100000000005194e-01, 8.462849478951863782e-04
6.370100000000005203e-01, 8.482166798800247270e-04
6.380100000000005211e-01, 8.501534748737420849e-04
6.390100000000005220e-01, 8.520953429254376999e-04
6.400100000000005229e-01, 8.540422940951736220e-04
6.410100000000005238e-01, 8.559943384538955561e-04
6.420100000000005247e-01, 8.579514860833533903e-04
6.430100000000005256e-01, 8.599137489019482864e-04
6.440100000000005265e-01, 8.618811404738560685e-04
6.450100000000005274e-01, 8.638536747495689739e-04
6.460100000000005283e-01, 8.658313657094317706e-04
6.470100000000005291e-01, 8.678142273636675619e-04
6.480100000000005300e-01, 8.698022737524059751e-04
6.490100000000005309e-01, 8.717955189457091830e-04
6.500100000000005318e-01, 8.737939770435986832e-04
6.510100000000005327e-01, 8.757976621760801264e-04
6.520100000000005336e-01, 8.778065885031689037e-04
6.530100000000005345e-01, 8.798207702149138908e-04
6.540100000000005354e-01, 8.818402215314223840e-04
6.550100000000005362e-01, 8.838649567028817851e-04
6.560100000000005371e-01, 8.858949900095847542e-04
6.570100000000005380e-01, 8.879303357619495931e-04
6.580100000000005389e-01, 8.899710083005424712e-04
6.590100000000005398e-01, 8.920170219960988928e-04
6.600100000000005407e-01, 8.940683912495444056e-04
6.610100000000005416e-01, 8.961251304920138990e-04
6.620100000000005425e-01, 8.981872541848724212e-04
6.630100000000005434e-01, 9.002547768197322010e-04
6.640100000000005442e-01, 9.023277129184728140e-04
6.650100000000005451e-01, 9.044060770332584213e-04
6.660100000000005460e-01, 9.064898837465541412e-04
6.670100000000005469e-01, 9.085791476711441552e-04
6.680100000000005478e-01, 9.106738834501467783e-04
6.690100000000005487e-01, 9.127741057570297467e-04
6.700100000000005496e-01, 9.148798292956265886e-04
6.710100000000005505e-01, 9.169910688001492016e-04
6.720100000000005513e-01, 9.191078390352028140e-04
6.730100000000005522e-01, 9.212301547957989960e-04
6.740100000000005531e-01, 9.233580309073674769e-04
6.750100000000005540e-01, 9.254914822257682885e-04
6.760100000000005549e-01, 9.276305236373047752e-04
6.770100000000005558e-01, 9.297751700587327016e-04
6.780100000000005567e-01, 9.319254364372699020e-04
6.790100000000005576e-01, 9.340813377506076640e-04
6.800100000000005585e-01, 9.362428890069190773e-04
6.810100000000005593e-01, 9.384101052448660810e-04
6.820100000000005602e-01, 9.405830015336096549e-04
6.830100000000005611e-01, 9.427615929728148068e-04
6.840100000000005620e-01, 9.449458946926581624e-04
6.850100000000005629e-01, 9.471359218538334939e-04
6.860100000000005638e-01, 9.493316896475570334e-04
6.870100000000005647e-01, 9.515332132955719177e-04
6.880100000000005656e-01, 9.537405080501530673e-04
6.890100000000005664e-01, 9.559535891941095716e-04
6.900100000000005673e-01, 9.581724720407876162e-04
6.910100000000005682e-01, 9.603971719340735191e-04
6.920100000000005691e-01, 9.626277042483934046e-04
6.930100000000005700e-01, 9.648640843887153727e-04
6.940100000000005709e-01, 9.671063277905500404e-04
6.950100000000005718e-01, 9.693544499199482651e-04
6.960100000000005727e-01, 9.716084662735020123e-04
6.970100000000005736e-01, 9.738683923783411026e-04
6.980100000000005744e-01, 9.761342437921311519e-04
6.990100000000005753e-01, 9.784060361030710775e-04
7.000100000000005762e-01, 9.806837849298877859e-04
7.010100000000005771e-01, 9.829675059218341126e-04
7.020100000000005780e-01, 9.852572147586809072e-04
7.030100000000005789e-01, 9.875529271507132393e-04
7.040100000000005798e-01, 9.898546588387228083e-04
7.050100000000005807e-01, 9.921624255940020894e-04
7.060100000000005815e-01, 9.944762432183343586e-04
7.070100000000005824e-01, 9.967961275439869706e-04
7.080100000000005833e-01, 9.991220944337009507e-04
7.090100000000005842e-01, 1.001454159780681670e-03
7.100100000000005851e-01, 1.003792339508588439e-03
7.110100000000005860e-01, 1.006136649571522362e-03
7.120100000000005869e-01, 1.008487105954014628e-03
7.130100000000005878e-01, 1.010843724671013502e-03
7.140100000000005886e-01, 1.013206521767871749e-03
7.150100000000005895e-01, 1.015575513320330367e-03
7.160100000000005904e-01, 1.017950715434507315e-03
7.170100000000005913e-01, 1.020332144246876476e-03
7.180100000000005922e-01, 1.022719815924257687e-03
7.190100000000005931e-01, 1.025113746663793316e-03
7.200100000000005940e-01, 1.027513952692934605e-03
7.210100000000005949e-01, 1.029920450269422583e-03
7.220100000000005958e-01, 1.032333255681266385e-03
7.230100000000005966e-01, 1.034752385246725690e-03
7.240100000000005975e-01, 1.037177855314289033e-03
7.250100000000005984e-01, 1.039609682262651906e-03
7.260100000000005993e-01, 1.042047882500693988e-03
7.270100000000006002e-01, 1.044492472467457899e-03
7.280100000000006011e-01, 1.046943468632122957e-03
7.290100000000006020e-01, 1.049400887493982847e-03
7.300100000000006029e-01, 1.051864745582417864e-03
7.310100000000006037e-01, 1.054335059456871062e-03
7.320100000000006046e-01, 1.056811845706818976e-03
7.330100000000006055e-01, 1.059295120951746693e-03
7.340100000000006064e-01, 1.061784901841116621e-03
7.350100000000006073e-01, 1.064281205054340299e-03
7.360100000000006082e-01, 1.066784047300748262e-03
7.370100000000006091e-01, 1.069293445319559679e-03
7.380100000000006100e-01, 1.071809415879849611e-03
7.390100000000006109e-01, 1.074331975780516701e-03
7.400100000000006117e-01, 1.076861141850251951e-03
7.410100000000006126e-01, 1.079396930947500340e-03
7.420100000000006135e-01, 1.081939359960430247e-03
7.430100000000006144e-01, 1.084488445806894861e-03
7.440100000000006153e-01, 1.087044205434397259e-03
7.450100000000006162e-01, 1.089606655820051602e-03
7.460100000000006171e-01, 1.092175813970546264e-03
7.470100000000006180e-01, 1.094751696922103721e-03
7.480100000000006188e-01, 1.097334321740440870e-03
7.490100000000006197e-01, 1.099923705520729341e-03
7.500100000000006206e-01, 1.102519865387551921e-03
7.510100000000006215e-01, 1.105122818494862647e-03
7.520100000000006224e-01, 1.107732582025939974e-03
7.530100000000006233e-01, 1.110349173193347309e-03
7.540100000000006242e-01, 1.112972609238884218e-03
7.550100000000006251e-01, 1.115602907433541112e-03
7.560100000000006260e-01, 1.118240085077455009e-03
7.570100000000006268e-01, 1.120884159499858793e-03
7.580100000000006277e-01, 1.123535148059034592e-03
7.590100000000006286e-01, 1.126193068142263692e-03
7.600100000000006295e-01, 1.128857937165777094e-03
7.610100000000006304e-01, 1.131529772574704122e-03
7.620100000000006313e-01, 1.131555934745809852e-03
7.630100000000006322e-01, 1.131582097584998142e-03
7.640100000000006331e-01, 1.131608261092285255e-03
7.650100000000006339e-01, 1.131634425267687453e-03
7.660100000000006348e-01, 1.131660590111221217e-03
7.670100000000006357e-01, 1.131686755622903244e-03
7.680100000000006366e-01, 1.131712921802748278e-03
7.690100000000006375e-01, 1.131739088650774534e-03
7.700100000000006384e-01, 1.131765256166997625e-03
7.710100000000006393e-01, 1.131791424351433813e-03
7.720100000000006402e-01, 1.131817593204100013e-03
7.730100000000006411e-01, 1.131843762725012054e-03
7.740100000000006419e-01, 1.131869932914186631e-03
7.750100000000006428e-01, 1.131896103771640009e-03
7.760100000000006437e-01, 1.131922275297388451e-03
7.770100000000006446e-01, 1.131948447491448002e-03
7.780100000000006455e-01, 1.131974620353835576e-03
7.790100000000006464e-01, 1.132000793884567220e-03
7.800100000000006473e-01, 1.132026968083659846e-03
7.810100000000006482e-01, 1.132053142951129285e-03
7.820100000000006490e-01, 1.132079318486991365e-03
7.830100000000006499e-01, 1.132105494691263868e-03
7.840100000000006508e-01, 1.132131671563961972e-03
7.850100000000006517e-01, 1.132157849105103241e-03
7.860100000000006526e-01, 1.132184027314702421e-03
7.870100000000006535e-01, 1.132210206192777293e-03
7.880100000000006544e-01, 1.132236385739343251e-03
7.890100000000006553e-01, 1.132262565954416777e-03
7.900100000000006562e-01, 1.132288746838015217e-03
7.910100000000006570e-01, 1.132314928390153966e-03
7.920100000000006579e-01, 1.132341110610849723e-03
7.930100000000006588e-01, 1.132367293500119183e-03
7.940100000000006597e-01, 1.132393477057978175e-03
7.950100000000006606e-01, 1.132419661284443614e-03
7.960100000000006615e-01, 1.132445846179530678e-03
7.970100000000006624e-01, 1.132472031743256714e-03
7.980100000000006633e-01, 1.132498217975638852e-03
7.990100000000006641e-01, 1.132524404876691839e-03
8.000100000000006650e-01, 1.132550592446433238e-03
8.010100000000006659e-01, 1.132576780684878227e-03
8.020100000000006668e-01, 1.132602969592044805e-03
8.030100000000006677e-01, 1.132629159167947500e-03
8.040100000000006686e-01, 1.132655349412603658e-03
8.050100000000006695e-01, 1.132681540326030845e-03
8.060100000000006704e-01, 1.132707731908243372e-03
8.070100000000006712e-01, 1.132733924159258585e-03
8.080100000000006721e-01, 1.132760117079092532e-03
8.090100000000006730e-01, 1.132786310667761908e-03
8.100100000000006739e-01, 1.132812504925282760e-03
8.110100000000006748e-01, 1.132838699851671784e-03
8.120100000000006757e-01, 1.132864895446945895e-03
8.130100000000006766e-01, 1.132891091711119838e-03
8.140100000000006775e-01, 1.132917288644211609e-03
8.150100000000006784e-01, 1.132943486246236605e-03
8.160100000000006792e-01, 1.132969684517211523e-03
8.170100000000006801e-01, 1.132995883457152842e-03
8.180100000000006810e-01, 1.133022083066077042e-03
8.190100000000006819e-01, 1.133048283344000170e-03
