0.000000000000000000e+00, 1.000000000000000000e+02
1.000000000000000082e-05, 1.000000000000000000e+02
2.000000000000000164e-05, 1.000000000000000000e+02
3.000000000000000415e-05, 1.000000000000000000e+02
4.000000000000000327e-05, 1.000000000000000000e+02
5.000000000000000240e-05, 1.000000000000000000e+02
6.000000000000000152e-05, 1.000000000000000000e+02
7.000000000000000742e-05, 1.000000000000000000e+02
8.000000000000000654e-05, 1.000000000000000000e+02
9.000000000000000567e-05, 1.000000000000000000e+02
1.000000000000000048e-04, 1.000000000000000000e+02
1.100000000000000039e-04, 1.000000000000000000e+02
1.200000000000000030e-04, 1.000000000000000000e+02
1.300000000000000157e-04, 1.000000000000000000e+02
1.400000000000000148e-04, 1.000000000000000000e+02
1.500000000000000140e-04, 1.000000000000000000e+02
1.600000000000000131e-04, 1.000000000000000000e+02
1.700000000000000122e-04, 1.000000000000000000e+02
1.800000000000000113e-04, 1.000000000000000000e+02
1.900000000000000105e-04, 1.000000000000000000e+02
2.000000000000000096e-04, 1.000000000000000000e+02
2.100000000000000087e-04, 1.000000000000000000e+02
2.200000000000000078e-04, 1.000000000000000000e+02
2.300000000000000070e-04, 1.000000000000000000e+02
2.400000000000000061e-04, 1.000000000000000000e+02
2.500000000000000052e-04, 1.000000000000000000e+02
2.600000000000000314e-04, 1.000000000000000000e+02
2.700000000000000577e-04, 1.000000000000000000e+02
2.800000000000000839e-04, 1.000000000000000000e+02
2.900000000000001101e-04, 1.000000000000000000e+02
3.000000000000001363e-04, 1.000000000000000000e+02
3.100000000000001626e-04, 1.000000000000000000e+02
3.200000000000001888e-04, 1.000000000000000000e+02
3.300000000000002150e-04, 1.000000000000000000e+02
3.400000000000002413e-04, 1.000000000000000000e+02
3.500000000000002675e-04, 1.000000000000000000e+02
3.600000000000002937e-04, 1.000000000000000000e+02
3.700000000000003200e-04, 1.000000000000000000e+02
3.800000000000003462e-04, 1.000000000000000000e+02
3.900000000000003724e-04, 1.000000000000000000e+02
4.000000000000003986e-04, 1.000000000000000000e+02
4.100000000000004249e-04, 1.000000000000000000e+02
4.200000000000004511e-04, 1.000000000000000000e+02
4.300000000000004773e-04, 1.000000000000000000e+02
4.400000000000005036e-04, 1.000000000000000000e+02
4.500000000000005298e-04, 1.000000000000000000e+02
4.600000000000005560e-04, 1.000000000000000000e+02
4.700000000000005822e-04, 1.000000000000000000e+02
4.800000000000006085e-04, 1.000000000000000000e+02
4.900000000000006347e-04, 1.000000000000000000e+02
5.000000000000006609e-04, 1.000000000000000000e+02
5.100000000000006872e-04, 1.000000000000000000e+02
5.200000000000007134e-04, 1.000000000000000000e+02
5.300000000000007396e-04, 1.000000000000000000e+02
5.400000000000007658e-04, 1.000000000000000000e+02
5.500000000000007921e-04, 1.000000000000000000e+02
5.600000000000008183e-04, 1.000000000000000000e+02
5.700000000000008445e-04, 1.000000000000000000e+02
5.800000000000008708e-04, 1.000000000000000000e+02
5.900000000000008970e-04, 1.000000000000000000e+02
6.000000000000009232e-04, 1.000000000000000000e+02
6.100000000000009494e-04, 1.000000000000000000e+02
6.200000000000009757e-04, 1.000000000000000000e+02
6.300000000000010019e-04, 1.000000000000000000e+02
6.400000000000010281e-04, 1.000000000000000000e+02
6.500000000000010544e-04, 1.000000000000000000e+02
6.600000000000010806e-04, 1.000000000000000000e+02
6.700000000000011068e-04, 1.000000000000000000e+02
6.800000000000011331e-04, 1.000000000000000000e+02
6.900000000000011593e-04, 1.000000000000000000e+02
7.000000000000011855e-04, 1.000000000000000000e+02
7.100000000000012117e-04, 1.000000000000000000e+02
7.200000000000012380e-04, 1.000000000000000000e+02
7.300000000000012642e-04, 1.000000000000000000e+02
7.400000000000012904e-04, 1.000000000000000000e+02
7.500000000000013167e-04, 1.000000000000000000e+02
7.600000000000013429e-04, 1.000000000000000000e+02
7.700000000000013691e-04, 1.000000000000000000e+02
7.800000000000013953e-04, 1.000000000000000000e+02
7.900000000000014216e-04, 1.000000000000000000e+02
8.000000000000014478e-04, 1.000000000000000000e+02
8.100000000000014740e-04, 1.000000000000000000e+02
8.200000000000015003e-04, 1.000000000000000000e+02
8.300000000000015265e-04, 1.000000000000000000e+02
8.400000000000015527e-04, 1.000000000000000000e+02
8.500000000000015789e-04, 1.000000000000000000e+02
8.600000000000016052e-04, 1.000000000000000000e+02
8.700000000000016314e-04, 1.000000000000000000e+02
8.800000000000016576e-04, 1.000000000000000000e+02
8.900000000000016839e-04, 1.000000000000000000e+02
9.000000000000017101e-04, 1.000000000000000000e+02
9.100000000000017363e-04, 1.000000000000000000e+02
9.200000000000017625e-04, 1.000000000000000000e+02
9.300000000000017888e-04, 1.000000000000000000e+02
9.400000000000018150e-04, 1.000000000000000000e+02
9.500000000000018412e-04, 1.000000000000000000e+02
9.600000000000018675e-04, 1.000000000000000000e+02
9.700000000000018937e-04, 1.000000000000000000e+02
9.800000000000019199e-04, 1.000000000000000000e+02
9.900000000000019462e-04, 1.000000000000000000e+02
1.000000000000001972e-03, 1.000000000000000000e+02
1.010000000000001999e-03, 1.000000000000000000e+02
1.020000000000002025e-03, 1.000000000000000000e+02
1.030000000000002051e-03, 1.000000000000000000e+02
1.040000000000002077e-03, 1.000000000000000000e+02
1.050000000000002104e-03, 1.000000000000000000e+02
1.060000000000002130e-03, 1.000000000000000000e+02
1.070000000000002156e-03, 1.000000000000000000e+02
1.080000000000002182e-03, 1.000000000000000000e+02
1.090000000000002208e-03, 1.000000000000000000e+02
1.100000000000002235e-03, 1.000000000000000000e+02
1.110000000000002261e-03, 1.000000000000000000e+02
1.120000000000002287e-03, 1.000000000000000000e+02
1.130000000000002313e-03, 1.000000000000000000e+02
1.140000000000002340e-03, 1.000000000000000000e+02
1.150000000000002366e-03, 1.000000000000000000e+02
1.160000000000002392e-03, 1.000000000000000000e+02
1.170000000000002418e-03, 1.000000000000000000e+02
1.180000000000002445e-03, 1.000000000000000000e+02
1.190000000000002471e-03, 1.000000000000000000e+02
1.200000000000002497e-03, 1.000000000000000000e+02
1.210000000000002523e-03, 1.000000000000000000e+02
1.220000000000002549e-03, 1.000000000000000000e+02
1.230000000000002576e-03, 1.000000000000000000e+02
1.240000000000002602e-03, 1.000000000000000000e+02
1.250000000000002628e-03, 1.000000000000000000e+02
1.260000000000002654e-03, 1.000000000000000000e+02
1.270000000000002681e-03, 1.000000000000000000e+02
1.280000000000002707e-03, 1.000000000000000000e+02
1.290000000000002733e-03, 1.000000000000000000e+02
1.300000000000002759e-03, 1.000000000000000000e+02
1.310000000000002785e-03, 1.000000000000000000e+02
1.320000000000002812e-03, 1.000000000000000000e+02
1.330000000000002838e-03, 1.000000000000000000e+02
1.340000000000002864e-03, 1.000000000000000000e+02
1.350000000000002890e-03, 1.000000000000000000e+02
1.360000000000002917e-03, 1.000000000000000000e+02
1.370000000000002943e-03, 1.000000000000000000e+02
1.380000000000002969e-03, 1.000000000000000000e+02
1.390000000000002995e-03, 1.000000000000000000e+02
1.400000000000003022e-03, 1.000000000000000000e+02
1.410000000000003048e-03, 1.000000000000000000e+02
1.420000000000003074e-03, 1.000000000000000000e+02
1.430000000000003100e-03, 1.000000000000000000e+02
1.440000000000003126e-03, 1.000000000000000000e+02
1.450000000000003153e-03, 1.000000000000000000e+02
1.460000000000003179e-03, 1.000000000000000000e+02
1.470000000000003205e-03, 1.000000000000000000e+02
1.480000000000003231e-03, 1.000000000000000000e+02
1.490000000000003258e-03, 1.000000000000000000e+02
1.500000000000003284e-03, 1.000000000000000000e+02
1.510000000000003310e-03, 1.000000000000000000e+02
1.520000000000003336e-03, 1.000000000000000000e+02
1.530000000000003363e-03, 1.000000000000000000e+02
1.540000000000003389e-03, 1.000000000000000000e+02
1.550000000000003415e-03, 1.000000000000000000e+02
1.560000000000003441e-03, 1.000000000000000000e+02
1.570000000000003467e-03, 1.000000000000000000e+02
1.580000000000003494e-03, 1.000000000000000000e+02
1.590000000000003520e-03, 1.000000000000000000e+02
1.600000000000003546e-03, 1.000000000000000000e+02
1.610000000000003572e-03, 1.000000000000000000e+02
1.620000000000003599e-03, 1.000000000000000000e+02
1.630000000000003625e-03, 1.000000000000000000e+02
1.640000000000003651e-03, 1.000000000000000000e+02
1.650000000000003677e-03, 1.000000000000000000e+02
1.660000000000003703e-03, 1.000000000000000000e+02
1.670000000000003730e-03, 1.000000000000000000e+02
1.680000000000003756e-03, 1.000000000000000000e+02
1.690000000000003782e-03, 1.000000000000000000e+02
1.700000000000003808e-03, 1.000000000000000000e+02
1.710000000000003835e-03, 1.000000000000000000e+02
1.720000000000003861e-03, 1.000000000000000000e+02
1.730000000000003887e-03, 1.000000000000000000e+02
1.740000000000003913e-03, 1.000000000000000000e+02
1.750000000000003940e-03, 1.000000000000000000e+02
1.760000000000003966e-03, 1.000000000000000000e+02
1.770000000000003992e-03, 1.000000000000000000e+02
1.780000000000004018e-03, 1.000000000000000000e+02
1.790000000000004044e-03, 1.000000000000000000e+02
1.800000000000004071e-03, 1.000000000000000000e+02
1.810000000000004097e-03, 1.000000000000000000e+02
1.820000000000004123e-03, 1.000000000000000000e+02
1.830000000000004149e-03, 1.000000000000000000e+02
1.840000000000004176e-03, 1.000000000000000000e+02
1.850000000000004202e-03, 1.000000000000000000e+02
1.860000000000004228e-03, 1.000000000000000000e+02
1.870000000000004254e-03, 1.000000000000000000e+02
1.880000000000004281e-03, 1.000000000000000000e+02
1.890000000000004307e-03, 1.000000000000000000e+02
1.900000000000004333e-03, 1.000000000000000000e+02
1.910000000000004359e-03, 1.000000000000000000e+02
1.920000000000004385e-03, 1.000000000000000000e+02
1.930000000000004412e-03, 1.000000000000000000e+02
1.940000000000004438e-03, 1.000000000000000000e+02
1.950000000000004464e-03, 1.000000000000000000e+02
1.960000000000004274e-03, 1.000000000000000000e+02
1.970000000000004300e-03, 1.000000000000000000e+02
1.980000000000004326e-03, 1.000000000000000000e+02
1.990000000000004352e-03, 1.000000000000000000e+02
2.000000000000004378e-03, 1.000000000000000000e+02
2.010000000000004405e-03, 1.000000000000000000e+02
2.020000000000004431e-03, 1.000000000000000000e+02
2.030000000000004457e-03, 1.000000000000000000e+02
2.040000000000004483e-03, 1.000000000000000000e+02
2.050000000000004510e-03, 1.000000000000000000e+02
2.060000000000004536e-03, 1.000000000000000000e+02
2.070000000000004562e-03, 1.000000000000000000e+02
2.080000000000004588e-03, 1.000000000000000000e+02
2.090000000000004615e-03, 1.000000000000000000e+02
2.100000000000004641e-03, 1.000000000000000000e+02
2.110000000000004667e-03, 1.000000000000000000e+02
2.120000000000004693e-03, 1.000000000000000000e+02
2.130000000000004719e-03, 1.000000000000000000e+02
2.140000000000004746e-03, 1.000000000000000000e+02
2.150000000000004772e-03, 1.000000000000000000e+02
2.160000000000004798e-03, 1.000000000000000000e+02
2.170000000000004824e-03, 1.000000000000000000e+02
2.180000000000004851e-03, 1.000000000000000000e+02
2.190000000000004877e-03, 1.000000000000000000e+02
2.200000000000004903e-03, 1.000000000000000000e+02
2.210000000000004929e-03, 1.000000000000000000e+02
2.220000000000004955e-03, 1.000000000000000000e+02
2.230000000000004982e-03, 1.000000000000000000e+02
2.240000000000005008e-03, 1.000000000000000000e+02
2.250000000000005034e-03, 1.000000000000000000e+02
2.260000000000005060e-03, 1.000000000000000000e+02
2.270000000000005087e-03, 1.000000000000000000e+02
2.280000000000005113e-03, 1.000000000000000000e+02
2.290000000000005139e-03, 1.000000000000000000e+02
2.300000000000005165e-03, 1.000000000000000000e+02
2.310000000000005192e-03, 1.000000000000000000e+02
2.320000000000005218e-03, 1.000000000000000000e+02
2.330000000000005244e-03, 1.000000000000000000e+02
2.340000000000005270e-03, 1.000000000000000000e+02
2.350000000000005296e-03, 1.000000000000000000e+02
2.360000000000005323e-03, 1.000000000000000000e+02
2.370000000000005349e-03, 1.000000000000000000e+02
2.380000000000005375e-03, 1.000000000000000000e+02
2.390000000000005401e-03, 1.000000000000000000e+02
2.400000000000005428e-03, 1.000000000000000000e+02
2.410000000000005454e-03, 1.000000000000000000e+02
2.420000000000005480e-03, 1.000000000000000000e+02
2.430000000000005506e-03, 1.000000000000000000e+02
2.440000000000005533e-03, 1.000000000000000000e+02
2.450000000000005559e-03, 1.000000000000000000e+02
2.460000000000005585e-03, 1.000000000000000000e+02
2.470000000000005611e-03, 1.000000000000000000e+02
2.480000000000005637e-03, 1.000000000000000000e+02
2.490000000000005664e-03, 1.000000000000000000e+02
2.500000000000005690e-03, 1.000000000000000000e+02
2.510000000000005716e-03, 1.000000000000000000e+02
2.520000000000005742e-03, 1.000000000000000000e+02
2.530000000000005769e-03, 1.000000000000000000e+02
2.540000000000005795e-03, 1.000000000000000000e+02
2.550000000000005821e-03, 1.000000000000000000e+02
2.560000000000005847e-03, 1.000000000000000000e+02
2.570000000000005873e-03, 1.000000000000000000e+02
2.580000000000005900e-03, 1.000000000000000000e+02
2.590000000000005926e-03, 1.000000000000000000e+02
2.600000000000005952e-03, 1.000000000000000000e+02
2.610000000000005978e-03, 1.000000000000000000e+02
2.620000000000006005e-03, 1.000000000000000000e+02
2.630000000000006031e-03, 1.000000000000000000e+02
2.640000000000006057e-03, 1.000000000000000000e+02
2.650000000000006083e-03, 1.000000000000000000e+02
2.660000000000006110e-03, 1.000000000000000000e+02
2.670000000000006136e-03, 1.000000000000000000e+02
2.680000000000006162e-03, 1.000000000000000000e+02
2.690000000000006188e-03, 1.000000000000000000e+02
2.700000000000006214e-03, 1.000000000000000000e+02
2.710000000000006241e-03, 1.000000000000000000e+02
2.720000000000006267e-03, 1.000000000000000000e+02
2.730000000000006293e-03, 1.000000000000000000e+02
2.740000000000006319e-03, 1.000000000000000000e+02
2.750000000000006346e-03, 1.000000000000000000e+02
2.760000000000006372e-03, 1.000000000000000000e+02
2.770000000000006398e-03, 1.000000000000000000e+02
2.780000000000006424e-03, 1.000000000000000000e+02
2.790000000000006451e-03, 1.000000000000000000e+02
2.800000000000006477e-03, 1.000000000000000000e+02
2.810000000000006503e-03, 1.000000000000000000e+02
2.820000000000006529e-03, 1.000000000000000000e+02
2.830000000000006555e-03, 1.000000000000000000e+02
2.840000000000006582e-03, 1.000000000000000000e+02
2.850000000000006608e-03, 1.000000000000000000e+02
2.860000000000006634e-03, 1.000000000000000000e+02
2.870000000000006660e-03, 1.000000000000000000e+02
2.880000000000006687e-03, 1.000000000000000000e+02
2.890000000000006713e-03, 1.000000000000000000e+02
2.900000000000006739e-03, 1.000000000000000000e+02
2.910000000000006765e-03, 1.000000000000000000e+02
2.920000000000006792e-03, 1.000000000000000000e+02
2.930000000000006818e-03, 1.000000000000000000e+02
2.940000000000006844e-03, 1.000000000000000000e+02
2.950000000000006870e-03, 1.000000000000000000e+02
2.960000000000006896e-03, 1.000000000000000000e+02
2.970000000000006923e-03, 1.000000000000000000e+02
2.980000000000006949e-03, 1.000000000000000000e+02
2.990000000000006975e-03, 1.000000000000000000e+02
3.000000000000007001e-03, 1.000000000000000000e+02
3.010000000000007028e-03, 1.000000000000000000e+02
3.020000000000007054e-03, 1.000000000000000000e+02
3.030000000000007080e-03, 1.000000000000000000e+02
3.040000000000007106e-03, 1.000000000000000000e+02
3.050000000000007132e-03, 1.000000000000000000e+02
3.060000000000007159e-03, 1.000000000000000000e+02
3.070000000000007185e-03, 1.000000000000000000e+02
3.080000000000007211e-03, 1.000000000000000000e+02
3.090000000000007237e-03, 1.000000000000000000e+02
3.100000000000007264e-03, 1.000000000000000000e+02
3.110000000000007290e-03, 1.000000000000000000e+02
3.120000000000007316e-03, 1.000000000000000000e+02
3.130000000000007342e-03, 1.000000000000000000e+02
3.140000000000007369e-03, 1.000000000000000000e+02
3.150000000000007395e-03, 1.000000000000000000e+02
3.160000000000007421e-03, 1.000000000000000000e+02
3.170000000000007447e-03, 1.000000000000000000e+02
3.180000000000007473e-03, 1.000000000000000000e+02
3.190000000000007500e-03, 1.000000000000000000e+02
3.200000000000007526e-03, 1.000000000000000000e+02
3.210000000000007552e-03, 1.000000000000000000e+02
3.220000000000007578e-03, 1.000000000000000000e+02
3.230000000000007605e-03, 1.000000000000000000e+02
3.240000000000007631e-03, 1.000000000000000000e+02
3.250000000000007657e-03, 1.000000000000000000e+02
3.260000000000007683e-03, 1.000000000000000000e+02
3.270000000000007710e-03, 1.000000000000000000e+02
3.280000000000007736e-03, 1.000000000000000000e+02
3.290000000000007762e-03, 1.000000000000000000e+02
3.300000000000007788e-03, 1.000000000000000000e+02
3.310000000000007814e-03, 1.000000000000000000e+02
3.320000000000007841e-03, 1.000000000000000000e+02
3.330000000000007867e-03, 1.000000000000000000e+02
3.340000000000007893e-03, 1.000000000000000000e+02
3.350000000000007919e-03, 1.000000000000000000e+02
3.360000000000007946e-03, 1.000000000000000000e+02
3.370000000000007972e-03, 1.000000000000000000e+02
3.380000000000007998e-03, 1.000000000000000000e+02
3.390000000000008024e-03, 1.000000000000000000e+02
3.400000000000008051e-03, 1.000000000000000000e+02
3.410000000000008077e-03, 1.000000000000000000e+02
3.420000000000008103e-03, 1.000000000000000000e+02
3.430000000000008129e-03, 1.000000000000000000e+02
3.440000000000008155e-03, 1.000000000000000000e+02
3.450000000000008182e-03, 1.000000000000000000e+02
3.460000000000008208e-03, 1.000000000000000000e+02
3.470000000000008234e-03, 1.000000000000000000e+02
3.480000000000008260e-03, 1.000000000000000000e+02
3.490000000000008287e-03, 1.000000000000000000e+02
3.500000000000008313e-03, 1.000000000000000000e+02
3.510000000000008339e-03, 1.000000000000000000e+02
3.520000000000008365e-03, 1.000000000000000000e+02
3.530000000000008391e-03, 1.000000000000000000e+02
3.540000000000008418e-03, 1.000000000000000000e+02
3.550000000000008444e-03, 1.000000000000000000e+02
3.560000000000008470e-03, 1.000000000000000000e+02
3.570000000000008496e-03, 1.000000000000000000e+02
3.580000000000008523e-03, 1.000000000000000000e+02
3.590000000000008549e-03, 1.000000000000000000e+02
3.600000000000008575e-03, 1.000000000000000000e+02
3.610000000000008601e-03, 1.000000000000000000e+02
3.620000000000008628e-03, 1.000000000000000000e+02
3.630000000000008654e-03, 1.000000000000000000e+02
3.640000000000008680e-03, 1.000000000000000000e+02
3.650000000000008706e-03, 1.000000000000000000e+02
3.660000000000008732e-03, 1.000000000000000000e+02
3.670000000000008759e-03, 1.000000000000000000e+02
3.680000000000008785e-03, 1.000000000000000000e+02
3.690000000000008811e-03, 1.000000000000000000e+02
3.700000000000008837e-03, 1.000000000000000000e+02
3.710000000000008864e-03, 1.000000000000000000e+02
3.720000000000008890e-03, 1.000000000000000000e+02
3.730000000000008916e-03, 1.000000000000000000e+02
3.740000000000008942e-03, 1.000000000000000000e+02
3.750000000000008969e-03, 1.000000000000000000e+02
3.760000000000008995e-03, 1.000000000000000000e+02
3.770000000000009021e-03, 1.000000000000000000e+02
3.780000000000009047e-03, 1.000000000000000000e+02
3.790000000000009073e-03, 1.000000000000000000e+02
3.800000000000009100e-03, 1.000000000000000000e+02
3.810000000000009126e-03, 1.000000000000000000e+02
3.820000000000009152e-03, 1.000000000000000000e+02
3.830000000000009178e-03, 1.000000000000000000e+02
3.840000000000009205e-03, 1.000000000000000000e+02
3.850000000000009231e-03, 1.000000000000000000e+02
3.860000000000009257e-03, 1.000000000000000000e+02
3.870000000000009283e-03, 1.000000000000000000e+02
3.880000000000009309e-03, 1.000000000000000000e+02
3.890000000000009336e-03, 1.000000000000000000e+02
3.900000000000009362e-03, 1.000000000000000000e+02
3.910000000000008955e-03, 1.000000000000000000e+02
3.920000000000008547e-03, 1.000000000000000000e+02
3.930000000000008140e-03, 1.000000000000000000e+02
3.940000000000007732e-03, 1.000000000000000000e+02
3.950000000000007325e-03, 1.000000000000000000e+02
3.960000000000006917e-03, 1.000000000000000000e+02
3.970000000000006510e-03, 1.000000000000000000e+02
3.980000000000006102e-03, 1.000000000000000000e+02
3.990000000000005695e-03, 1.000000000000000000e+02
4.000000000000005287e-03, 1.000000000000000000e+02
4.010000000000004880e-03, 1.000000000000000000e+02
4.020000000000004473e-03, 1.000000000000000000e+02
4.030000000000004065e-03, 1.000000000000000000e+02
4.040000000000003658e-03, 1.000000000000000000e+02
4.050000000000003250e-03, 1.000000000000000000e+02
4.060000000000002843e-03, 1.000000000000000000e+02
4.070000000000002435e-03, 1.000000000000000000e+02
4.080000000000002028e-03, 1.000000000000000000e+02
4.090000000000001620e-03, 1.000000000000000000e+02
4.100000000000001213e-03, 1.000000000000000000e+02
4.110000000000000805e-03, 1.000000000000000000e+02
4.120000000000000398e-03, 1.000000000000000000e+02
4.129999999999999991e-03, 1.000000000000000000e+02
4.139999999999999583e-03, 1.000000000000000000e+02
4.149999999999999176e-03, 1.000000000000000000e+02
4.159999999999998768e-03, 1.000000000000000000e+02
4.169999999999998361e-03, 1.000000000000000000e+02
4.179999999999997953e-03, 1.000000000000000000e+02
4.189999999999997546e-03, 1.000000000000000000e+02
4.199999999999997138e-03, 1.000000000000000000e+02
4.209999999999996731e-03, 1.000000000000000000e+02
4.219999999999996323e-03, 1.000000000000000000e+02
4.229999999999995916e-03, 1.000000000000000000e+02
4.239999999999995509e-03, 1.000000000000000000e+02
4.249999999999995101e-03, 1.000000000000000000e+02
4.259999999999994694e-03, 1.000000000000000000e+02
4.269999999999994286e-03, 1.000000000000000000e+02
4.279999999999993879e-03, 1.000000000000000000e+02
4.289999999999993471e-03, 1.000000000000000000e+02
4.299999999999993064e-03, 1.000000000000000000e+02
4.309999999999992656e-03, 1.000000000000000000e+02
4.319999999999992249e-03, 1.000000000000000000e+02
4.329999999999991842e-03, 1.000000000000000000e+02
4.339999999999991434e-03, 1.000000000000000000e+02
4.349999999999991027e-03, 1.000000000000000000e+02
4.359999999999990619e-03, 1.000000000000000000e+02
4.369999999999990212e-03, 1.000000000000000000e+02
4.379999999999989804e-03, 1.000000000000000000e+02
4.389999999999989397e-03, 1.000000000000000000e+02
4.399999999999988989e-03, 1.000000000000000000e+02
4.409999999999988582e-03, 1.000000000000000000e+02
4.419999999999988174e-03, 1.000000000000000000e+02
4.429999999999987767e-03, 1.000000000000000000e+02
4.439999999999987360e-03, 1.000000000000000000e+02
4.449999999999986952e-03, 1.000000000000000000e+02
4.459999999999986545e-03, 1.000000000000000000e+02
4.469999999999986137e-03, 1.000000000000000000e+02
4.479999999999985730e-03, 1.000000000000000000e+02
4.489999999999985322e-03, 1.000000000000000000e+02
4.499999999999984915e-03, 1.000000000000000000e+02
4.509999999999984507e-03, 1.000000000000000000e+02
4.519999999999984100e-03, 1.000000000000000000e+02
4.529999999999983692e-03, 1.000000000000000000e+02
4.539999999999983285e-03, 1.000000000000000000e+02
4.549999999999982878e-03, 1.000000000000000000e+02
4.559999999999982470e-03, 1.000000000000000000e+02
4.569999999999982063e-03, 1.000000000000000000e+02
4.579999999999981655e-03, 1.000000000000000000e+02
4.589999999999981248e-03, 1.000000000000000000e+02
4.599999999999980840e-03, 1.000000000000000000e+02
4.609999999999980433e-03, 1.000000000000000000e+02
4.619999999999980025e-03, 1.000000000000000000e+02
4.629999999999979618e-03, 1.000000000000000000e+02
4.639999999999979211e-03, 1.000000000000000000e+02
4.649999999999978803e-03, 1.000000000000000000e+02
4.659999999999978396e-03, 1.000000000000000000e+02
4.669999999999977988e-03, 1.000000000000000000e+02
4.679999999999977581e-03, 1.000000000000000000e+02
4.689999999999977173e-03, 1.000000000000000000e+02
4.699999999999976766e-03, 1.000000000000000000e+02
4.709999999999976358e-03, 1.000000000000000000e+02
4.719999999999975951e-03, 1.000000000000000000e+02
4.729999999999975543e-03, 1.000000000000000000e+02
4.739999999999975136e-03, 1.000000000000000000e+02
4.749999999999974729e-03, 1.000000000000000000e+02
4.759999999999974321e-03, 1.000000000000000000e+02
4.769999999999973914e-03, 1.000000000000000000e+02
4.779999999999973506e-03, 1.000000000000000000e+02
4.789999999999973099e-03, 1.000000000000000000e+02
4.799999999999972691e-03, 1.000000000000000000e+02
4.809999999999972284e-03, 1.000000000000000000e+02
4.819999999999971876e-03, 1.000000000000000000e+02
4.829999999999971469e-03, 1.000000000000000000e+02
4.839999999999971061e-03, 1.000000000000000000e+02
4.849999999999970654e-03, 1.000000000000000000e+02
4.859999999999970247e-03, 1.000000000000000000e+02
4.869999999999969839e-03, 1.000000000000000000e+02
4.879999999999969432e-03, 1.000000000000000000e+02
4.889999999999969024e-03, 1.000000000000000000e+02
4.899999999999968617e-03, 1.000000000000000000e+02
4.909999999999968209e-03, 1.000000000000000000e+02
4.919999999999967802e-03, 1.000000000000000000e+02
4.929999999999967394e-03, 1.000000000000000000e+02
4.939999999999966987e-03, 1.000000000000000000e+02
4.949999999999966580e-03, 1.000000000000000000e+02
4.959999999999966172e-03, 1.000000000000000000e+02
4.969999999999965765e-03, 1.000000000000000000e+02
4.979999999999965357e-03, 1.000000000000000000e+02
4.989999999999964950e-03, 1.000000000000000000e+02
4.999999999999964542e-03, 1.000000000000000000e+02
5.009999999999964135e-03, 1.000000000000000000e+02
6.009999999999964156e-03, 1.000000000000000000e+02
7.009999999999964176e-03, 1.000000000000000000e+02
8.009999999999965065e-03, 1.000000000000000000e+02
9.009999999999965953e-03, 1.000000000000000000e+02
1.000999999999996684e-02, 1.000000000000000000e+02
1.100999999999996773e-02, 1.000000000000000000e+02
1.200999999999996862e-02, 1.000000000000000000e+02
1.300999999999996951e-02, 1.000000000000000000e+02
1.400999999999997039e-02, 1.000000000000000000e+02
1.500999999999997128e-02, 1.000000000000000000e+02
1.600999999999997217e-02, 1.000000000000000000e+02
1.700999999999997306e-02, 1.000000000000000000e+02
1.800999999999997395e-02, 1.000000000000000000e+02
1.900999999999997483e-02, 1.000000000000000000e+02
2.000999999999997572e-02, 1.000000000000000000e+02
2.100999999999997661e-02, 1.000000000000000000e+02
2.200999999999997750e-02, 1.000000000000000000e+02
2.300999999999997839e-02, 1.000000000000000000e+02
2.400999999999997928e-02, 1.000000000000000000e+02
2.500999999999998016e-02, 1.000000000000000000e+02
2.600999999999998105e-02, 1.000000000000000000e+02
2.700999999999998194e-02, 1.000000000000000000e+02
2.800999999999998283e-02, 1.000000000000000000e+02
2.900999999999998372e-02, 1.000000000000000000e+02
3.000999999999998460e-02, 1.000000000000000000e+02
3.100999999999998549e-02, 1.000000000000000000e+02
3.200999999999998291e-02, 1.000000000000000000e+02
3.300999999999998380e-02, 1.000000000000000000e+02
3.400999999999998469e-02, 1.000000000000000000e+02
3.500999999999998558e-02, 1.000000000000000000e+02
3.600999999999998646e-02, 1.000000000000000000e+02
3.700999999999998735e-02, 1.000000000000000000e+02
3.800999999999998824e-02, 1.000000000000000000e+02
3.900999999999998913e-02, 1.000000000000000000e+02
4.000999999999999002e-02, 1.000000000000000000e+02
4.100999999999999091e-02, 1.000000000000000000e+02
4.200999999999999179e-02, 1.000000000000000000e+02
4.300999999999999268e-02, 1.000000000000000000e+02
4.400999999999999357e-02, 1.000000000000000000e+02
4.500999999999999446e-02, 1.000000000000000000e+02
4.600999999999999535e-02, 1.000000000000000000e+02
4.700999999999999623e-02, 1.000000000000000000e+02
4.800999999999999712e-02, 1.000000000000000000e+02
4.900999999999999801e-02, 1.000000000000000000e+02
5.000999999999999890e-02, 1.000000000000000000e+02
5.100999999999999979e-02, 1.000000000000000000e+02
5.201000000000000068e-02, 1.000000000000000000e+02
5.301000000000000156e-02, 1.000000000000000000e+02
5.401000000000000245e-02, 1.000000000000000000e+02
5.501000000000000334e-02, 1.000000000000000000e+02
5.601000000000000423e-02, 1.000000000000000000e+02
5.701000000000000512e-02, 1.000000000000000000e+02
5.801000000000000600e-02, 1.000000000000000000e+02
5.901000000000000689e-02, 1.000000000000000000e+02
6.001000000000000778e-02, 1.000000000000000000e+02
6.101000000000000867e-02, 1.000000000000000000e+02
6.201000000000000956e-02, 1.000000000000000000e+02
6.301000000000001044e-02, 1.000000000000000000e+02
6.401000000000001133e-02, 1.000000000000000000e+02
6.501000000000001222e-02, 1.000000000000000000e+02
6.601000000000001311e-02, 1.000000000000000000e+02
6.701000000000001400e-02, 1.000000000000000000e+02
6.801000000000001489e-02, 1.000000000000000000e+02
6.901000000000001577e-02, 1.000000000000000000e+02
7.001000000000001666e-02, 1.000000000000000000e+02
7.101000000000001755e-02, 1.000000000000000000e+02
7.201000000000001844e-02, 1.000000000000000000e+02
7.301000000000001933e-02, 1.000000000000000000e+02
7.401000000000002021e-02, 1.000000000000000000e+02
7.501000000000002110e-02, 1.000000000000000000e+02
7.601000000000002199e-02, 1.000000000000000000e+02
7.701000000000002288e-02, 1.000000000000000000e+02
7.801000000000002377e-02, 1.000000000000000000e+02
7.901000000000002466e-02, 1.000000000000000000e+02
8.001000000000002554e-02, 1.000000000000000000e+02
8.101000000000002643e-02, 1.000000000000000000e+02
8.201000000000002732e-02, 1.000000000000000000e+02
8.301000000000002821e-02, 1.000000000000000000e+02
8.401000000000002910e-02, 1.000000000000000000e+02
8.501000000000002998e-02, 1.000000000000000000e+02
8.601000000000003087e-02, 1.000000000000000000e+02
8.701000000000003176e-02, 1.000000000000000000e+02
8.801000000000003265e-02, 1.000000000000000000e+02
8.901000000000003354e-02, 1.000000000000000000e+02
9.001000000000003443e-02, 1.000000000000000000e+02
9.101000000000003531e-02, 1.000000000000000000e+02
9.201000000000003620e-02, 1.000000000000000000e+02
9.301000000000003709e-02, 1.000000000000000000e+02
9.401000000000003798e-02, 1.000000000000000000e+02
9.501000000000003887e-02, 1.000000000000000000e+02
9.601000000000003975e-02, 1.000000000000000000e+02
9.701000000000004064e-02, 1.000000000000000000e+02
9.801000000000004153e-02, 1.000000000000000000e+02
9.901000000000004242e-02, 1.000000000000000000e+02
1.000100000000000433e-01, 1.000000000000000000e+02
1.010100000000000442e-01, 1.000000000000000000e+02
1.020100000000000451e-01, 1.000000000000000000e+02
1.030100000000000460e-01, 1.000000000000000000e+02
1.040100000000000469e-01, 1.000000000000000000e+02
1.050100000000000477e-01, 1.000000000000000000e+02
1.060100000000000486e-01, 1.000000000000000000e+02
1.070100000000000495e-01, 1.000000000000000000e+02
1.080100000000000504e-01, 1.000000000000000000e+02
1.090100000000000513e-01, 1.000000000000000000e+02
1.100100000000000522e-01, 1.000000000000000000e+02
1.110100000000000531e-01, 1.000000000000000000e+02
1.120100000000000540e-01, 1.000000000000000000e+02
1.130100000000000549e-01, 1.000000000000000000e+02
1.140100000000000557e-01, 1.000000000000000000e+02
1.150100000000000566e-01, 1.000000000000000000e+02
1.160100000000000575e-01, 1.000000000000000000e+02
1.170100000000000584e-01, 1.000000000000000000e+02
1.180100000000000593e-01, 1.000000000000000000e+02
1.190100000000000602e-01, 1.000000000000000000e+02
1.200100000000000611e-01, 1.000000000000000000e+02
1.210100000000000620e-01, 1.000000000000000000e+02
1.220100000000000628e-01, 1.000000000000000000e+02
1.230100000000000637e-01, 1.000000000000000000e+02
1.240100000000000646e-01, 1.000000000000000000e+02
1.250100000000000655e-01, 1.000000000000000000e+02
1.260100000000000664e-01, 1.000000000000000000e+02
1.270100000000000673e-01, 1.000000000000000000e+02
1.280100000000000682e-01, 1.000000000000000000e+02
1.290100000000000691e-01, 1.000000000000000000e+02
1.300100000000000700e-01, 1.000000000000000000e+02
1.310100000000000708e-01, 1.000000000000000000e+02
1.320100000000000717e-01, 1.000000000000000000e+02
1.330100000000000726e-01, 1.000000000000000000e+02
1.340100000000000735e-01, 1.000000000000000000e+02
1.350100000000000744e-01, 1.000000000000000000e+02
1.360100000000000753e-01, 1.000000000000000000e+02
1.370100000000000762e-01, 1.000000000000000000e+02
1.380100000000000771e-01, 1.000000000000000000e+02
1.390100000000000779e-01, 1.000000000000000000e+02
1.400100000000000788e-01, 1.000000000000000000e+02
1.410100000000000797e-01, 1.000000000000000000e+02
1.420100000000000806e-01, 1.000000000000000000e+02
1.430100000000000815e-01, 1.000000000000000000e+02
1.440100000000000824e-01, 1.000000000000000000e+02
1.450100000000000833e-01, 1.000000000000000000e+02
1.460100000000000842e-01, 1.000000000000000000e+02
1.470100000000000851e-01, 1.000000000000000000e+02
1.480100000000000859e-01, 1.000000000000000000e+02
1.490100000000000868e-01, 1.000000000000000000e+02
1.500100000000000877e-01, 1.000000000000000000e+02
1.510100000000000886e-01, 1.000000000000000000e+02
1.520100000000000895e-01, 1.000000000000000000e+02
1.530100000000000904e-01, 1.000000000000000000e+02
1.540100000000000913e-01, 1.000000000000000000e+02
1.550100000000000922e-01, 1.000000000000000000e+02
1.560100000000000930e-01, 1.000000000000000000e+02
1.570100000000000939e-01, 1.000000000000000000e+02
1.580100000000000948e-01, 1.000000000000000000e+02
1.590100000000000957e-01, 1.000000000000000000e+02
1.600100000000000966e-01, 1.000000000000000000e+02
1.610100000000000975e-01, 1.000000000000000000e+02
1.620100000000000984e-01, 1.000000000000000000e+02
1.630100000000000993e-01, 1.000000000000000000e+02
1.640100000000001002e-01, 1.000000000000000000e+02
1.650100000000001010e-01, 1.000000000000000000e+02
1.660100000000001019e-01, 1.000000000000000000e+02
1.670100000000001028e-01, 1.000000000000000000e+02
1.680100000000001037e-01, 1.000000000000000000e+02
1.690100000000001046e-01, 1.000000000000000000e+02
1.700100000000001055e-01, 1.000000000000000000e+02
1.710100000000001064e-01, 1.000000000000000000e+02
1.720100000000001073e-01, 1.000000000000000000e+02
1.730100000000001081e-01, 1.000000000000000000e+02
1.740100000000001090e-01, 1.000000000000000000e+02
1.750100000000001099e-01, 1.000000000000000000e+02
1.760100000000001108e-01, 1.000000000000000000e+02
1.770100000000001117e-01, 1.000000000000000000e+02
1.780100000000001126e-01, 1.000000000000000000e+02
1.790100000000001135e-01, 1.000000000000000000e+02
1.800100000000001144e-01, 1.000000000000000000e+02
1.810100000000001153e-01, 1.000000000000000000e+02
1.820100000000001161e-01, 1.000000000000000000e+02
1.830100000000001170e-01, 1.000000000000000000e+02
1.840100000000001179e-01, 1.000000000000000000e+02
1.850100000000001188e-01, 1.000000000000000000e+02
1.860100000000001197e-01, 1.000000000000000000e+02
1.870100000000001206e-01, 1.000000000000000000e+02
1.880100000000001215e-01, 1.000000000000000000e+02
1.890100000000001224e-01, 1.000000000000000000e+02
1.900100000000001232e-01, 1.000000000000000000e+02
1.910100000000001241e-01, 1.000000000000000000e+02
1.920100000000001250e-01, 1.000000000000000000e+02
1.930100000000001259e-01, 1.000000000000000000e+02
1.940100000000001268e-01, 1.000000000000000000e+02
1.950100000000001277e-01, 1.000000000000000000e+02
1.960100000000001286e-01, 1.000000000000000000e+02
1.970100000000001295e-01, 1.000000000000000000e+02
1.980100000000001303e-01, 1.000000000000000000e+02
1.990100000000001312e-01, 1.000000000000000000e+02
2.000100000000001321e-01, 1.000000000000000000e+02
2.010100000000001330e-01, 1.000000000000000000e+02
2.020100000000001339e-01, 1.000000000000000000e+02
2.030100000000001348e-01, 1.000000000000000000e+02
2.040100000000001357e-01, 1.000000000000000000e+02
2.050100000000001366e-01, 1.000000000000000000e+02
2.060100000000001375e-01, 1.000000000000000000e+02
2.070100000000001383e-01, 1.000000000000000000e+02
2.080100000000001392e-01, 1.000000000000000000e+02
2.090100000000001401e-01, 1.000000000000000000e+02
2.100100000000001410e-01, 1.000000000000000000e+02
2.110100000000001419e-01, 1.000000000000000000e+02
2.120100000000001428e-01, 1.000000000000000000e+02
2.130100000000001437e-01, 1.000000000000000000e+02
2.140100000000001446e-01, 1.000000000000000000e+02
2.150100000000001454e-01, 9.891497323310403544e+00
2.160100000000001463e-01, 9.891497323310403544e+00
2.170100000000001472e-01, 9.891497323310403544e+00
2.180100000000001481e-01, 9.891497323310403544e+00
2.190100000000001490e-01, 9.891497323310403544e+00
2.200100000000001499e-01, 9.891497323310403544e+00
2.210100000000001508e-01, 9.891497323310403544e+00
2.220100000000001517e-01, 9.891497323310403544e+00
2.230100000000001526e-01, 9.891497323310403544e+00
2.240100000000001534e-01, 9.891497323310403544e+00
2.250100000000001543e-01, 9.891497323310403544e+00
2.260100000000001552e-01, 9.891497323310403544e+00
2.270100000000001561e-01, 9.891497323310403544e+00
2.280100000000001570e-01, 9.891497323310403544e+00
2.290100000000001579e-01, 9.891497323310403544e+00
2.300100000000001588e-01, 9.891497323310403544e+00
2.310100000000001597e-01, 9.891497323310403544e+00
2.320100000000001605e-01, 9.891497323310403544e+00
2.330100000000001614e-01, 9.891497323310403544e+00
2.340100000000001623e-01, 9.891497323310403544e+00
2.350100000000001632e-01, 9.891497323310403544e+00
2.360100000000001641e-01, 9.891497323310403544e+00
2.370100000000001650e-01, 9.891497323310403544e+00
2.380100000000001659e-01, 9.891497323310403544e+00
2.390100000000001668e-01, 9.891497323310403544e+00
2.400100000000001677e-01, 9.891497323310403544e+00
2.410100000000001685e-01, 9.891497323310403544e+00
2.420100000000001694e-01, 9.891497323310403544e+00
2.430100000000001703e-01, 9.891497323310403544e+00
2.440100000000001712e-01, 9.891497323310403544e+00
2.450100000000001721e-01, 9.891497323310403544e+00
2.460100000000001730e-01, 9.891497323310403544e+00
2.470100000000001739e-01, 9.891497323310403544e+00
2.480100000000001748e-01, 9.891497323310403544e+00
2.490100000000001756e-01, 9.891497323310403544e+00
2.500100000000001765e-01, 9.891497323310403544e+00
2.510100000000001774e-01, 9.891497323310403544e+00
2.520100000000001783e-01, 9.891497323310403544e+00
2.530100000000001792e-01, 9.891497323310403544e+00
2.540100000000001801e-01, 9.891497323310403544e+00
2.550100000000001810e-01, 9.891497323310403544e+00
2.560100000000001819e-01, 9.891497323310403544e+00
2.570100000000001828e-01, 9.891497323310403544e+00
2.580100000000001836e-01, 9.891497323310403544e+00
2.590100000000001845e-01, 9.891497323310403544e+00
2.600100000000001854e-01, 9.891497323310403544e+00
2.610100000000001863e-01, 9.891497323310403544e+00
2.620100000000001872e-01, 9.891497323310403544e+00
2.630100000000001881e-01, 9.891497323310403544e+00
2.640100000000001890e-01, 9.891497323310403544e+00
2.650100000000001899e-01, 9.891497323310403544e+00
2.660100000000001907e-01, 9.891497323310403544e+00
2.670100000000001916e-01, 9.891497323310403544e+00
2.680100000000001925e-01, 9.891497323310403544e+00
2.690100000000001934e-01, 9.891497323310403544e+00
2.700100000000001943e-01, 9.891497323310403544e+00
2.710100000000001952e-01, 9.891497323310403544e+00
2.720100000000001961e-01, 9.891497323310403544e+00
2.730100000000001970e-01, 0.000000000000000000e+00
