0.000000000000000000e+00, 0.000000000000000000e+00
1.000000000000000082e-05, 5.590507734659634931e-09
2.000000000000000164e-05, 1.677155787610993791e-08
3.000000000000000415e-05, 3.354318512953818534e-08
4.000000000000000327e-05, 5.590542423315685612e-08
5.000000000000000240e-05, 8.385830995817264794e-08
6.000000000000000152e-05, 1.174018771087555879e-07
7.000000000000000742e-05, 1.565361605220082117e-07
8.000000000000000654e-05, 2.012611950679347529e-07
9.000000000000000567e-05, 2.515770156494105305e-07
1.000000000000000048e-04, 3.074836572021512707e-07
1.100000000000000039e-04, 3.689811546946825473e-07
1.200000000000000030e-04, 4.360695431283093943e-07
1.300000000000000157e-04, 5.087488575370857867e-07
1.400000000000000148e-04, 5.870191329877844116e-07
1.500000000000000140e-04, 6.708804045798662280e-07
1.600000000000000131e-04, 7.603327074454503974e-07
1.700000000000000122e-04, 8.553760767492841080e-07
1.800000000000000113e-04, 9.560105476887126108e-07
1.900000000000000105e-04, 1.062236155493649044e-06
2.000000000000000096e-04, 1.174052935426544577e-06
2.100000000000000087e-04, 1.291460922782358548e-06
2.200000000000000078e-04, 1.414460152888528718e-06
2.300000000000000070e-04, 1.543050661104941406e-06
2.400000000000000061e-04, 1.677232482823902061e-06
2.500000000000000052e-04, 1.817005653470105400e-06
2.600000000000000314e-04, 1.962370208500606188e-06
2.700000000000000577e-04, 2.113326183404788955e-06
2.800000000000000839e-04, 2.269873613704340043e-06
2.900000000000001101e-04, 2.432012534953217114e-06
3.000000000000001363e-04, 2.599742982737619718e-06
3.100000000000001626e-04, 2.773064992675961336e-06
3.200000000000001888e-04, 2.951978600418839314e-06
3.300000000000002150e-04, 3.136483841649005639e-06
3.400000000000002413e-04, 3.326580752081338564e-06
3.500000000000002675e-04, 3.522269367462812960e-06
3.600000000000002937e-04, 3.723549723572472367e-06
3.700000000000003200e-04, 3.930421856221399346e-06
3.800000000000003462e-04, 4.142885801252686257e-06
3.900000000000003724e-04, 4.360941594541408998e-06
4.000000000000003986e-04, 4.584589271994595248e-06
4.100000000000004249e-04, 4.813828869551198200e-06
4.200000000000004511e-04, 5.048660423182066077e-06
4.300000000000004773e-04, 5.289083968889915868e-06
4.400000000000005036e-04, 5.535099542709302835e-06
4.500000000000005298e-04, 5.786707180706594257e-06
4.600000000000005560e-04, 6.043906918979939786e-06
4.700000000000005822e-04, 6.306698793659243489e-06
4.800000000000006085e-04, 6.575082840906135899e-06
4.900000000000006347e-04, 6.849059096913945218e-06
5.000000000000006609e-04, 7.128627597907671057e-06
5.100000000000006872e-04, 7.413788380143954787e-06
5.200000000000007134e-04, 7.704541479911052439e-06
5.300000000000007396e-04, 8.000886933528805902e-06
5.400000000000007658e-04, 8.302824777348617513e-06
5.500000000000007921e-04, 8.610355047753418716e-06
5.600000000000008183e-04, 8.923477781157643804e-06
5.700000000000008445e-04, 9.242193014007206203e-06
5.800000000000008708e-04, 9.566500782779464591e-06
5.900000000000008970e-04, 9.896401123983200872e-06
6.000000000000009232e-04, 1.023189407415858799e-05
6.100000000000009494e-04, 1.057297966987716792e-05
6.200000000000009757e-04, 1.091965794774181775e-05
6.300000000000010019e-04, 1.127192894438672770e-05
6.400000000000010281e-04, 1.162979269647737231e-05
6.500000000000010544e-04, 1.199324924071048330e-05
6.600000000000010806e-04, 1.236229861381402253e-05
6.700000000000011068e-04, 1.273694085254715315e-05
6.800000000000011331e-04, 1.311717599370021759e-05
6.900000000000011593e-04, 1.350300407409470537e-05
7.000000000000011855e-04, 1.389442513058322772e-05
7.100000000000012117e-04, 1.429143920004949211e-05
7.200000000000012380e-04, 1.469404631940827521e-05
7.300000000000012642e-04, 1.510224652560539574e-05
7.400000000000012904e-04, 1.551603985561768567e-05
7.500000000000013167e-04, 1.593542634645296992e-05
7.600000000000013429e-04, 1.636040603515003417e-05
7.700000000000013691e-04, 1.679097895877859772e-05
7.800000000000013953e-04, 1.722714515443928980e-05
7.900000000000014216e-04, 1.766890465926362587e-05
8.000000000000014478e-04, 1.811625751041397370e-05
8.100000000000014740e-04, 1.856920374508353645e-05
8.200000000000015003e-04, 1.902774340049631540e-05
8.300000000000015265e-04, 1.949187651390709640e-05
8.400000000000015527e-04, 1.996160312260141596e-05
8.500000000000015789e-04, 2.043692326389553421e-05
8.600000000000016052e-04, 2.091783697513641111e-05
8.700000000000016314e-04, 2.140434429370168616e-05
8.800000000000016576e-04, 2.189644525699964114e-05
8.900000000000016839e-04, 2.239413990246918312e-05
9.000000000000017101e-04, 2.289742826757981404e-05
9.100000000000017363e-04, 2.340631038983160693e-05
9.200000000000017625e-04, 2.392078630675518560e-05
9.300000000000017888e-04, 2.444085605591168740e-05
9.400000000000018150e-04, 2.496651967489274283e-05
9.500000000000018412e-04, 2.549777720132045866e-05
9.600000000000018675e-04, 2.603462867284737724e-05
9.700000000000018937e-04, 2.657707412715646297e-05
9.800000000000019199e-04, 2.712511360196106838e-05
9.900000000000019462e-04, 2.767874713500492062e-05
1.000000000000001972e-03, 2.823797476406208077e-05
1.010000000000001999e-03, 2.880279652693693032e-05
1.020000000000002025e-03, 2.937321246146414402e-05
1.030000000000002051e-03, 2.994922260550865944e-05
1.040000000000002077e-03, 3.053082699696565321e-05
1.050000000000002104e-03, 3.111802567376053088e-05
1.060000000000002130e-03, 3.171081867384887269e-05
1.070000000000002156e-03, 3.230920603521643359e-05
1.080000000000002182e-03, 3.291318779587911614e-05
1.090000000000002208e-03, 3.352276399388292980e-05
1.100000000000002235e-03, 3.413793466730397747e-05
1.110000000000002261e-03, 3.475869985424843506e-05
1.120000000000002287e-03, 3.538505959285251769e-05
1.130000000000002313e-03, 3.601701392128245930e-05
1.140000000000002340e-03, 3.665456287773448559e-05
1.150000000000002366e-03, 3.729770650043478690e-05
1.160000000000002392e-03, 3.794644482763951141e-05
1.170000000000002418e-03, 3.860077789763471777e-05
1.180000000000002445e-03, 3.926070574873636145e-05
1.190000000000002471e-03, 3.992622841929027451e-05
1.200000000000002497e-03, 4.059734594767212487e-05
1.210000000000002523e-03, 4.127405837228741636e-05
1.220000000000002549e-03, 4.195636573157144125e-05
1.230000000000002576e-03, 4.264426806398927350e-05
1.240000000000002602e-03, 4.333776540803573486e-05
1.250000000000002628e-03, 4.403685780223537454e-05
1.260000000000002654e-03, 4.474154528514244213e-05
1.270000000000002681e-03, 4.545182789534086724e-05
1.280000000000002707e-03, 4.616770567144423242e-05
1.290000000000002733e-03, 4.688917865209575960e-05
1.300000000000002759e-03, 4.761624687596826264e-05
1.310000000000002785e-03, 4.834891038176415413e-05
1.320000000000002812e-03, 4.908716920821539116e-05
1.330000000000002838e-03, 4.983102339408348211e-05
1.340000000000002864e-03, 5.058047297815943243e-05
1.350000000000002890e-03, 5.133551799926375144e-05
1.360000000000002917e-03, 5.209615849624639808e-05
1.370000000000002943e-03, 5.286239450798678772e-05
1.380000000000002969e-03, 5.363422607339374471e-05
1.390000000000002995e-03, 5.441165323140548883e-05
1.400000000000003022e-03, 5.519467602098961496e-05
1.410000000000003048e-03, 5.598329448114305922e-05
1.420000000000003074e-03, 5.677750865089209215e-05
1.430000000000003100e-03, 5.757731856929228486e-05
1.440000000000003126e-03, 5.838272427542847516e-05
1.450000000000003153e-03, 5.919372580841476752e-05
1.460000000000003179e-03, 6.001032320739449922e-05
1.470000000000003205e-03, 6.083251651154020646e-05
1.480000000000003231e-03, 6.166030576005361759e-05
1.490000000000003258e-03, 6.249369099216562598e-05
1.500000000000003284e-03, 6.333267224713627652e-05
1.510000000000003310e-03, 6.417724956425469778e-05
1.520000000000003336e-03, 6.502742298283914273e-05
1.530000000000003363e-03, 6.588319254223693453e-05
1.540000000000003389e-03, 6.674455828182442583e-05
1.550000000000003415e-03, 6.761152024100701235e-05
1.560000000000003441e-03, 6.848407845921909221e-05
1.570000000000003467e-03, 6.936223297592403886e-05
1.580000000000003494e-03, 7.024598383061420102e-05
1.590000000000003520e-03, 7.113533106281083498e-05
1.600000000000003546e-03, 7.203027471206411810e-05
1.610000000000003572e-03, 7.293081481795313529e-05
1.620000000000003599e-03, 7.383695142008582480e-05
1.630000000000003625e-03, 7.474868455809899174e-05
1.640000000000003651e-03, 7.566601427165822681e-05
1.650000000000003677e-03, 7.658894060045796047e-05
1.660000000000003703e-03, 7.751746358422138166e-05
1.670000000000003730e-03, 7.845158326270043777e-05
1.680000000000003756e-03, 7.939129967567582109e-05
1.690000000000003782e-03, 8.033661286295694175e-05
1.700000000000003808e-03, 8.128752286438187345e-05
1.710000000000003835e-03, 8.224402971981738058e-05
1.720000000000003861e-03, 8.320613346915886404e-05
1.730000000000003887e-03, 8.417383415233036122e-05
1.740000000000003913e-03, 8.514713180928450533e-05
1.750000000000003940e-03, 8.612602648000251186e-05
1.760000000000003966e-03, 8.711051820449415149e-05
1.770000000000003992e-03, 8.810060702279773651e-05
1.780000000000004018e-03, 8.909629297498009373e-05
1.790000000000004044e-03, 9.009757610113653737e-05
1.800000000000004071e-03, 9.110445644139085551e-05
1.810000000000004097e-03, 9.211693403589529653e-05
1.820000000000004123e-03, 9.313500892483054204e-05
1.830000000000004149e-03, 9.415868114840565261e-05
1.840000000000004176e-03, 9.518795074685810847e-05
1.850000000000004202e-03, 9.622281776045372818e-05
1.860000000000004228e-03, 9.726328222948669576e-05
1.870000000000004254e-03, 9.830934419427949289e-05
1.880000000000004281e-03, 9.936100369518291247e-05
1.890000000000004307e-03, 1.004182607725760315e-04
1.900000000000004333e-03, 1.014811154668661842e-04
1.910000000000004359e-03, 1.025495678184889207e-04
1.920000000000004385e-03, 1.036236178679080352e-04
1.930000000000004412e-03, 1.047032656556154970e-04
1.940000000000004438e-03, 1.057885112221314516e-04
1.950000000000004464e-03, 1.068793546080042063e-04
1.960000000000004274e-03, 1.079757958538101766e-04
1.970000000000004300e-03, 1.090778350001528422e-04
1.980000000000004326e-03, 1.101854720876591288e-04
1.990000000000004352e-03, 1.112987071569793808e-04
2.000000000000004378e-03, 1.124175402487873613e-04
2.010000000000004405e-03, 1.135419714037802388e-04
2.020000000000004431e-03, 1.146720006626785870e-04
2.030000000000004457e-03, 1.158076280662263032e-04
2.040000000000004483e-03, 1.169488536551906903e-04
2.050000000000004510e-03, 1.180956774703623477e-04
2.060000000000004536e-03, 1.192480995525552261e-04
2.070000000000004562e-03, 1.204061199426065590e-04
2.080000000000004588e-03, 1.215697386813768908e-04
2.090000000000004615e-03, 1.227389558097500351e-04
2.100000000000004641e-03, 1.239137713686330755e-04
2.110000000000004667e-03, 1.250941853989563245e-04
2.120000000000004693e-03, 1.262801979416733507e-04
2.130000000000004719e-03, 1.274718090377608976e-04
2.140000000000004746e-03, 1.286690187282189379e-04
2.150000000000004772e-03, 1.298718270540706187e-04
2.160000000000004798e-03, 1.310802340563622622e-04
2.170000000000004824e-03, 1.322942397761633383e-04
2.180000000000004851e-03, 1.335138442545664376e-04
2.190000000000004877e-03, 1.347390475326872982e-04
2.200000000000004903e-03, 1.359698496516647788e-04
2.210000000000004929e-03, 1.372062506526608048e-04
2.220000000000004955e-03, 1.384482505768603678e-04
2.230000000000004982e-03, 1.396958494654715528e-04
2.240000000000005008e-03, 1.409490473597254572e-04
2.250000000000005034e-03, 1.422078443008762446e-04
2.260000000000005060e-03, 1.434722403302010911e-04
2.270000000000005087e-03, 1.447422354890001304e-04
2.280000000000005113e-03, 1.460178298185965359e-04
2.290000000000005139e-03, 1.472990233603364385e-04
2.300000000000005165e-03, 1.485858161555889275e-04
2.310000000000005192e-03, 1.498782082457459958e-04
2.320000000000005218e-03, 1.511761996722226214e-04
2.330000000000005244e-03, 1.524797904764566318e-04
2.340000000000005270e-03, 1.537889806999088126e-04
2.350000000000005296e-03, 1.551037703840627989e-04
2.360000000000005323e-03, 1.564241595704251025e-04
2.370000000000005349e-03, 1.577501483005250575e-04
2.380000000000005375e-03, 1.590817366159148749e-04
2.390000000000005401e-03, 1.604189245581695881e-04
2.400000000000005428e-03, 1.617617121688869986e-04
2.410000000000005454e-03, 1.631100994896877304e-04
2.420000000000005480e-03, 1.644640865622152030e-04
2.430000000000005506e-03, 1.658236734281355498e-04
2.440000000000005533e-03, 1.671888601291376996e-04
2.450000000000005559e-03, 1.685596467069332680e-04
2.460000000000005585e-03, 1.699360332032566392e-04
2.470000000000005611e-03, 1.713180196598648839e-04
2.480000000000005637e-03, 1.727056061185377599e-04
2.490000000000005664e-03, 1.740987926210777121e-04
2.500000000000005690e-03, 1.754975792093098179e-04
2.510000000000005716e-03, 1.769019659250818416e-04
2.520000000000005742e-03, 1.783119528102641534e-04
2.530000000000005769e-03, 1.797275399067497289e-04
2.540000000000005795e-03, 1.811487272564541763e-04
2.550000000000005821e-03, 1.825755149013156826e-04
2.560000000000005847e-03, 1.840079028832950132e-04
2.570000000000005873e-03, 1.854458912443754848e-04
2.580000000000005900e-03, 1.868894800265629385e-04
2.590000000000005926e-03, 1.883386692718857938e-04
2.600000000000005952e-03, 1.897934590223949677e-04
2.610000000000005978e-03, 1.912538493201638740e-04
2.620000000000006005e-03, 1.927198402072883968e-04
2.630000000000006031e-03, 1.941914317258869446e-04
2.640000000000006057e-03, 1.956686239181003415e-04
2.650000000000006083e-03, 1.971514168260918819e-04
2.660000000000006110e-03, 1.986398104920472489e-04
2.670000000000006136e-03, 2.001338049581746228e-04
2.680000000000006162e-03, 2.016334002667045185e-04
2.690000000000006188e-03, 2.031385964598898396e-04
2.700000000000006214e-03, 2.046493935800059057e-04
2.710000000000006241e-03, 2.061657916693503980e-04
2.720000000000006267e-03, 2.076877907702433051e-04
2.730000000000006293e-03, 2.092153909250269502e-04
2.740000000000006319e-03, 2.107485921760660183e-04
2.750000000000006346e-03, 2.122873945657474475e-04
2.760000000000006372e-03, 2.138317981364805105e-04
2.770000000000006398e-03, 2.153818029306967332e-04
2.780000000000006424e-03, 2.169374089908499221e-04
2.790000000000006451e-03, 2.184986163594160823e-04
2.800000000000006477e-03, 2.200654250788935268e-04
2.810000000000006503e-03, 2.216378351918027402e-04
2.820000000000006529e-03, 2.232158467406864335e-04
2.830000000000006555e-03, 2.247994597681094895e-04
2.840000000000006582e-03, 2.263886743166589901e-04
2.850000000000006608e-03, 2.279834904289441890e-04
2.860000000000006634e-03, 2.295839081475964578e-04
2.870000000000006660e-03, 2.311899275152693670e-04
2.880000000000006687e-03, 2.328015485746385237e-04
2.890000000000006713e-03, 2.344187713684017338e-04
2.900000000000006739e-03, 2.360415959392788397e-04
2.910000000000006765e-03, 2.376700223300118016e-04
2.920000000000006792e-03, 2.393040505833646432e-04
2.930000000000006818e-03, 2.409436807421234245e-04
2.940000000000006844e-03, 2.425889128490962691e-04
2.950000000000006870e-03, 2.442397469471133098e-04
2.960000000000006896e-03, 2.458961830790267161e-04
2.970000000000006923e-03, 2.475582212877106393e-04
2.980000000000006949e-03, 2.492258616160612133e-04
2.990000000000006975e-03, 2.508991041069965808e-04
3.000000000000007001e-03, 2.525779488034568402e-04
3.010000000000007028e-03, 2.542623957484039902e-04
3.020000000000007054e-03, 2.559524449848219851e-04
3.030000000000007080e-03, 2.576480965557167340e-04
3.040000000000007106e-03, 2.593493505041160468e-04
3.050000000000007132e-03, 2.610562068730695805e-04
3.060000000000007159e-03, 2.627686657056488924e-04
3.070000000000007185e-03, 2.644867270449474412e-04
3.080000000000007211e-03, 2.662103909340805320e-04
3.090000000000007237e-03, 2.679396574161852624e-04
3.100000000000007264e-03, 2.696745265344205767e-04
3.110000000000007290e-03, 2.714149983319672659e-04
3.120000000000007316e-03, 2.731610728520278593e-04
3.130000000000007342e-03, 2.749127501378267327e-04
3.140000000000007369e-03, 2.766700302326100002e-04
3.150000000000007395e-03, 2.784329131796455686e-04
3.160000000000007421e-03, 2.802013990222230826e-04
3.170000000000007447e-03, 2.819754878036539254e-04
3.180000000000007473e-03, 2.837551795672711642e-04
3.190000000000007500e-03, 2.855404743564296044e-04
3.200000000000007526e-03, 2.873313722145057355e-04
3.210000000000007552e-03, 2.891278731848977309e-04
3.220000000000007578e-03, 2.909299773110254482e-04
3.230000000000007605e-03, 2.927376846363303749e-04
3.240000000000007631e-03, 2.945509952042756822e-04
3.250000000000007657e-03, 2.963699090583461174e-04
3.260000000000007683e-03, 2.981944262420481114e-04
3.270000000000007710e-03, 3.000245467989096169e-04
3.280000000000007736e-03, 3.018602707724802161e-04
3.290000000000007762e-03, 3.037015982063310669e-04
3.300000000000007788e-03, 3.055485291440549573e-04
3.310000000000007814e-03, 3.074010636292660880e-04
3.320000000000007841e-03, 3.092592017056003438e-04
3.330000000000007867e-03, 3.111229434167150226e-04
3.340000000000007893e-03, 3.129922888062889978e-04
3.350000000000007919e-03, 3.148672379180226101e-04
3.360000000000007946e-03, 3.167477907956377215e-04
3.370000000000007972e-03, 3.186339474828776071e-04
3.380000000000007998e-03, 3.205257080235071176e-04
3.390000000000008024e-03, 3.224230724613124624e-04
3.400000000000008051e-03, 3.243260408401012641e-04
3.410000000000008077e-03, 3.262346132037026664e-04
3.420000000000008103e-03, 3.281487895959671721e-04
3.430000000000008129e-03, 3.300685700607666425e-04
3.440000000000008155e-03, 3.319939546419944064e-04
3.450000000000008182e-03, 3.339249433835650969e-04
3.460000000000008208e-03, 3.358615363294147602e-04
3.470000000000008234e-03, 3.378037335235007472e-04
3.480000000000008260e-03, 3.397515350098017132e-04
3.490000000000008287e-03, 3.417049408323177264e-04
3.500000000000008313e-03, 3.436639510350701599e-04
3.510000000000008339e-03, 3.456285656621015828e-04
3.520000000000008365e-03, 3.475987847574759770e-04
3.530000000000008391e-03, 3.495746083652784665e-04
3.540000000000008418e-03, 3.515560365296155343e-04
3.550000000000008444e-03, 3.535430692946149134e-04
3.560000000000008470e-03, 3.555357067044254788e-04
3.570000000000008496e-03, 3.575339488032174104e-04
3.580000000000008523e-03, 3.595377956351820839e-04
3.590000000000008549e-03, 3.615472472445320170e-04
3.600000000000008575e-03, 3.635623036755010321e-04
3.610000000000008601e-03, 3.655829649723439851e-04
3.620000000000008628e-03, 3.676092311793369822e-04
3.630000000000008654e-03, 3.696411023407772715e-04
3.640000000000008680e-03, 3.716785785009831889e-04
3.650000000000008706e-03, 3.737216597042942665e-04
3.660000000000008732e-03, 3.757703459950710698e-04
3.670000000000008759e-03, 3.778246374176953064e-04
3.680000000000008785e-03, 3.798845340165697714e-04
3.690000000000008811e-03, 3.819500358361183480e-04
3.700000000000008837e-03, 3.840211429207859525e-04
3.710000000000008864e-03, 3.860978553150385350e-04
3.720000000000008890e-03, 3.881801730633631332e-04
3.730000000000008916e-03, 3.902680962102677642e-04
3.740000000000008942e-03, 3.923616248002814787e-04
3.750000000000008969e-03, 3.944607588779543606e-04
3.760000000000008995e-03, 3.965654984878574734e-04
3.770000000000009021e-03, 3.986758436745828056e-04
3.780000000000009047e-03, 4.007917944827433252e-04
3.790000000000009073e-03, 4.029133509569729791e-04
3.800000000000009100e-03, 4.050405131419266939e-04
3.810000000000009126e-03, 4.071732810822802670e-04
3.820000000000009152e-03, 4.093116548227304207e-04
3.830000000000009178e-03, 4.114556344079947484e-04
3.840000000000009205e-03, 4.136052198828118229e-04
3.850000000000009231e-03, 4.157604112919410333e-04
3.860000000000009257e-03, 4.179212086801626942e-04
3.870000000000009283e-03, 4.200876120922778824e-04
3.880000000000009309e-03, 4.222596215731086000e-04
3.890000000000009336e-03, 4.244372371674977199e-04
3.900000000000009362e-03, 4.266204589203088232e-04
3.910000000000008955e-03, 4.288092868764263620e-04
3.920000000000008547e-03, 4.310037210807555509e-04
3.930000000000008140e-03, 4.332037615782224752e-04
3.940000000000007732e-03, 4.354094084137739287e-04
3.950000000000007325e-03, 4.376206616323774674e-04
3.960000000000006917e-03, 4.398375212790214101e-04
3.970000000000006510e-03, 4.420599873987147836e-04
3.980000000000006102e-03, 4.442880600364874314e-04
3.990000000000005695e-03, 4.465217392373897970e-04
4.000000000000005287e-03, 4.487610250464931405e-04
4.010000000000004880e-03, 4.510059175088893218e-04
4.020000000000004473e-03, 4.532564166696909091e-04
4.030000000000004065e-03, 4.555125225740311789e-04
4.040000000000003658e-03, 4.577742352670640075e-04
4.050000000000003250e-03, 4.600415547939639251e-04
4.060000000000002843e-03, 4.623144811999261704e-04
4.070000000000002435e-03, 4.645930145301665278e-04
4.080000000000002028e-03, 4.668771548299213811e-04
4.090000000000001620e-03, 4.691669021444477687e-04
4.100000000000001213e-03, 4.714622565190233284e-04
4.110000000000000805e-03, 4.737632179989461896e-04
4.120000000000000398e-03, 4.760697866295350816e-04
4.129999999999999991e-03, 4.783819624561293335e-04
4.139999999999999583e-03, 4.806997455240888200e-04
4.149999999999999176e-03, 4.830231358787938530e-04
4.159999999999998768e-03, 4.853521335656452900e-04
4.169999999999998361e-03, 4.876867386300645884e-04
4.179999999999997953e-03, 4.900269511174936430e-04
4.189999999999997546e-03, 4.923727710733947311e-04
4.199999999999997138e-03, 4.947241985432508388e-04
4.209999999999996731e-03, 4.970812335725651723e-04
4.219999999999996323e-03, 4.994438762068615376e-04
4.229999999999995916e-03, 5.018121264916840154e-04
4.239999999999995509e-03, 5.041859844725973946e-04
4.249999999999995101e-03, 5.065654501951866303e-04
4.259999999999994694e-03, 5.089505237050571691e-04
4.269999999999994286e-03, 5.113412050478348403e-04
4.279999999999993879e-03, 5.137374942691658565e-04
4.289999999999993471e-03, 5.161393914147168133e-04
4.299999999999993064e-03, 5.185468965301746891e-04
4.309999999999992656e-03, 5.209600096612468454e-04
4.319999999999992249e-03, 5.233787308536608099e-04
4.329999999999991842e-03, 5.258030601531646017e-04
4.339999999999991434e-03, 5.282329976055264061e-04
4.349999999999991027e-03, 5.306685432565348996e-04
4.359999999999990619e-03, 5.331096971519989252e-04
4.369999999999990212e-03, 5.355564593377477086e-04
4.379999999999989804e-03, 5.380088298596305335e-04
4.389999999999989397e-03, 5.404668087635171748e-04
4.399999999999988989e-03, 5.429303960952975737e-04
4.409999999999988582e-03, 5.453995919008819459e-04
4.419999999999988174e-03, 5.478743962262005648e-04
4.429999999999987767e-03, 5.503548091172040871e-04
4.439999999999987360e-03, 5.528408306198633352e-04
4.449999999999986952e-03, 5.553324607801692981e-04
4.459999999999986545e-03, 5.578296996441332390e-04
4.469999999999986137e-03, 5.603325472577864791e-04
4.479999999999985730e-03, 5.628410036671805056e-04
4.489999999999985322e-03, 5.653550689183869720e-04
4.499999999999984915e-03, 5.678747430574976980e-04
4.509999999999984507e-03, 5.704000261306246692e-04
4.519999999999984100e-03, 5.729309181838999291e-04
4.529999999999983692e-03, 5.754674192634755790e-04
4.539999999999983285e-03, 5.780095294155238863e-04
4.549999999999982878e-03, 5.805572486862371762e-04
4.559999999999982470e-03, 5.831105771218278314e-04
4.569999999999982063e-03, 5.856695147685284011e-04
4.579999999999981655e-03, 5.882340616725912751e-04
4.589999999999981248e-03, 5.908042178802891181e-04
4.599999999999980840e-03, 5.933799834379144354e-04
4.609999999999980433e-03, 5.959613583917798985e-04
4.619999999999980025e-03, 5.985483427882181285e-04
4.629999999999979618e-03, 6.011409366735816955e-04
4.639999999999979211e-03, 6.037391400942432275e-04
4.649999999999978803e-03, 6.063429530965951933e-04
4.659999999999978396e-03, 6.089523757270502279e-04
4.669999999999977988e-03, 6.115674080320408074e-04
4.679999999999977581e-03, 6.141880500580193568e-04
4.689999999999977173e-03, 6.168143018514582509e-04
4.699999999999976766e-03, 6.194461634588497049e-04
4.709999999999976358e-03, 6.220836349267059922e-04
4.719999999999975951e-03, 6.247267163015591184e-04
4.729999999999975543e-03, 6.273754076299611470e-04
4.739999999999975136e-03, 6.300297089584839822e-04
4.749999999999974729e-03, 6.326896203337192609e-04
4.759999999999974321e-03, 6.353551418022786775e-04
4.769999999999973914e-03, 6.380262734107936592e-04
4.779999999999973506e-03, 6.407030152059153653e-04
4.789999999999973099e-03, 6.433853672343150133e-04
4.799999999999972691e-03, 6.460733295426835526e-04
4.809999999999972284e-03, 6.487669021777316657e-04
4.819999999999971876e-03, 6.514660851861897670e-04
4.829999999999971469e-03, 6.541708786148083292e-04
4.839999999999971061e-03, 6.568812825103573401e-04
4.849999999999970654e-03, 6.595972969196266288e-04
4.859999999999970247e-03, 6.623189218894258651e-04
4.869999999999969839e-03, 6.650461574665843430e-04
4.879999999999969432e-03, 6.677790036979510888e-04
4.889999999999969024e-03, 6.705174606303949698e-04
4.899999999999968617e-03, 6.732615283108044774e-04
4.909999999999968209e-03, 6.760112067860878354e-04
4.919999999999967802e-03, 6.787664961031728917e-04
4.929999999999967394e-03, 6.815273963090072266e-04
4.939999999999966987e-03, 6.842939074505581531e-04
4.949999999999966580e-03, 6.870660295748124997e-04
4.959999999999966172e-03, 6.898437627287768272e-04
4.969999999999965765e-03, 6.926271069594773207e-04
4.979999999999965357e-03, 6.954160623139598978e-04
4.989999999999964950e-03, 6.982106288392898831e-04
4.999999999999964542e-03, 7.010108065825524423e-04
5.009999999999964135e-03, 7.038165955908521482e-04
6.009999999999964156e-03, 1.040563516444936070e-03
7.009999999999964176e-03, 1.433531212538637989e-03
8.009999999999965065e-03, 1.882773963563741512e-03
9.009999999999965953e-03, 2.388347456565497514e-03
1.000999999999996684e-02, 2.950308719857530366e-03
1.100999999999996773e-02, 3.568715956494037268e-03
1.200999999999996862e-02, 4.243628518091501281e-03
1.300999999999996951e-02, 4.975106879914289841e-03
1.400999999999997039e-02, 5.763212511849850027e-03
1.500999999999997128e-02, 6.608007920821373955e-03
1.600999999999997217e-02, 7.509556699657122733e-03
1.700999999999997306e-02, 8.467923501985099785e-03
1.800999999999997395e-02, 9.483174014124207477e-03
1.900999999999997483e-02, 1.055537478067921850e-02
2.000999999999997572e-02, 1.168459311940640670e-02
2.100999999999997661e-02, 1.287089711258489894e-02
2.200999999999997750e-02, 1.411435559876805801e-02
2.300999999999997839e-02, 1.541503808880579675e-02
2.400999999999997928e-02, 1.677301481410225364e-02
2.500999999999998016e-02, 1.818835675666567384e-02
2.600999999999998105e-02, 1.966113563992961943e-02
2.700999999999998194e-02, 2.119142391985343737e-02
2.800999999999998283e-02, 2.277929477629842686e-02
2.900999999999998372e-02, 2.442482210467592993e-02
3.000999999999998460e-02, 2.612808050786283309e-02
3.100999999999998549e-02, 2.788914528683612490e-02
3.200999999999998291e-02, 2.970809233850689804e-02
3.300999999999998380e-02, 3.158499809624659010e-02
3.400999999999998469e-02, 3.351993952748988370e-02
3.500999999999998558e-02, 3.551299413162378737e-02
3.600999999999998646e-02, 3.756423989301900523e-02
3.700999999999998735e-02, 3.967375530430416325e-02
3.800999999999998824e-02, 4.184161939485223775e-02
3.900999999999998913e-02, 4.406791172814536472e-02
4.000999999999999002e-02, 4.635271239912515384e-02
4.100999999999999091e-02, 4.869610203154069866e-02
4.200999999999999179e-02, 5.109816177530451808e-02
4.300999999999999268e-02, 5.355897330386485272e-02
4.400999999999999357e-02, 5.607861881160129680e-02
4.500999999999999446e-02, 5.865718101124951095e-02
4.600999999999999535e-02, 6.129474313135972741e-02
4.700999999999999623e-02, 6.399138891379282934e-02
4.800999999999999712e-02, 6.674128193132537745e-02
4.900999999999999801e-02, 6.949447975909883723e-02
5.000999999999999890e-02, 7.225102564333768518e-02
5.100999999999999979e-02, 7.501096063357352850e-02
5.201000000000000068e-02, 7.777432413017094925e-02
5.301000000000000156e-02, 8.054115397820768574e-02
5.401000000000000245e-02, 8.331148653918420133e-02
5.501000000000000334e-02, 8.608535676375810020e-02
5.601000000000000423e-02, 8.886279831517202021e-02
5.701000000000000512e-02, 9.164384377367537637e-02
5.801000000000000600e-02, 9.442852487146106977e-02
5.901000000000000689e-02, 9.721687252232256993e-02
6.001000000000000778e-02, 1.000089168512191956e-01
6.101000000000000867e-02, 1.028046872230859582e-01
6.201000000000000956e-02, 1.056042122705501685e-01
6.301000000000001044e-02, 1.084075199203987233e-01
6.401000000000001133e-02, 1.112146374187431702e-01
6.501000000000001222e-02, 1.140255913651729291e-01
6.601000000000001311e-02, 1.168404078347728553e-01
6.701000000000001400e-02, 1.196591125039247888e-01
6.801000000000001489e-02, 1.224817306583119991e-01
6.901000000000001577e-02, 1.253082872013129012e-01
7.001000000000001666e-02, 1.281388066625920030e-01
7.101000000000001755e-02, 1.309733132067524564e-01
7.201000000000001844e-02, 1.338118306419542602e-01
7.301000000000001933e-02, 1.366543824284304487e-01
7.401000000000002021e-02, 1.395009922169491989e-01
7.501000000000002110e-02, 1.423516831563185203e-01
7.601000000000002199e-02, 1.452064776704460880e-01
7.701000000000002288e-02, 1.480653974797832284e-01
7.801000000000002377e-02, 1.509284636185643513e-01
7.901000000000002466e-02, 1.537956963053795645e-01
8.001000000000002554e-02, 1.566671152493658015e-01
8.101000000000002643e-02, 1.595427396967043498e-01
8.201000000000002732e-02, 1.624225884425466726e-01
8.301000000000002821e-02, 1.653066798425729400e-01
8.401000000000002910e-02, 1.681950318241836606e-01
8.501000000000002998e-02, 1.710876618973288799e-01
8.601000000000003087e-02, 1.739845871649820241e-01
8.701000000000003176e-02, 1.768858243332668556e-01
8.801000000000003265e-02, 1.797913897212478906e-01
8.901000000000003354e-02, 1.827012992703950511e-01
9.001000000000003443e-02, 1.856155685537337896e-01
9.101000000000003531e-02, 1.885342127846924010e-01
9.201000000000003620e-02, 1.914572468256580673e-01
9.301000000000003709e-02, 1.943846851962529598e-01
9.401000000000003798e-02, 1.973165420813418891e-01
9.501000000000003887e-02, 2.002528313387824388e-01
9.601000000000003975e-02, 2.031935665089560916e-01
9.701000000000004064e-02, 2.061387608474854194e-01
9.801000000000004153e-02, 2.090884274022664080e-01
9.901000000000004242e-02, 2.120425790177291880e-01
1.000100000000000433e-01, 2.150012283390463075e-01
1.010100000000000442e-01, 2.179643878162842996e-01
1.020100000000000451e-01, 2.209320697084945773e-01
1.030100000000000460e-01, 2.239042860877413221e-01
1.040100000000000469e-01, 2.268810488430645644e-01
1.050100000000000477e-01, 2.298623696843768716e-01
1.060100000000000486e-01, 2.328482601462932844e-01
1.070100000000000495e-01, 2.358387315918938909e-01
1.080100000000000504e-01, 2.388337952164192868e-01
1.090100000000000513e-01, 2.418334620508992561e-01
1.100100000000000522e-01, 2.448377429657149773e-01
1.110100000000000531e-01, 2.478466486740958652e-01
1.120100000000000540e-01, 2.508601897355516863e-01
1.130100000000000549e-01, 2.538783765592411701e-01
1.140100000000000557e-01, 2.569012194072782251e-01
1.150100000000000566e-01, 2.599287283979767049e-01
1.160100000000000575e-01, 2.629609135090354433e-01
1.170100000000000584e-01, 2.659977845806646424e-01
1.180100000000000593e-01, 2.690393513186547514e-01
1.190100000000000602e-01, 2.720856232973895006e-01
1.200100000000000611e-01, 2.751366099628045903e-01
1.210100000000000620e-01, 2.781923205873476079e-01
1.220100000000000628e-01, 2.812527639575455041e-01
1.230100000000000637e-01, 2.843179491338188591e-01
1.240100000000000646e-01, 2.873878854379258718e-01
1.250100000000000655e-01, 2.904625824413499813e-01
1.260100000000000664e-01, 2.935420499545425277e-01
1.270100000000000673e-01, 2.966262980169412367e-01
1.280100000000000682e-01, 2.997153368876945279e-01
1.290100000000000691e-01, 3.028091770370299196e-01
1.300100000000000700e-01, 3.059078291382100745e-01
1.310100000000000708e-01, 3.090113040600278582e-01
1.320100000000000717e-01, 3.121196128597947816e-01
1.330100000000000726e-01, 3.152327667767834130e-01
1.340100000000000735e-01, 3.183507772260874003e-01
1.350100000000000744e-01, 3.214736557928663530e-01
1.360100000000000753e-01, 3.246014142269464386e-01
1.370100000000000762e-01, 3.277340644377495504e-01
1.380100000000000771e-01, 3.308716184895268420e-01
1.390100000000000779e-01, 3.340140885968747031e-01
1.400100000000000788e-01, 3.371614871205128039e-01
1.410100000000000797e-01, 3.403138265633057769e-01
1.420100000000000806e-01, 3.434711195665118844e-01
1.430100000000000815e-01, 3.466333789062431281e-01
1.440100000000000824e-01, 3.498006174901226450e-01
1.450100000000000833e-01, 3.529728483541263451e-01
1.460100000000000842e-01, 3.561500846595970771e-01
1.470100000000000851e-01, 3.593323396904200551e-01
1.480100000000000859e-01, 3.625196268503494412e-01
1.490100000000000868e-01, 3.657119596604768152e-01
1.500100000000000877e-01, 3.689093517568327596e-01
1.510100000000000886e-01, 3.721118168881135113e-01
1.520100000000000895e-01, 3.753193689135254085e-01
1.530100000000000904e-01, 3.785320218007401372e-01
1.540100000000000913e-01, 3.817497896239540611e-01
1.550100000000000922e-01, 3.849726865620463623e-01
1.560100000000000930e-01, 3.882007268968298841e-01
1.570100000000000939e-01, 3.914339250113895718e-01
1.580100000000000948e-01, 3.946722953885039575e-01
1.590100000000000957e-01, 3.979158526091450265e-01
1.600100000000000966e-01, 4.011646113510522471e-01
1.610100000000000975e-01, 4.044185863873769882e-01
1.620100000000000984e-01, 4.076777925853934392e-01
1.630100000000000993e-01, 4.109422449052727022e-01
1.640100000000001002e-01, 4.142119583989170017e-01
1.650100000000001010e-01, 4.174869482088507389e-01
1.660100000000001019e-01, 4.207672295671655016e-01
1.670100000000001028e-01, 4.240528177945168675e-01
1.680100000000001037e-01, 4.273437282991697783e-01
1.690100000000001046e-01, 4.306399765760909326e-01
1.700100000000001055e-01, 4.339415782060850324e-01
1.710100000000001064e-01, 4.372485488549737731e-01
1.720100000000001073e-01, 4.405609042728150238e-01
1.730100000000001081e-01, 4.438786602931603653e-01
1.740100000000001090e-01, 4.472018328323494329e-01
1.750100000000001099e-01, 4.505304378888393968e-01
1.760100000000001108e-01, 4.538644915425678605e-01
1.770100000000001117e-01, 4.572040099543479563e-01
1.780100000000001126e-01, 4.605490093652938044e-01
1.790100000000001135e-01, 4.638995060962756711e-01
1.800100000000001144e-01, 4.672555165474028271e-01
1.810100000000001153e-01, 4.706170571975335504e-01
1.820100000000001161e-01, 4.739841446038109418e-01
1.830100000000001170e-01, 4.773567954012232217e-01
1.840100000000001179e-01, 4.807350263021878400e-01
1.850100000000001188e-01, 4.841188540961585129e-01
1.860100000000001197e-01, 4.875082956492537978e-01
1.870100000000001206e-01, 4.909033679039067621e-01
1.880100000000001215e-01, 4.943040878785349146e-01
1.890100000000001224e-01, 4.977104726672292867e-01
1.900100000000001232e-01, 5.011225394394624999e-01
1.910100000000001241e-01, 5.045403054398140963e-01
1.920100000000001250e-01, 5.079637879877141327e-01
1.930100000000001259e-01, 5.113930044772021510e-01
1.940100000000001268e-01, 5.148279723767034133e-01
1.950100000000001277e-01, 5.182687092288194020e-01
1.960100000000001286e-01, 5.217152326501340864e-01
1.970100000000001295e-01, 5.251675603310339557e-01
1.980100000000001303e-01, 5.286257100355421512e-01
1.990100000000001312e-01, 5.320896996011656999e-01
2.000100000000001321e-01, 5.355595469387560703e-01
2.010100000000001330e-01, 5.390352700323817192e-01
2.020100000000001339e-01, 5.425168869392128501e-01
2.030100000000001348e-01, 5.460044157894177186e-01
2.040100000000001357e-01, 5.494978747860705948e-01
2.050100000000001366e-01, 5.529972822050697179e-01
2.060100000000001375e-01, 5.565026563950666860e-01
2.070100000000001383e-01, 5.600140157774055050e-01
2.080100000000001392e-01, 5.635313788460717399e-01
2.090100000000001401e-01, 5.670547641676508821e-01
2.100100000000001410e-01, 5.705841903812964855e-01
2.110100000000001419e-01, 5.741196761987067410e-01
2.120100000000001428e-01, 5.776612404041102655e-01
2.130100000000001437e-01, 5.812089018542598851e-01
2.140100000000001446e-01, 5.847626794784349658e-01
2.150100000000001454e-01, 5.883225922784512951e-01
2.160100000000001463e-01, 5.918886593286791786e-01
2.170100000000001472e-01, 5.954608997760687528e-01
2.180100000000001481e-01, 5.990393328401826256e-01
2.190100000000001490e-01, 6.026239778132354008e-01
2.200100000000001499e-01, 6.062148540601406399e-01
2.210100000000001508e-01, 6.098119810185639311e-01
2.220100000000001517e-01, 6.134153781989828413e-01
2.230100000000001526e-01, 6.170250651847534185e-01
2.240100000000001534e-01, 6.206410616321821339e-01
2.250100000000001543e-01, 6.242633872706045972e-01
2.260100000000001552e-01, 6.278920619024698224e-01
2.270100000000001561e-01, 6.315271054034302667e-01
2.280100000000001570e-01, 6.351685377224374207e-01
2.290100000000001579e-01, 6.388163788818429500e-01
2.300100000000001588e-01, 6.424706489775051654e-01
2.310100000000001597e-01, 6.461313681789002672e-01
2.320100000000001605e-01, 6.497985567292394737e-01
2.330100000000001614e-01, 6.534722349455901469e-01
2.340100000000001623e-01, 6.571524232190025794e-01
2.350100000000001632e-01, 6.608391420146410011e-01
2.360100000000001641e-01, 6.645324118719193596e-01
2.370100000000001650e-01, 6.682322534046417628e-01
2.380100000000001659e-01, 6.719386873011470307e-01
2.390100000000001668e-01, 6.756517343244580198e-01
2.400100000000001677e-01, 6.793714153124346122e-01
2.410100000000001685e-01, 6.830977511779314781e-01
2.420100000000001694e-01, 6.868307629089593913e-01
2.430100000000001703e-01, 6.905704715688507633e-01
2.440100000000001712e-01, 6.943168982964292857e-01
2.450100000000001721e-01, 6.980700643061830135e-01
2.460100000000001730e-01, 7.018299908884413352e-01
2.470100000000001739e-01, 7.055966994095559386e-01
2.480100000000001748e-01, 7.093702113120848862e-01
2.490100000000001756e-01, 7.131505481149807979e-01
2.500100000000001765e-01, 7.169377314137819202e-01
2.510100000000001774e-01, 7.207317828808073035e-01
2.520100000000001783e-01, 7.245327242653546440e-01
2.530100000000001792e-01, 7.283405773939021222e-01
2.540100000000001801e-01, 7.321553641703131277e-01
2.550100000000001810e-01, 7.359771065760443154e-01
2.560100000000001819e-01, 7.398058266703564367e-01
2.570100000000001828e-01, 7.436415465905290567e-01
2.580100000000001836e-01, 7.474842885520778246e-01
2.590100000000001845e-01, 7.513340748489744092e-01
2.600100000000001854e-01, 7.551909278538705417e-01
2.610100000000001863e-01, 7.590548700183236130e-01
2.620100000000001872e-01, 7.629259238730263792e-01
2.630100000000001881e-01, 7.668041120280386647e-01
2.640100000000001890e-01, 7.706894571730220633e-01
2.650100000000001899e-01, 7.745819820774780817e-01
2.660100000000001907e-01, 7.784817095909878359e-01
2.670100000000001916e-01, 7.823886626434556346e-01
2.680100000000001925e-01, 7.863028642453542272e-01
2.690100000000001934e-01, 7.902243374879736049e-01
2.700100000000001943e-01, 7.941531055436715780e-01
2.710100000000001952e-01, 7.980891916661276841e-01
2.720100000000001961e-01, 8.020326191905988722e-01
2.730100000000001970e-01, 8.059834115341784067e-01
2.740100000000001979e-01, 8.099415921960567699e-01
2.750100000000001987e-01, 8.139071847577855623e-01
2.760100000000001996e-01, 8.178802128835431784e-01
2.770100000000002005e-01, 8.218607003204033701e-01
2.780100000000002014e-01, 8.258486708986060298e-01
2.790100000000002023e-01, 8.298441485318304167e-01
2.800100000000002032e-01, 8.338471572174706026e-01
2.810100000000002041e-01, 8.378577210369134720e-01
2.820100000000002050e-01, 8.418758641558189426e-01
2.830100000000002058e-01, 8.459016108244021837e-01
2.840100000000002067e-01, 8.499349853777184993e-01
2.850100000000002076e-01, 8.539760122359504324e-01
2.860100000000002085e-01, 8.580247159046968664e-01
2.870100000000002094e-01, 8.620811209752642368e-01
2.880100000000002103e-01, 8.661452521249606296e-01
2.890100000000002112e-01, 8.702171341173913222e-01
2.900100000000002121e-01, 8.742967918027565455e-01
2.910100000000002129e-01, 8.783842501181521323e-01
2.920100000000002138e-01, 8.824795340878713867e-01
2.930100000000002147e-01, 8.865826688237097297e-01
2.940100000000002156e-01, 8.906936795252708983e-01
2.950100000000002165e-01, 8.948125914802760317e-01
2.960100000000002174e-01, 8.989394300648739788e-01
2.970100000000002183e-01, 9.030742207439541591e-01
2.980100000000002192e-01, 9.072169890714616436e-01
2.990100000000002201e-01, 9.113677606855562496e-01
3.000100000000002209e-01, 9.155265611849210394e-01
3.010100000000002218e-01, 9.196934160754531851e-01
3.020100000000002227e-01, 9.238683507690680363e-01
3.030100000000002236e-01, 9.280513905830390931e-01
3.040100000000002245e-01, 9.322425606776615359e-01
3.050100000000002254e-01, 9.364418861025117780e-01
3.060100000000002263e-01, 9.406493918219875905e-01
3.070100000000002272e-01, 9.448651027152846771e-01
3.080100000000002280e-01, 9.490890435763641442e-01
3.090100000000002289e-01, 9.533212391139115338e-01
3.100100000000002298e-01, 9.575617139512870857e-01
3.110100000000002307e-01, 9.618104926264670063e-01
3.120100000000002316e-01, 9.660675995919766335e-01
3.130100000000002325e-01, 9.703330592148148304e-01
3.140100000000002334e-01, 9.746068957763702745e-01
3.150100000000002343e-01, 9.788891334723290871e-01
3.160100000000002352e-01, 9.831797964125750244e-01
3.170100000000002360e-01, 9.874789086210805644e-01
3.180100000000002369e-01, 9.917864940357907777e-01
3.190100000000002378e-01, 9.961025765084989825e-01
3.200100000000002387e-01, 1.000427179804714406e+00
3.210100000000002396e-01, 1.004760327603521963e+00
3.220100000000002405e-01, 1.009102043497434931e+00
3.230100000000002414e-01, 1.013452350992239070e+00
3.240100000000002423e-01, 1.017811273506829872e+00
3.250100000000002431e-01, 1.022178834373041800e+00
3.260100000000002440e-01, 1.026555056835470214e+00
3.270100000000002449e-01, 1.030939964051286184e+00
3.280100000000002458e-01, 1.035333579090043310e+00
3.290100000000002467e-01, 1.039735924933477662e+00
3.300100000000002476e-01, 1.044147024475300833e+00
3.310100000000002485e-01, 1.048566900520985001e+00
3.320100000000002494e-01, 1.052995575787540883e+00
3.330100000000002503e-01, 1.057433072903289917e+00
3.340100000000002511e-01, 1.061879414407627120e+00
3.350100000000002520e-01, 1.066334622750779504e+00
3.360100000000002529e-01, 1.070798720293555606e+00
3.370100000000002538e-01, 1.075271729307088586e+00
3.380100000000002547e-01, 1.079753671972573104e+00
3.390100000000002556e-01, 1.084244570380994643e+00
3.400100000000002565e-01, 1.088744446532852184e+00
3.410100000000002574e-01, 1.093253322337874867e+00
3.420100000000002582e-01, 1.097771219614730231e+00
3.430100000000002591e-01, 1.102298160090728008e+00
3.440100000000002600e-01, 1.106834165401515024e+00
3.450100000000002609e-01, 1.111379257090765238e+00
3.460100000000002618e-01, 1.115933456618504405e+00
3.470100000000002627e-01, 1.120496785443676924e+00
3.480100000000002636e-01, 1.125069265107272898e+00
3.490100000000002645e-01, 1.129650917232279728e+00
3.500100000000002654e-01, 1.134241763523640145e+00
3.510100000000002662e-01, 1.138841825768213800e+00
3.520100000000002671e-01, 1.143451125834745286e+00
3.530100000000002680e-01, 1.148069685673835938e+00
3.540100000000002689e-01, 1.152697527317921189e+00
3.550100000000002698e-01, 1.157334672881252136e+00
3.560100000000002707e-01, 1.161981144559881551e+00
3.570100000000002716e-01, 1.166636964631655005e+00
3.580100000000002725e-01, 1.171302155456205751e+00
3.590100000000002733e-01, 1.175976739474954069e+00
3.600100000000002742e-01, 1.180660739211111476e+00
3.610100000000002751e-01, 1.185354177269687614e+00
3.620100000000002760e-01, 1.190057076337503128e+00
3.630100000000002769e-01, 1.194769459183204763e+00
3.640100000000002778e-01, 1.199491348657285350e+00
3.650100000000002787e-01, 1.204222767692108009e+00
3.660100000000002796e-01, 1.208963739301932350e+00
3.670100000000002805e-01, 1.213714286582946444e+00
3.680100000000002813e-01, 1.218474432713301470e+00
3.690100000000002822e-01, 1.223244200953149452e+00
3.700100000000002831e-01, 1.228023614644685235e+00
3.710100000000002840e-01, 1.232812697212191999e+00
3.720100000000002849e-01, 1.237611472162089665e+00
3.730100000000002858e-01, 1.242419963082986190e+00
3.740100000000002867e-01, 1.247238193645733739e+00
3.750100000000002876e-01, 1.252066187603486203e+00
3.760100000000002884e-01, 1.256903968791760917e+00
3.770100000000002893e-01, 1.261751561128503507e+00
3.780100000000002902e-01, 1.266608988614154940e+00
3.790100000000002911e-01, 1.271476275331722805e+00
3.800100000000002920e-01, 1.276353445446854362e+00
3.810100000000002929e-01, 1.281240523207913151e+00
3.820100000000002938e-01, 1.286137532946058259e+00
3.830100000000002947e-01, 1.291044499075326479e+00
3.840100000000002956e-01, 1.295961446092717351e+00
3.850100000000002964e-01, 1.300888398578279981e+00
3.860100000000002973e-01, 1.305825381195204304e+00
3.870100000000002982e-01, 1.310772418689913232e+00
3.880100000000002991e-01, 1.315729535892158131e+00
3.890100000000003000e-01, 1.320696757715116965e+00
3.900100000000003009e-01, 1.325674109155495106e+00
3.910100000000003018e-01, 1.330661615293627698e+00
3.920100000000003027e-01, 1.335659301293585566e+00
3.930100000000003035e-01, 1.340667192403282693e+00
3.940100000000003044e-01, 1.345685313954586793e+00
3.950100000000003053e-01, 1.350713691363431224e+00
3.960100000000003062e-01, 1.355752350129930672e+00
3.970100000000003071e-01, 1.360801315838497283e+00
3.980100000000003080e-01, 1.365860614157960340e+00
3.990100000000003089e-01, 1.370930270841688392e+00
4.000100000000003098e-01, 1.376010311727711821e+00
4.010100000000003106e-01, 1.381100762738849408e+00
4.020100000000003115e-01, 1.386201649882836229e+00
4.030100000000003124e-01, 1.391312999252453553e+00
4.040100000000003133e-01, 1.396434837025660736e+00
4.050100000000003142e-01, 1.401567189465729779e+00
4.060100000000003151e-01, 1.406710082921381222e+00
4.070100000000003160e-01, 1.411863543826922029e+00
4.080100000000003169e-01, 1.417027598702386149e+00
4.090100000000003178e-01, 1.422202274153676171e+00
4.100100000000003186e-01, 1.427387596872707221e+00
4.110100000000003195e-01, 1.432583593637553054e+00
4.120100000000003204e-01, 1.437790291312593061e+00
4.130100000000003213e-01, 1.443007716848662580e+00
4.140100000000003222e-01, 1.448235897283203677e+00
4.150100000000003231e-01, 1.453474859740418124e+00
4.160100000000003240e-01, 1.458724631431422836e+00
4.170100000000003249e-01, 1.463985239654405746e+00
4.180100000000003257e-01, 1.469256711794785009e+00
4.190100000000003266e-01, 1.474539075325367987e+00
4.200100000000003275e-01, 1.479832357806514231e+00
4.210100000000003284e-01, 1.485136586886298238e+00
4.220100000000003293e-01, 1.490451790300674428e+00
4.230100000000003302e-01, 1.495777995873643906e+00
4.240100000000003311e-01, 1.501115231517423432e+00
4.250100000000003320e-01, 1.506463525232614842e+00
4.260100000000003329e-01, 1.511822905108376469e+00
4.270100000000003337e-01, 1.517193399322596559e+00
4.280100000000003346e-01, 1.522575036142067795e+00
4.290100000000003355e-01, 1.527967843922664049e+00
4.300100000000003364e-01, 1.533371851109517126e+00
4.310100000000003373e-01, 1.538787086237196622e+00
4.320100000000003382e-01, 1.544213577929890890e+00
4.330100000000003391e-01, 1.549651354901588451e+00
4.340100000000003400e-01, 1.555100445956262512e+00
4.350100000000003408e-01, 1.560560879988055705e+00
4.360100000000003417e-01, 1.566032685981466610e+00
4.370100000000003426e-01, 1.571515893011538045e+00
4.380100000000003435e-01, 1.577010530244045805e+00
4.390100000000003444e-01, 1.582516626935690285e+00
4.400100000000003453e-01, 1.588034212434288328e+00
4.410100000000003462e-01, 1.593563316178966405e+00
4.420100000000003471e-01, 1.599103967700356232e+00
4.430100000000003480e-01, 1.604656196620790620e+00
4.440100000000003488e-01, 1.610220032654500866e+00
4.450100000000003497e-01, 1.615795505607816152e+00
4.460100000000003506e-01, 1.621382645379363607e+00
4.470100000000003515e-01, 1.626981481960269926e+00
4.480100000000003524e-01, 1.632592045434363870e+00
4.490100000000003533e-01, 1.638214365978380771e+00
4.500100000000003542e-01, 1.643848473862167703e+00
4.510100000000003551e-01, 1.649494399448890425e+00
4.520100000000003559e-01, 1.655152173195240772e+00
4.530100000000003568e-01, 1.660821825651646488e+00
4.540100000000003577e-01, 1.666503387462480834e+00
4.550100000000003586e-01, 1.672196889366274641e+00
4.560100000000003595e-01, 1.677902362195929253e+00
4.570100000000003604e-01, 1.683619836878930354e+00
4.580100000000003613e-01, 1.689349344437562905e+00
4.590100000000003622e-01, 1.695090915989127867e+00
4.600100000000003631e-01, 1.700844582746159794e+00
4.610100000000003639e-01, 1.706610376016645558e+00
4.620100000000003648e-01, 1.712388327204244165e+00
4.630100000000003657e-01, 1.718178467808507914e+00
4.640100000000003666e-01, 1.723980829425104222e+00
4.650100000000003675e-01, 1.729795443746039441e+00
4.660100000000003684e-01, 1.735622342559883347e+00
4.670100000000003693e-01, 1.741461557751994071e+00
4.680100000000003702e-01, 1.747313121304745698e+00
4.690100000000003710e-01, 1.753177065297755410e+00
4.700100000000003719e-01, 1.759053421908112869e+00
4.710100000000003728e-01, 1.764942223410609579e+00
4.720100000000003737e-01, 1.770843502177970485e+00
4.730100000000003746e-01, 1.776757290681086232e+00
4.740100000000003755e-01, 1.782683621489246084e+00
4.750100000000003764e-01, 1.788622527270371965e+00
4.760100000000003773e-01, 1.794574040791254710e+00
4.770100000000003782e-01, 1.800538194917789658e+00
4.780100000000003790e-01, 1.806515022615214239e+00
4.790100000000003799e-01, 1.812504556948346668e+00
4.800100000000003808e-01, 1.818506831081825537e+00
4.810100000000003817e-01, 1.824521878280350062e+00
4.820100000000003826e-01, 1.830549731908922118e+00
4.830100000000003835e-01, 1.836590425433088036e+00
4.840100000000003844e-01, 1.842643992419183085e+00
4.850100000000003853e-01, 1.848710466534575492e+00
4.860100000000003861e-01, 1.854789881547912245e+00
4.870100000000003870e-01, 1.860882271329365789e+00
4.880100000000003879e-01, 1.866987669850881160e+00
4.890100000000003888e-01, 1.873106111186425116e+00
4.900100000000003897e-01, 1.879237629512235053e+00
4.910100000000003906e-01, 1.885382259107070357e+00
4.920100000000003915e-01, 1.891540034352462873e+00
4.930100000000003924e-01, 1.897710989732970033e+00
4.940100000000003932e-01, 1.903895159836427986e+00
4.950100000000003941e-01, 1.910092579354205844e+00
4.960100000000003950e-01, 1.916303283081461251e+00
4.970100000000003959e-01, 1.922527305917396179e+00
4.980100000000003968e-01, 1.928764682865514501e+00
4.990100000000003977e-01, 1.935015449033880008e+00
5.000100000000003986e-01, 1.941279639635374865e+00
5.010100000000003995e-01, 1.947557289987960516e+00
5.020100000000004004e-01, 1.953848435514937476e+00
5.030100000000004012e-01, 1.960153111745207788e+00
5.040100000000004021e-01, 1.966471354313537701e+00
5.050100000000004030e-01, 1.972803198960820792e+00
5.060100000000004039e-01, 1.979148681534342646e+00
5.070100000000004048e-01, 1.985507837988046420e+00
5.080100000000004057e-01, 1.991880704382798850e+00
5.090100000000004066e-01, 1.998267316886657374e+00
5.100100000000004075e-01, 2.004667711775138361e+00
5.110100000000004083e-01, 2.011081925431485562e+00
5.120100000000004092e-01, 2.017509994346940783e+00
5.130100000000004101e-01, 2.023951955121013668e+00
5.140100000000004110e-01, 2.030407844461753264e+00
5.150100000000004119e-01, 2.036877699186021129e+00
5.160100000000004128e-01, 2.043361556219763564e+00
5.170100000000004137e-01, 2.049859452598286058e+00
5.180100000000004146e-01, 2.056371425466529068e+00
5.190100000000004155e-01, 2.062897512079342022e+00
5.200100000000004163e-01, 2.069437749801761761e+00
5.210100000000004172e-01, 2.075992176109289211e+00
5.220100000000004181e-01, 2.082560828588167379e+00
5.230100000000004190e-01, 2.089143744935660685e+00
5.240100000000004199e-01, 2.095740962960334741e+00
5.250100000000004208e-01, 2.102352520582337903e+00
5.260100000000004217e-01, 2.108978455833682375e+00
5.270100000000004226e-01, 2.115618806858525769e+00
5.280100000000004234e-01, 2.122273611913456204e+00
5.290100000000004243e-01, 2.128942909367774305e+00
5.300100000000004252e-01, 2.135626737703779199e+00
5.310100000000004261e-01, 2.142325135517054058e+00
5.320100000000004270e-01, 2.149038141516752543e+00
5.330100000000004279e-01, 2.155765794525885681e+00
5.340100000000004288e-01, 2.162508133481609640e+00
5.350100000000004297e-01, 2.169265197435515713e+00
5.360100000000004306e-01, 2.176037025553918980e+00
5.370100000000004314e-01, 2.182823657118148297e+00
5.380100000000004323e-01, 2.189625131524838508e+00
5.390100000000004332e-01, 2.196441488286221766e+00
5.400100000000004341e-01, 2.203272767030420187e+00
5.410100000000004350e-01, 2.210119007501739841e+00
5.420100000000004359e-01, 2.216980249560963845e+00
5.430100000000004368e-01, 2.223856533185648576e+00
5.440100000000004377e-01, 2.230747898470418544e+00
5.450100000000004385e-01, 2.237654385627263487e+00
5.460100000000004394e-01, 2.244576034985835467e+00
5.470100000000004403e-01, 2.251512886993746410e+00
5.480100000000004412e-01, 2.258464982216866979e+00
5.490100000000004421e-01, 2.265432361339627221e+00
5.500100000000004430e-01, 2.272415065165314552e+00
5.510100000000004439e-01, 2.279413134616376624e+00
5.520100000000004448e-01, 2.286426610734721976e+00
5.530100000000004457e-01, 2.293455534682023345e+00
5.540100000000004465e-01, 2.300499947740019646e+00
5.550100000000004474e-01, 2.307559891310820177e+00
5.560100000000004483e-01, 2.314635406917209703e+00
5.570100000000004492e-01, 2.321726536202953550e+00
5.580100000000004501e-01, 2.328833320933103135e+00
5.590100000000004510e-01, 2.335955802994302832e+00
5.600100000000004519e-01, 2.343094024395097730e+00
5.610100000000004528e-01, 2.350248027266241380e+00
5.620100000000004536e-01, 2.357417853861004886e+00
5.630100000000004545e-01, 2.364603546555485547e+00
5.640100000000004554e-01, 2.371805147848918160e+00
5.650100000000004563e-01, 2.379022700363985443e+00
5.660100000000004572e-01, 2.386256246847129336e+00
5.670100000000004581e-01, 2.393505830168862758e+00
5.680100000000004590e-01, 2.400771493324084460e+00
5.690100000000004599e-01, 2.408053279432390337e+00
5.700100000000004608e-01, 2.415351231738388726e+00
5.710100000000004616e-01, 2.422665393612015272e+00
5.720100000000004625e-01, 2.429995808548848668e+00
5.730100000000004634e-01, 2.437342520170426852e+00
5.740100000000004643e-01, 2.444705572224563195e+00
5.750100000000004652e-01, 2.452085008585664472e+00
5.760100000000004661e-01, 2.459480873255049715e+00
5.770100000000004670e-01, 2.466893210361268185e+00
5.780100000000004679e-01, 2.474322064160419554e+00
5.790100000000004687e-01, 2.481767479036473212e+00
5.800100000000004696e-01, 2.489229499501589338e+00
5.810100000000004705e-01, 2.496708170196441312e+00
5.820100000000004714e-01, 2.504203535890535903e+00
5.830100000000004723e-01, 2.511715641482537453e+00
5.840100000000004732e-01, 2.519244532000590286e+00
5.850100000000004741e-01, 2.526790252602642894e+00
5.860100000000004750e-01, 2.534352848576773010e+00
5.870100000000004759e-01, 2.541932365341511346e+00
5.880100000000004767e-01, 2.549528848446169338e+00
5.890100000000004776e-01, 2.557142343571162879e+00
5.900100000000004785e-01, 2.564772896528341839e+00
5.910100000000004794e-01, 2.572420553261316023e+00
5.920100000000004803e-01, 2.580085359845783799e+00
5.930100000000004812e-01, 2.587767362489860723e+00
5.940100000000004821e-01, 2.595466607534409054e+00
5.950100000000004830e-01, 2.603183141449448179e+00
5.960100000000004838e-01, 2.610917010804619576e+00
5.970100000000004847e-01, 2.618668262262944246e+00
5.980100000000004856e-01, 2.626436942580700595e+00
5.990100000000004865e-01, 2.634223098607379576e+00
6.000100000000004874e-01, 2.642026777269113946e+00
6.010100000000004883e-01, 2.649848025585504363e+00
6.020100000000004892e-01, 2.657686890671827395e+00
6.030100000000004901e-01, 2.665543419739168751e+00
6.040100000000004909e-01, 2.673417660094556059e+00
6.050100000000004918e-01, 2.681309659141090318e+00
6.060100000000004927e-01, 2.689219464378077795e+00
6.070100000000004936e-01, 2.697147123401161473e+00
6.080100000000004945e-01, 2.705092683902449391e+00
6.090100000000004954e-01, 2.713056193670645655e+00
6.100100000000004963e-01, 2.721037700591179220e+00
6.110100000000004972e-01, 2.729037252646331790e+00
6.120100000000004981e-01, 2.737054897915365714e+00
6.130100000000004989e-01, 2.745090684574650997e+00
6.140100000000004998e-01, 2.753144660897791862e+00
6.150100000000005007e-01, 2.761216875255753322e+00
6.160100000000005016e-01, 2.769307376116984187e+00
6.170100000000005025e-01, 2.777416212047544075e+00
6.180100000000005034e-01, 2.785543431711225537e+00
6.190100000000005043e-01, 2.793689083869677514e+00
6.200100000000005052e-01, 2.801853217382528793e+00
6.210100000000005060e-01, 2.810035881207508801e+00
6.220100000000005069e-01, 2.818237124400568838e+00
6.230100000000005078e-01, 2.826456996116002873e+00
6.240100000000005087e-01, 2.834695545606567446e+00
6.250100000000005096e-01, 2.842952822223600240e+00
6.260100000000005105e-01, 2.851228875417138653e+00
6.270100000000005114e-01, 2.859523754736037482e+00
6.280100000000005123e-01, 2.867837509828085274e+00
6.290100000000005132e-01, 2.876170190440121122e+00
6.300100000000005140e-01, 2.884521846418150126e+00
6.310100000000005149e-01, 2.892892527707457528e+00
6.320100000000005158e-01, 2.901282284352723284e+00
6.330100000000005167e-01, 2.909691166498134862e+00
6.340100000000005176e-01, 2.918119224387500044e+00
6.350100000000005185e-01, 2.926566508364357500e+00
6.360100000000005194e-01, 2.935033068872089590e+00
6.370100000000005203e-01, 2.943518956454030722e+00
6.380100000000005211e-01, 2.952024221753577482e+00
6.390100000000005220e-01, 2.960548915514297441e+00
6.400100000000005229e-01, 2.969093088580035733e+00
6.410100000000005238e-01, 2.977656791895023414e+00
6.420100000000005247e-01, 2.986240076506711194e+00
6.430100000000005256e-01, 2.994842993590276947e+00
6.440100000000005265e-01, 3.003465594460163590e+00
6.450100000000005274e-01, 3.012107930570377512e+00
6.460100000000005283e-01, 3.020770053514786113e+00
6.470100000000005291e-01, 3.029452015027417566e+00
6.480100000000005300e-01, 3.038153866982759688e+00
6.490100000000005309e-01, 3.046875661396059698e+00
6.500100000000005318e-01, 3.055617450423623094e+00
6.510100000000005327e-01, 3.064379286363113852e+00
6.520100000000005336e-01, 3.073161221653855524e+00
6.530100000000005345e-01, 3.081963308877129659e+00
6.540100000000005354e-01, 3.090785600756478679e+00
6.550100000000005362e-01, 3.099628150158004747e+00
6.560100000000005371e-01, 3.108491010090672635e+00
6.570100000000005380e-01, 3.117374233706609044e+00
6.580100000000005389e-01, 3.126277874301406356e+00
6.590100000000005398e-01, 3.135201985314422846e+00
6.600100000000005407e-01, 3.144146620329085096e+00
6.610100000000005416e-01, 3.153111833073189985e+00
6.620100000000005425e-01, 3.162097677419207109e+00
6.630100000000005434e-01, 3.171104207384581652e+00
6.640100000000005442e-01, 3.180131477132036366e+00
6.650100000000005451e-01, 3.189179540969875326e+00
6.660100000000005460e-01, 3.198248453352285914e+00
6.670100000000005469e-01, 3.207338268879643906e+00
6.680100000000005478e-01, 3.216449042298814120e+00
6.690100000000005487e-01, 3.225580828503456843e+00
6.700100000000005496e-01, 3.234733682534328914e+00
6.710100000000005505e-01, 3.243907659579589708e+00
6.720100000000005513e-01, 3.253102814975103563e+00
6.730100000000005522e-01, 3.262319204204744860e+00
6.740100000000005531e-01, 3.271556882900701790e+00
6.750100000000005540e-01, 3.280815906843780549e+00
6.760100000000005549e-01, 3.290096331963710430e+00
6.770100000000005558e-01, 3.299398214339447577e+00
6.780100000000005567e-01, 3.308721610199480523e+00
6.790100000000005576e-01, 3.318066575922133499e+00
6.800100000000005585e-01, 3.327433168035873301e+00
6.810100000000005593e-01, 3.336821443219612604e+00
6.820100000000005602e-01, 3.346231458303015049e+00
6.830100000000005611e-01, 3.355663270266801668e+00
6.840100000000005620e-01, 3.365116936243055079e+00
6.850100000000005629e-01, 3.374592513515523695e+00
6.860100000000005638e-01, 3.384090059519929028e+00
6.870100000000005647e-01, 3.393609631844269892e+00
6.880100000000005656e-01, 3.403151288229127047e+00
6.890100000000005664e-01, 3.412715086567969625e+00
6.900100000000005673e-01, 3.422301084907460655e+00
6.910100000000005682e-01, 3.431909341447761275e+00
6.920100000000005691e-01, 3.441539914542837586e+00
6.930100000000005700e-01, 3.451192862700764863e+00
6.940100000000005709e-01, 3.460868244584033526e+00
6.950100000000005718e-01, 3.470566119009855122e+00
6.960100000000005727e-01, 3.480286544950466077e+00
6.970100000000005736e-01, 3.490029581533435010e+00
6.980100000000005744e-01, 3.499795288041967378e+00
6.990100000000005753e-01, 3.509583723915209674e+00
7.000100000000005762e-01, 3.519394948748556740e+00
7.010100000000005771e-01, 3.529229022293955520e+00
7.020100000000005780e-01, 3.539086004460210599e+00
7.030100000000005789e-01, 3.548965955313289733e+00
7.040100000000005798e-01, 3.558868935076628492e+00
7.050100000000005807e-01, 3.568795004131435800e+00
7.060100000000005815e-01, 3.578744223016997683e+00
7.070100000000005824e-01, 3.588716652430983256e+00
7.080100000000005833e-01, 3.598712353229749361e+00
7.090100000000005842e-01, 3.608731386428644772e+00
7.100100000000005851e-01, 3.618773813202314393e+00
7.110100000000005860e-01, 3.628839694885004796e+00
7.120100000000005869e-01, 3.638929092970867085e+00
7.130100000000005878e-01, 3.649042069114262432e+00
7.140100000000005886e-01, 3.659178685130065389e+00
7.150100000000005895e-01, 3.669339002993967647e+00
7.160100000000005904e-01, 3.679523084842782232e+00
7.170100000000005913e-01, 3.689730992974746382e+00
7.180100000000005922e-01, 3.699962789849825739e+00
7.190100000000005931e-01, 3.710218538090017226e+00
7.200100000000005940e-01, 3.720498300479651910e+00
7.210100000000005949e-01, 3.730802139965698316e+00
7.220100000000005958e-01, 3.741130119658064412e+00
7.230100000000005966e-01, 3.751482302829901361e+00
7.240100000000005975e-01, 3.761858752917903725e+00
7.250100000000005984e-01, 3.772259533522613673e+00
7.260100000000005993e-01, 3.782684708408721175e+00
7.270100000000006002e-01, 3.793134341505366880e+00
7.280100000000006011e-01, 3.803608496906441871e+00
7.290100000000006020e-01, 3.814107238870890981e+00
7.300100000000006029e-01, 3.824630631823011218e+00
7.310100000000006037e-01, 3.835178740352753746e+00
7.320100000000006046e-01, 3.845751629216024536e+00
7.330100000000006055e-01, 3.856349363334983238e+00
7.340100000000006064e-01, 3.866972007798343380e+00
7.350100000000006073e-01, 3.877619627861672136e+00
7.360100000000006082e-01, 3.888292288947689190e+00
7.370100000000006091e-01, 3.898990056646565616e+00
7.380100000000006100e-01, 3.909712996716222300e+00
7.390100000000006109e-01, 3.920461175082627925e+00
7.400100000000006117e-01, 3.931234657840097846e+00
7.410100000000006126e-01, 3.942033511251590294e+00
7.420100000000006135e-01, 3.952857801749004363e+00
7.430100000000006144e-01, 3.963707595933476213e+00
7.440100000000006153e-01, 3.974582960575676172e+00
7.450100000000006162e-01, 3.985483962616104492e+00
7.460100000000006171e-01, 3.996410669165386675e+00
7.470100000000006180e-01, 4.007363147504569234e+00
7.480100000000006188e-01, 4.018341465085414121e+00
7.490100000000006197e-01, 4.029345689530694052e+00
7.500100000000006206e-01, 4.040375888634486046e+00
7.510100000000006215e-01, 4.051432130362464079e+00
7.520100000000006224e-01, 4.062514482852193964e+00
7.530100000000006233e-01, 4.073623014413425558e+00
7.540100000000006242e-01, 4.084757793528384084e+00
7.550100000000006251e-01, 4.095918888852063233e+00
7.560100000000006260e-01, 4.107106369212515595e+00
7.570100000000006268e-01, 4.118320303611143984e+00
7.580100000000006277e-01, 4.129560761222991871e+00
7.590100000000006286e-01, 4.140827811397034708e+00
7.600100000000006295e-01, 4.152121523656465918e+00
7.610100000000006304e-01, 4.163441967698988222e+00
7.620100000000006313e-01, 4.163552626156351799e+00
7.630100000000006322e-01, 4.163663287172358451e+00
7.640100000000006331e-01, 4.163773950747073904e+00
7.650100000000006339e-01, 4.163884616880562994e+00
7.660100000000006348e-01, 4.163995285572891447e+00
7.670100000000006357e-01, 4.164105956824124988e+00
7.680100000000006366e-01, 4.164216630634328453e+00
7.690100000000006375e-01, 4.164327307003567569e+00
7.700100000000006384e-01, 4.164437985931907171e+00
7.710100000000006393e-01, 4.164548667419412986e+00
7.720100000000006402e-01, 4.164659351466149850e+00
7.730100000000006411e-01, 4.164770038072183489e+00
7.740100000000006419e-01, 4.164880727237579627e+00
7.750100000000006428e-01, 4.164991418962403102e+00
7.760100000000006437e-01, 4.165102113246718751e+00
7.770100000000006446e-01, 4.165212810090593187e+00
7.780100000000006455e-01, 4.165323509494091248e+00
7.790100000000006464e-01, 4.165434211457277769e+00
7.800100000000006473e-01, 4.165544915980218477e+00
7.810100000000006482e-01, 4.165655623062979096e+00
7.820100000000006490e-01, 4.165766332705624464e+00
7.830100000000006499e-01, 4.165877044908220306e+00
7.840100000000006508e-01, 4.165987759670831458e+00
7.850100000000006517e-01, 4.166098476993523647e+00
7.860100000000006526e-01, 4.166209196876362597e+00
7.870100000000006535e-01, 4.166319919319413145e+00
7.880100000000006544e-01, 4.166430644322741017e+00
7.890100000000006553e-01, 4.166541371886411937e+00
7.900100000000006562e-01, 4.166652102010490744e+00
7.910100000000006570e-01, 4.166762834695042272e+00
7.920100000000006579e-01, 4.166873569940133137e+00
7.930100000000006588e-01, 4.166984307745828175e+00
7.940100000000006597e-01, 4.167095048112192224e+00
7.950100000000006606e-01, 4.167205791039291007e+00
7.960100000000006615e-01, 4.167316536527190252e+00
7.970100000000006624e-01, 4.167427284575954793e+00
7.980100000000006633e-01, 4.167538035185650358e+00
7.990100000000006641e-01, 4.167648788356342671e+00
8.000100000000006650e-01, 4.167759544088096568e+00
8.010100000000006659e-01, 4.167870302380977776e+00
8.020100000000006668e-01, 4.167981063235052019e+00
8.030100000000006677e-01, 4.168091826650384135e+00
8.040100000000006686e-01, 4.168202592627039849e+00
8.050100000000006695e-01, 4.168313361165083997e+00
8.060100000000006704e-01, 4.168424132264582305e+00
8.070100000000006712e-01, 4.168534905925600498e+00
8.080100000000006721e-01, 4.168645682148203413e+00
8.090100000000006730e-01, 4.168756460932456775e+00
8.100100000000006739e-01, 4.168867242278426311e+00
8.110100000000006748e-01, 4.168978026186176855e+00
8.120100000000006757e-01, 4.169088812655774134e+00
8.130100000000006766e-01, 4.169199601687283874e+00
8.140100000000006775e-01, 4.169310393280770910e+00
8.150100000000006784e-01, 4.169421187436300968e+00
8.160100000000006792e-01, 4.169531984153938886e+00
8.170100000000006801e-01, 4.169642783433750388e+00
8.180100000000006810e-01, 4.169753585275801200e+00
8.190100000000006819e-01, 4.169864389680157046e+00
