0.000000000000000000e+00, 9.081304350478092147e+00
1.000000000000000082e-05, 9.086549761467271225e+00
2.000000000000000164e-05, 9.089169064437538026e+00
3.000000000000000415e-05, 9.091786106311760207e+00
4.000000000000000327e-05, 9.094400892501893097e+00
5.000000000000000240e-05, 9.097013428397508150e+00
6.000000000000000152e-05, 9.099623719365945718e+00
7.000000000000000742e-05, 9.102231770752426954e+00
8.000000000000000654e-05, 9.104837587880194150e+00
9.000000000000000567e-05, 9.107441176050649290e+00
1.000000000000000048e-04, 9.110042540543467737e+00
1.100000000000000039e-04, 9.112641686616742120e+00
1.200000000000000030e-04, 9.115238619507103124e+00
1.300000000000000157e-04, 9.117833344429838505e+00
1.400000000000000148e-04, 9.120425866579040530e+00
1.500000000000000140e-04, 9.123016191127710783e+00
1.600000000000000131e-04, 9.125604323227884507e+00
1.700000000000000122e-04, 9.128190268010769159e+00
1.800000000000000113e-04, 9.130774030586852774e+00
1.900000000000000105e-04, 9.133355616046026526e+00
2.000000000000000096e-04, 9.135935029457709078e+00
2.100000000000000087e-04, 9.138512275870963819e+00
2.200000000000000078e-04, 9.141087360314614330e+00
2.300000000000000070e-04, 9.143660287797368724e+00
2.400000000000000061e-04, 9.146231063307926235e+00
2.500000000000000052e-04, 9.148799691815103330e+00
2.600000000000000314e-04, 9.151366178267938523e+00
2.700000000000000577e-04, 9.153930527595811384e+00
2.800000000000000839e-04, 9.156492744708554454e+00
2.900000000000001101e-04, 9.159052834496568707e+00
3.000000000000001363e-04, 9.161610801830926576e+00
3.100000000000001626e-04, 9.164166651563490973e+00
3.200000000000001888e-04, 9.166720388527018315e+00
3.300000000000002150e-04, 9.169272017535270436e+00
3.400000000000002413e-04, 9.171821543383122943e+00
3.500000000000002675e-04, 9.174368970846671800e+00
3.600000000000002937e-04, 9.176914304683339907e+00
3.700000000000003200e-04, 9.179457549631976576e+00
3.800000000000003462e-04, 9.181998710412972997e+00
3.900000000000003724e-04, 9.184537791728358158e+00
4.000000000000003986e-04, 9.187074798261907205e+00
4.100000000000004249e-04, 9.189609734679233810e+00
4.200000000000004511e-04, 9.192142605627910967e+00
4.300000000000004773e-04, 9.194673415737545596e+00
4.400000000000005036e-04, 9.197202169619908219e+00
4.500000000000005298e-04, 9.199728871869009339e+00
4.600000000000005560e-04, 9.202253527061198923e+00
4.700000000000005822e-04, 9.204776139755288966e+00
4.800000000000006085e-04, 9.207296714492613887e+00
4.900000000000006347e-04, 9.209815255797165534e+00
5.000000000000006609e-04, 9.212331768175655355e+00
5.100000000000006872e-04, 9.214846256117628087e+00
5.200000000000007134e-04, 9.217358724095557676e+00
5.300000000000007396e-04, 9.219869176564927216e+00
5.400000000000007658e-04, 9.222377617964337304e+00
5.500000000000007921e-04, 9.224884052715587757e+00
5.600000000000008183e-04, 9.227388485223771752e+00
5.700000000000008445e-04, 9.229890919877378863e+00
5.800000000000008708e-04, 9.232391361048355449e+00
5.900000000000008970e-04, 9.234889813092232558e+00
6.000000000000009232e-04, 9.237386280348189871e+00
6.100000000000009494e-04, 9.239880767139146300e+00
6.200000000000009757e-04, 9.242373277771859463e+00
6.300000000000010019e-04, 9.244863816537002066e+00
6.400000000000010281e-04, 9.247352387709247168e+00
6.500000000000010544e-04, 9.249838995547371212e+00
6.600000000000010806e-04, 9.252323644294321525e+00
6.700000000000011068e-04, 9.254806338177310465e+00
6.800000000000011331e-04, 9.257287081407882923e+00
6.900000000000011593e-04, 9.259765878182031784e+00
7.000000000000011855e-04, 9.262242732680252999e+00
7.100000000000012117e-04, 9.264717649067632621e+00
7.200000000000012380e-04, 9.267190631493953390e+00
7.300000000000012642e-04, 9.269661684093730258e+00
7.400000000000012904e-04, 9.272130810986332961e+00
7.500000000000013167e-04, 9.274598016276049961e+00
7.600000000000013429e-04, 9.277063304052161286e+00
7.700000000000013691e-04, 9.279526678389027339e+00
7.800000000000013953e-04, 9.281988143346172393e+00
7.900000000000014216e-04, 9.284447702968348537e+00
8.000000000000014478e-04, 9.286905361285620941e+00
8.100000000000014740e-04, 9.289361122313437136e+00
8.200000000000015003e-04, 9.291814990052715828e+00
8.300000000000015265e-04, 9.294266968489919734e+00
8.400000000000015527e-04, 9.296717061597123077e+00
8.500000000000015789e-04, 9.299165273332086201e+00
8.600000000000016052e-04, 9.301611607638347934e+00
8.700000000000016314e-04, 9.304056068445270000e+00
8.800000000000016576e-04, 9.306498659668143603e+00
8.900000000000016839e-04, 9.308939385208228501e+00
9.000000000000017101e-04, 9.311378248952850711e+00
9.100000000000017363e-04, 9.313815254775468233e+00
9.200000000000017625e-04, 9.316250406535729667e+00
9.300000000000017888e-04, 9.318683708079563033e+00
9.400000000000018150e-04, 9.321115163239236168e+00
9.500000000000018412e-04, 9.323544775833426002e+00
9.600000000000018675e-04, 9.325972549667300271e+00
9.700000000000018937e-04, 9.328398488532554822e+00
9.800000000000019199e-04, 9.330822596207525521e+00
9.900000000000019462e-04, 9.333244876457225558e+00
1.000000000000001972e-03, 9.335665333033423607e+00
1.010000000000001999e-03, 9.338083969674707774e+00
1.020000000000002025e-03, 9.340500790106553097e+00
1.030000000000002051e-03, 9.342915798041394382e+00
1.040000000000002077e-03, 9.345328997178683039e+00
1.050000000000002104e-03, 9.347740391204951038e+00
1.060000000000002130e-03, 9.350149983793885511e+00
1.070000000000002156e-03, 9.352557778606389149e+00
1.080000000000002182e-03, 9.354963779290633497e+00
1.090000000000002208e-03, 9.357367989482147763e+00
1.100000000000002235e-03, 9.359770412803856132e+00
1.110000000000002261e-03, 9.362171052866152365e+00
1.120000000000002287e-03, 9.364569913266963752e+00
1.130000000000002313e-03, 9.366966997591807953e+00
1.140000000000002340e-03, 9.369362309413853396e+00
1.150000000000002366e-03, 9.371755852293992106e+00
1.160000000000002392e-03, 9.374147629780885893e+00
1.170000000000002418e-03, 9.376537645411037403e+00
1.180000000000002445e-03, 9.378925902708839857e+00
1.190000000000002471e-03, 9.381312405186651660e+00
1.200000000000002497e-03, 9.383697156344837254e+00
1.210000000000002523e-03, 9.386080159671841727e+00
1.220000000000002549e-03, 9.388461418644238776e+00
1.230000000000002576e-03, 9.390840936726798205e+00
1.240000000000002602e-03, 9.393218717372533888e+00
1.250000000000002628e-03, 9.395594764022760614e+00
1.260000000000002654e-03, 9.397969080107168693e+00
1.270000000000002681e-03, 9.400341669043859483e+00
1.280000000000002707e-03, 9.402712534239411113e+00
1.290000000000002733e-03, 9.405081679088935331e+00
1.300000000000002759e-03, 9.407449106976127240e+00
1.310000000000002785e-03, 9.409814821273327468e+00
1.320000000000002812e-03, 9.412178825341571908e+00
1.330000000000002838e-03, 9.414541122530648565e+00
1.340000000000002864e-03, 9.416901716179156168e+00
1.350000000000002890e-03, 9.419260609614541480e+00
1.360000000000002917e-03, 9.421617806153179231e+00
1.370000000000002943e-03, 9.423973309100391660e+00
1.380000000000002969e-03, 9.426327121750537330e+00
1.390000000000002995e-03, 9.428679247387037776e+00
1.400000000000003022e-03, 9.431029689282436124e+00
1.410000000000003048e-03, 9.433378450698455708e+00
1.420000000000003074e-03, 9.435725534886048038e+00
1.430000000000003100e-03, 9.438070945085433650e+00
1.440000000000003126e-03, 9.440414684526176714e+00
1.450000000000003153e-03, 9.442756756427197473e+00
1.460000000000003179e-03, 9.445097163996868161e+00
1.470000000000003205e-03, 9.447435910433030770e+00
1.480000000000003231e-03, 9.449772998923055667e+00
1.490000000000003258e-03, 9.452108432643891334e+00
1.500000000000003284e-03, 9.454442214762117658e+00
1.510000000000003310e-03, 9.456774348433981459e+00
1.520000000000003336e-03, 9.459104836805469319e+00
1.530000000000003363e-03, 9.461433683012320017e+00
1.540000000000003389e-03, 9.463760890180109797e+00
1.550000000000003415e-03, 9.466086461424271903e+00
1.560000000000003441e-03, 9.468410399850158754e+00
1.570000000000003467e-03, 9.470732708553079249e+00
1.580000000000003494e-03, 9.473053390618360936e+00
1.590000000000003520e-03, 9.475372449121376661e+00
1.600000000000003546e-03, 9.477689887127603185e+00
1.610000000000003572e-03, 9.480005707692660266e+00
1.620000000000003599e-03, 9.482319913862367500e+00
1.630000000000003625e-03, 9.484632508672770967e+00
1.640000000000003651e-03, 9.486943495150205408e+00
1.650000000000003677e-03, 9.489252876311333296e+00
1.660000000000003703e-03, 9.491560655163185700e+00
1.670000000000003730e-03, 9.493866834703208468e+00
1.680000000000003756e-03, 9.496171417919308411e+00
1.690000000000003782e-03, 9.498474407789892382e+00
1.700000000000003808e-03, 9.500775807283913466e+00
1.710000000000003835e-03, 9.503075619360918935e+00
1.720000000000003861e-03, 9.505373846971080454e+00
1.730000000000003887e-03, 9.507670493055250915e+00
1.740000000000003913e-03, 9.509965560544998198e+00
1.750000000000003940e-03, 9.512259052362646017e+00
1.760000000000003966e-03, 9.514550971421321890e+00
1.770000000000003992e-03, 9.516841320624996214e+00
1.780000000000004018e-03, 9.519130102868519572e+00
1.790000000000004044e-03, 9.521417321037668913e+00
1.800000000000004071e-03, 9.523702978009188413e+00
1.810000000000004097e-03, 9.525987076650826779e+00
1.820000000000004123e-03, 9.528269619821381653e+00
1.830000000000004149e-03, 9.530550610370731590e+00
1.840000000000004176e-03, 9.532830051139891125e+00
1.850000000000004202e-03, 9.535107944961026760e+00
1.860000000000004228e-03, 9.537384294657526240e+00
1.870000000000004254e-03, 9.539659103044009214e+00
1.880000000000004281e-03, 9.541932372926387629e+00
1.890000000000004307e-03, 9.544204107101892376e+00
1.900000000000004333e-03, 9.546474308359117700e+00
1.910000000000004359e-03, 9.548742979478051396e+00
1.920000000000004385e-03, 9.551010123230124549e+00
1.930000000000004412e-03, 9.553275742378241731e+00
1.940000000000004438e-03, 9.555539839676816527e+00
1.950000000000004464e-03, 9.557802417871817724e+00
1.960000000000004274e-03, 9.560063479700797728e+00
1.970000000000004300e-03, 9.562323027330181802e+00
1.980000000000004326e-03, 9.564581061059147515e+00
1.990000000000004352e-03, 9.566837581241816935e+00
2.000000000000004378e-03, 9.569092588285634804e+00
2.010000000000004405e-03, 9.571346082649764497e+00
2.020000000000004431e-03, 9.573598064843544364e+00
2.030000000000004457e-03, 9.575848535425002694e+00
2.040000000000004483e-03, 9.578097494999397554e+00
2.050000000000004510e-03, 9.580344944217815240e+00
2.060000000000004536e-03, 9.582590883775811363e+00
2.070000000000004562e-03, 9.584835314412078588e+00
2.080000000000004588e-03, 9.587078236907172979e+00
2.090000000000004615e-03, 9.589319652082265222e+00
2.100000000000004641e-03, 9.591559560797930928e+00
2.110000000000004667e-03, 9.593797963952990671e+00
2.120000000000004693e-03, 9.596034862483358907e+00
2.130000000000004719e-03, 9.598270257360947966e+00
2.140000000000004746e-03, 9.600504149592596903e+00
2.150000000000004772e-03, 9.602736540219025230e+00
2.160000000000004798e-03, 9.604967430313839927e+00
2.170000000000004824e-03, 9.607196820982531804e+00
2.180000000000004851e-03, 9.609424713361534032e+00
2.190000000000004877e-03, 9.611651108617316197e+00
2.200000000000004903e-03, 9.613876007945444613e+00
2.210000000000004929e-03, 9.616099412569750982e+00
2.220000000000004955e-03, 9.618321323741461981e+00
2.230000000000004982e-03, 9.620541742738380364e+00
2.240000000000005008e-03, 9.622760670864083821e+00
2.250000000000005034e-03, 9.624978109447154040e+00
2.260000000000005060e-03, 9.627194059840412876e+00
2.270000000000005087e-03, 9.629408523420190491e+00
2.280000000000005113e-03, 9.631621501585607703e+00
2.290000000000005139e-03, 9.633832995757890316e+00
2.300000000000005165e-03, 9.636043007379690550e+00
2.310000000000005192e-03, 9.638251537914424460e+00
2.320000000000005218e-03, 9.640458588845636001e+00
2.330000000000005244e-03, 9.642664161676380630e+00
2.340000000000005270e-03, 9.644868257928621347e+00
2.350000000000005296e-03, 9.647070879142640720e+00
2.360000000000005323e-03, 9.649272026876461794e+00
2.370000000000005349e-03, 9.651471702705300970e+00
2.380000000000005375e-03, 9.653669908221027995e+00
2.390000000000005401e-03, 9.655866645031638384e+00
2.400000000000005428e-03, 9.658061914760734723e+00
2.410000000000005454e-03, 9.660255719047039946e+00
2.420000000000005480e-03, 9.662448059543896406e+00
2.430000000000005506e-03, 9.664638937918814676e+00
2.440000000000005533e-03, 9.666828355853002819e+00
2.450000000000005559e-03, 9.669016315040911635e+00
2.460000000000005585e-03, 9.671202817189820777e+00
2.470000000000005611e-03, 9.673387864019392879e+00
2.480000000000005637e-03, 9.675571457261272101e+00
2.490000000000005664e-03, 9.677753598658679124e+00
2.500000000000005690e-03, 9.679934289966032779e+00
2.510000000000005716e-03, 9.682113532948545043e+00
2.520000000000005742e-03, 9.684291329381871094e+00
2.530000000000005769e-03, 9.686467681051738055e+00
2.540000000000005795e-03, 9.688642589753593271e+00
2.550000000000005821e-03, 9.690816057292268582e+00
2.560000000000005847e-03, 9.692988085481641036e+00
2.570000000000005873e-03, 9.695158676144298937e+00
2.580000000000005900e-03, 9.697327831111257623e+00
2.590000000000005926e-03, 9.699495552221595318e+00
2.600000000000005952e-03, 9.701661841322222202e+00
2.610000000000005978e-03, 9.703826700267512706e+00
2.620000000000006005e-03, 9.705990130919087022e+00
2.630000000000006031e-03, 9.708152135145487804e+00
2.640000000000006057e-03, 9.710312714821935032e+00
2.650000000000006083e-03, 9.712471871830041792e+00
2.660000000000006110e-03, 9.714629608057572696e+00
2.670000000000006136e-03, 9.716785925398182755e+00
2.680000000000006162e-03, 9.718940825751188228e+00
2.690000000000006188e-03, 9.721094311021300172e+00
2.700000000000006214e-03, 9.723246383118429037e+00
2.710000000000006241e-03, 9.725397043957418219e+00
2.720000000000006267e-03, 9.727546295457859316e+00
2.730000000000006293e-03, 9.729694139543857645e+00
2.740000000000006319e-03, 9.731840578143817311e+00
2.750000000000006346e-03, 9.733985613190256458e+00
2.760000000000006372e-03, 9.736129246619588784e+00
2.770000000000006398e-03, 9.738271480371945898e+00
2.780000000000006424e-03, 9.740412316390971270e+00
2.790000000000006451e-03, 9.742551756623649695e+00
2.800000000000006477e-03, 9.744689803020113672e+00
2.810000000000006503e-03, 9.746826457533483534e+00
2.820000000000006529e-03, 9.748961722119680928e+00
2.830000000000006555e-03, 9.751095598737270720e+00
2.840000000000006582e-03, 9.753228089347297569e+00
2.850000000000006608e-03, 9.755359195913124282e+00
2.860000000000006634e-03, 9.757488920400275489e+00
2.870000000000006660e-03, 9.759617264776295542e+00
2.880000000000006687e-03, 9.761744231010586859e+00
2.890000000000006713e-03, 9.763869821074285582e+00
2.900000000000006739e-03, 9.765994036940098155e+00
2.910000000000006765e-03, 9.768116880582185857e+00
2.920000000000006792e-03, 9.770238353976019141e+00
2.930000000000006818e-03, 9.772358459098251515e+00
2.940000000000006844e-03, 9.774477197926591643e+00
2.950000000000006870e-03, 9.776594572439687880e+00
2.960000000000006896e-03, 9.778710584616995050e+00
2.970000000000006923e-03, 9.780825236438662529e+00
2.980000000000006949e-03, 9.782938529885420564e+00
2.990000000000006975e-03, 9.785050466938470137e+00
3.000000000000007001e-03, 9.787161049579369276e+00
3.010000000000007028e-03, 9.789270279789931806e+00
3.020000000000007054e-03, 9.791378159552120763e+00
3.030000000000007080e-03, 9.793484690847943597e+00
3.040000000000007106e-03, 9.795589875659368673e+00
3.050000000000007132e-03, 9.797693715968202710e+00
3.060000000000007159e-03, 9.799796213756026830e+00
3.070000000000007185e-03, 9.801897371004082871e+00
3.080000000000007211e-03, 9.803997189693195224e+00
3.090000000000007237e-03, 9.806095671803682023e+00
3.100000000000007264e-03, 9.808192819315268096e+00
3.110000000000007290e-03, 9.810288634207006808e+00
3.120000000000007316e-03, 9.812383118457189468e+00
3.130000000000007342e-03, 9.814476274043277826e+00
3.140000000000007369e-03, 9.816568102941829466e+00
3.150000000000007395e-03, 9.818658607128408988e+00
3.160000000000007421e-03, 9.820747788577525839e+00
3.170000000000007447e-03, 9.822835649262559699e+00
3.180000000000007473e-03, 9.824922191155694762e+00
3.190000000000007500e-03, 9.827007416227854009e+00
3.200000000000007526e-03, 9.829091326448617494e+00
3.210000000000007552e-03, 9.831173923786183266e+00
3.220000000000007578e-03, 9.833255210207283881e+00
3.230000000000007605e-03, 9.835335187677136659e+00
3.240000000000007631e-03, 9.837413858159381519e+00
3.250000000000007657e-03, 9.839491223616020577e+00
3.260000000000007683e-03, 9.841567286007370186e+00
3.270000000000007710e-03, 9.843642047291993435e+00
3.280000000000007736e-03, 9.845715509426653966e+00
3.290000000000007762e-03, 9.847787674366268007e+00
3.300000000000007788e-03, 9.849858544063845756e+00
3.310000000000007814e-03, 9.851928120470448746e+00
3.320000000000007841e-03, 9.853996405535129455e+00
3.330000000000007867e-03, 9.856063401204902874e+00
3.340000000000007893e-03, 9.858129109424684344e+00
3.350000000000007919e-03, 9.860193532137254024e+00
3.360000000000007946e-03, 9.862256671283216036e+00
3.370000000000007972e-03, 9.864318528800941621e+00
3.380000000000007998e-03, 9.866379106626546047e+00
3.390000000000008024e-03, 9.868438406693837095e+00
3.400000000000008051e-03, 9.870496430934281307e+00
3.410000000000008077e-03, 9.872553181276964906e+00
3.420000000000008103e-03, 9.874608659648552944e+00
3.430000000000008129e-03, 9.876662867973264426e+00
3.440000000000008155e-03, 9.878715808172822577e+00
3.450000000000008182e-03, 9.880767482166431748e+00
3.460000000000008208e-03, 9.882817891870743665e+00
3.470000000000008234e-03, 9.884867039199820127e+00
3.480000000000008260e-03, 9.886914926065104581e+00
3.490000000000008287e-03, 9.888961554375391927e+00
3.500000000000008313e-03, 9.891006926036803648e+00
3.510000000000008339e-03, 9.893051042952748730e+00
3.520000000000008365e-03, 9.895093907023904123e+00
3.530000000000008391e-03, 9.897135520148184540e+00
3.540000000000008418e-03, 9.899175884220721144e+00
3.550000000000008444e-03, 9.901215001133824245e+00
3.560000000000008470e-03, 9.903252872776974414e+00
3.570000000000008496e-03, 9.905289501036783406e+00
3.580000000000008523e-03, 9.907324887796985280e+00
3.590000000000008549e-03, 9.909359034938399091e+00
3.600000000000008575e-03, 9.911391944338920013e+00
3.610000000000008601e-03, 9.913423617873487359e+00
3.620000000000008628e-03, 9.915454057414072153e+00
3.630000000000008654e-03, 9.917483264829652256e+00
3.640000000000008680e-03, 9.919511241986196382e+00
3.650000000000008706e-03, 9.921537990746642777e+00
3.660000000000008732e-03, 9.923563512970881462e+00
3.670000000000008759e-03, 9.925587810515734688e+00
3.680000000000008785e-03, 9.927610885234946281e+00
3.690000000000008811e-03, 9.929632738979160322e+00
3.700000000000008837e-03, 9.931653373595906942e+00
3.710000000000008864e-03, 9.933672790929582774e+00
3.720000000000008890e-03, 9.935690992821442080e+00
3.730000000000008916e-03, 9.937707981109577204e+00
3.740000000000008942e-03, 9.939723757628911471e+00
3.750000000000008969e-03, 9.941738324211176092e+00
3.760000000000008995e-03, 9.943751682684908388e+00
3.770000000000009021e-03, 9.945763834875428699e+00
3.780000000000009047e-03, 9.947774782604840382e+00
3.790000000000009073e-03, 9.949784527692003167e+00
3.800000000000009100e-03, 9.951793071952533154e+00
3.810000000000009126e-03, 9.953800417198792161e+00
3.820000000000009152e-03, 9.955806565239869954e+00
3.830000000000009178e-03, 9.957811517881584251e+00
3.840000000000009205e-03, 9.959815276926459404e+00
3.850000000000009231e-03, 9.961817844173728176e+00
3.860000000000009257e-03, 9.963819221419319305e+00
3.870000000000009283e-03, 9.965819410455848626e+00
3.880000000000009309e-03, 9.967818413072606631e+00
3.890000000000009336e-03, 9.969816231055560252e+00
3.900000000000009362e-03, 9.971812866187336866e+00
3.910000000000008955e-03, 9.973808320247226078e+00
3.920000000000008547e-03, 9.975802595011165508e+00
3.930000000000008140e-03, 9.977795692251739013e+00
3.940000000000007732e-03, 9.979787613738164254e+00
3.950000000000007325e-03, 9.981778361236298025e+00
3.960000000000006917e-03, 9.983767936508623819e+00
3.970000000000006510e-03, 9.985756341314244722e+00
3.980000000000006102e-03, 9.987743577408881634e+00
3.990000000000005695e-03, 9.989729646544878605e+00
4.000000000000005287e-03, 9.991714550471176182e+00
4.010000000000004880e-03, 9.993698290933329176e+00
4.020000000000004473e-03, 9.995680869673488900e+00
4.030000000000004065e-03, 9.997662288430412048e+00
4.040000000000003658e-03, 9.999642548939442932e+00
4.050000000000003250e-03, 1.000162165293252592e+01
4.060000000000002843e-03, 1.000359960213819299e+01
4.070000000000002435e-03, 1.000557639828155665e+01
4.080000000000002028e-03, 1.000755204308433477e+01
4.090000000000001620e-03, 1.000952653826480621e+01
4.100000000000001213e-03, 1.001149988553784276e+01
4.110000000000000805e-03, 1.001347208661489852e+01
4.120000000000000398e-03, 1.001544314320400453e+01
4.129999999999999991e-03, 1.001741305700977236e+01
4.139999999999999583e-03, 1.001938182973338165e+01
4.149999999999999176e-03, 1.002134946307260677e+01
4.159999999999998768e-03, 1.002331595872178660e+01
4.169999999999998361e-03, 1.002528131837183345e+01
4.179999999999997953e-03, 1.002724554371024546e+01
4.189999999999997546e-03, 1.002920863642109062e+01
4.199999999999997138e-03, 1.003117059818501744e+01
4.209999999999996731e-03, 1.003313143067924962e+01
4.219999999999996323e-03, 1.003509113557758781e+01
4.229999999999995916e-03, 1.003704971455041495e+01
4.239999999999995509e-03, 1.003900716926469272e+01
4.249999999999995101e-03, 1.004096350138396154e+01
4.259999999999994694e-03, 1.004291871256834412e+01
4.269999999999994286e-03, 1.004487280447455078e+01
4.279999999999993879e-03, 1.004682577875587057e+01
4.289999999999993471e-03, 1.004877763706218730e+01
4.299999999999993064e-03, 1.005072838103996702e+01
4.309999999999992656e-03, 1.005267801233227232e+01
4.319999999999992249e-03, 1.005462653257875338e+01
4.329999999999991842e-03, 1.005657394341566402e+01
4.339999999999991434e-03, 1.005852024647584386e+01
4.349999999999991027e-03, 1.006046544338874327e+01
4.359999999999990619e-03, 1.006240953578041086e+01
4.369999999999990212e-03, 1.006435252527350421e+01
4.379999999999989804e-03, 1.006629441348729159e+01
4.389999999999989397e-03, 1.006823520203764311e+01
4.399999999999988989e-03, 1.007017489253705378e+01
4.409999999999988582e-03, 1.007211348659463468e+01
4.419999999999988174e-03, 1.007405098581611647e+01
4.429999999999987767e-03, 1.007598739180385650e+01
4.439999999999987360e-03, 1.007792270615684416e+01
4.449999999999986952e-03, 1.007985693047069375e+01
4.459999999999986545e-03, 1.008179006633766228e+01
4.469999999999986137e-03, 1.008372211534664231e+01
4.479999999999985730e-03, 1.008565307908317443e+01
4.489999999999985322e-03, 1.008758295912944902e+01
4.499999999999984915e-03, 1.008951175706429915e+01
4.509999999999984507e-03, 1.009143947446322009e+01
4.519999999999984100e-03, 1.009336611289837293e+01
4.529999999999983692e-03, 1.009529167393858273e+01
4.539999999999983285e-03, 1.009721615914933324e+01
4.549999999999982878e-03, 1.009913957009279173e+01
4.559999999999982470e-03, 1.010106190832780904e+01
4.569999999999982063e-03, 1.010298317540990531e+01
4.579999999999981655e-03, 1.010490337289130203e+01
4.589999999999981248e-03, 1.010682250232090773e+01
4.599999999999980840e-03, 1.010874056524432696e+01
4.609999999999980433e-03, 1.011065756320387621e+01
4.619999999999980025e-03, 1.011257349773857150e+01
4.629999999999979618e-03, 1.011448837038414617e+01
4.639999999999979211e-03, 1.011640218267305080e+01
4.649999999999978803e-03, 1.011831493613445865e+01
4.659999999999978396e-03, 1.012022663229427621e+01
4.669999999999977988e-03, 1.012213727267513441e+01
4.679999999999977581e-03, 1.012404685879641875e+01
4.689999999999977173e-03, 1.012595539217424800e+01
4.699999999999976766e-03, 1.012786287432149557e+01
4.709999999999976358e-03, 1.012976930674779119e+01
4.719999999999975951e-03, 1.013167469095952811e+01
4.729999999999975543e-03, 1.013357902845986303e+01
4.739999999999975136e-03, 1.013548232074873034e+01
4.749999999999974729e-03, 1.013738456932283860e+01
4.759999999999974321e-03, 1.013928577567568468e+01
4.769999999999973914e-03, 1.014118594129755735e+01
4.779999999999973506e-03, 1.014308506767553730e+01
4.789999999999973099e-03, 1.014498315629351310e+01
4.799999999999972691e-03, 1.014688020863217766e+01
4.809999999999972284e-03, 1.014877622616903707e+01
4.819999999999971876e-03, 1.015067121037842313e+01
4.829999999999971469e-03, 1.015256516273149145e+01
4.839999999999971061e-03, 1.015445808469623223e+01
4.849999999999970654e-03, 1.015634997773746662e+01
4.859999999999970247e-03, 1.015824084331687160e+01
4.869999999999969839e-03, 1.016013068289297117e+01
4.879999999999969432e-03, 1.016201949792114156e+01
4.889999999999969024e-03, 1.016390728985363090e+01
4.899999999999968617e-03, 1.016579406013955200e+01
4.909999999999968209e-03, 1.016767981022489842e+01
4.919999999999967802e-03, 1.016956454155253731e+01
4.929999999999967394e-03, 1.017144825556223786e+01
4.939999999999966987e-03, 1.017333095369065354e+01
4.949999999999966580e-03, 1.017521263737134696e+01
4.959999999999966172e-03, 1.017709330803478629e+01
4.969999999999965765e-03, 1.017897296710835420e+01
4.979999999999965357e-03, 1.018085161601635136e+01
4.989999999999964950e-03, 1.018272925618002134e+01
4.999999999999964542e-03, 1.018460588901751684e+01
5.009999999999964135e-03, 1.018648151594395657e+01
6.009999999999964156e-03, 1.042946922750802408e+01
7.009999999999964176e-03, 1.064229017284819356e+01
8.009999999999965065e-03, 1.083477816776964531e+01
9.009999999999965953e-03, 1.101238375415475623e+01
1.000999999999996684e-02, 1.117850381658926651e+01
1.100999999999996773e-02, 1.133530780983711495e+01
1.200999999999996862e-02, 1.148431749282379855e+01
1.300999999999996951e-02, 1.162665264221965344e+01
1.400999999999997039e-02, 1.176313460536213817e+01
1.500999999999997128e-02, 1.189444037384220643e+01
1.600999999999997217e-02, 1.202113476018598348e+01
1.700999999999997306e-02, 1.214367743154609514e+01
1.800999999999997395e-02, 1.226244919514100573e+01
1.900999999999997483e-02, 1.237775034477161284e+01
2.000999999999997572e-02, 1.248983333806987162e+01
2.100999999999997661e-02, 1.259892223039908465e+01
2.200999999999997750e-02, 1.270521700287772404e+01
2.300999999999997839e-02, 1.280888823604897908e+01
2.400999999999997928e-02, 1.291009771732945843e+01
2.500999999999998016e-02, 1.300899565177806494e+01
2.600999999999998105e-02, 1.310571759705617723e+01
2.700999999999998194e-02, 1.320038644187498278e+01
2.800999999999998283e-02, 1.329311403953356141e+01
2.900999999999998372e-02, 1.338400257079372757e+01
3.000999999999998460e-02, 1.347314569128683104e+01
3.100999999999998549e-02, 1.356062942155363160e+01
3.200999999999998291e-02, 1.364652820397706812e+01
3.300999999999998380e-02, 1.373090891514587852e+01
3.400999999999998469e-02, 1.381383457398550618e+01
3.500999999999998558e-02, 1.389536458643895145e+01
3.600999999999998646e-02, 1.397555289315889659e+01
3.700999999999998735e-02, 1.405445183238661500e+01
3.800999999999998824e-02, 1.413211216978457863e+01
3.900999999999998913e-02, 1.420858172233542405e+01
4.000999999999999002e-02, 1.428390557210426692e+01
4.100999999999999091e-02, 1.435812626285854066e+01
4.200999999999999179e-02, 1.443128398082722263e+01
4.300999999999999268e-02, 1.450341672084414135e+01
4.400999999999999357e-02, 1.457456043906305432e+01
4.500999999999999446e-02, 1.464474919336239367e+01
4.600999999999999535e-02, 1.471401527248233165e+01
4.700999999999999623e-02, 1.478238931485948626e+01
4.800999999999999712e-02, 1.484990041804816663e+01
4.900999999999999801e-02, 1.499509630073243827e+01
5.000999999999999890e-02, 1.516642547840106481e+01
5.100999999999999979e-02, 1.533077271959514754e+01
5.201000000000000068e-02, 1.548897977368167922e+01
5.301000000000000156e-02, 1.564171867547497818e+01
5.401000000000000245e-02, 1.578952348263834260e+01
5.501000000000000334e-02, 1.593283087179848678e+01
5.601000000000000423e-02, 1.607200660266424563e+01
5.701000000000000512e-02, 1.620737045597664050e+01
5.801000000000000600e-02, 1.633921325709538053e+01
5.901000000000000689e-02, 1.646779011389045877e+01
6.001000000000000778e-02, 1.659332206787860287e+01
6.101000000000000867e-02, 1.671600273319016239e+01
6.201000000000000956e-02, 1.683600326533904479e+01
6.301000000000001044e-02, 1.695347616459423179e+01
6.401000000000001133e-02, 1.706855824351899642e+01
6.501000000000001222e-02, 1.718137298081866859e+01
6.601000000000001311e-02, 1.729203625621050477e+01
6.701000000000001400e-02, 1.740065954176982999e+01
6.801000000000001489e-02, 1.750734582074320755e+01
6.901000000000001577e-02, 1.761218877273948280e+01
7.001000000000001666e-02, 1.771527400017310327e+01
7.101000000000001755e-02, 1.771628232959729843e+01
7.201000000000001844e-02, 1.771729049799912659e+01
7.301000000000001933e-02, 1.771829850545522689e+01
7.401000000000002021e-02, 1.771930635204216031e+01
7.501000000000002110e-02, 1.772031403783645942e+01
7.601000000000002199e-02, 1.772132156291455019e+01
7.701000000000002288e-02, 1.772232892735283372e+01
7.801000000000002377e-02, 1.772333613122764007e+01
7.901000000000002466e-02, 1.772434317461522824e+01
8.001000000000002554e-02, 1.772535005759178972e+01
8.101000000000002643e-02, 1.772635678023346983e+01
8.201000000000002732e-02, 1.772736334261634639e+01
8.301000000000002821e-02, 1.772836974481642969e+01
8.401000000000002910e-02, 1.772937598690967320e+01
8.501000000000002998e-02, 1.773038206897196645e+01
8.601000000000003087e-02, 1.773138799107914210e+01
8.701000000000003176e-02, 1.773239375330696177e+01
8.801000000000003265e-02, 1.773339935573113735e+01
8.901000000000003354e-02, 1.773440479842730255e+01
9.001000000000003443e-02, 1.773541008147104137e+01
9.101000000000003531e-02, 1.773641520493787738e+01
9.201000000000003620e-02, 1.773742016890327378e+01
9.301000000000003709e-02, 1.773842497344262981e+01
9.401000000000003798e-02, 1.773942961863127366e+01
9.501000000000003887e-02, 1.774043410454448022e+01
9.601000000000003975e-02, 1.774143843125747111e+01
9.701000000000004064e-02, 1.774244259884538977e+01
9.801000000000004153e-02, 1.774344660738334412e+01
9.901000000000004242e-02, 1.774445045694635326e+01
1.000100000000000433e-01, 1.774545414760939721e+01
1.010100000000000442e-01, 1.774645767944737784e+01
1.020100000000000451e-01, 1.774746105253514372e+01
1.030100000000000460e-01, 1.774846426694750079e+01
1.040100000000000469e-01, 1.774946732275915906e+01
1.050100000000000477e-01, 1.775047022004479302e+01
1.060100000000000486e-01, 1.775147295887900967e+01
1.070100000000000495e-01, 1.775247553933635558e+01
1.080100000000000504e-01, 1.775347796149132051e+01
1.090100000000000513e-01, 1.775448022541833737e+01
1.100100000000000522e-01, 1.775548233119176089e+01
1.110100000000000531e-01, 1.775648427888590675e+01
1.120100000000000540e-01, 1.775748606857502310e+01
1.130100000000000549e-01, 1.775848770033329060e+01
1.140100000000000557e-01, 1.775948917423484019e+01
1.150100000000000566e-01, 1.776049049035374594e+01
1.160100000000000575e-01, 1.776149164876400377e+01
1.170100000000000584e-01, 1.776249264953957052e+01
1.180100000000000593e-01, 1.776349349275433553e+01
1.190100000000000602e-01, 1.776449417848212420e+01
1.200100000000000611e-01, 1.776549470679671217e+01
1.210100000000000620e-01, 1.776649507777180759e+01
1.220100000000000628e-01, 1.776749529148106888e+01
1.230100000000000637e-01, 1.776849534799806918e+01
1.240100000000000646e-01, 1.776949524739636388e+01
1.250100000000000655e-01, 1.777049498974942310e+01
1.260100000000000664e-01, 1.777149457513066011e+01
1.270100000000000673e-01, 1.777249400361342424e+01
1.280100000000000682e-01, 1.777349327527102929e+01
