0.000000000000000000e+00, 0.000000000000000000e+00
1.000000000000000082e-05, 6.771597742747958688e-08
2.000000000000000164e-05, 2.031501078627363362e-07
3.000000000000000415e-05, 4.063045777521339287e-07
4.000000000000000327e-05, 6.771815843548978663e-07
5.000000000000000240e-05, 1.015783335690545604e-06
6.000000000000000152e-05, 1.422112050486941022e-06
7.000000000000000742e-05, 1.896169958128956767e-06
8.000000000000000654e-05, 2.437959298607736130e-06
9.000000000000000567e-05, 3.047482322470541282e-06
1.000000000000000048e-04, 3.724741290771176654e-06
1.100000000000000039e-04, 4.469738475020975581e-06
1.200000000000000030e-04, 5.282476157140341971e-06
1.300000000000000157e-04, 6.162956629410834080e-06
1.400000000000000148e-04, 7.111182194427779788e-06
1.500000000000000140e-04, 8.127155165053417049e-06
1.600000000000000131e-04, 9.210877864370546782e-06
1.700000000000000122e-04, 1.036235262563668807e-05
1.800000000000000113e-04, 1.158158179223873054e-05
1.900000000000000105e-04, 1.286856771764807213e-05
2.000000000000000096e-04, 1.422331276537623285e-05
2.100000000000000087e-04, 1.564581930893093784e-05
2.200000000000000078e-04, 1.713608973177266456e-05
2.300000000000000070e-04, 1.869412642727163047e-05
2.400000000000000061e-04, 2.031993179866524484e-05
2.500000000000000052e-04, 2.201350825901598416e-05
2.600000000000000314e-04, 2.377485823116969098e-05
2.700000000000000577e-04, 2.560398414771431662e-05
2.800000000000000839e-04, 2.750088845093906034e-05
2.900000000000001101e-04, 2.946557359279392517e-05
3.000000000000001363e-04, 3.149804203484967021e-05
3.100000000000001626e-04, 3.359829624825816271e-05
3.200000000000001888e-04, 3.576633871371311980e-05
3.300000000000002150e-04, 3.800217192141122966e-05
3.400000000000002413e-04, 4.030579837101364200e-05
3.500000000000002675e-04, 4.267722057160785841e-05
3.600000000000002937e-04, 4.511644104166992751e-05
3.700000000000003200e-04, 4.762346230902706715e-05
3.800000000000003462e-04, 5.019828691082059820e-05
3.900000000000003724e-04, 5.284091739346923077e-05
4.000000000000003986e-04, 5.555135631263270280e-05
4.100000000000004249e-04, 5.832960623317575739e-05
4.200000000000004511e-04, 6.117566972767381412e-05
4.300000000000004773e-04, 6.408954937631753887e-05
4.400000000000005036e-04, 6.707124776688672813e-05
4.500000000000005298e-04, 7.012076749472447110e-05
4.600000000000005560e-04, 7.323811116271148800e-05
4.700000000000005822e-04, 7.642328138124062416e-05
4.800000000000006085e-04, 7.967628076819160173e-05
4.900000000000006347e-04, 8.299711194890594746e-05
5.000000000000006609e-04, 8.638577755616208315e-05
5.100000000000006872e-04, 8.984228023015063298e-05
5.200000000000007134e-04, 9.336662261844992053e-05
5.300000000000007396e-04, 9.695880737600164198e-05
5.400000000000007658e-04, 1.006188371650867426e-04
5.500000000000007921e-04, 1.043467146553014559e-04
5.600000000000008183e-04, 1.081424425235335326e-04
5.700000000000008445e-04, 1.120060234539386589e-04
5.800000000000008708e-04, 1.159374601379170247e-04
5.900000000000008970e-04, 1.199367552740901075e-04
6.000000000000009232e-04, 1.240039115682776201e-04
6.100000000000009494e-04, 1.281389317334745794e-04
6.200000000000009757e-04, 1.323418184898286602e-04
6.300000000000010019e-04, 1.366125745646175761e-04
6.400000000000010281e-04, 1.409512026922267176e-04
6.500000000000010544e-04, 1.453577056141270077e-04
6.600000000000010806e-04, 1.498320860788527296e-04
6.700000000000011068e-04, 1.543743468419797344e-04
6.800000000000011331e-04, 1.589844906661036755e-04
6.900000000000011593e-04, 1.636625203208184605e-04
7.000000000000011855e-04, 1.684084385826948378e-04
7.100000000000012117e-04, 1.732222482352591467e-04
7.200000000000012380e-04, 1.781039520689721748e-04
7.300000000000012642e-04, 1.830535528812082336e-04
7.400000000000012904e-04, 1.880710534762344225e-04
7.500000000000013167e-04, 1.931564566651899212e-04
7.600000000000013429e-04, 1.983097652660654705e-04
7.700000000000013691e-04, 2.035309821036830711e-04
7.800000000000013953e-04, 2.088201100096757630e-04
7.900000000000014216e-04, 2.141771518224675679e-04
8.000000000000014478e-04, 2.196021103872535126e-04
8.100000000000014740e-04, 2.250949885559799237e-04
8.200000000000015003e-04, 2.306557891873247225e-04
8.300000000000015265e-04, 2.362845151466779630e-04
8.400000000000015527e-04, 2.419811693061224252e-04
8.500000000000015789e-04, 2.477457545444144245e-04
8.600000000000016052e-04, 2.535782737469646753e-04
8.700000000000016314e-04, 2.594787298058193453e-04
8.800000000000016576e-04, 2.654471256196411352e-04
8.900000000000016839e-04, 2.714834640936907126e-04
9.000000000000017101e-04, 2.775877481398079548e-04
9.100000000000017363e-04, 2.837599806763936800e-04
9.200000000000017625e-04, 2.900001646283911620e-04
9.300000000000017888e-04, 2.963083029272680236e-04
9.400000000000018150e-04, 3.026843985109980767e-04
9.500000000000018412e-04, 3.091284543240434323e-04
9.600000000000018675e-04, 3.156404733173365034e-04
9.700000000000018937e-04, 3.222204584482625490e-04
9.800000000000019199e-04, 3.288684126806417848e-04
9.900000000000019462e-04, 3.355843389847120903e-04
1.000000000000001972e-03, 3.423682403371114988e-04
1.010000000000001999e-03, 3.492201197208610669e-04
1.020000000000002025e-03, 3.561399801253475818e-04
1.030000000000002051e-03, 3.631278245463067018e-04
1.040000000000002077e-03, 3.701836559858058258e-04
1.050000000000002104e-03, 3.773074774522274509e-04
1.060000000000002130e-03, 3.844992919602523130e-04
1.070000000000002156e-03, 3.917591025308429613e-04
1.080000000000002182e-03, 3.990869121912271156e-04
1.090000000000002208e-03, 4.064827239748813490e-04
1.100000000000002235e-03, 4.139465409215148254e-04
1.110000000000002261e-03, 4.214783660770529813e-04
1.120000000000002287e-03, 4.290782024936216433e-04
1.130000000000002313e-03, 4.367460532295309268e-04
1.140000000000002340e-03, 4.444819213492593531e-04
1.150000000000002366e-03, 4.522858099234381281e-04
1.160000000000002392e-03, 4.601577220288354756e-04
1.170000000000002418e-03, 4.680976607483409708e-04
1.180000000000002445e-03, 4.761056291709501445e-04
1.190000000000002471e-03, 4.841816303917490330e-04
1.200000000000002497e-03, 4.923256675118988911e-04
1.210000000000002523e-03, 5.005377436386210677e-04
1.220000000000002549e-03, 5.088178618851817723e-04
1.230000000000002576e-03, 5.171660253708770588e-04
1.240000000000002602e-03, 5.255822372210181351e-04
1.250000000000002628e-03, 5.340665005669161837e-04
1.260000000000002654e-03, 5.426188185458678337e-04
1.270000000000002681e-03, 5.512391943011405240e-04
1.280000000000002707e-03, 5.599276309819577581e-04
1.290000000000002733e-03, 5.686841317434847927e-04
1.300000000000002759e-03, 5.775086997468142176e-04
1.310000000000002785e-03, 5.864013381589515362e-04
1.320000000000002812e-03, 5.953620501528009623e-04
1.330000000000002838e-03, 6.043908389071514335e-04
1.340000000000002864e-03, 6.134877076066624088e-04
1.350000000000002890e-03, 6.226526594418497736e-04
1.360000000000002917e-03, 6.318856976090722870e-04
1.370000000000002943e-03, 6.411868253105174878e-04
1.380000000000002969e-03, 6.505560457541880327e-04
1.390000000000002995e-03, 6.599933621538881445e-04
1.400000000000003022e-03, 6.694987777292097340e-04
1.410000000000003048e-03, 6.790722957055191729e-04
1.420000000000003074e-03, 6.887139193139439576e-04
1.430000000000003100e-03, 6.984236517913590490e-04
1.440000000000003126e-03, 7.082014963803737531e-04
1.450000000000003153e-03, 7.180474563293186025e-04
1.460000000000003179e-03, 7.279615348922321288e-04
1.470000000000003205e-03, 7.379437353288479610e-04
1.480000000000003231e-03, 7.479940609045814892e-04
1.490000000000003258e-03, 7.581125148905173972e-04
1.500000000000003284e-03, 7.682991005633966509e-04
1.510000000000003310e-03, 7.785538212056037060e-04
1.520000000000003336e-03, 7.888766801051539301e-04
1.530000000000003363e-03, 7.992676805556807014e-04
1.540000000000003389e-03, 8.097268258564232655e-04
1.550000000000003415e-03, 8.202541193122139416e-04
1.560000000000003441e-03, 8.308495642334659797e-04
1.570000000000003467e-03, 8.415131639357077871e-04
1.580000000000003494e-03, 8.522449217389753418e-04
1.590000000000003520e-03, 8.630448409678047111e-04
1.600000000000003546e-03, 8.739129249512241375e-04
1.610000000000003572e-03, 8.848491770227469907e-04
1.620000000000003599e-03, 8.958536005203637451e-04
1.630000000000003625e-03, 9.069261987865348236e-04
1.640000000000003651e-03, 9.180669751681831171e-04
1.650000000000003677e-03, 9.292759330166862862e-04
1.660000000000003703e-03, 9.405530756878694972e-04
1.670000000000003730e-03, 9.518984065419979412e-04
1.680000000000003756e-03, 9.633119289437696783e-04
1.690000000000003782e-03, 9.747936462623078314e-04
1.700000000000003808e-03, 9.863435618711537557e-04
1.710000000000003835e-03, 9.979616791482592321e-04
1.720000000000003861e-03, 1.009648001475979204e-03
1.730000000000003887e-03, 1.021402532241065270e-03
1.740000000000003913e-03, 1.033225274834657231e-03
1.750000000000003940e-03, 1.045116232652276581e-03
1.760000000000003966e-03, 1.057075409093819569e-03
1.770000000000003992e-03, 1.069102807563548961e-03
1.780000000000004018e-03, 1.081198431470087968e-03
1.790000000000004044e-03, 1.093362284226412438e-03
1.800000000000004071e-03, 1.105594369249844134e-03
1.810000000000004097e-03, 1.117894689962043147e-03
1.820000000000004123e-03, 1.130263249789001390e-03
1.830000000000004149e-03, 1.142700052161035222e-03
1.840000000000004176e-03, 1.155205100512778082e-03
1.850000000000004202e-03, 1.167778398283174411e-03
1.860000000000004228e-03, 1.180419948915471849e-03
1.870000000000004254e-03, 1.193129755857214513e-03
1.880000000000004281e-03, 1.205907822560236056e-03
1.890000000000004307e-03, 1.218754152480652948e-03
1.900000000000004333e-03, 1.231668749078857318e-03
1.910000000000004359e-03, 1.244651615819510017e-03
1.920000000000004385e-03, 1.257702756171534108e-03
1.930000000000004412e-03, 1.270822173608107935e-03
1.940000000000004438e-03, 1.284009871606658177e-03
1.950000000000004464e-03, 1.297265853648852914e-03
1.960000000000004274e-03, 1.310590123220595335e-03
1.970000000000004300e-03, 1.323982683812016800e-03
1.980000000000004326e-03, 1.337443538917470120e-03
1.990000000000004352e-03, 1.350972692035522617e-03
2.000000000000004378e-03, 1.364570146668949834e-03
2.010000000000004405e-03, 1.378235906324729032e-03
2.020000000000004431e-03, 1.391969974514031816e-03
2.030000000000004457e-03, 1.405772354752218064e-03
2.040000000000004483e-03, 1.419643050558829639e-03
2.050000000000004510e-03, 1.433582065457583233e-03
2.060000000000004536e-03, 1.447589402976364294e-03
2.070000000000004562e-03, 1.461665066647220308e-03
2.080000000000004588e-03, 1.475809060006354288e-03
2.090000000000004615e-03, 1.490021386594118273e-03
2.100000000000004641e-03, 1.504302049955007258e-03
2.110000000000004667e-03, 1.518651053637652031e-03
2.120000000000004693e-03, 1.533068401194813976e-03
2.130000000000004719e-03, 1.547554096183377265e-03
2.140000000000004746e-03, 1.562108142164343651e-03
2.150000000000004772e-03, 1.576730542702825750e-03
2.160000000000004798e-03, 1.591421301368040530e-03
2.170000000000004824e-03, 1.606180421733303249e-03
2.180000000000004851e-03, 1.621007907376021155e-03
2.190000000000004877e-03, 1.635903761877687207e-03
2.200000000000004903e-03, 1.650867988823874217e-03
2.210000000000004929e-03, 1.665900591804227691e-03
2.220000000000004955e-03, 1.681001574412461065e-03
2.230000000000004982e-03, 1.696170940246348111e-03
2.240000000000005008e-03, 1.711408692907717948e-03
2.250000000000005034e-03, 1.726714836002448327e-03
2.260000000000005060e-03, 1.742089373140459554e-03
2.270000000000005087e-03, 1.757532307935708851e-03
2.280000000000005113e-03, 1.773043644006183856e-03
2.290000000000005139e-03, 1.788623384973896764e-03
2.300000000000005165e-03, 1.804271534464878257e-03
2.310000000000005192e-03, 1.819988096109171651e-03
2.320000000000005218e-03, 1.835773073540827036e-03
2.330000000000005244e-03, 1.851626470397894995e-03
2.340000000000005270e-03, 1.867548290322420959e-03
2.350000000000005296e-03, 1.883538536960439359e-03
2.360000000000005323e-03, 1.899597213961967332e-03
2.370000000000005349e-03, 1.915724324980999302e-03
2.380000000000005375e-03, 1.931919873675500910e-03
2.390000000000005401e-03, 1.948183863707403374e-03
2.400000000000005428e-03, 1.964516298742597852e-03
2.410000000000005454e-03, 1.980917182450928939e-03
2.420000000000005480e-03, 1.997386518506189673e-03
2.430000000000005506e-03, 2.013924310586115689e-03
2.440000000000005533e-03, 2.030530562372378708e-03
2.450000000000005559e-03, 2.047205277550582202e-03
2.460000000000005585e-03, 2.063948459810254887e-03
2.470000000000005611e-03, 2.080760112844844655e-03
2.480000000000005637e-03, 2.097640240351714234e-03
2.490000000000005664e-03, 2.114588846032133818e-03
2.500000000000005690e-03, 2.131605933591277594e-03
2.510000000000005716e-03, 2.148691506738216375e-03
2.520000000000005742e-03, 2.165845569185912822e-03
2.530000000000005769e-03, 2.183068124651215813e-03
2.540000000000005795e-03, 2.200359176854854801e-03
2.550000000000005821e-03, 2.217718729521435048e-03
2.560000000000005847e-03, 2.235146786379430678e-03
2.570000000000005873e-03, 2.252643351161180349e-03
2.580000000000005900e-03, 2.270208427602881610e-03
2.590000000000005926e-03, 2.287842019444585699e-03
2.600000000000005952e-03, 2.305544130430191036e-03
2.610000000000005978e-03, 2.323314764307439755e-03
2.620000000000006005e-03, 2.341153924827910331e-03
2.630000000000006031e-03, 2.359061615747013677e-03
2.640000000000006057e-03, 2.377037840823987072e-03
2.650000000000006083e-03, 2.395082603821888957e-03
2.660000000000006110e-03, 2.413195908507593732e-03
2.670000000000006136e-03, 2.431377758651786548e-03
2.680000000000006162e-03, 2.449628158028958544e-03
2.690000000000006188e-03, 2.467947110417400332e-03
2.700000000000006214e-03, 2.486334619599197670e-03
2.710000000000006241e-03, 2.504790689360226683e-03
2.720000000000006267e-03, 2.523315323490147363e-03
2.730000000000006293e-03, 2.541908525782399664e-03
2.740000000000006319e-03, 2.560570300034197434e-03
2.750000000000006346e-03, 2.579300650046524503e-03
2.760000000000006372e-03, 2.598099579624127756e-03
2.770000000000006398e-03, 2.616967092575513652e-03
2.780000000000006424e-03, 2.635903192712942163e-03
2.790000000000006451e-03, 2.654907883852422861e-03
2.800000000000006477e-03, 2.673981169813708422e-03
2.810000000000006503e-03, 2.693123054420290281e-03
2.820000000000006529e-03, 2.712333541499394301e-03
2.830000000000006555e-03, 2.731612634881974699e-03
2.840000000000006582e-03, 2.750960338402709277e-03
2.850000000000006608e-03, 2.770376655899995082e-03
2.860000000000006634e-03, 2.789861591215942772e-03
2.870000000000006660e-03, 2.809415148196372277e-03
2.880000000000006687e-03, 2.829037330690807595e-03
2.890000000000006713e-03, 2.848728142552472021e-03
2.900000000000006739e-03, 2.868487587638282946e-03
2.910000000000006765e-03, 2.888315669808847082e-03
2.920000000000006792e-03, 2.908212392928456128e-03
2.930000000000006818e-03, 2.928177760865081566e-03
2.940000000000006844e-03, 2.948211777490369889e-03
2.950000000000006870e-03, 2.968314446679637397e-03
2.960000000000006896e-03, 2.988485772311866295e-03
2.970000000000006923e-03, 3.008725758269699489e-03
2.980000000000006949e-03, 3.029034408439435812e-03
2.990000000000006975e-03, 3.049411726711025259e-03
3.000000000000007001e-03, 3.069857716978064213e-03
3.010000000000007028e-03, 3.090372383137790675e-03
3.020000000000007054e-03, 3.110955729091080361e-03
3.030000000000007080e-03, 3.131607758742441065e-03
3.040000000000007106e-03, 3.152328476000008321e-03
3.050000000000007132e-03, 3.173117884775541065e-03
3.060000000000007159e-03, 3.193975988984417303e-03
3.070000000000007185e-03, 3.214902792545628035e-03
3.080000000000007211e-03, 3.235898299381774219e-03
3.090000000000007237e-03, 3.256962513419061570e-03
3.100000000000007264e-03, 3.278095438587295789e-03
3.110000000000007290e-03, 3.299297078819878656e-03
3.120000000000007316e-03, 3.320567438053803264e-03
3.130000000000007342e-03, 3.341906520229648812e-03
3.140000000000007369e-03, 3.363314329291577139e-03
3.150000000000007395e-03, 3.384790869187327949e-03
3.160000000000007421e-03, 3.406336143868213609e-03
3.170000000000007447e-03, 3.427950157289115680e-03
3.180000000000007473e-03, 3.449632913408479714e-03
3.190000000000007500e-03, 3.471384416188311780e-03
3.200000000000007526e-03, 3.493204669594173264e-03
3.210000000000007552e-03, 3.515093677595176099e-03
3.220000000000007578e-03, 3.537051444163979725e-03
3.230000000000007605e-03, 3.559077973276785888e-03
3.240000000000007631e-03, 3.581173268913333870e-03
3.250000000000007657e-03, 3.603337335056897017e-03
3.260000000000007683e-03, 3.625570175694277971e-03
3.270000000000007710e-03, 3.647871794815804331e-03
3.280000000000007736e-03, 3.670242196415324752e-03
3.290000000000007762e-03, 3.692681384490203739e-03
3.300000000000007788e-03, 3.715189363041319047e-03
3.310000000000007814e-03, 3.737766136073055606e-03
3.320000000000007841e-03, 3.760411707593302056e-03
3.330000000000007867e-03, 3.783126081612863106e-03
3.340000000000007893e-03, 3.805909262145333767e-03
3.350000000000007919e-03, 3.828761253207098054e-03
3.360000000000007946e-03, 3.851682058817326813e-03
3.370000000000007972e-03, 3.874671682997975555e-03
3.380000000000007998e-03, 3.897730129773782290e-03
3.390000000000008024e-03, 3.920857403172265353e-03
3.400000000000008051e-03, 3.944053507223722541e-03
3.410000000000008077e-03, 3.967318445961227208e-03
3.420000000000008103e-03, 3.990652223420627399e-03
3.430000000000008129e-03, 4.014054843640543248e-03
3.440000000000008155e-03, 4.037526310662365239e-03
3.450000000000008182e-03, 4.061066628530252479e-03
3.460000000000008208e-03, 4.084675801291130087e-03
3.470000000000008234e-03, 4.108353832994686601e-03
3.480000000000008260e-03, 4.132100727693373103e-03
3.490000000000008287e-03, 4.155916489442400621e-03
3.500000000000008313e-03, 4.179801122299738395e-03
3.510000000000008339e-03, 4.203754630326111269e-03
3.520000000000008365e-03, 4.227777017584997965e-03
3.530000000000008391e-03, 4.251868288142627607e-03
3.540000000000008418e-03, 4.276028446067981457e-03
3.550000000000008444e-03, 4.300257495432785980e-03
3.560000000000008470e-03, 4.324555440311515439e-03
3.570000000000008496e-03, 4.348922284781385830e-03
3.580000000000008523e-03, 4.373358032922354879e-03
3.590000000000008549e-03, 4.397862688817120308e-03
3.600000000000008575e-03, 4.422436256551116364e-03
3.610000000000008601e-03, 4.447078740212512954e-03
3.620000000000008628e-03, 4.471790143892213909e-03
3.630000000000008654e-03, 4.496570471683852648e-03
3.640000000000008680e-03, 4.521419727683793043e-03
3.650000000000008706e-03, 4.546337915991125952e-03
3.660000000000008732e-03, 4.571325040707666619e-03
3.670000000000008759e-03, 4.596381105937952932e-03
3.680000000000008785e-03, 4.621506115789244563e-03
3.690000000000008811e-03, 4.646700074371519495e-03
3.700000000000008837e-03, 4.671962985797472288e-03
3.710000000000008864e-03, 4.697294854182513212e-03
3.720000000000008890e-03, 4.722695683644764775e-03
3.730000000000008916e-03, 4.748165478305059993e-03
3.740000000000008942e-03, 4.773704242286940652e-03
3.750000000000008969e-03, 4.799311979716655574e-03
3.760000000000008995e-03, 4.824988694723157147e-03
3.770000000000009021e-03, 4.850734391438100458e-03
3.780000000000009047e-03, 4.876549073995841560e-03
3.790000000000009073e-03, 4.902432746533435734e-03
3.800000000000009100e-03, 4.928385413190633155e-03
3.810000000000009126e-03, 4.954407078109879757e-03
3.820000000000009152e-03, 4.980497745436312032e-03
3.830000000000009178e-03, 5.006657419317758762e-03
3.840000000000009205e-03, 5.032886103904736681e-03
3.850000000000009231e-03, 5.059183803350447879e-03
3.860000000000009257e-03, 5.085550521810778928e-03
3.870000000000009283e-03, 5.111986263444300016e-03
3.880000000000009309e-03, 5.138491032412259747e-03
3.890000000000009336e-03, 5.165064832878586872e-03
3.900000000000009362e-03, 5.191707669009885083e-03
3.910000000000008955e-03, 5.218419544975432152e-03
3.920000000000008547e-03, 5.245200464947178190e-03
3.930000000000008140e-03, 5.272050433099744783e-03
3.940000000000007732e-03, 5.298969453610420655e-03
3.950000000000007325e-03, 5.325957530659160798e-03
3.960000000000006917e-03, 5.353014668428584741e-03
3.970000000000006510e-03, 5.380140871103973946e-03
3.980000000000006102e-03, 5.407336142873270073e-03
3.990000000000005695e-03, 5.434600487927073245e-03
4.000000000000005287e-03, 5.461933910458639449e-03
4.010000000000004880e-03, 5.489336414663879664e-03
4.020000000000004473e-03, 5.516808004741356394e-03
4.030000000000004065e-03, 5.544348684892283670e-03
4.040000000000003658e-03, 5.571958459320521841e-03
4.050000000000003250e-03, 5.599637332232579312e-03
4.060000000000002843e-03, 5.627385307837608208e-03
4.070000000000002435e-03, 5.655202390347403504e-03
4.080000000000002028e-03, 5.683088583976400425e-03
4.090000000000001620e-03, 5.711043892941671841e-03
4.100000000000001213e-03, 5.739068321462928272e-03
4.110000000000000805e-03, 5.767161873762514414e-03
4.120000000000000398e-03, 5.795324554065407405e-03
4.129999999999999991e-03, 5.823556366599215092e-03
4.139999999999999583e-03, 5.851857315594173430e-03
4.149999999999999176e-03, 5.880227405283146476e-03
4.159999999999998768e-03, 5.908666639901622060e-03
4.169999999999998361e-03, 5.937175023687710912e-03
4.179999999999997953e-03, 5.965752560882144929e-03
4.189999999999997546e-03, 5.994399255728274575e-03
4.199999999999997138e-03, 6.023115112472068010e-03
4.209999999999996731e-03, 6.051900135362107622e-03
4.219999999999996323e-03, 6.080754328649590028e-03
4.229999999999995916e-03, 6.109677696588322604e-03
4.239999999999995509e-03, 6.138670243434720883e-03
4.249999999999995101e-03, 6.167731973447809421e-03
4.259999999999994694e-03, 6.196862890889217462e-03
4.269999999999994286e-03, 6.226063000023178071e-03
4.279999999999993879e-03, 6.255332305116526395e-03
4.289999999999993471e-03, 6.284670810438696201e-03
4.299999999999993064e-03, 6.314078520261719001e-03
4.309999999999992656e-03, 6.343555438860223189e-03
4.319999999999992249e-03, 6.373101570511431439e-03
4.329999999999991842e-03, 6.402716919495157234e-03
4.339999999999991434e-03, 6.432401490093804866e-03
4.349999999999991027e-03, 6.462155286592367702e-03
4.359999999999990619e-03, 6.491978313278423847e-03
4.369999999999990212e-03, 6.521870574442137879e-03
4.379999999999989804e-03, 6.551832074376254776e-03
4.389999999999989397e-03, 6.581862817376102522e-03
4.399999999999988989e-03, 6.611962807739586896e-03
4.409999999999988582e-03, 6.642132049767190613e-03
4.419999999999988174e-03, 6.672370547761971582e-03
4.429999999999987767e-03, 6.702678306029562043e-03
4.439999999999987360e-03, 6.733055328878163361e-03
4.449999999999986952e-03, 6.763501620618548628e-03
4.459999999999986545e-03, 6.794017185564058328e-03
4.469999999999986137e-03, 6.824602028030596866e-03
4.479999999999985730e-03, 6.855256152336635170e-03
4.489999999999985322e-03, 6.885979562803204619e-03
4.499999999999984915e-03, 6.916772263753897046e-03
4.509999999999984507e-03, 6.947634259514863866e-03
4.519999999999984100e-03, 6.978565554414811745e-03
4.529999999999983692e-03, 7.009566152785001725e-03
4.539999999999983285e-03, 7.040636058959249231e-03
4.549999999999982878e-03, 7.071775277273920600e-03
4.559999999999982470e-03, 7.102983812067930475e-03
4.569999999999982063e-03, 7.134261667682740941e-03
4.579999999999981655e-03, 7.165608848462360660e-03
4.589999999999981248e-03, 7.197025358753341394e-03
4.599999999999980840e-03, 7.228511202904776278e-03
4.609999999999980433e-03, 7.260066385268299817e-03
4.619999999999980025e-03, 7.291690910198084415e-03
4.629999999999979618e-03, 7.323384782050837774e-03
4.639999999999979211e-03, 7.355148005185804631e-03
4.649999999999978803e-03, 7.386980583964760684e-03
4.659999999999978396e-03, 7.418882522752012591e-03
4.669999999999977988e-03, 7.450853825914397974e-03
4.679999999999977581e-03, 7.482894497821281077e-03
4.689999999999977173e-03, 7.515004542844551903e-03
4.699999999999976766e-03, 7.547183965358624479e-03
4.709999999999976358e-03, 7.579432769740434249e-03
4.719999999999975951e-03, 7.611750960369438081e-03
4.729999999999975543e-03, 7.644138541627611659e-03
4.739999999999975136e-03, 7.676595517899446018e-03
4.749999999999974729e-03, 7.709121893571948408e-03
4.759999999999974321e-03, 7.741717673034638827e-03
4.769999999999973914e-03, 7.774382860679549152e-03
4.779999999999973506e-03, 7.807117460901220538e-03
4.789999999999973099e-03, 7.839921478096702548e-03
4.799999999999972691e-03, 7.872794916665551423e-03
4.809999999999972284e-03, 7.905737781009825743e-03
4.819999999999971876e-03, 7.938750075534090761e-03
4.829999999999971469e-03, 7.971831804645407998e-03
4.839999999999971061e-03, 8.004982972753342182e-03
4.849999999999970654e-03, 8.038203584269954308e-03
4.859999999999970247e-03, 8.071493643609799901e-03
4.869999999999969839e-03, 8.104853155189929020e-03
4.879999999999969432e-03, 8.138282123429884524e-03
4.889999999999969024e-03, 8.171780552751700330e-03
4.899999999999968617e-03, 8.205348447579899687e-03
4.909999999999968209e-03, 8.238985812341489967e-03
4.919999999999967802e-03, 8.272692651465967870e-03
4.929999999999967394e-03, 8.306468969385310749e-03
4.939999999999966987e-03, 8.340314770533978350e-03
4.949999999999966580e-03, 8.374230059348912805e-03
4.959999999999966172e-03, 8.408214840269533433e-03
4.969999999999965765e-03, 8.442269117737735001e-03
4.979999999999965357e-03, 8.476392896197889465e-03
4.989999999999964950e-03, 8.510586180096842493e-03
4.999999999999964542e-03, 8.544848973883910001e-03
5.009999999999964135e-03, 8.579181282010878151e-03
6.009999999999964156e-03, 1.271515750060368301e-02
7.009999999999964176e-03, 1.755919180208366168e-02
8.009999999999965065e-03, 2.311673849076391687e-02
9.009999999999965953e-03, 2.939336287064055198e-02
1.000999999999996684e-02, 3.639475869670445035e-02
1.100999999999996773e-02, 4.412674937009285897e-02
1.200999999999996862e-02, 5.259523887959532268e-02
1.300999999999996951e-02, 6.180625421989861118e-02
1.400999999999997039e-02, 7.176594179214097757e-02
1.500999999999997128e-02, 8.248055927607665649e-02
1.600999999999997217e-02, 9.395642499582419760e-02
1.700999999999997306e-02, 1.061998618445552933e-01
1.800999999999997395e-02, 1.192172143903460629e-01
1.900999999999997483e-02, 1.330149024409452152e-01
2.000999999999997572e-02, 1.475992560589279023e-01
2.100999999999997661e-02, 1.629766967539780509e-01
2.200999999999997750e-02, 1.791537381921774474e-01
2.300999999999997839e-02, 1.961369880595630610e-01
2.400999999999997928e-02, 2.139331504506964132e-01
2.500999999999998016e-02, 2.325490284843045319e-01
2.600999999999998105e-02, 2.519915270016456765e-01
2.700999999999998194e-02, 2.722676552781786996e-01
2.800999999999998283e-02, 2.933845297169407895e-01
2.900999999999998372e-02, 3.153493765114993019e-01
3.000999999999998460e-02, 3.381695342763809120e-01
3.100999999999998549e-02, 3.618524566479540683e-01
3.200999999999998291e-02, 3.864057148611568793e-01
3.300999999999998380e-02, 4.118370003084495523e-01
3.400999999999998469e-02, 4.381541270875946026e-01
3.500999999999998558e-02, 4.653650345446991854e-01
3.600999999999998646e-02, 4.934777898185929712e-01
3.700999999999998735e-02, 5.225005903921770001e-01
3.800999999999998824e-02, 5.524417666559263695e-01
3.900999999999998913e-02, 5.833097844882912941e-01
4.000999999999999002e-02, 6.151132478573390072e-01
4.100999999999999091e-02, 6.478609014476115480e-01
4.200999999999999179e-02, 6.815616333158517337e-01
4.300999999999999268e-02, 7.162244775789629037e-01
4.400999999999999357e-02, 7.518586171373198290e-01
4.500999999999999446e-02, 7.884733864363318023e-01
4.600999999999999535e-02, 8.260782742689712910e-01
4.700999999999999623e-02, 8.646829266218212240e-01
4.800999999999999712e-02, 9.042971495670562021e-01
4.900999999999999801e-02, 9.449309122026552377e-01
5.000999999999999890e-02, 9.865943496430428228e-01
5.100999999999999979e-02, 1.029297766062270414e+00
5.201000000000000068e-02, 1.073051637791780255e+00
5.301000000000000156e-02, 1.117866616474731067e+00
5.401000000000000245e-02, 1.163753532278819280e+00
5.501000000000000334e-02, 1.210723397169486182e+00
5.601000000000000423e-02, 1.258787408245370498e+00
5.701000000000000512e-02, 3.538787408245370969e+00
5.801000000000000600e-02, 3.634611400902727052e+00
5.901000000000000689e-02, 3.730435446248424380e+00
6.001000000000000778e-02, 3.826259544282823555e+00
6.101000000000000867e-02, 3.922083695006285176e+00
6.201000000000000956e-02, 4.017907898419170287e+00
6.301000000000001044e-02, 4.113732154521839490e+00
6.401000000000001133e-02, 4.209556463314655161e+00
6.501000000000001222e-02, 4.305380824797978789e+00
6.601000000000001311e-02, 4.401205238972171863e+00
6.701000000000001400e-02, 4.497029705837596758e+00
6.801000000000001489e-02, 4.592854225394616741e+00
6.901000000000001577e-02, 4.688678797643594187e+00
7.001000000000001666e-02, 4.784503422584892363e+00
7.101000000000001755e-02, 4.880328100218874532e+00
7.201000000000001844e-02, 4.976152830545903960e+00
7.301000000000001933e-02, 5.071977613566343912e+00
7.401000000000002021e-02, 5.167802449280558541e+00
7.501000000000002110e-02, 5.263627337688912888e+00
7.601000000000002199e-02, 5.359452278791770219e+00
7.701000000000002288e-02, 5.455277272589495574e+00
7.801000000000002377e-02, 5.551102319082453995e+00
7.901000000000002466e-02, 5.646927418271010524e+00
8.001000000000002554e-02, 5.742752570155531089e+00
8.101000000000002643e-02, 5.838577774736381620e+00
8.201000000000002732e-02, 5.934403032013927159e+00
8.301000000000002821e-02, 6.030228341988534524e+00
8.401000000000002910e-02, 6.126053704660570531e+00
8.501000000000002998e-02, 6.221879120030401999e+00
8.601000000000003087e-02, 6.317704588098395746e+00
8.701000000000003176e-02, 6.413530108864919477e+00
8.801000000000003265e-02, 6.509355682330340898e+00
8.901000000000003354e-02, 6.605181308495027714e+00
9.001000000000003443e-02, 6.701006987359347633e+00
9.101000000000003531e-02, 6.796832718923669248e+00
9.201000000000003620e-02, 6.892658503188362040e+00
9.301000000000003709e-02, 6.988484340153793717e+00
9.401000000000003798e-02, 7.084310229820334648e+00
9.501000000000003887e-02, 7.180136172188354315e+00
9.601000000000003975e-02, 7.275962167258221314e+00
9.701000000000004064e-02, 7.371788215030306901e+00
9.801000000000004153e-02, 7.467614315504980560e+00
9.901000000000004242e-02, 7.563440468682613549e+00
1.000100000000000433e-01, 7.659266674563576238e+00
1.010100000000000442e-01, 7.755092933148239887e+00
1.020100000000000451e-01, 7.850919244436975752e+00
1.030100000000000460e-01, 7.946745608430155094e+00
1.040100000000000469e-01, 8.042572025128150059e+00
1.050100000000000477e-01, 8.138398494531333682e+00
1.060100000000000486e-01, 8.234225016640076333e+00
1.070100000000000495e-01, 8.330051591454752824e+00
1.080100000000000504e-01, 8.425878218975734413e+00
1.090100000000000513e-01, 8.521704899203395911e+00
1.100100000000000522e-01, 8.617531632138110353e+00
1.110100000000000531e-01, 8.713358417780250775e+00
1.120100000000000540e-01, 8.809185256130190211e+00
1.130100000000000549e-01, 8.905012147188305249e+00
1.140100000000000557e-01, 9.000839090954968924e+00
1.150100000000000566e-01, 9.000839090954968924e+00
