0.000000000000000000e+00, 0.000000000000000000e+00
1.000000000000000082e-05, 0.000000000000000000e+00
2.000000000000000164e-05, 0.000000000000000000e+00
3.000000000000000415e-05, 0.000000000000000000e+00
4.000000000000000327e-05, 0.000000000000000000e+00
5.000000000000000240e-05, 0.000000000000000000e+00
6.000000000000000152e-05, 0.000000000000000000e+00
7.000000000000000742e-05, 0.000000000000000000e+00
8.000000000000000654e-05, 0.000000000000000000e+00
9.000000000000000567e-05, 0.000000000000000000e+00
1.000000000000000048e-04, 0.000000000000000000e+00
1.100000000000000039e-04, 0.000000000000000000e+00
1.200000000000000030e-04, 0.000000000000000000e+00
1.300000000000000157e-04, 0.000000000000000000e+00
1.400000000000000148e-04, 0.000000000000000000e+00
1.500000000000000140e-04, 0.000000000000000000e+00
1.600000000000000131e-04, 0.000000000000000000e+00
1.700000000000000122e-04, 0.000000000000000000e+00
1.800000000000000113e-04, 0.000000000000000000e+00
1.900000000000000105e-04, 0.000000000000000000e+00
2.000000000000000096e-04, 0.000000000000000000e+00
2.100000000000000087e-04, 0.000000000000000000e+00
2.200000000000000078e-04, 0.000000000000000000e+00
2.300000000000000070e-04, 0.000000000000000000e+00
2.400000000000000061e-04, 0.000000000000000000e+00
2.500000000000000052e-04, 0.000000000000000000e+00
2.600000000000000314e-04, 0.000000000000000000e+00
2.700000000000000577e-04, 0.000000000000000000e+00
2.800000000000000839e-04, 0.000000000000000000e+00
2.900000000000001101e-04, 0.000000000000000000e+00
3.000000000000001363e-04, 0.000000000000000000e+00
3.100000000000001626e-04, 0.000000000000000000e+00
3.200000000000001888e-04, 0.000000000000000000e+00
3.300000000000002150e-04, 0.000000000000000000e+00
3.400000000000002413e-04, 0.000000000000000000e+00
3.500000000000002675e-04, 0.000000000000000000e+00
3.600000000000002937e-04, 0.000000000000000000e+00
3.700000000000003200e-04, 0.000000000000000000e+00
3.800000000000003462e-04, 0.000000000000000000e+00
3.900000000000003724e-04, 0.000000000000000000e+00
4.000000000000003986e-04, 0.000000000000000000e+00
4.100000000000004249e-04, 0.000000000000000000e+00
4.200000000000004511e-04, 0.000000000000000000e+00
4.300000000000004773e-04, 0.000000000000000000e+00
4.400000000000005036e-04, 0.000000000000000000e+00
4.500000000000005298e-04, 0.000000000000000000e+00
4.600000000000005560e-04, 0.000000000000000000e+00
4.700000000000005822e-04, 0.000000000000000000e+00
4.800000000000006085e-04, 0.000000000000000000e+00
4.900000000000006347e-04, 0.000000000000000000e+00
5.000000000000006609e-04, 0.000000000000000000e+00
5.100000000000006872e-04, 0.000000000000000000e+00
5.200000000000007134e-04, 0.000000000000000000e+00
5.300000000000007396e-04, 0.000000000000000000e+00
5.400000000000007658e-04, 0.000000000000000000e+00
5.500000000000007921e-04, 0.000000000000000000e+00
5.600000000000008183e-04, 0.000000000000000000e+00
5.700000000000008445e-04, 0.000000000000000000e+00
5.800000000000008708e-04, 0.000000000000000000e+00
5.900000000000008970e-04, 0.000000000000000000e+00
6.000000000000009232e-04, 0.000000000000000000e+00
6.100000000000009494e-04, 0.000000000000000000e+00
6.200000000000009757e-04, 0.000000000000000000e+00
6.300000000000010019e-04, 0.000000000000000000e+00
6.400000000000010281e-04, 0.000000000000000000e+00
6.500000000000010544e-04, 0.000000000000000000e+00
6.600000000000010806e-04, 0.000000000000000000e+00
6.700000000000011068e-04, 0.000000000000000000e+00
6.800000000000011331e-04, 0.000000000000000000e+00
6.900000000000011593e-04, 0.000000000000000000e+00
7.000000000000011855e-04, 0.000000000000000000e+00
7.100000000000012117e-04, 0.000000000000000000e+00
7.200000000000012380e-04, 0.000000000000000000e+00
7.300000000000012642e-04, 0.000000000000000000e+00
7.400000000000012904e-04, 0.000000000000000000e+00
7.500000000000013167e-04, 0.000000000000000000e+00
7.600000000000013429e-04, 0.000000000000000000e+00
7.700000000000013691e-04, 0.000000000000000000e+00
7.800000000000013953e-04, 0.000000000000000000e+00
7.900000000000014216e-04, 0.000000000000000000e+00
8.000000000000014478e-04, 0.000000000000000000e+00
8.100000000000014740e-04, 0.000000000000000000e+00
8.200000000000015003e-04, 0.000000000000000000e+00
8.300000000000015265e-04, 0.000000000000000000e+00
8.400000000000015527e-04, 0.000000000000000000e+00
8.500000000000015789e-04, 0.000000000000000000e+00
8.600000000000016052e-04, 0.000000000000000000e+00
8.700000000000016314e-04, 0.000000000000000000e+00
8.800000000000016576e-04, 0.000000000000000000e+00
8.900000000000016839e-04, 0.000000000000000000e+00
9.000000000000017101e-04, 0.000000000000000000e+00
9.100000000000017363e-04, 0.000000000000000000e+00
9.200000000000017625e-04, 0.000000000000000000e+00
9.300000000000017888e-04, 0.000000000000000000e+00
9.400000000000018150e-04, 0.000000000000000000e+00
9.500000000000018412e-04, 0.000000000000000000e+00
9.600000000000018675e-04, 0.000000000000000000e+00
9.700000000000018937e-04, 0.000000000000000000e+00
9.800000000000019199e-04, 0.000000000000000000e+00
9.900000000000019462e-04, 0.000000000000000000e+00
1.000000000000001972e-03, 0.000000000000000000e+00
1.010000000000001999e-03, 0.000000000000000000e+00
1.020000000000002025e-03, 0.000000000000000000e+00
1.030000000000002051e-03, 0.000000000000000000e+00
1.040000000000002077e-03, 0.000000000000000000e+00
1.050000000000002104e-03, 0.000000000000000000e+00
1.060000000000002130e-03, 0.000000000000000000e+00
1.070000000000002156e-03, 0.000000000000000000e+00
1.080000000000002182e-03, 0.000000000000000000e+00
1.090000000000002208e-03, 0.000000000000000000e+00
1.100000000000002235e-03, 0.000000000000000000e+00
1.110000000000002261e-03, 0.000000000000000000e+00
1.120000000000002287e-03, 0.000000000000000000e+00
1.130000000000002313e-03, 0.000000000000000000e+00
1.140000000000002340e-03, 0.000000000000000000e+00
1.150000000000002366e-03, 0.000000000000000000e+00
1.160000000000002392e-03, 0.000000000000000000e+00
1.170000000000002418e-03, 0.000000000000000000e+00
1.180000000000002445e-03, 0.000000000000000000e+00
1.190000000000002471e-03, 0.000000000000000000e+00
1.200000000000002497e-03, 0.000000000000000000e+00
1.210000000000002523e-03, 0.000000000000000000e+00
1.220000000000002549e-03, 0.000000000000000000e+00
1.230000000000002576e-03, 0.000000000000000000e+00
1.240000000000002602e-03, 0.000000000000000000e+00
1.250000000000002628e-03, 0.000000000000000000e+00
1.260000000000002654e-03, 0.000000000000000000e+00
1.270000000000002681e-03, 0.000000000000000000e+00
1.280000000000002707e-03, 0.000000000000000000e+00
1.290000000000002733e-03, 0.000000000000000000e+00
1.300000000000002759e-03, 0.000000000000000000e+00
1.310000000000002785e-03, 0.000000000000000000e+00
1.320000000000002812e-03, 0.000000000000000000e+00
1.330000000000002838e-03, 0.000000000000000000e+00
1.340000000000002864e-03, 0.000000000000000000e+00
1.350000000000002890e-03, 0.000000000000000000e+00
1.360000000000002917e-03, 0.000000000000000000e+00
1.370000000000002943e-03, 0.000000000000000000e+00
1.380000000000002969e-03, 0.000000000000000000e+00
1.390000000000002995e-03, 0.000000000000000000e+00
1.400000000000003022e-03, 0.000000000000000000e+00
1.410000000000003048e-03, 0.000000000000000000e+00
1.420000000000003074e-03, 0.000000000000000000e+00
1.430000000000003100e-03, 0.000000000000000000e+00
1.440000000000003126e-03, 0.000000000000000000e+00
1.450000000000003153e-03, 0.000000000000000000e+00
1.460000000000003179e-03, 0.000000000000000000e+00
1.470000000000003205e-03, 0.000000000000000000e+00
1.480000000000003231e-03, 0.000000000000000000e+00
1.490000000000003258e-03, 0.000000000000000000e+00
1.500000000000003284e-03, 0.000000000000000000e+00
1.510000000000003310e-03, 0.000000000000000000e+00
1.520000000000003336e-03, 0.000000000000000000e+00
1.530000000000003363e-03, 0.000000000000000000e+00
1.540000000000003389e-03, 0.000000000000000000e+00
1.550000000000003415e-03, 0.000000000000000000e+00
1.560000000000003441e-03, 0.000000000000000000e+00
1.570000000000003467e-03, 0.000000000000000000e+00
1.580000000000003494e-03, 0.000000000000000000e+00
1.590000000000003520e-03, 0.000000000000000000e+00
1.600000000000003546e-03, 0.000000000000000000e+00
1.610000000000003572e-03, 0.000000000000000000e+00
1.620000000000003599e-03, 0.000000000000000000e+00
1.630000000000003625e-03, 0.000000000000000000e+00
1.640000000000003651e-03, 0.000000000000000000e+00
1.650000000000003677e-03, 0.000000000000000000e+00
1.660000000000003703e-03, 0.000000000000000000e+00
1.670000000000003730e-03, 0.000000000000000000e+00
1.680000000000003756e-03, 0.000000000000000000e+00
1.690000000000003782e-03, 0.000000000000000000e+00
1.700000000000003808e-03, 0.000000000000000000e+00
1.710000000000003835e-03, 0.000000000000000000e+00
1.720000000000003861e-03, 0.000000000000000000e+00
1.730000000000003887e-03, 0.000000000000000000e+00
1.740000000000003913e-03, 0.000000000000000000e+00
1.750000000000003940e-03, 0.000000000000000000e+00
1.760000000000003966e-03, 0.000000000000000000e+00
1.770000000000003992e-03, 0.000000000000000000e+00
1.780000000000004018e-03, 0.000000000000000000e+00
1.790000000000004044e-03, 0.000000000000000000e+00
1.800000000000004071e-03, 0.000000000000000000e+00
1.810000000000004097e-03, 0.000000000000000000e+00
1.820000000000004123e-03, 0.000000000000000000e+00
1.830000000000004149e-03, 0.000000000000000000e+00
1.840000000000004176e-03, 0.000000000000000000e+00
1.850000000000004202e-03, 0.000000000000000000e+00
1.860000000000004228e-03, 0.000000000000000000e+00
1.870000000000004254e-03, 0.000000000000000000e+00
1.880000000000004281e-03, 0.000000000000000000e+00
1.890000000000004307e-03, 0.000000000000000000e+00
1.900000000000004333e-03, 0.000000000000000000e+00
1.910000000000004359e-03, 0.000000000000000000e+00
1.920000000000004385e-03, 0.000000000000000000e+00
1.930000000000004412e-03, 0.000000000000000000e+00
1.940000000000004438e-03, 0.000000000000000000e+00
1.950000000000004464e-03, 0.000000000000000000e+00
1.960000000000004274e-03, 0.000000000000000000e+00
1.970000000000004300e-03, 0.000000000000000000e+00
1.980000000000004326e-03, 0.000000000000000000e+00
1.990000000000004352e-03, 0.000000000000000000e+00
2.000000000000004378e-03, 0.000000000000000000e+00
2.010000000000004405e-03, 0.000000000000000000e+00
2.020000000000004431e-03, 0.000000000000000000e+00
2.030000000000004457e-03, 0.000000000000000000e+00
2.040000000000004483e-03, 0.000000000000000000e+00
2.050000000000004510e-03, 0.000000000000000000e+00
2.060000000000004536e-03, 0.000000000000000000e+00
2.070000000000004562e-03, 0.000000000000000000e+00
2.080000000000004588e-03, 0.000000000000000000e+00
2.090000000000004615e-03, 0.000000000000000000e+00
2.100000000000004641e-03, 0.000000000000000000e+00
2.110000000000004667e-03, 0.000000000000000000e+00
2.120000000000004693e-03, 0.000000000000000000e+00
2.130000000000004719e-03, 0.000000000000000000e+00
2.140000000000004746e-03, 0.000000000000000000e+00
2.150000000000004772e-03, 0.000000000000000000e+00
2.160000000000004798e-03, 0.000000000000000000e+00
2.170000000000004824e-03, 0.000000000000000000e+00
2.180000000000004851e-03, 0.000000000000000000e+00
2.190000000000004877e-03, 0.000000000000000000e+00
2.200000000000004903e-03, 0.000000000000000000e+00
2.210000000000004929e-03, 0.000000000000000000e+00
2.220000000000004955e-03, 0.000000000000000000e+00
2.230000000000004982e-03, 0.000000000000000000e+00
2.240000000000005008e-03, 0.000000000000000000e+00
2.250000000000005034e-03, 0.000000000000000000e+00
2.260000000000005060e-03, 0.000000000000000000e+00
2.270000000000005087e-03, 0.000000000000000000e+00
2.280000000000005113e-03, 0.000000000000000000e+00
2.290000000000005139e-03, 0.000000000000000000e+00
2.300000000000005165e-03, 0.000000000000000000e+00
2.310000000000005192e-03, 0.000000000000000000e+00
2.320000000000005218e-03, 0.000000000000000000e+00
2.330000000000005244e-03, 0.000000000000000000e+00
2.340000000000005270e-03, 0.000000000000000000e+00
2.350000000000005296e-03, 0.000000000000000000e+00
2.360000000000005323e-03, 0.000000000000000000e+00
2.370000000000005349e-03, 0.000000000000000000e+00
2.380000000000005375e-03, 0.000000000000000000e+00
2.390000000000005401e-03, 0.000000000000000000e+00
2.400000000000005428e-03, 0.000000000000000000e+00
2.410000000000005454e-03, 0.000000000000000000e+00
2.420000000000005480e-03, 0.000000000000000000e+00
2.430000000000005506e-03, 0.000000000000000000e+00
2.440000000000005533e-03, 0.000000000000000000e+00
2.450000000000005559e-03, 0.000000000000000000e+00
2.460000000000005585e-03, 0.000000000000000000e+00
2.470000000000005611e-03, 0.000000000000000000e+00
2.480000000000005637e-03, 0.000000000000000000e+00
2.490000000000005664e-03, 0.000000000000000000e+00
2.500000000000005690e-03, 0.000000000000000000e+00
2.510000000000005716e-03, 0.000000000000000000e+00
2.520000000000005742e-03, 0.000000000000000000e+00
2.530000000000005769e-03, 0.000000000000000000e+00
2.540000000000005795e-03, 0.000000000000000000e+00
2.550000000000005821e-03, 0.000000000000000000e+00
2.560000000000005847e-03, 0.000000000000000000e+00
2.570000000000005873e-03, 0.000000000000000000e+00
2.580000000000005900e-03, 0.000000000000000000e+00
2.590000000000005926e-03, 0.000000000000000000e+00
2.600000000000005952e-03, 0.000000000000000000e+00
2.610000000000005978e-03, 0.000000000000000000e+00
2.620000000000006005e-03, 0.000000000000000000e+00
2.630000000000006031e-03, 0.000000000000000000e+00
2.640000000000006057e-03, 0.000000000000000000e+00
2.650000000000006083e-03, 0.000000000000000000e+00
2.660000000000006110e-03, 0.000000000000000000e+00
2.670000000000006136e-03, 0.000000000000000000e+00
2.680000000000006162e-03, 0.000000000000000000e+00
2.690000000000006188e-03, 0.000000000000000000e+00
2.700000000000006214e-03, 0.000000000000000000e+00
2.710000000000006241e-03, 0.000000000000000000e+00
2.720000000000006267e-03, 0.000000000000000000e+00
2.730000000000006293e-03, 0.000000000000000000e+00
2.740000000000006319e-03, 0.000000000000000000e+00
2.750000000000006346e-03, 0.000000000000000000e+00
2.760000000000006372e-03, 0.000000000000000000e+00
2.770000000000006398e-03, 0.000000000000000000e+00
2.780000000000006424e-03, 0.000000000000000000e+00
2.790000000000006451e-03, 0.000000000000000000e+00
2.800000000000006477e-03, 0.000000000000000000e+00
2.810000000000006503e-03, 0.000000000000000000e+00
2.820000000000006529e-03, 0.000000000000000000e+00
2.830000000000006555e-03, 0.000000000000000000e+00
2.840000000000006582e-03, 0.000000000000000000e+00
2.850000000000006608e-03, 0.000000000000000000e+00
2.860000000000006634e-03, 0.000000000000000000e+00
2.870000000000006660e-03, 0.000000000000000000e+00
2.880000000000006687e-03, 0.000000000000000000e+00
2.890000000000006713e-03, 0.000000000000000000e+00
2.900000000000006739e-03, 0.000000000000000000e+00
2.910000000000006765e-03, 0.000000000000000000e+00
2.920000000000006792e-03, 0.000000000000000000e+00
2.930000000000006818e-03, 0.000000000000000000e+00
2.940000000000006844e-03, 0.000000000000000000e+00
2.950000000000006870e-03, 0.000000000000000000e+00
2.960000000000006896e-03, 0.000000000000000000e+00
2.970000000000006923e-03, 0.000000000000000000e+00
2.980000000000006949e-03, 0.000000000000000000e+00
2.990000000000006975e-03, 0.000000000000000000e+00
3.000000000000007001e-03, 0.000000000000000000e+00
3.010000000000007028e-03, 0.000000000000000000e+00
3.020000000000007054e-03, 0.000000000000000000e+00
3.030000000000007080e-03, 0.000000000000000000e+00
3.040000000000007106e-03, 0.000000000000000000e+00
3.050000000000007132e-03, 0.000000000000000000e+00
3.060000000000007159e-03, 0.000000000000000000e+00
3.070000000000007185e-03, 0.000000000000000000e+00
3.080000000000007211e-03, 0.000000000000000000e+00
3.090000000000007237e-03, 0.000000000000000000e+00
3.100000000000007264e-03, 0.000000000000000000e+00
3.110000000000007290e-03, 0.000000000000000000e+00
3.120000000000007316e-03, 0.000000000000000000e+00
3.130000000000007342e-03, 0.000000000000000000e+00
3.140000000000007369e-03, 0.000000000000000000e+00
3.150000000000007395e-03, 0.000000000000000000e+00
3.160000000000007421e-03, 0.000000000000000000e+00
3.170000000000007447e-03, 0.000000000000000000e+00
3.180000000000007473e-03, 0.000000000000000000e+00
3.190000000000007500e-03, 0.000000000000000000e+00
3.200000000000007526e-03, 0.000000000000000000e+00
3.210000000000007552e-03, 0.000000000000000000e+00
3.220000000000007578e-03, 0.000000000000000000e+00
3.230000000000007605e-03, 0.000000000000000000e+00
3.240000000000007631e-03, 0.000000000000000000e+00
3.250000000000007657e-03, 0.000000000000000000e+00
3.260000000000007683e-03, 0.000000000000000000e+00
3.270000000000007710e-03, 0.000000000000000000e+00
3.280000000000007736e-03, 0.000000000000000000e+00
3.290000000000007762e-03, 0.000000000000000000e+00
3.300000000000007788e-03, 0.000000000000000000e+00
3.310000000000007814e-03, 0.000000000000000000e+00
3.320000000000007841e-03, 0.000000000000000000e+00
3.330000000000007867e-03, 0.000000000000000000e+00
3.340000000000007893e-03, 0.000000000000000000e+00
3.350000000000007919e-03, 0.000000000000000000e+00
3.360000000000007946e-03, 0.000000000000000000e+00
3.370000000000007972e-03, 0.000000000000000000e+00
3.380000000000007998e-03, 0.000000000000000000e+00
3.390000000000008024e-03, 0.000000000000000000e+00
3.400000000000008051e-03, 0.000000000000000000e+00
3.410000000000008077e-03, 0.000000000000000000e+00
3.420000000000008103e-03, 0.000000000000000000e+00
3.430000000000008129e-03, 0.000000000000000000e+00
3.440000000000008155e-03, 0.000000000000000000e+00
3.450000000000008182e-03, 0.000000000000000000e+00
3.460000000000008208e-03, 0.000000000000000000e+00
3.470000000000008234e-03, 0.000000000000000000e+00
3.480000000000008260e-03, 0.000000000000000000e+00
3.490000000000008287e-03, 0.000000000000000000e+00
3.500000000000008313e-03, 0.000000000000000000e+00
3.510000000000008339e-03, 0.000000000000000000e+00
3.520000000000008365e-03, 0.000000000000000000e+00
3.530000000000008391e-03, 0.000000000000000000e+00
3.540000000000008418e-03, 0.000000000000000000e+00
3.550000000000008444e-03, 0.000000000000000000e+00
3.560000000000008470e-03, 0.000000000000000000e+00
3.570000000000008496e-03, 0.000000000000000000e+00
3.580000000000008523e-03, 0.000000000000000000e+00
3.590000000000008549e-03, 0.000000000000000000e+00
3.600000000000008575e-03, 0.000000000000000000e+00
3.610000000000008601e-03, 0.000000000000000000e+00
3.620000000000008628e-03, 0.000000000000000000e+00
3.630000000000008654e-03, 0.000000000000000000e+00
3.640000000000008680e-03, 0.000000000000000000e+00
3.650000000000008706e-03, 0.000000000000000000e+00
3.660000000000008732e-03, 0.000000000000000000e+00
3.670000000000008759e-03, 0.000000000000000000e+00
3.680000000000008785e-03, 0.000000000000000000e+00
3.690000000000008811e-03, 0.000000000000000000e+00
3.700000000000008837e-03, 0.000000000000000000e+00
3.710000000000008864e-03, 0.000000000000000000e+00
3.720000000000008890e-03, 0.000000000000000000e+00
3.730000000000008916e-03, 0.000000000000000000e+00
3.740000000000008942e-03, 0.000000000000000000e+00
3.750000000000008969e-03, 0.000000000000000000e+00
3.760000000000008995e-03, 0.000000000000000000e+00
3.770000000000009021e-03, 0.000000000000000000e+00
3.780000000000009047e-03, 0.000000000000000000e+00
3.790000000000009073e-03, 0.000000000000000000e+00
3.800000000000009100e-03, 0.000000000000000000e+00
3.810000000000009126e-03, 0.000000000000000000e+00
3.820000000000009152e-03, 0.000000000000000000e+00
3.830000000000009178e-03, 0.000000000000000000e+00
3.840000000000009205e-03, 0.000000000000000000e+00
3.850000000000009231e-03, 0.000000000000000000e+00
3.860000000000009257e-03, 0.000000000000000000e+00
3.870000000000009283e-03, 0.000000000000000000e+00
3.880000000000009309e-03, 0.000000000000000000e+00
3.890000000000009336e-03, 0.000000000000000000e+00
3.900000000000009362e-03, 0.000000000000000000e+00
3.910000000000008955e-03, 0.000000000000000000e+00
3.920000000000008547e-03, 0.000000000000000000e+00
3.930000000000008140e-03, 0.000000000000000000e+00
3.940000000000007732e-03, 0.000000000000000000e+00
3.950000000000007325e-03, 0.000000000000000000e+00
3.960000000000006917e-03, 0.000000000000000000e+00
3.970000000000006510e-03, 0.000000000000000000e+00
3.980000000000006102e-03, 0.000000000000000000e+00
3.990000000000005695e-03, 0.000000000000000000e+00
4.000000000000005287e-03, 0.000000000000000000e+00
4.010000000000004880e-03, 0.000000000000000000e+00
4.020000000000004473e-03, 0.000000000000000000e+00
4.030000000000004065e-03, 0.000000000000000000e+00
4.040000000000003658e-03, 0.000000000000000000e+00
4.050000000000003250e-03, 0.000000000000000000e+00
4.060000000000002843e-03, 0.000000000000000000e+00
4.070000000000002435e-03, 0.000000000000000000e+00
4.080000000000002028e-03, 0.000000000000000000e+00
4.090000000000001620e-03, 0.000000000000000000e+00
4.100000000000001213e-03, 0.000000000000000000e+00
4.110000000000000805e-03, 0.000000000000000000e+00
4.120000000000000398e-03, 0.000000000000000000e+00
4.129999999999999991e-03, 0.000000000000000000e+00
4.139999999999999583e-03, 0.000000000000000000e+00
4.149999999999999176e-03, 0.000000000000000000e+00
4.159999999999998768e-03, 0.000000000000000000e+00
4.169999999999998361e-03, 0.000000000000000000e+00
4.179999999999997953e-03, 0.000000000000000000e+00
4.189999999999997546e-03, 0.000000000000000000e+00
4.199999999999997138e-03, 0.000000000000000000e+00
4.209999999999996731e-03, 0.000000000000000000e+00
4.219999999999996323e-03, 0.000000000000000000e+00
4.229999999999995916e-03, 0.000000000000000000e+00
4.239999999999995509e-03, 0.000000000000000000e+00
4.249999999999995101e-03, 0.000000000000000000e+00
4.259999999999994694e-03, 0.000000000000000000e+00
4.269999999999994286e-03, 0.000000000000000000e+00
4.279999999999993879e-03, 0.000000000000000000e+00
4.289999999999993471e-03, 0.000000000000000000e+00
4.299999999999993064e-03, 0.000000000000000000e+00
4.309999999999992656e-03, 0.000000000000000000e+00
4.319999999999992249e-03, 0.000000000000000000e+00
4.329999999999991842e-03, 0.000000000000000000e+00
4.339999999999991434e-03, 0.000000000000000000e+00
4.349999999999991027e-03, 0.000000000000000000e+00
4.359999999999990619e-03, 0.000000000000000000e+00
4.369999999999990212e-03, 0.000000000000000000e+00
4.379999999999989804e-03, 0.000000000000000000e+00
4.389999999999989397e-03, 0.000000000000000000e+00
4.399999999999988989e-03, 0.000000000000000000e+00
4.409999999999988582e-03, 0.000000000000000000e+00
4.419999999999988174e-03, 0.000000000000000000e+00
4.429999999999987767e-03, 0.000000000000000000e+00
4.439999999999987360e-03, 0.000000000000000000e+00
4.449999999999986952e-03, 0.000000000000000000e+00
4.459999999999986545e-03, 0.000000000000000000e+00
4.469999999999986137e-03, 0.000000000000000000e+00
4.479999999999985730e-03, 0.000000000000000000e+00
4.489999999999985322e-03, 0.000000000000000000e+00
4.499999999999984915e-03, 0.000000000000000000e+00
4.509999999999984507e-03, 0.000000000000000000e+00
4.519999999999984100e-03, 0.000000000000000000e+00
4.529999999999983692e-03, 0.000000000000000000e+00
4.539999999999983285e-03, 0.000000000000000000e+00
4.549999999999982878e-03, 0.000000000000000000e+00
4.559999999999982470e-03, 0.000000000000000000e+00
4.569999999999982063e-03, 0.000000000000000000e+00
4.579999999999981655e-03, 0.000000000000000000e+00
4.589999999999981248e-03, 0.000000000000000000e+00
4.599999999999980840e-03, 0.000000000000000000e+00
4.609999999999980433e-03, 0.000000000000000000e+00
4.619999999999980025e-03, 0.000000000000000000e+00
4.629999999999979618e-03, 0.000000000000000000e+00
4.639999999999979211e-03, 0.000000000000000000e+00
4.649999999999978803e-03, 0.000000000000000000e+00
4.659999999999978396e-03, 0.000000000000000000e+00
4.669999999999977988e-03, 0.000000000000000000e+00
4.679999999999977581e-03, 0.000000000000000000e+00
4.689999999999977173e-03, 0.000000000000000000e+00
4.699999999999976766e-03, 0.000000000000000000e+00
4.709999999999976358e-03, 0.000000000000000000e+00
4.719999999999975951e-03, 0.000000000000000000e+00
4.729999999999975543e-03, 0.000000000000000000e+00
4.739999999999975136e-03, 0.000000000000000000e+00
4.749999999999974729e-03, 0.000000000000000000e+00
4.759999999999974321e-03, 0.000000000000000000e+00
4.769999999999973914e-03, 0.000000000000000000e+00
4.779999999999973506e-03, 0.000000000000000000e+00
4.789999999999973099e-03, 0.000000000000000000e+00
4.799999999999972691e-03, 0.000000000000000000e+00
4.809999999999972284e-03, 0.000000000000000000e+00
4.819999999999971876e-03, 0.000000000000000000e+00
4.829999999999971469e-03, 0.000000000000000000e+00
4.839999999999971061e-03, 0.000000000000000000e+00
4.849999999999970654e-03, 0.000000000000000000e+00
4.859999999999970247e-03, 0.000000000000000000e+00
4.869999999999969839e-03, 0.000000000000000000e+00
4.879999999999969432e-03, 0.000000000000000000e+00
4.889999999999969024e-03, 0.000000000000000000e+00
4.899999999999968617e-03, 0.000000000000000000e+00
4.909999999999968209e-03, 0.000000000000000000e+00
4.919999999999967802e-03, 0.000000000000000000e+00
4.929999999999967394e-03, 0.000000000000000000e+00
4.939999999999966987e-03, 0.000000000000000000e+00
4.949999999999966580e-03, 0.000000000000000000e+00
4.959999999999966172e-03, 0.000000000000000000e+00
4.969999999999965765e-03, 0.000000000000000000e+00
4.979999999999965357e-03, 0.000000000000000000e+00
4.989999999999964950e-03, 0.000000000000000000e+00
4.999999999999964542e-03, 0.000000000000000000e+00
5.009999999999964135e-03, 0.000000000000000000e+00
6.009999999999964156e-03, 0.000000000000000000e+00
7.009999999999964176e-03, 0.000000000000000000e+00
8.009999999999965065e-03, 0.000000000000000000e+00
9.009999999999965953e-03, 0.000000000000000000e+00
1.000999999999996684e-02, 0.000000000000000000e+00
1.100999999999996773e-02, 0.000000000000000000e+00
1.200999999999996862e-02, 0.000000000000000000e+00
1.300999999999996951e-02, 0.000000000000000000e+00
1.400999999999997039e-02, 0.000000000000000000e+00
1.500999999999997128e-02, 0.000000000000000000e+00
1.600999999999997217e-02, 0.000000000000000000e+00
1.700999999999997306e-02, 0.000000000000000000e+00
1.800999999999997395e-02, 0.000000000000000000e+00
1.900999999999997483e-02, 0.000000000000000000e+00
2.000999999999997572e-02, 0.000000000000000000e+00
2.100999999999997661e-02, 0.000000000000000000e+00
2.200999999999997750e-02, 0.000000000000000000e+00
2.300999999999997839e-02, 0.000000000000000000e+00
2.400999999999997928e-02, 0.000000000000000000e+00
2.500999999999998016e-02, 0.000000000000000000e+00
2.600999999999998105e-02, 0.000000000000000000e+00
2.700999999999998194e-02, 0.000000000000000000e+00
2.800999999999998283e-02, 0.000000000000000000e+00
2.900999999999998372e-02, 0.000000000000000000e+00
3.000999999999998460e-02, 0.000000000000000000e+00
3.100999999999998549e-02, 0.000000000000000000e+00
3.200999999999998291e-02, 0.000000000000000000e+00
3.300999999999998380e-02, 0.000000000000000000e+00
3.400999999999998469e-02, 0.000000000000000000e+00
3.500999999999998558e-02, 0.000000000000000000e+00
3.600999999999998646e-02, 0.000000000000000000e+00
3.700999999999998735e-02, 0.000000000000000000e+00
3.800999999999998824e-02, 0.000000000000000000e+00
3.900999999999998913e-02, 0.000000000000000000e+00
4.000999999999999002e-02, 0.000000000000000000e+00
4.100999999999999091e-02, 0.000000000000000000e+00
4.200999999999999179e-02, 0.000000000000000000e+00
4.300999999999999268e-02, 0.000000000000000000e+00
4.400999999999999357e-02, 0.000000000000000000e+00
4.500999999999999446e-02, 0.000000000000000000e+00
4.600999999999999535e-02, 0.000000000000000000e+00
4.700999999999999623e-02, 0.000000000000000000e+00
4.800999999999999712e-02, 0.000000000000000000e+00
4.900999999999999801e-02, 0.000000000000000000e+00
5.000999999999999890e-02, 0.000000000000000000e+00
5.100999999999999979e-02, 0.000000000000000000e+00
5.201000000000000068e-02, 0.000000000000000000e+00
5.301000000000000156e-02, 0.000000000000000000e+00
5.401000000000000245e-02, 0.000000000000000000e+00
5.501000000000000334e-02, 0.000000000000000000e+00
5.601000000000000423e-02, 0.000000000000000000e+00
5.701000000000000512e-02, 0.000000000000000000e+00
5.801000000000000600e-02, 0.000000000000000000e+00
5.901000000000000689e-02, 0.000000000000000000e+00
6.001000000000000778e-02, 0.000000000000000000e+00
6.101000000000000867e-02, 0.000000000000000000e+00
6.201000000000000956e-02, 0.000000000000000000e+00
6.301000000000001044e-02, 0.000000000000000000e+00
6.401000000000001133e-02, 0.000000000000000000e+00
6.501000000000001222e-02, 0.000000000000000000e+00
6.601000000000001311e-02, 0.000000000000000000e+00
6.701000000000001400e-02, 0.000000000000000000e+00
6.801000000000001489e-02, 0.000000000000000000e+00
6.901000000000001577e-02, 0.000000000000000000e+00
7.001000000000001666e-02, 0.000000000000000000e+00
7.101000000000001755e-02, 0.000000000000000000e+00
7.201000000000001844e-02, 0.000000000000000000e+00
7.301000000000001933e-02, 0.000000000000000000e+00
7.401000000000002021e-02, 0.000000000000000000e+00
7.501000000000002110e-02, 0.000000000000000000e+00
7.601000000000002199e-02, 0.000000000000000000e+00
7.701000000000002288e-02, 0.000000000000000000e+00
7.801000000000002377e-02, 0.000000000000000000e+00
7.901000000000002466e-02, 0.000000000000000000e+00
8.001000000000002554e-02, 0.000000000000000000e+00
8.101000000000002643e-02, 0.000000000000000000e+00
8.201000000000002732e-02, 0.000000000000000000e+00
8.301000000000002821e-02, 0.000000000000000000e+00
8.401000000000002910e-02, 0.000000000000000000e+00
8.501000000000002998e-02, 0.000000000000000000e+00
8.601000000000003087e-02, 0.000000000000000000e+00
8.701000000000003176e-02, 0.000000000000000000e+00
8.801000000000003265e-02, 0.000000000000000000e+00
8.901000000000003354e-02, 0.000000000000000000e+00
9.001000000000003443e-02, 0.000000000000000000e+00
9.101000000000003531e-02, 0.000000000000000000e+00
9.201000000000003620e-02, 0.000000000000000000e+00
9.301000000000003709e-02, 0.000000000000000000e+00
9.401000000000003798e-02, 0.000000000000000000e+00
9.501000000000003887e-02, 0.000000000000000000e+00
9.601000000000003975e-02, 0.000000000000000000e+00
9.701000000000004064e-02, 0.000000000000000000e+00
9.801000000000004153e-02, 0.000000000000000000e+00
9.901000000000004242e-02, 0.000000000000000000e+00
1.000100000000000433e-01, 0.000000000000000000e+00
1.010100000000000442e-01, 0.000000000000000000e+00
1.020100000000000451e-01, 0.000000000000000000e+00
1.030100000000000460e-01, 0.000000000000000000e+00
1.040100000000000469e-01, 0.000000000000000000e+00
1.050100000000000477e-01, 0.000000000000000000e+00
1.060100000000000486e-01, 0.000000000000000000e+00
1.070100000000000495e-01, 0.000000000000000000e+00
1.080100000000000504e-01, 0.000000000000000000e+00
1.090100000000000513e-01, 0.000000000000000000e+00
1.100100000000000522e-01, 0.000000000000000000e+00
1.110100000000000531e-01, 0.000000000000000000e+00
1.120100000000000540e-01, 0.000000000000000000e+00
1.130100000000000549e-01, 0.000000000000000000e+00
1.140100000000000557e-01, 0.000000000000000000e+00
1.150100000000000566e-01, 0.000000000000000000e+00
1.160100000000000575e-01, 0.000000000000000000e+00
1.170100000000000584e-01, 0.000000000000000000e+00
1.180100000000000593e-01, 0.000000000000000000e+00
1.190100000000000602e-01, 0.000000000000000000e+00
1.200100000000000611e-01, 0.000000000000000000e+00
1.210100000000000620e-01, 0.000000000000000000e+00
1.220100000000000628e-01, 0.000000000000000000e+00
1.230100000000000637e-01, 0.000000000000000000e+00
1.240100000000000646e-01, 0.000000000000000000e+00
1.250100000000000655e-01, 0.000000000000000000e+00
1.260100000000000664e-01, 0.000000000000000000e+00
1.270100000000000673e-01, 0.000000000000000000e+00
1.280100000000000682e-01, 0.000000000000000000e+00
1.290100000000000691e-01, 0.000000000000000000e+00
1.300100000000000700e-01, 0.000000000000000000e+00
1.310100000000000708e-01, 0.000000000000000000e+00
1.320100000000000717e-01, 0.000000000000000000e+00
1.330100000000000726e-01, 0.000000000000000000e+00
1.340100000000000735e-01, 0.000000000000000000e+00
1.350100000000000744e-01, 0.000000000000000000e+00
1.360100000000000753e-01, 0.000000000000000000e+00
1.370100000000000762e-01, 0.000000000000000000e+00
1.380100000000000771e-01, 0.000000000000000000e+00
1.390100000000000779e-01, 0.000000000000000000e+00
1.400100000000000788e-01, 0.000000000000000000e+00
1.410100000000000797e-01, 0.000000000000000000e+00
1.420100000000000806e-01, 0.000000000000000000e+00
1.430100000000000815e-01, 0.000000000000000000e+00
1.440100000000000824e-01, 0.000000000000000000e+00
1.450100000000000833e-01, 0.000000000000000000e+00
1.460100000000000842e-01, 0.000000000000000000e+00
1.470100000000000851e-01, 0.000000000000000000e+00
1.480100000000000859e-01, 0.000000000000000000e+00
1.490100000000000868e-01, 0.000000000000000000e+00
1.500100000000000877e-01, 0.000000000000000000e+00
1.510100000000000886e-01, 0.000000000000000000e+00
1.520100000000000895e-01, 0.000000000000000000e+00
1.530100000000000904e-01, 0.000000000000000000e+00
1.540100000000000913e-01, 0.000000000000000000e+00
1.550100000000000922e-01, 0.000000000000000000e+00
1.560100000000000930e-01, 0.000000000000000000e+00
1.570100000000000939e-01, 0.000000000000000000e+00
1.580100000000000948e-01, 0.000000000000000000e+00
1.590100000000000957e-01, 0.000000000000000000e+00
1.600100000000000966e-01, 0.000000000000000000e+00
1.610100000000000975e-01, 0.000000000000000000e+00
1.620100000000000984e-01, 0.000000000000000000e+00
1.630100000000000993e-01, 0.000000000000000000e+00
1.640100000000001002e-01, 0.000000000000000000e+00
1.650100000000001010e-01, 0.000000000000000000e+00
1.660100000000001019e-01, 0.000000000000000000e+00
1.670100000000001028e-01, 0.000000000000000000e+00
1.680100000000001037e-01, 0.000000000000000000e+00
1.690100000000001046e-01, 0.000000000000000000e+00
1.700100000000001055e-01, 0.000000000000000000e+00
1.710100000000001064e-01, 0.000000000000000000e+00
1.720100000000001073e-01, 0.000000000000000000e+00
1.730100000000001081e-01, 0.000000000000000000e+00
1.740100000000001090e-01, 0.000000000000000000e+00
1.750100000000001099e-01, 0.000000000000000000e+00
1.760100000000001108e-01, 0.000000000000000000e+00
1.770100000000001117e-01, 0.000000000000000000e+00
1.780100000000001126e-01, 0.000000000000000000e+00
1.790100000000001135e-01, 0.000000000000000000e+00
1.800100000000001144e-01, 0.000000000000000000e+00
1.810100000000001153e-01, 0.000000000000000000e+00
1.820100000000001161e-01, 0.000000000000000000e+00
1.830100000000001170e-01, 0.000000000000000000e+00
1.840100000000001179e-01, 0.000000000000000000e+00
1.850100000000001188e-01, 0.000000000000000000e+00
1.860100000000001197e-01, 0.000000000000000000e+00
1.870100000000001206e-01, 0.000000000000000000e+00
1.880100000000001215e-01, 0.000000000000000000e+00
1.890100000000001224e-01, 0.000000000000000000e+00
1.900100000000001232e-01, 0.000000000000000000e+00
1.910100000000001241e-01, 0.000000000000000000e+00
1.920100000000001250e-01, 0.000000000000000000e+00
1.930100000000001259e-01, 0.000000000000000000e+00
1.940100000000001268e-01, 0.000000000000000000e+00
1.950100000000001277e-01, 0.000000000000000000e+00
1.960100000000001286e-01, 0.000000000000000000e+00
1.970100000000001295e-01, 0.000000000000000000e+00
1.980100000000001303e-01, 0.000000000000000000e+00
1.990100000000001312e-01, 0.000000000000000000e+00
2.000100000000001321e-01, 0.000000000000000000e+00
2.010100000000001330e-01, 0.000000000000000000e+00
2.020100000000001339e-01, 0.000000000000000000e+00
2.030100000000001348e-01, 0.000000000000000000e+00
2.040100000000001357e-01, 0.000000000000000000e+00
2.050100000000001366e-01, 0.000000000000000000e+00
2.060100000000001375e-01, 0.000000000000000000e+00
2.070100000000001383e-01, 0.000000000000000000e+00
2.080100000000001392e-01, 0.000000000000000000e+00
2.090100000000001401e-01, 0.000000000000000000e+00
2.100100000000001410e-01, 0.000000000000000000e+00
2.110100000000001419e-01, 0.000000000000000000e+00
2.120100000000001428e-01, 0.000000000000000000e+00
2.130100000000001437e-01, 0.000000000000000000e+00
2.140100000000001446e-01, 0.000000000000000000e+00
2.150100000000001454e-01, 0.000000000000000000e+00
2.160100000000001463e-01, 0.000000000000000000e+00
2.170100000000001472e-01, 0.000000000000000000e+00
2.180100000000001481e-01, 0.000000000000000000e+00
2.190100000000001490e-01, 0.000000000000000000e+00
2.200100000000001499e-01, 0.000000000000000000e+00
2.210100000000001508e-01, 0.000000000000000000e+00
2.220100000000001517e-01, 0.000000000000000000e+00
2.230100000000001526e-01, 0.000000000000000000e+00
2.240100000000001534e-01, 0.000000000000000000e+00
2.250100000000001543e-01, 0.000000000000000000e+00
2.260100000000001552e-01, 0.000000000000000000e+00
2.270100000000001561e-01, 0.000000000000000000e+00
2.280100000000001570e-01, 0.000000000000000000e+00
2.290100000000001579e-01, 0.000000000000000000e+00
2.300100000000001588e-01, 0.000000000000000000e+00
2.310100000000001597e-01, 0.000000000000000000e+00
2.320100000000001605e-01, 0.000000000000000000e+00
2.330100000000001614e-01, 0.000000000000000000e+00
2.340100000000001623e-01, 0.000000000000000000e+00
2.350100000000001632e-01, 0.000000000000000000e+00
2.360100000000001641e-01, 0.000000000000000000e+00
2.370100000000001650e-01, 0.000000000000000000e+00
2.380100000000001659e-01, 0.000000000000000000e+00
2.390100000000001668e-01, 0.000000000000000000e+00
2.400100000000001677e-01, 0.000000000000000000e+00
2.410100000000001685e-01, 0.000000000000000000e+00
2.420100000000001694e-01, 0.000000000000000000e+00
2.430100000000001703e-01, 0.000000000000000000e+00
2.440100000000001712e-01, 0.000000000000000000e+00
2.450100000000001721e-01, 0.000000000000000000e+00
2.460100000000001730e-01, 0.000000000000000000e+00
2.470100000000001739e-01, 0.000000000000000000e+00
2.480100000000001748e-01, 0.000000000000000000e+00
2.490100000000001756e-01, 0.000000000000000000e+00
2.500100000000001765e-01, 0.000000000000000000e+00
2.510100000000001774e-01, 0.000000000000000000e+00
2.520100000000001783e-01, 0.000000000000000000e+00
2.530100000000001792e-01, 0.000000000000000000e+00
2.540100000000001801e-01, 0.000000000000000000e+00
2.550100000000001810e-01, 0.000000000000000000e+00
2.560100000000001819e-01, 0.000000000000000000e+00
2.570100000000001828e-01, 0.000000000000000000e+00
2.580100000000001836e-01, 0.000000000000000000e+00
2.590100000000001845e-01, 0.000000000000000000e+00
2.600100000000001854e-01, 0.000000000000000000e+00
2.610100000000001863e-01, 0.000000000000000000e+00
2.620100000000001872e-01, 0.000000000000000000e+00
2.630100000000001881e-01, 0.000000000000000000e+00
2.640100000000001890e-01, 0.000000000000000000e+00
2.650100000000001899e-01, 0.000000000000000000e+00
2.660100000000001907e-01, 0.000000000000000000e+00
2.670100000000001916e-01, 0.000000000000000000e+00
2.680100000000001925e-01, 0.000000000000000000e+00
2.690100000000001934e-01, 0.000000000000000000e+00
2.700100000000001943e-01, 0.000000000000000000e+00
2.710100000000001952e-01, 0.000000000000000000e+00
2.720100000000001961e-01, 0.000000000000000000e+00
2.730100000000001970e-01, 0.000000000000000000e+00
2.740100000000001979e-01, 0.000000000000000000e+00
2.750100000000001987e-01, 0.000000000000000000e+00
2.760100000000001996e-01, 0.000000000000000000e+00
2.770100000000002005e-01, 0.000000000000000000e+00
2.780100000000002014e-01, 0.000000000000000000e+00
2.790100000000002023e-01, 0.000000000000000000e+00
2.800100000000002032e-01, 0.000000000000000000e+00
2.810100000000002041e-01, 0.000000000000000000e+00
2.820100000000002050e-01, 0.000000000000000000e+00
2.830100000000002058e-01, 0.000000000000000000e+00
2.840100000000002067e-01, 0.000000000000000000e+00
2.850100000000002076e-01, 0.000000000000000000e+00
2.860100000000002085e-01, 0.000000000000000000e+00
2.870100000000002094e-01, 0.000000000000000000e+00
2.880100000000002103e-01, 0.000000000000000000e+00
2.890100000000002112e-01, 0.000000000000000000e+00
2.900100000000002121e-01, 0.000000000000000000e+00
2.910100000000002129e-01, 0.000000000000000000e+00
2.920100000000002138e-01, 0.000000000000000000e+00
2.930100000000002147e-01, 0.000000000000000000e+00
2.940100000000002156e-01, 0.000000000000000000e+00
2.950100000000002165e-01, 0.000000000000000000e+00
2.960100000000002174e-01, 0.000000000000000000e+00
2.970100000000002183e-01, 0.000000000000000000e+00
2.980100000000002192e-01, 0.000000000000000000e+00
2.990100000000002201e-01, 0.000000000000000000e+00
3.000100000000002209e-01, 0.000000000000000000e+00
3.010100000000002218e-01, 0.000000000000000000e+00
3.020100000000002227e-01, 0.000000000000000000e+00
3.030100000000002236e-01, 0.000000000000000000e+00
3.040100000000002245e-01, 0.000000000000000000e+00
3.050100000000002254e-01, 0.000000000000000000e+00
3.060100000000002263e-01, 0.000000000000000000e+00
3.070100000000002272e-01, 0.000000000000000000e+00
3.080100000000002280e-01, 0.000000000000000000e+00
3.090100000000002289e-01, 0.000000000000000000e+00
3.100100000000002298e-01, 0.000000000000000000e+00
3.110100000000002307e-01, 0.000000000000000000e+00
3.120100000000002316e-01, 0.000000000000000000e+00
3.130100000000002325e-01, 0.000000000000000000e+00
3.140100000000002334e-01, 0.000000000000000000e+00
3.150100000000002343e-01, 0.000000000000000000e+00
3.160100000000002352e-01, 0.000000000000000000e+00
3.170100000000002360e-01, 0.000000000000000000e+00
3.180100000000002369e-01, 0.000000000000000000e+00
3.190100000000002378e-01, 0.000000000000000000e+00
3.200100000000002387e-01, 0.000000000000000000e+00
3.210100000000002396e-01, 0.000000000000000000e+00
3.220100000000002405e-01, 0.000000000000000000e+00
3.230100000000002414e-01, 0.000000000000000000e+00
3.240100000000002423e-01, 0.000000000000000000e+00
3.250100000000002431e-01, 0.000000000000000000e+00
3.260100000000002440e-01, 0.000000000000000000e+00
3.270100000000002449e-01, 0.000000000000000000e+00
3.280100000000002458e-01, 0.000000000000000000e+00
3.290100000000002467e-01, 0.000000000000000000e+00
3.300100000000002476e-01, 0.000000000000000000e+00
3.310100000000002485e-01, 0.000000000000000000e+00
3.320100000000002494e-01, 0.000000000000000000e+00
3.330100000000002503e-01, 0.000000000000000000e+00
3.340100000000002511e-01, 0.000000000000000000e+00
3.350100000000002520e-01, 0.000000000000000000e+00
3.360100000000002529e-01, 0.000000000000000000e+00
3.370100000000002538e-01, 0.000000000000000000e+00
3.380100000000002547e-01, 0.000000000000000000e+00
3.390100000000002556e-01, 0.000000000000000000e+00
3.400100000000002565e-01, 0.000000000000000000e+00
3.410100000000002574e-01, 0.000000000000000000e+00
3.420100000000002582e-01, 0.000000000000000000e+00
3.430100000000002591e-01, 0.000000000000000000e+00
3.440100000000002600e-01, 0.000000000000000000e+00
3.450100000000002609e-01, 0.000000000000000000e+00
3.460100000000002618e-01, 0.000000000000000000e+00
3.470100000000002627e-01, 0.000000000000000000e+00
3.480100000000002636e-01, 0.000000000000000000e+00
3.490100000000002645e-01, 0.000000000000000000e+00
3.500100000000002654e-01, 0.000000000000000000e+00
3.510100000000002662e-01, 0.000000000000000000e+00
3.520100000000002671e-01, 0.000000000000000000e+00
3.530100000000002680e-01, 0.000000000000000000e+00
3.540100000000002689e-01, 0.000000000000000000e+00
3.550100000000002698e-01, 0.000000000000000000e+00
3.560100000000002707e-01, 0.000000000000000000e+00
3.570100000000002716e-01, 0.000000000000000000e+00
3.580100000000002725e-01, 0.000000000000000000e+00
3.590100000000002733e-01, 0.000000000000000000e+00
3.600100000000002742e-01, 0.000000000000000000e+00
3.610100000000002751e-01, 0.000000000000000000e+00
3.620100000000002760e-01, 0.000000000000000000e+00
3.630100000000002769e-01, 0.000000000000000000e+00
3.640100000000002778e-01, 0.000000000000000000e+00
3.650100000000002787e-01, 0.000000000000000000e+00
3.660100000000002796e-01, 0.000000000000000000e+00
3.670100000000002805e-01, 0.000000000000000000e+00
3.680100000000002813e-01, 0.000000000000000000e+00
3.690100000000002822e-01, 0.000000000000000000e+00
3.700100000000002831e-01, 0.000000000000000000e+00
3.710100000000002840e-01, 0.000000000000000000e+00
3.720100000000002849e-01, 0.000000000000000000e+00
3.730100000000002858e-01, 0.000000000000000000e+00
3.740100000000002867e-01, 0.000000000000000000e+00
3.750100000000002876e-01, 0.000000000000000000e+00
3.760100000000002884e-01, 0.000000000000000000e+00
3.770100000000002893e-01, 0.000000000000000000e+00
3.780100000000002902e-01, 0.000000000000000000e+00
3.790100000000002911e-01, 0.000000000000000000e+00
3.800100000000002920e-01, 0.000000000000000000e+00
3.810100000000002929e-01, 0.000000000000000000e+00
3.820100000000002938e-01, 0.000000000000000000e+00
3.830100000000002947e-01, 0.000000000000000000e+00
3.840100000000002956e-01, 0.000000000000000000e+00
3.850100000000002964e-01, 0.000000000000000000e+00
3.860100000000002973e-01, 0.000000000000000000e+00
3.870100000000002982e-01, 0.000000000000000000e+00
3.880100000000002991e-01, 0.000000000000000000e+00
3.890100000000003000e-01, 0.000000000000000000e+00
3.900100000000003009e-01, 0.000000000000000000e+00
3.910100000000003018e-01, 0.000000000000000000e+00
3.920100000000003027e-01, 0.000000000000000000e+00
3.930100000000003035e-01, 0.000000000000000000e+00
3.940100000000003044e-01, 0.000000000000000000e+00
3.950100000000003053e-01, 0.000000000000000000e+00
3.960100000000003062e-01, 0.000000000000000000e+00
3.970100000000003071e-01, 0.000000000000000000e+00
3.980100000000003080e-01, 0.000000000000000000e+00
3.990100000000003089e-01, 0.000000000000000000e+00
4.000100000000003098e-01, 0.000000000000000000e+00
4.010100000000003106e-01, 0.000000000000000000e+00
4.020100000000003115e-01, 0.000000000000000000e+00
4.030100000000003124e-01, 0.000000000000000000e+00
4.040100000000003133e-01, 0.000000000000000000e+00
4.050100000000003142e-01, 0.000000000000000000e+00
4.060100000000003151e-01, 0.000000000000000000e+00
4.070100000000003160e-01, 0.000000000000000000e+00
4.080100000000003169e-01, 0.000000000000000000e+00
4.090100000000003178e-01, 0.000000000000000000e+00
4.100100000000003186e-01, 0.000000000000000000e+00
4.110100000000003195e-01, 0.000000000000000000e+00
4.120100000000003204e-01, 0.000000000000000000e+00
4.130100000000003213e-01, 0.000000000000000000e+00
4.140100000000003222e-01, 0.000000000000000000e+00
4.150100000000003231e-01, 0.000000000000000000e+00
4.160100000000003240e-01, 0.000000000000000000e+00
4.170100000000003249e-01, 0.000000000000000000e+00
4.180100000000003257e-01, 0.000000000000000000e+00
4.190100000000003266e-01, 0.000000000000000000e+00
4.200100000000003275e-01, 0.000000000000000000e+00
4.210100000000003284e-01, 0.000000000000000000e+00
4.220100000000003293e-01, 0.000000000000000000e+00
4.230100000000003302e-01, 0.000000000000000000e+00
4.240100000000003311e-01, 0.000000000000000000e+00
4.250100000000003320e-01, 0.000000000000000000e+00
4.260100000000003329e-01, 0.000000000000000000e+00
4.270100000000003337e-01, 0.000000000000000000e+00
4.280100000000003346e-01, 0.000000000000000000e+00
4.290100000000003355e-01, 0.000000000000000000e+00
4.300100000000003364e-01, 0.000000000000000000e+00
4.310100000000003373e-01, 0.000000000000000000e+00
4.320100000000003382e-01, 0.000000000000000000e+00
4.330100000000003391e-01, 0.000000000000000000e+00
4.340100000000003400e-01, 0.000000000000000000e+00
4.350100000000003408e-01, 0.000000000000000000e+00
4.360100000000003417e-01, 0.000000000000000000e+00
4.370100000000003426e-01, 0.000000000000000000e+00
4.380100000000003435e-01, 0.000000000000000000e+00
4.390100000000003444e-01, 0.000000000000000000e+00
4.400100000000003453e-01, 0.000000000000000000e+00
4.410100000000003462e-01, 0.000000000000000000e+00
4.420100000000003471e-01, 0.000000000000000000e+00
4.430100000000003480e-01, 0.000000000000000000e+00
4.440100000000003488e-01, 0.000000000000000000e+00
4.450100000000003497e-01, 0.000000000000000000e+00
4.460100000000003506e-01, 0.000000000000000000e+00
4.470100000000003515e-01, 0.000000000000000000e+00
4.480100000000003524e-01, 0.000000000000000000e+00
4.490100000000003533e-01, 0.000000000000000000e+00
4.500100000000003542e-01, 0.000000000000000000e+00
4.510100000000003551e-01, 0.000000000000000000e+00
4.520100000000003559e-01, 0.000000000000000000e+00
4.530100000000003568e-01, 0.000000000000000000e+00
4.540100000000003577e-01, 0.000000000000000000e+00
4.550100000000003586e-01, 0.000000000000000000e+00
4.560100000000003595e-01, 0.000000000000000000e+00
4.570100000000003604e-01, 0.000000000000000000e+00
4.580100000000003613e-01, 0.000000000000000000e+00
4.590100000000003622e-01, 0.000000000000000000e+00
4.600100000000003631e-01, 0.000000000000000000e+00
4.610100000000003639e-01, 0.000000000000000000e+00
4.620100000000003648e-01, 0.000000000000000000e+00
4.630100000000003657e-01, 0.000000000000000000e+00
4.640100000000003666e-01, 0.000000000000000000e+00
4.650100000000003675e-01, 0.000000000000000000e+00
4.660100000000003684e-01, 0.000000000000000000e+00
4.670100000000003693e-01, 0.000000000000000000e+00
4.680100000000003702e-01, 0.000000000000000000e+00
4.690100000000003710e-01, 0.000000000000000000e+00
4.700100000000003719e-01, 0.000000000000000000e+00
4.710100000000003728e-01, 0.000000000000000000e+00
4.720100000000003737e-01, 0.000000000000000000e+00
4.730100000000003746e-01, 0.000000000000000000e+00
4.740100000000003755e-01, 0.000000000000000000e+00
4.750100000000003764e-01, 0.000000000000000000e+00
4.760100000000003773e-01, 0.000000000000000000e+00
4.770100000000003782e-01, 0.000000000000000000e+00
4.780100000000003790e-01, 0.000000000000000000e+00
4.790100000000003799e-01, 0.000000000000000000e+00
4.800100000000003808e-01, 0.000000000000000000e+00
4.810100000000003817e-01, 0.000000000000000000e+00
4.820100000000003826e-01, 0.000000000000000000e+00
4.830100000000003835e-01, 0.000000000000000000e+00
4.840100000000003844e-01, 0.000000000000000000e+00
4.850100000000003853e-01, 0.000000000000000000e+00
4.860100000000003861e-01, 0.000000000000000000e+00
4.870100000000003870e-01, 0.000000000000000000e+00
4.880100000000003879e-01, 0.000000000000000000e+00
4.890100000000003888e-01, 0.000000000000000000e+00
4.900100000000003897e-01, 0.000000000000000000e+00
4.910100000000003906e-01, 0.000000000000000000e+00
4.920100000000003915e-01, 0.000000000000000000e+00
4.930100000000003924e-01, 0.000000000000000000e+00
4.940100000000003932e-01, 0.000000000000000000e+00
4.950100000000003941e-01, 0.000000000000000000e+00
4.960100000000003950e-01, 0.000000000000000000e+00
4.970100000000003959e-01, 0.000000000000000000e+00
4.980100000000003968e-01, 0.000000000000000000e+00
4.990100000000003977e-01, 0.000000000000000000e+00
5.000100000000003986e-01, 0.000000000000000000e+00
5.010100000000003995e-01, 0.000000000000000000e+00
5.020100000000004004e-01, 0.000000000000000000e+00
5.030100000000004012e-01, 0.000000000000000000e+00
5.040100000000004021e-01, 0.000000000000000000e+00
5.050100000000004030e-01, 0.000000000000000000e+00
5.060100000000004039e-01, 0.000000000000000000e+00
5.070100000000004048e-01, 0.000000000000000000e+00
5.080100000000004057e-01, 0.000000000000000000e+00
5.090100000000004066e-01, 0.000000000000000000e+00
5.100100000000004075e-01, 0.000000000000000000e+00
5.110100000000004083e-01, 0.000000000000000000e+00
5.120100000000004092e-01, 0.000000000000000000e+00
5.130100000000004101e-01, 0.000000000000000000e+00
5.140100000000004110e-01, 0.000000000000000000e+00
5.150100000000004119e-01, 0.000000000000000000e+00
5.160100000000004128e-01, 0.000000000000000000e+00
5.170100000000004137e-01, 0.000000000000000000e+00
5.180100000000004146e-01, 0.000000000000000000e+00
5.190100000000004155e-01, 0.000000000000000000e+00
5.200100000000004163e-01, 0.000000000000000000e+00
5.210100000000004172e-01, 0.000000000000000000e+00
5.220100000000004181e-01, 0.000000000000000000e+00
5.230100000000004190e-01, 0.000000000000000000e+00
5.240100000000004199e-01, 0.000000000000000000e+00
5.250100000000004208e-01, 0.000000000000000000e+00
5.260100000000004217e-01, 0.000000000000000000e+00
5.270100000000004226e-01, 0.000000000000000000e+00
5.280100000000004234e-01, 0.000000000000000000e+00
5.290100000000004243e-01, 0.000000000000000000e+00
5.300100000000004252e-01, 0.000000000000000000e+00
5.310100000000004261e-01, 0.000000000000000000e+00
5.320100000000004270e-01, 0.000000000000000000e+00
5.330100000000004279e-01, 0.000000000000000000e+00
5.340100000000004288e-01, 0.000000000000000000e+00
5.350100000000004297e-01, 0.000000000000000000e+00
5.360100000000004306e-01, 0.000000000000000000e+00
5.370100000000004314e-01, 0.000000000000000000e+00
5.380100000000004323e-01, 0.000000000000000000e+00
5.390100000000004332e-01, 0.000000000000000000e+00
5.400100000000004341e-01, 0.000000000000000000e+00
5.410100000000004350e-01, 0.000000000000000000e+00
5.420100000000004359e-01, 0.000000000000000000e+00
5.430100000000004368e-01, 0.000000000000000000e+00
5.440100000000004377e-01, 0.000000000000000000e+00
5.450100000000004385e-01, 0.000000000000000000e+00
5.460100000000004394e-01, 0.000000000000000000e+00
5.470100000000004403e-01, 0.000000000000000000e+00
5.480100000000004412e-01, 0.000000000000000000e+00
5.490100000000004421e-01, 0.000000000000000000e+00
5.500100000000004430e-01, 0.000000000000000000e+00
5.510100000000004439e-01, 0.000000000000000000e+00
5.520100000000004448e-01, 0.000000000000000000e+00
5.530100000000004457e-01, 0.000000000000000000e+00
5.540100000000004465e-01, 0.000000000000000000e+00
5.550100000000004474e-01, 0.000000000000000000e+00
5.560100000000004483e-01, 0.000000000000000000e+00
5.570100000000004492e-01, 0.000000000000000000e+00
5.580100000000004501e-01, 0.000000000000000000e+00
5.590100000000004510e-01, 0.000000000000000000e+00
5.600100000000004519e-01, 0.000000000000000000e+00
5.610100000000004528e-01, 0.000000000000000000e+00
5.620100000000004536e-01, 0.000000000000000000e+00
5.630100000000004545e-01, 0.000000000000000000e+00
5.640100000000004554e-01, 0.000000000000000000e+00
5.650100000000004563e-01, 0.000000000000000000e+00
5.660100000000004572e-01, 0.000000000000000000e+00
5.670100000000004581e-01, 0.000000000000000000e+00
5.680100000000004590e-01, 0.000000000000000000e+00
5.690100000000004599e-01, 0.000000000000000000e+00
5.700100000000004608e-01, 0.000000000000000000e+00
5.710100000000004616e-01, 0.000000000000000000e+00
5.720100000000004625e-01, 0.000000000000000000e+00
5.730100000000004634e-01, 0.000000000000000000e+00
5.740100000000004643e-01, 0.000000000000000000e+00
5.750100000000004652e-01, 0.000000000000000000e+00
5.760100000000004661e-01, 0.000000000000000000e+00
5.770100000000004670e-01, 0.000000000000000000e+00
5.780100000000004679e-01, 0.000000000000000000e+00
5.790100000000004687e-01, 0.000000000000000000e+00
5.800100000000004696e-01, 0.000000000000000000e+00
5.810100000000004705e-01, 0.000000000000000000e+00
5.820100000000004714e-01, 0.000000000000000000e+00
5.830100000000004723e-01, 0.000000000000000000e+00
5.840100000000004732e-01, 0.000000000000000000e+00
5.850100000000004741e-01, 0.000000000000000000e+00
5.860100000000004750e-01, 0.000000000000000000e+00
5.870100000000004759e-01, 0.000000000000000000e+00
5.880100000000004767e-01, 0.000000000000000000e+00
5.890100000000004776e-01, 0.000000000000000000e+00
5.900100000000004785e-01, 0.000000000000000000e+00
5.910100000000004794e-01, 0.000000000000000000e+00
5.920100000000004803e-01, 0.000000000000000000e+00
5.930100000000004812e-01, 0.000000000000000000e+00
5.940100000000004821e-01, 0.000000000000000000e+00
5.950100000000004830e-01, 0.000000000000000000e+00
5.960100000000004838e-01, 0.000000000000000000e+00
5.970100000000004847e-01, 0.000000000000000000e+00
5.980100000000004856e-01, 0.000000000000000000e+00
5.990100000000004865e-01, 0.000000000000000000e+00
6.000100000000004874e-01, 0.000000000000000000e+00
6.010100000000004883e-01, 0.000000000000000000e+00
6.020100000000004892e-01, 0.000000000000000000e+00
6.030100000000004901e-01, 0.000000000000000000e+00
6.040100000000004909e-01, 0.000000000000000000e+00
6.050100000000004918e-01, 0.000000000000000000e+00
6.060100000000004927e-01, 0.000000000000000000e+00
6.070100000000004936e-01, 0.000000000000000000e+00
6.080100000000004945e-01, 0.000000000000000000e+00
6.090100000000004954e-01, 0.000000000000000000e+00
6.100100000000004963e-01, 0.000000000000000000e+00
6.110100000000004972e-01, 0.000000000000000000e+00
6.120100000000004981e-01, 0.000000000000000000e+00
6.130100000000004989e-01, 0.000000000000000000e+00
6.140100000000004998e-01, 0.000000000000000000e+00
6.150100000000005007e-01, 0.000000000000000000e+00
6.160100000000005016e-01, 0.000000000000000000e+00
6.170100000000005025e-01, 0.000000000000000000e+00
6.180100000000005034e-01, 0.000000000000000000e+00
6.190100000000005043e-01, 0.000000000000000000e+00
6.200100000000005052e-01, 0.000000000000000000e+00
6.210100000000005060e-01, 0.000000000000000000e+00
6.220100000000005069e-01, 0.000000000000000000e+00
6.230100000000005078e-01, 0.000000000000000000e+00
6.240100000000005087e-01, 0.000000000000000000e+00
6.250100000000005096e-01, 0.000000000000000000e+00
6.260100000000005105e-01, 0.000000000000000000e+00
6.270100000000005114e-01, 0.000000000000000000e+00
6.280100000000005123e-01, 0.000000000000000000e+00
6.290100000000005132e-01, 0.000000000000000000e+00
6.300100000000005140e-01, 0.000000000000000000e+00
6.310100000000005149e-01, 0.000000000000000000e+00
6.320100000000005158e-01, 0.000000000000000000e+00
6.330100000000005167e-01, 0.000000000000000000e+00
6.340100000000005176e-01, 0.000000000000000000e+00
6.350100000000005185e-01, 0.000000000000000000e+00
6.360100000000005194e-01, 0.000000000000000000e+00
6.370100000000005203e-01, 0.000000000000000000e+00
6.380100000000005211e-01, 0.000000000000000000e+00
6.390100000000005220e-01, 0.000000000000000000e+00
6.400100000000005229e-01, 0.000000000000000000e+00
6.410100000000005238e-01, 0.000000000000000000e+00
6.420100000000005247e-01, 0.000000000000000000e+00
6.430100000000005256e-01, 0.000000000000000000e+00
6.440100000000005265e-01, 0.000000000000000000e+00
6.450100000000005274e-01, 0.000000000000000000e+00
6.460100000000005283e-01, 0.000000000000000000e+00
6.470100000000005291e-01, 0.000000000000000000e+00
6.480100000000005300e-01, 0.000000000000000000e+00
6.490100000000005309e-01, 0.000000000000000000e+00
6.500100000000005318e-01, 0.000000000000000000e+00
6.510100000000005327e-01, 0.000000000000000000e+00
6.520100000000005336e-01, 0.000000000000000000e+00
6.530100000000005345e-01, 0.000000000000000000e+00
6.540100000000005354e-01, 0.000000000000000000e+00
6.550100000000005362e-01, 0.000000000000000000e+00
6.560100000000005371e-01, 0.000000000000000000e+00
6.570100000000005380e-01, 0.000000000000000000e+00
6.580100000000005389e-01, 0.000000000000000000e+00
6.590100000000005398e-01, 0.000000000000000000e+00
6.600100000000005407e-01, 0.000000000000000000e+00
6.610100000000005416e-01, 0.000000000000000000e+00
6.620100000000005425e-01, 0.000000000000000000e+00
6.630100000000005434e-01, 0.000000000000000000e+00
6.640100000000005442e-01, 0.000000000000000000e+00
6.650100000000005451e-01, 0.000000000000000000e+00
6.660100000000005460e-01, 0.000000000000000000e+00
6.670100000000005469e-01, 0.000000000000000000e+00
6.680100000000005478e-01, 0.000000000000000000e+00
6.690100000000005487e-01, 0.000000000000000000e+00
6.700100000000005496e-01, 0.000000000000000000e+00
6.710100000000005505e-01, 0.000000000000000000e+00
6.720100000000005513e-01, 0.000000000000000000e+00
6.730100000000005522e-01, 0.000000000000000000e+00
6.740100000000005531e-01, 0.000000000000000000e+00
6.750100000000005540e-01, 0.000000000000000000e+00
6.760100000000005549e-01, 0.000000000000000000e+00
6.770100000000005558e-01, 0.000000000000000000e+00
6.780100000000005567e-01, 0.000000000000000000e+00
6.790100000000005576e-01, 0.000000000000000000e+00
6.800100000000005585e-01, 0.000000000000000000e+00
6.810100000000005593e-01, 0.000000000000000000e+00
6.820100000000005602e-01, 0.000000000000000000e+00
6.830100000000005611e-01, 0.000000000000000000e+00
6.840100000000005620e-01, 0.000000000000000000e+00
6.850100000000005629e-01, 0.000000000000000000e+00
6.860100000000005638e-01, 0.000000000000000000e+00
6.870100000000005647e-01, 0.000000000000000000e+00
6.880100000000005656e-01, 0.000000000000000000e+00
6.890100000000005664e-01, 0.000000000000000000e+00
6.900100000000005673e-01, 0.000000000000000000e+00
6.910100000000005682e-01, 0.000000000000000000e+00
6.920100000000005691e-01, 0.000000000000000000e+00
6.930100000000005700e-01, 0.000000000000000000e+00
6.940100000000005709e-01, 0.000000000000000000e+00
6.950100000000005718e-01, 0.000000000000000000e+00
6.960100000000005727e-01, 0.000000000000000000e+00
6.970100000000005736e-01, 0.000000000000000000e+00
6.980100000000005744e-01, 0.000000000000000000e+00
6.990100000000005753e-01, 0.000000000000000000e+00
7.000100000000005762e-01, 0.000000000000000000e+00
7.010100000000005771e-01, 0.000000000000000000e+00
7.020100000000005780e-01, 0.000000000000000000e+00
7.030100000000005789e-01, 0.000000000000000000e+00
7.040100000000005798e-01, 0.000000000000000000e+00
7.050100000000005807e-01, 0.000000000000000000e+00
7.060100000000005815e-01, 0.000000000000000000e+00
7.070100000000005824e-01, 0.000000000000000000e+00
7.080100000000005833e-01, 0.000000000000000000e+00
7.090100000000005842e-01, 0.000000000000000000e+00
7.100100000000005851e-01, 0.000000000000000000e+00
7.110100000000005860e-01, 0.000000000000000000e+00
7.120100000000005869e-01, 0.000000000000000000e+00
7.130100000000005878e-01, 0.000000000000000000e+00
7.140100000000005886e-01, 0.000000000000000000e+00
7.150100000000005895e-01, 0.000000000000000000e+00
7.160100000000005904e-01, 0.000000000000000000e+00
7.170100000000005913e-01, 0.000000000000000000e+00
7.180100000000005922e-01, 0.000000000000000000e+00
7.190100000000005931e-01, 0.000000000000000000e+00
7.200100000000005940e-01, 0.000000000000000000e+00
7.210100000000005949e-01, 0.000000000000000000e+00
7.220100000000005958e-01, 0.000000000000000000e+00
7.230100000000005966e-01, 0.000000000000000000e+00
7.240100000000005975e-01, 0.000000000000000000e+00
7.250100000000005984e-01, 0.000000000000000000e+00
7.260100000000005993e-01, 0.000000000000000000e+00
7.270100000000006002e-01, 0.000000000000000000e+00
7.280100000000006011e-01, 0.000000000000000000e+00
7.290100000000006020e-01, 0.000000000000000000e+00
7.300100000000006029e-01, 0.000000000000000000e+00
7.310100000000006037e-01, 0.000000000000000000e+00
7.320100000000006046e-01, 0.000000000000000000e+00
7.330100000000006055e-01, 0.000000000000000000e+00
7.340100000000006064e-01, 0.000000000000000000e+00
7.350100000000006073e-01, 0.000000000000000000e+00
7.360100000000006082e-01, 0.000000000000000000e+00
7.370100000000006091e-01, 0.000000000000000000e+00
7.380100000000006100e-01, 0.000000000000000000e+00
7.390100000000006109e-01, 0.000000000000000000e+00
7.400100000000006117e-01, 0.000000000000000000e+00
7.410100000000006126e-01, 0.000000000000000000e+00
7.420100000000006135e-01, 0.000000000000000000e+00
7.430100000000006144e-01, 0.000000000000000000e+00
7.440100000000006153e-01, 0.000000000000000000e+00
7.450100000000006162e-01, 0.000000000000000000e+00
7.460100000000006171e-01, 0.000000000000000000e+00
7.470100000000006180e-01, 0.000000000000000000e+00
7.480100000000006188e-01, 0.000000000000000000e+00
7.490100000000006197e-01, 0.000000000000000000e+00
7.500100000000006206e-01, 0.000000000000000000e+00
7.510100000000006215e-01, 0.000000000000000000e+00
7.520100000000006224e-01, 0.000000000000000000e+00
7.530100000000006233e-01, 0.000000000000000000e+00
7.540100000000006242e-01, 0.000000000000000000e+00
7.550100000000006251e-01, 0.000000000000000000e+00
7.560100000000006260e-01, 0.000000000000000000e+00
7.570100000000006268e-01, 0.000000000000000000e+00
7.580100000000006277e-01, 0.000000000000000000e+00
7.590100000000006286e-01, 0.000000000000000000e+00
7.600100000000006295e-01, 0.000000000000000000e+00
7.610100000000006304e-01, 9.011320444042522126e+01
7.620100000000006313e-01, 0.000000000000000000e+00
7.630100000000006322e-01, 0.000000000000000000e+00
7.640100000000006331e-01, 0.000000000000000000e+00
7.650100000000006339e-01, 0.000000000000000000e+00
7.660100000000006348e-01, 0.000000000000000000e+00
7.670100000000006357e-01, 0.000000000000000000e+00
7.680100000000006366e-01, -1.776356839400250465e-15
7.690100000000006375e-01, 0.000000000000000000e+00
7.700100000000006384e-01, 0.000000000000000000e+00
7.710100000000006393e-01, 0.000000000000000000e+00
7.720100000000006402e-01, 0.000000000000000000e+00
7.730100000000006411e-01, 0.000000000000000000e+00
7.740100000000006419e-01, 0.000000000000000000e+00
7.750100000000006428e-01, 0.000000000000000000e+00
7.760100000000006437e-01, 0.000000000000000000e+00
7.770100000000006446e-01, 0.000000000000000000e+00
7.780100000000006455e-01, -1.776356839400250465e-15
7.790100000000006464e-01, 1.776356839400250465e-15
7.800100000000006473e-01, 0.000000000000000000e+00
7.810100000000006482e-01, 0.000000000000000000e+00
7.820100000000006490e-01, 1.776356839400250465e-15
7.830100000000006499e-01, 0.000000000000000000e+00
7.840100000000006508e-01, 1.776356839400250465e-15
7.850100000000006517e-01, 0.000000000000000000e+00
7.860100000000006526e-01, 0.000000000000000000e+00
7.870100000000006535e-01, 0.000000000000000000e+00
7.880100000000006544e-01, 1.776356839400250465e-15
7.890100000000006553e-01, 1.776356839400250465e-15
7.900100000000006562e-01, 0.000000000000000000e+00
7.910100000000006570e-01, 0.000000000000000000e+00
7.920100000000006579e-01, 0.000000000000000000e+00
7.930100000000006588e-01, -1.776356839400250465e-15
7.940100000000006597e-01, 0.000000000000000000e+00
7.950100000000006606e-01, 0.000000000000000000e+00
7.960100000000006615e-01, 0.000000000000000000e+00
7.970100000000006624e-01, -1.776356839400250465e-15
7.980100000000006633e-01, 0.000000000000000000e+00
7.990100000000006641e-01, 0.000000000000000000e+00
8.000100000000006650e-01, -1.776356839400250465e-15
8.010100000000006659e-01, 0.000000000000000000e+00
8.020100000000006668e-01, 0.000000000000000000e+00
8.030100000000006677e-01, 0.000000000000000000e+00
8.040100000000006686e-01, 0.000000000000000000e+00
8.050100000000006695e-01, 0.000000000000000000e+00
8.060100000000006704e-01, 0.000000000000000000e+00
8.070100000000006712e-01, 1.776356839400250465e-15
8.080100000000006721e-01, 0.000000000000000000e+00
8.090100000000006730e-01, 0.000000000000000000e+00
8.100100000000006739e-01, 1.776356839400250465e-15
8.110100000000006748e-01, 0.000000000000000000e+00
8.120100000000006757e-01, -1.776356839400250465e-15
8.130100000000006766e-01, 0.000000000000000000e+00
8.140100000000006775e-01, 0.000000000000000000e+00
8.150100000000006784e-01, 1.776356839400250465e-15
8.160100000000006792e-01, 0.000000000000000000e+00
8.170100000000006801e-01, 0.000000000000000000e+00
8.180100000000006810e-01, 0.000000000000000000e+00
8.190100000000006819e-01, 9.898002871760807508e+00
