0.000000000000000000e+00, 0.000000000000000000e+00
1.000000000000000082e-05, 5.545158346700583538e-09
2.000000000000000164e-05, 1.663550943097748710e-08
3.000000000000000415e-05, 3.327108767649454167e-08
4.000000000000000327e-05, 5.545192753967288008e-08
5.000000000000000240e-05, 8.317806350966022297e-08
6.000000000000000152e-05, 1.164495301083002061e-07
7.000000000000000742e-05, 1.552663618901018410e-07
8.000000000000000654e-05, 1.996285934422089552e-07
9.000000000000000567e-05, 2.495362593843698187e-07
1.000000000000000048e-04, 3.049893943689066767e-07
1.100000000000000039e-04, 3.659880330806855216e-07
1.200000000000000030e-04, 4.325322102370858378e-07
1.300000000000000157e-04, 5.046219605879705054e-07
1.400000000000000148e-04, 5.822573189156555193e-07
1.500000000000000140e-04, 6.654383200348801836e-07
1.600000000000000131e-04, 7.541649987927769894e-07
1.700000000000000122e-04, 8.484373900688418626e-07
1.800000000000000113e-04, 9.482555287749042003e-07
1.900000000000000105e-04, 1.053619449855097224e-06
2.000000000000000096e-04, 1.164529188285828123e-06
2.100000000000000087e-04, 1.280984779075748725e-06
2.200000000000000078e-04, 1.402986257265725849e-06
2.300000000000000070e-04, 1.530533657928811449e-06
2.400000000000000061e-04, 1.663627016170213604e-06
2.500000000000000052e-04, 1.802266367127267079e-06
2.600000000000000314e-04, 1.946451745969403896e-06
2.700000000000000577e-04, 2.096183187898124744e-06
2.800000000000000839e-04, 2.251460728146968487e-06
2.900000000000001101e-04, 2.412284401981483998e-06
3.000000000000001363e-04, 2.578654244699201573e-06
3.100000000000001626e-04, 2.750570291629602861e-06
3.200000000000001888e-04, 2.928032578134092491e-06
3.300000000000002150e-04, 3.111041139605969693e-06
3.400000000000002413e-04, 3.299596011470398227e-06
3.500000000000002675e-04, 3.493697229184378860e-06
3.600000000000002937e-04, 3.693344828236720986e-06
3.700000000000003200e-04, 3.898538844148012135e-06
3.800000000000003462e-04, 4.109279312470592136e-06
3.900000000000003724e-04, 4.325566268788522203e-06
4.000000000000003986e-04, 4.547399748717557405e-06
4.100000000000004249e-04, 4.774779787905119985e-06
4.200000000000004511e-04, 5.007706422030267171e-06
4.300000000000004773e-04, 5.246179686803667464e-06
4.400000000000005036e-04, 5.490199617967570137e-06
4.500000000000005298e-04, 5.739766251295776445e-06
4.600000000000005560e-04, 5.994879622593612511e-06
4.700000000000005822e-04, 6.255539767697902228e-06
4.800000000000006085e-04, 6.521746722476938455e-06
4.900000000000006347e-04, 6.793500522830455069e-06
5.000000000000006609e-04, 7.070801204689598162e-06
5.100000000000006872e-04, 7.353648804016901481e-06
5.200000000000007134e-04, 7.642043356806255930e-06
5.300000000000007396e-04, 7.935984899082880776e-06
5.400000000000007658e-04, 8.235473466903302469e-06
5.500000000000007921e-04, 8.540509096355319071e-06
5.600000000000008183e-04, 8.851091823557977379e-06
5.700000000000008445e-04, 9.167221684661545829e-06
5.800000000000008708e-04, 9.488898715847483996e-06
5.900000000000008970e-04, 9.816122953328418880e-06
6.000000000000009232e-04, 1.014889443334811610e-05
6.100000000000009494e-04, 1.048721319218145282e-05
6.200000000000009757e-04, 1.083107926613439057e-05
6.300000000000010019e-04, 1.118049269154394825e-05
6.400000000000010281e-04, 1.153545350477817661e-05
6.500000000000010544e-04, 1.189596174223612614e-05
6.600000000000010806e-04, 1.226201744034782839e-05
6.700000000000011068e-04, 1.263362063557426213e-05
6.800000000000011331e-04, 1.301077136440733126e-05
6.900000000000011593e-04, 1.339346966336983272e-05
7.000000000000011855e-04, 1.378171556901543776e-05
7.100000000000012117e-04, 1.417550911792865811e-05
7.200000000000012380e-04, 1.457485034672482227e-05
7.300000000000012642e-04, 1.497973929205004836e-05
7.400000000000012904e-04, 1.539017599058122214e-05
7.500000000000013167e-04, 1.580616047902596311e-05
7.600000000000013429e-04, 1.622769279412260250e-05
7.700000000000013691e-04, 1.665477297264015614e-05
7.800000000000013953e-04, 1.708740105137829908e-05
7.900000000000014216e-04, 1.752557706716734184e-05
8.000000000000014478e-04, 1.796930105686819656e-05
8.100000000000014740e-04, 1.841857305737235666e-05
8.200000000000015003e-04, 1.887339310560187650e-05
8.300000000000015265e-04, 1.933376123850933073e-05
8.400000000000015527e-04, 1.979967749307779735e-05
8.500000000000015789e-04, 2.027114190632083740e-05
8.600000000000016052e-04, 2.074815451528245764e-05
8.700000000000016314e-04, 2.123071535703709368e-05
8.800000000000016576e-04, 2.171882446868957602e-05
8.900000000000016839e-04, 2.221248188737511318e-05
9.000000000000017101e-04, 2.271168765025926455e-05
9.100000000000017363e-04, 2.321644179453790654e-05
9.200000000000017625e-04, 2.372674435743721559e-05
9.300000000000017888e-04, 2.424259537621363775e-05
9.400000000000018150e-04, 2.476399488815387166e-05
9.500000000000018412e-04, 2.529094293057483473e-05
9.600000000000018675e-04, 2.582343954082363941e-05
9.700000000000018937e-04, 2.636148475627756943e-05
9.800000000000019199e-04, 2.690507861434405615e-05
9.900000000000019462e-04, 2.745422115246065140e-05
1.000000000000001972e-03, 2.800891240809500040e-05
1.010000000000001999e-03, 2.856915241874482145e-05
1.020000000000002025e-03, 2.913494122193787539e-05
1.030000000000002051e-03, 2.970627885523194868e-05
1.040000000000002077e-03, 3.028316535621481954e-05
1.050000000000002104e-03, 3.086560076250424099e-05
1.060000000000002130e-03, 3.145358511174791035e-05
1.070000000000002156e-03, 3.204711844162345231e-05
1.080000000000002182e-03, 3.264620078983837488e-05
1.090000000000002208e-03, 3.325083219413007619e-05
1.100000000000002235e-03, 3.386101269226578345e-05
1.110000000000002261e-03, 3.447674232204256655e-05
1.120000000000002287e-03, 3.509802112128727707e-05
1.130000000000002313e-03, 3.572484912785655502e-05
1.140000000000002340e-03, 3.635722637963678824e-05
1.150000000000002366e-03, 3.699515291454407844e-05
1.160000000000002392e-03, 3.763862877052424807e-05
1.170000000000002418e-03, 3.828765398555277925e-05
1.180000000000002445e-03, 3.894222859763481383e-05
1.190000000000002471e-03, 3.960235264480513301e-05
1.200000000000002497e-03, 4.026802616512810320e-05
1.210000000000002523e-03, 4.093924919669768948e-05
1.220000000000002549e-03, 4.161602177763740825e-05
1.230000000000002576e-03, 4.229834394610030007e-05
1.240000000000002602e-03, 4.298621574026892969e-05
1.250000000000002628e-03, 4.367963719835533861e-05
1.260000000000002654e-03, 4.437860835860102474e-05
1.270000000000002681e-03, 4.508312925927693564e-05
1.280000000000002707e-03, 4.579319993868343462e-05
1.290000000000002733e-03, 4.650882043515026010e-05
1.300000000000002759e-03, 4.722999078703652559e-05
1.310000000000002785e-03, 4.795671103273069263e-05
1.320000000000002812e-03, 4.868898121065053683e-05
1.330000000000002838e-03, 4.942680135924312762e-05
1.340000000000002864e-03, 5.017017151698481466e-05
1.350000000000002890e-03, 5.091909172238118719e-05
1.360000000000002917e-03, 5.167356201396707400e-05
1.370000000000002943e-03, 5.243358243030649606e-05
1.380000000000002969e-03, 5.319915300999265970e-05
1.390000000000002995e-03, 5.397027379164792270e-05
1.400000000000003022e-03, 5.474694481392378083e-05
1.410000000000003048e-03, 5.552916611550083386e-05
1.420000000000003074e-03, 5.631693773508877210e-05
1.430000000000003100e-03, 5.711025971142635600e-05
1.440000000000003126e-03, 5.790913208328137555e-05
1.450000000000003153e-03, 5.871355488945064345e-05
1.460000000000003179e-03, 5.952352816875996805e-05
1.470000000000003205e-03, 6.033905196006413300e-05
1.480000000000003231e-03, 6.116012630224686338e-05
1.490000000000003258e-03, 6.198675123422082566e-05
1.500000000000003284e-03, 6.281892679492756678e-05
1.510000000000003310e-03, 6.365665302333754121e-05
1.520000000000003336e-03, 6.449992995845004319e-05
1.530000000000003363e-03, 6.534875763929320674e-05
1.540000000000003389e-03, 6.620313610492399212e-05
1.550000000000003415e-03, 6.706306539442813159e-05
1.560000000000003441e-03, 6.792854554692012942e-05
1.570000000000003467e-03, 6.879957660154324835e-05
1.580000000000003494e-03, 6.967615859746946895e-05
1.590000000000003520e-03, 7.055829157389946244e-05
1.600000000000003546e-03, 7.144597557006259077e-05
1.610000000000003572e-03, 7.233921062521686594e-05
1.620000000000003599e-03, 7.323799677864894998e-05
1.630000000000003625e-03, 7.414233406967408720e-05
1.640000000000003651e-03, 7.505222253763614484e-05
1.650000000000003677e-03, 7.596766222190753177e-05
1.660000000000003703e-03, 7.688865316188921205e-05
1.670000000000003730e-03, 7.781519539701069134e-05
1.680000000000003756e-03, 7.874728896672994916e-05
1.690000000000003782e-03, 7.968493391053345246e-05
1.700000000000003808e-03, 8.062813026793614203e-05
1.710000000000003835e-03, 8.157687807848137832e-05
1.720000000000003861e-03, 8.253117738174094143e-05
1.730000000000003887e-03, 8.349102821731500400e-05
1.740000000000003913e-03, 8.445643062483210411e-05
1.750000000000003940e-03, 8.542738464394914529e-05
1.760000000000003966e-03, 8.640389031435134228e-05
1.770000000000003992e-03, 8.738594767575222106e-05
1.780000000000004018e-03, 8.837355676789359173e-05
1.790000000000004044e-03, 8.936671763054552142e-05
1.800000000000004071e-03, 9.036543030350632072e-05
1.810000000000004097e-03, 9.136969482660253013e-05
1.820000000000004123e-03, 9.237951123968889296e-05
1.830000000000004149e-03, 9.339487958264830112e-05
1.840000000000004176e-03, 9.441579989539182222e-05
1.850000000000004202e-03, 9.544227221785865894e-05
1.860000000000004228e-03, 9.647429659001612186e-05
1.870000000000004254e-03, 9.751187305185960244e-05
1.880000000000004281e-03, 9.855500164341258649e-05
1.890000000000004307e-03, 9.960368240472660002e-05
1.900000000000004333e-03, 1.006579153758811821e-04
1.910000000000004359e-03, 1.017177005969838985e-04
1.920000000000004385e-03, 1.027830381081702873e-04
1.930000000000004412e-03, 1.038539279496038725e-04
1.940000000000004438e-03, 1.049303701614760965e-04
1.950000000000004464e-03, 1.060123647840063334e-04
1.960000000000004274e-03, 1.070999118574418618e-04
1.970000000000004300e-03, 1.081930114220567944e-04
1.980000000000004326e-03, 1.092916635181484731e-04
1.990000000000004352e-03, 1.103958681860375227e-04
2.000000000000004378e-03, 1.115056254660677567e-04
2.010000000000004405e-03, 1.126209353986062174e-04
2.020000000000004431e-03, 1.137417980240431356e-04
2.030000000000004457e-03, 1.148682133827919305e-04
2.040000000000004483e-03, 1.160001815152891824e-04
2.050000000000004510e-03, 1.171377024619946194e-04
2.060000000000004536e-03, 1.182807762633911175e-04
2.070000000000004562e-03, 1.194294029599846324e-04
2.080000000000004588e-03, 1.205835825923042676e-04
2.090000000000004615e-03, 1.217433152009021931e-04
2.100000000000004641e-03, 1.229086008263536450e-04
2.110000000000004667e-03, 1.240794395092569263e-04
2.120000000000004693e-03, 1.252558312902333788e-04
2.130000000000004719e-03, 1.264377762099273567e-04
2.140000000000004746e-03, 1.276252743090062537e-04
2.150000000000004772e-03, 1.288183256281604482e-04
2.160000000000004798e-03, 1.300169302081032768e-04
2.170000000000004824e-03, 1.312210880895710882e-04
2.180000000000004851e-03, 1.324307993133231351e-04
2.190000000000004877e-03, 1.336460639201416279e-04
2.200000000000004903e-03, 1.348668819508316808e-04
2.210000000000004929e-03, 1.360932534462213391e-04
2.220000000000004955e-03, 1.373251784471615246e-04
2.230000000000004982e-03, 1.385626569945260357e-04
2.240000000000005008e-03, 1.398056891292115205e-04
2.250000000000005034e-03, 1.410542748921374766e-04
2.260000000000005060e-03, 1.423084143242462512e-04
2.270000000000005087e-03, 1.435681074665029597e-04
2.280000000000005113e-03, 1.448333543598955670e-04
2.290000000000005139e-03, 1.461041550454348064e-04
2.300000000000005165e-03, 1.473805095641541794e-04
2.310000000000005192e-03, 1.486624179571099285e-04
2.320000000000005218e-03, 1.499498802653810646e-04
2.330000000000005244e-03, 1.512428965300693126e-04
2.340000000000005270e-03, 1.525414667922991114e-04
2.350000000000005296e-03, 1.538455910932175869e-04
2.360000000000005323e-03, 1.551552694739945248e-04
2.370000000000005349e-03, 1.564705019758224247e-04
2.380000000000005375e-03, 1.577912886399164191e-04
2.390000000000005401e-03, 1.591176295075142732e-04
2.400000000000005428e-03, 1.604495246198763849e-04
2.410000000000005454e-03, 1.617869740182857575e-04
2.420000000000005480e-03, 1.631299777440479732e-04
2.430000000000005506e-03, 1.644785358384911924e-04
2.440000000000005533e-03, 1.658326483429661542e-04
2.450000000000005559e-03, 1.671923152988461490e-04
2.460000000000005585e-03, 1.685575367475270186e-04
2.470000000000005611e-03, 1.699283127304270749e-04
2.480000000000005637e-03, 1.713046432889871813e-04
2.490000000000005664e-03, 1.726865284646706712e-04
2.500000000000005690e-03, 1.740739682989633481e-04
2.510000000000005716e-03, 1.754669628333735128e-04
2.520000000000005742e-03, 1.768655121094318816e-04
2.530000000000005769e-03, 1.782696161686916415e-04
2.540000000000005795e-03, 1.796792750527283677e-04
2.550000000000005821e-03, 1.810944888031400246e-04
2.560000000000005847e-03, 1.825152574615470193e-04
2.570000000000005873e-03, 1.839415810695920936e-04
2.580000000000005900e-03, 1.853734596689403781e-04
2.590000000000005926e-03, 1.868108933012793107e-04
2.600000000000005952e-03, 1.882538820083187183e-04
2.610000000000005978e-03, 1.897024258317907351e-04
2.620000000000006005e-03, 1.911565248134497756e-04
2.630000000000006031e-03, 1.926161789950725620e-04
2.640000000000006057e-03, 1.940813884184580966e-04
2.650000000000006083e-03, 1.955521531254276351e-04
2.660000000000006110e-03, 1.970284731578246865e-04
2.670000000000006136e-03, 1.985103485575150128e-04
2.680000000000006162e-03, 1.999977793663865753e-04
2.690000000000006188e-03, 2.014907656263495341e-04
2.700000000000006214e-03, 2.029893073793362758e-04
2.710000000000006241e-03, 2.044934046673013586e-04
2.720000000000006267e-03, 2.060030575322214857e-04
2.730000000000006293e-03, 2.075182660160955050e-04
2.740000000000006319e-03, 2.090390301609444364e-04
2.750000000000006346e-03, 2.105653500088113905e-04
2.760000000000006372e-03, 2.120972256017616226e-04
2.770000000000006398e-03, 2.136346569818824517e-04
2.780000000000006424e-03, 2.151776441912833142e-04
2.790000000000006451e-03, 2.167261872720956833e-04
2.800000000000006477e-03, 2.182802862664730682e-04
2.810000000000006503e-03, 2.198399412165910692e-04
2.820000000000006529e-03, 2.214051521646472954e-04
2.830000000000006555e-03, 2.229759191528613656e-04
2.840000000000006582e-03, 2.245522422234748805e-04
2.850000000000006608e-03, 2.261341214187514504e-04
2.860000000000006634e-03, 2.277215567809766405e-04
2.870000000000006660e-03, 2.293145483524579981e-04
2.880000000000006687e-03, 2.309130961755249988e-04
2.890000000000006713e-03, 2.325172002925290460e-04
2.900000000000006739e-03, 2.341268607458434710e-04
2.910000000000006765e-03, 2.357420775778635061e-04
2.920000000000006792e-03, 2.373628508310062575e-04
2.930000000000006818e-03, 2.389891805477107321e-04
2.940000000000006844e-03, 2.406210667704378105e-04
2.950000000000006870e-03, 2.422585095416701661e-04
2.960000000000006896e-03, 2.439015089039123728e-04
2.970000000000006923e-03, 2.455500648996907973e-04
2.980000000000006949e-03, 2.472041775715536527e-04
2.990000000000006975e-03, 2.488638469620708363e-04
3.000000000000007001e-03, 2.505290731138342004e-04
3.010000000000007028e-03, 2.521998560694572273e-04
3.020000000000007054e-03, 2.538761958715751916e-04
3.030000000000007080e-03, 2.555580925628451062e-04
3.040000000000007106e-03, 2.572455461859457764e-04
3.050000000000007132e-03, 2.589385567835776375e-04
3.060000000000007159e-03, 2.606371243984628629e-04
3.070000000000007185e-03, 2.623412490733453644e-04
3.080000000000007211e-03, 2.640509308509906292e-04
3.090000000000007237e-03, 2.657661697741858830e-04
3.100000000000007264e-03, 2.674869658857399811e-04
3.110000000000007290e-03, 2.692133192284834088e-04
3.120000000000007316e-03, 2.709452298452683355e-04
3.130000000000007342e-03, 2.726826977789683975e-04
3.140000000000007369e-03, 2.744257230724789698e-04
3.150000000000007395e-03, 2.761743057687169483e-04
3.160000000000007421e-03, 2.779284459106208050e-04
3.170000000000007447e-03, 2.796881435411505872e-04
3.180000000000007473e-03, 2.814533987032878637e-04
3.190000000000007500e-03, 2.832242114400357791e-04
3.200000000000007526e-03, 2.850005817944189449e-04
3.210000000000007552e-03, 2.867825098094834400e-04
3.220000000000007578e-03, 2.885699955282969732e-04
3.230000000000007605e-03, 2.903630389939486117e-04
3.240000000000007631e-03, 2.921616402495489447e-04
3.250000000000007657e-03, 2.939657993382300280e-04
3.260000000000007683e-03, 2.957755163031452767e-04
3.270000000000007710e-03, 2.975907911874696270e-04
3.280000000000007736e-03, 2.994116240343994281e-04
3.290000000000007762e-03, 3.012380148871523339e-04
3.300000000000007788e-03, 3.030699637889675197e-04
3.310000000000007814e-03, 3.049074707831054111e-04
3.320000000000007841e-03, 3.067505359128479010e-04
3.330000000000007867e-03, 3.085991592214981866e-04
3.340000000000007893e-03, 3.104533407523807700e-04
3.350000000000007919e-03, 3.123130805488415662e-04
3.360000000000007946e-03, 3.141783786542477405e-04
3.370000000000007972e-03, 3.160492351119877628e-04
3.380000000000007998e-03, 3.179256499654714075e-04
3.390000000000008024e-03, 3.198076232581296995e-04
3.400000000000008051e-03, 3.216951550334149683e-04
3.410000000000008077e-03, 3.235882453348007393e-04
3.420000000000008103e-03, 3.254868942057818426e-04
3.430000000000008129e-03, 3.273911016898742505e-04
3.440000000000008155e-03, 3.293008678306152395e-04
3.450000000000008182e-03, 3.312161926715632282e-04
3.460000000000008208e-03, 3.331370762562978313e-04
3.470000000000008234e-03, 3.350635186284198598e-04
3.480000000000008260e-03, 3.369955198315512123e-04
3.490000000000008287e-03, 3.389330799093350378e-04
3.500000000000008313e-03, 3.408761989054355729e-04
3.510000000000008339e-03, 3.428248768635381964e-04
3.520000000000008365e-03, 3.447791138273493747e-04
3.530000000000008391e-03, 3.467389098405966618e-04
3.540000000000008418e-03, 3.487042649470287539e-04
3.550000000000008444e-03, 3.506751791904153806e-04
3.560000000000008470e-03, 3.526516526145473049e-04
3.570000000000008496e-03, 3.546336852632364319e-04
3.580000000000008523e-03, 3.566212771803156461e-04
3.590000000000008549e-03, 3.586144284096388652e-04
3.600000000000008575e-03, 3.606131389950809865e-04
3.610000000000008601e-03, 3.626174089805379950e-04
3.620000000000008628e-03, 3.646272384099267464e-04
3.630000000000008654e-03, 3.666426273271851844e-04
3.640000000000008680e-03, 3.686635757762721775e-04
3.650000000000008706e-03, 3.706900838011675196e-04
3.660000000000008732e-03, 3.727221514458719837e-04
3.670000000000008759e-03, 3.747597787544072680e-04
3.680000000000008785e-03, 3.768029657708159416e-04
3.690000000000008811e-03, 3.788517125391614986e-04
3.700000000000008837e-03, 3.809060191035283584e-04
3.710000000000008864e-03, 3.829658855080218111e-04
3.720000000000008890e-03, 3.850313117967679635e-04
3.730000000000008916e-03, 3.871022980139138476e-04
3.740000000000008942e-03, 3.891788442036272578e-04
3.750000000000008969e-03, 3.912609504100969136e-04
3.760000000000008995e-03, 3.933486166775322429e-04
3.770000000000009021e-03, 3.954418430501635984e-04
3.780000000000009047e-03, 3.975406295722420415e-04
3.790000000000009073e-03, 3.996449762880395040e-04
3.800000000000009100e-03, 4.017548832418485721e-04
3.810000000000009126e-03, 4.038703504779827028e-04
3.820000000000009152e-03, 4.059913780407760071e-04
3.830000000000009178e-03, 4.081179659745834127e-04
3.840000000000009205e-03, 4.102501143237805015e-04
3.850000000000009231e-03, 4.123878231327636175e-04
3.860000000000009257e-03, 4.145310924459498134e-04
3.870000000000009283e-03, 4.166799223077767415e-04
3.880000000000009309e-03, 4.188343127627028708e-04
3.890000000000009336e-03, 4.209942638552072159e-04
3.900000000000009362e-03, 4.231597756297894456e-04
3.910000000000008955e-03, 4.253308481309699910e-04
3.920000000000008547e-03, 4.275074814032897748e-04
3.930000000000008140e-03, 4.296896754913104278e-04
3.940000000000007732e-03, 4.318774304396141264e-04
3.950000000000007325e-03, 4.340707462928036471e-04
3.960000000000006917e-03, 4.362696230955024203e-04
3.970000000000006510e-03, 4.384740608923543676e-04
3.980000000000006102e-03, 4.406840597280240108e-04
3.990000000000005695e-03, 4.428996196471964172e-04
4.000000000000005287e-03, 4.451207406945771453e-04
4.010000000000004880e-03, 4.473474229148923539e-04
4.020000000000004473e-03, 4.495796663528886386e-04
4.030000000000004065e-03, 4.518174710533331409e-04
4.040000000000003658e-03, 4.540608370610134934e-04
4.050000000000003250e-03, 4.563097644207377663e-04
4.060000000000002843e-03, 4.585642531773345752e-04
4.070000000000002435e-03, 4.608243033756529187e-04
4.080000000000002028e-03, 4.630899150605622327e-04
4.090000000000001620e-03, 4.653610882769524445e-04
4.100000000000001213e-03, 4.676378230697338643e-04
4.110000000000000805e-03, 4.699201194838371854e-04
4.120000000000000398e-03, 4.722079775642135926e-04
4.129999999999999991e-03, 4.745013973558345451e-04
4.139999999999999583e-03, 4.768003789036919394e-04
4.149999999999999176e-03, 4.791049222527980550e-04
4.159999999999998768e-03, 4.814150274481854459e-04
4.169999999999998361e-03, 4.837306945349070493e-04
4.179999999999997953e-03, 4.860519235580361853e-04
4.189999999999997546e-03, 4.883787145626664484e-04
4.199999999999997138e-03, 4.907110675939117079e-04
4.209999999999996731e-03, 4.930489826969061077e-04
4.219999999999996323e-03, 4.953924599168041745e-04
4.229999999999995916e-03, 4.977414992987806014e-04
4.239999999999995509e-03, 5.000961008880304643e-04
4.249999999999995101e-03, 5.024562647297690053e-04
4.259999999999994694e-03, 5.048219908692317412e-04
4.269999999999994286e-03, 5.071932793516743549e-04
4.279999999999993879e-03, 5.095701302223728038e-04
4.289999999999993471e-03, 5.119525435266233200e-04
4.299999999999993064e-03, 5.143405193097420848e-04
4.309999999999992656e-03, 5.167340576170657710e-04
4.319999999999992249e-03, 5.191331584939510007e-04
4.329999999999991842e-03, 5.215378219857746706e-04
4.339999999999991434e-03, 5.239480481379338436e-04
4.349999999999991027e-03, 5.263638369958455318e-04
4.359999999999990619e-03, 5.287851886049471303e-04
4.369999999999990212e-03, 5.312121030106959838e-04
4.379999999999989804e-03, 5.336445802585696027e-04
4.389999999999989397e-03, 5.360826203940655555e-04
4.399999999999988989e-03, 5.385262234627015768e-04
4.409999999999988582e-03, 5.409753895100154588e-04
4.419999999999988174e-03, 5.434301185815649431e-04
4.429999999999987767e-03, 5.458904107229279375e-04
4.439999999999987360e-03, 5.483562659797022992e-04
4.449999999999986952e-03, 5.508276843975059428e-04
4.459999999999986545e-03, 5.533046660219768410e-04
4.469999999999986137e-03, 5.557872108987730242e-04
4.479999999999985730e-03, 5.582753190735723634e-04
4.489999999999985322e-03, 5.607689905920727877e-04
4.499999999999984915e-03, 5.632682254999922837e-04
4.509999999999984507e-03, 5.657730238430686790e-04
4.519999999999984100e-03, 5.682833856670598590e-04
4.529999999999983692e-03, 5.707993110177435499e-04
4.539999999999983285e-03, 5.733207999409175356e-04
4.549999999999982878e-03, 5.758478524823993326e-04
4.559999999999982470e-03, 5.783804686880265151e-04
4.569999999999982063e-03, 5.809186486036566066e-04
4.579999999999981655e-03, 5.834623922751668631e-04
4.589999999999981248e-03, 5.860116997484544898e-04
4.599999999999980840e-03, 5.885665710694365331e-04
4.609999999999980433e-03, 5.911270062840498800e-04
4.619999999999980025e-03, 5.936930054382513668e-04
4.629999999999979618e-03, 5.962645685780175626e-04
4.639999999999979211e-03, 5.988416957493448772e-04
4.649999999999978803e-03, 6.014243869982495612e-04
4.659999999999978396e-03, 6.040126423707677062e-04
4.669999999999977988e-03, 6.066064619129551364e-04
4.679999999999977581e-03, 6.092058456708874083e-04
4.689999999999977173e-03, 6.118107936906599193e-04
4.699999999999976766e-03, 6.144213060183879079e-04
4.709999999999976358e-03, 6.170373827002061280e-04
4.719999999999975951e-03, 6.196590237822692830e-04
4.729999999999975543e-03, 6.222862293107518086e-04
4.739999999999975136e-03, 6.249189993318477647e-04
4.749999999999974729e-03, 6.275573338917708353e-04
4.759999999999974321e-03, 6.302012330367545451e-04
4.769999999999973914e-03, 6.328506968130521515e-04
4.779999999999973506e-03, 6.355057252669364274e-04
4.789999999999973099e-03, 6.381663184446998783e-04
4.799999999999972691e-03, 6.408324763926547419e-04
4.809999999999972284e-03, 6.435041991571327719e-04
4.819999999999971876e-03, 6.461814867844854543e-04
4.829999999999971469e-03, 6.488643393210838991e-04
4.839999999999971061e-03, 6.515527568133187321e-04
4.849999999999970654e-03, 6.542467393076003114e-04
4.859999999999970247e-03, 6.569462868503584026e-04
4.869999999999969839e-03, 6.596513994880426118e-04
4.879999999999969432e-03, 6.623620772671218442e-04
4.889999999999969024e-03, 6.650783202340848459e-04
4.899999999999968617e-03, 6.678001284354396615e-04
4.909999999999968209e-03, 6.705275019177139601e-04
4.919999999999967802e-03, 6.732604407274550345e-04
4.929999999999967394e-03, 6.759989449112295849e-04
4.939999999999966987e-03, 6.787430145156239355e-04
4.949999999999966580e-03, 6.814926495872438176e-04
4.959999999999966172e-03, 6.842478501727143701e-04
4.969999999999965765e-03, 6.870086163186804639e-04
4.979999999999965357e-03, 6.897749480718061606e-04
4.989999999999964950e-03, 6.925468454787752541e-04
4.999999999999964542e-03, 6.953243085862907289e-04
5.009999999999964135e-03, 6.981073374410751934e-04
6.009999999999964156e-03, 1.032122616111181505e-03
7.009999999999964176e-03, 1.421902615245792308e-03
8.009999999999965065e-03, 1.867501174227704239e-03
9.009999999999965953e-03, 2.368973528376932397e-03
1.000999999999996684e-02, 2.926376243401692095e-03
1.100999999999996773e-02, 3.539767050221446013e-03
1.200999999999996862e-02, 4.209204819000972320e-03
1.300999999999996951e-02, 4.934749534438063676e-03
1.400999999999997039e-02, 5.716462167785355333e-03
1.500999999999997128e-02, 6.554404718918944994e-03
1.600999999999997217e-02, 7.448640264811292981e-03
1.700999999999997306e-02, 8.399232934629548633e-03
1.800999999999997395e-02, 9.406247881854722451e-03
1.900999999999997483e-02, 1.046975111129140427e-02
2.000999999999997572e-02, 1.158980939462398926e-02
2.100999999999997661e-02, 1.276649026185803365e-02
2.200999999999997750e-02, 1.399986199313853555e-02
2.300999999999997839e-02, 1.528999353545347668e-02
2.400999999999997928e-02, 1.663695455050002991e-02
2.500999999999998016e-02, 1.804081544449068208e-02
2.600999999999998105e-02, 1.950164735904890909e-02
2.700999999999998194e-02, 2.101952216238181861e-02
2.800999999999998283e-02, 2.259451244072628942e-02
2.900999999999998372e-02, 2.422669149006480976e-02
3.000999999999998460e-02, 2.591613330810654120e-02
3.100999999999998549e-02, 2.766291258499787090e-02
3.200999999999998291e-02, 2.946710460198515361e-02
3.300999999999998380e-02, 3.132878517242340677e-02
3.400999999999998469e-02, 3.324803063939863607e-02
3.500999999999998558e-02, 3.522491787363407623e-02
3.600999999999998646e-02, 3.725952422690251981e-02
3.700999999999998735e-02, 3.935192755511177087e-02
3.800999999999998824e-02, 4.150220624655999446e-02
3.900999999999998913e-02, 4.371043921932190462e-02
4.000999999999999002e-02, 4.597670591862055428e-02
4.100999999999999091e-02, 4.830108631419687687e-02
4.200999999999999179e-02, 5.068366089768706895e-02
4.300999999999999268e-02, 5.312451068001620286e-02
4.400999999999999357e-02, 5.562371718881498756e-02
4.500999999999999446e-02, 5.818136246586537441e-02
4.600999999999999535e-02, 6.079752906457966399e-02
4.700999999999999623e-02, 6.347230004751691634e-02
4.800999999999999712e-02, 6.620575898393964154e-02
4.900999999999999801e-02, 6.895836680589091661e-02
5.000999999999999890e-02, 7.171431200597198907e-02
5.100999999999999979e-02, 7.447363627238430539e-02
5.201000000000000068e-02, 7.723637947700127959e-02
5.301000000000000156e-02, 8.000257991276885083e-02
5.401000000000000245e-02, 8.277227436677696282e-02
5.501000000000000334e-02, 8.554549819508550090e-02
5.601000000000000423e-02, 8.832228543436750068e-02
5.701000000000000512e-02, 9.110266896363382327e-02
5.801000000000000600e-02, 9.388668074396197549e-02
5.901000000000000689e-02, 9.667435191301186614e-02
6.001000000000000778e-02, 9.946571281441987655e-02
6.101000000000000867e-02, 1.022607930266815623e-01
6.201000000000000956e-02, 1.050596213910707233e-01
6.301000000000001044e-02, 1.078622260383744896e-01
6.401000000000001133e-02, 1.106686344143547329e-01
6.501000000000001222e-02, 1.134788733039199665e-01
6.601000000000001311e-02, 1.162929689228645452e-01
6.701000000000001400e-02, 1.191109470508576185e-01
6.801000000000001489e-02, 1.219328330767153745e-01
6.901000000000001577e-02, 1.247586520065872562e-01
7.001000000000001666e-02, 1.275884284724093098e-01
7.101000000000001755e-02, 1.276165667006124715e-01
7.201000000000001844e-02, 1.276447053184834868e-01
7.301000000000001933e-02, 1.276728443260464474e-01
7.401000000000002021e-02, 1.277009837233254730e-01
7.501000000000002110e-02, 1.277291235103446831e-01
7.601000000000002199e-02, 1.277572636871281697e-01
7.701000000000002288e-02, 1.277854042537000523e-01
7.801000000000002377e-02, 1.278135452100844505e-01
7.901000000000002466e-02, 1.278416865563054561e-01
8.001000000000002554e-02, 1.278698282923871887e-01
8.101000000000002643e-02, 1.278979704183537680e-01
8.201000000000002732e-02, 1.279261129342292580e-01
8.301000000000002821e-02, 1.279542558400378061e-01
8.401000000000002910e-02, 1.279823991358034763e-01
8.501000000000002998e-02, 1.280105428215503882e-01
8.601000000000003087e-02, 1.280386868973026337e-01
8.701000000000003176e-02, 1.280668313630843047e-01
8.801000000000003265e-02, 1.280949762189195207e-01
8.901000000000003354e-02, 1.281231214648323458e-01
9.001000000000003443e-02, 1.281512671008468995e-01
9.101000000000003531e-02, 1.281794131269872461e-01
9.201000000000003620e-02, 1.282075595432775050e-01
9.301000000000003709e-02, 1.282357063497417404e-01
9.401000000000003798e-02, 1.282638535464040441e-01
9.501000000000003887e-02, 1.282920011332885080e-01
9.601000000000003975e-02, 1.283201491104192238e-01
9.701000000000004064e-02, 1.283482974778202834e-01
9.801000000000004153e-02, 1.283764462355157510e-01
9.901000000000004242e-02, 1.284045953835297182e-01
1.000100000000000433e-01, 1.284327449218862494e-01
1.010100000000000442e-01, 1.284608948506094361e-01
1.020100000000000451e-01, 1.284890451697233704e-01
1.030100000000000460e-01, 1.285171958792520885e-01
1.040100000000000469e-01, 1.285453469792197101e-01
1.050100000000000477e-01, 1.285734984696502714e-01
1.060100000000000486e-01, 1.286016503505678643e-01
1.070100000000000495e-01, 1.286298026219965529e-01
1.080100000000000504e-01, 1.286579552839604013e-01
1.090100000000000513e-01, 1.286861083364835012e-01
1.100100000000000522e-01, 1.287142617795898891e-01
1.110100000000000531e-01, 1.287424156133036568e-01
1.120100000000000540e-01, 1.287705698376488406e-01
1.130100000000000549e-01, 1.287987244526495323e-01
1.140100000000000557e-01, 1.288268794583297683e-01
1.150100000000000566e-01, 1.288550348547136126e-01
1.160100000000000575e-01, 1.288831906418251294e-01
1.170100000000000584e-01, 1.289113468196883827e-01
1.180100000000000593e-01, 1.289395033883274366e-01
1.190100000000000602e-01, 1.289676603477663275e-01
1.200100000000000611e-01, 1.289958176980291193e-01
1.210100000000000620e-01, 1.290239754391398486e-01
1.220100000000000628e-01, 1.290521335711225792e-01
1.230100000000000637e-01, 1.290802920940013476e-01
1.240100000000000646e-01, 1.291084510078002179e-01
1.250100000000000655e-01, 1.291366103125432263e-01
1.260100000000000664e-01, 1.291647700082544370e-01
1.270100000000000673e-01, 1.291929300949578863e-01
1.280100000000000682e-01, 1.292210905726776105e-01
