0.000000000000000000e+00, 0.000000000000000000e+00
1.000000000000000082e-05, -5.154405642792052284e-05
2.000000000000000164e-05, -1.030909872359644502e-04
3.000000000000000415e-05, -1.546408171687027101e-04
4.000000000000000327e-05, -2.061935707621489653e-04
5.000000000000000240e-05, -2.577492723480109935e-04
6.000000000000000152e-05, -3.093079460577979499e-04
7.000000000000000742e-05, -3.608696158267911359e-04
8.000000000000000654e-05, -4.124343053978848125e-04
9.000000000000000567e-05, -4.640020383253018422e-04
1.000000000000000048e-04, -5.155728379781911262e-04
1.100000000000000039e-04, -5.671467275441115794e-04
1.200000000000000030e-04, -6.187237300324077401e-04
1.300000000000000157e-04, -6.703038682774821629e-04
1.400000000000000148e-04, -7.218871649419679026e-04
1.500000000000000140e-04, -7.734736425198075402e-04
1.600000000000000131e-04, -8.250633233392398345e-04
1.700000000000000122e-04, -8.766562295657002882e-04
1.800000000000000113e-04, -9.282523832046390977e-04
1.900000000000000105e-04, -9.798518061042563784e-04
2.000000000000000096e-04, -1.031454519958163339e-03
2.100000000000000087e-04, -1.083060546307968754e-03
2.200000000000000078e-04, -1.134669906545793987e-03
2.300000000000000070e-04, -1.186282621916720905e-03
2.400000000000000061e-04, -1.237898713521172998e-03
2.500000000000000052e-04, -1.289518201310284762e-03
2.600000000000000314e-04, -1.341141102611429024e-03
2.700000000000000577e-04, -1.392767434650413151e-03
2.800000000000000839e-04, -1.444397214552796361e-03
2.900000000000001101e-04, -1.496030459345187077e-03
3.000000000000001363e-04, -1.547667185956525318e-03
3.100000000000001626e-04, -1.599307411219345583e-03
3.200000000000001888e-04, -1.650951151871021295e-03
3.300000000000002150e-04, -1.702598424554989951e-03
3.400000000000002413e-04, -1.754249245821959836e-03
3.500000000000002675e-04, -1.805903632131096361e-03
3.600000000000002937e-04, -1.857561599851191483e-03
3.700000000000003200e-04, -1.909223165261811437e-03
3.800000000000003462e-04, -1.960888344554427131e-03
3.900000000000003724e-04, -2.012557153833524799e-03
4.000000000000003986e-04, -2.064229609117697577e-03
4.100000000000004249e-04, -2.115905726340720598e-03
4.200000000000004511e-04, -2.167585521352603101e-03
4.300000000000004773e-04, -2.219269009920627530e-03
4.400000000000005036e-04, -2.270956207730368687e-03
4.500000000000005298e-04, -2.322647130386692061e-03
4.600000000000005560e-04, -2.374341793414740890e-03
4.700000000000005822e-04, -2.426040212260899796e-03
4.800000000000006085e-04, -2.477742402293746718e-03
4.900000000000006347e-04, -2.529448378804983154e-03
5.000000000000006609e-04, -2.581158157010355735e-03
5.100000000000006872e-04, -2.632871752050550910e-03
5.200000000000007134e-04, -2.684589178992085722e-03
5.300000000000007396e-04, -2.736310452828173007e-03
5.400000000000007658e-04, -2.788035588479577907e-03
5.500000000000007921e-04, -2.839764600795458352e-03
5.600000000000008183e-04, -2.891497504554189045e-03
5.700000000000008445e-04, -2.943234314464172451e-03
5.800000000000008708e-04, -2.994975045164637202e-03
5.900000000000008970e-04, -3.046719711226419589e-03
6.000000000000009232e-04, -3.098468327152732911e-03
6.100000000000009494e-04, -3.150220907379929457e-03
6.200000000000009757e-04, -3.201977466278239058e-03
6.300000000000010019e-04, -3.253738018152501146e-03
6.400000000000010281e-04, -3.305502577242886830e-03
6.500000000000010544e-04, -3.357271157725605359e-03
6.600000000000010806e-04, -3.409043773713595852e-03
6.700000000000011068e-04, -3.460820439257215539e-03
6.800000000000011331e-04, -3.512601168344909805e-03
6.900000000000011593e-04, -3.564385974903875719e-03
7.000000000000011855e-04, -3.616174872800708654e-03
7.100000000000012117e-04, -3.667967875842046300e-03
7.200000000000012380e-04, -3.719764997775195335e-03
7.300000000000012642e-04, -3.771566252288752023e-03
7.400000000000012904e-04, -3.823371653013213269e-03
7.500000000000013167e-04, -3.875181213521572497e-03
7.600000000000013429e-04, -3.926994947329913790e-03
7.700000000000013691e-04, -3.978812867897988693e-03
7.800000000000013953e-04, -4.030634988629791700e-03
7.900000000000014216e-04, -4.082461322874118836e-03
8.000000000000014478e-04, -4.134291883925127545e-03
8.100000000000014740e-04, -4.186126685022875313e-03
8.200000000000015003e-04, -4.237965739353859174e-03
8.300000000000015265e-04, -4.289809060051545664e-03
8.400000000000015527e-04, -4.341656660196891240e-03
8.500000000000015789e-04, -4.393508552818851422e-03
8.600000000000016052e-04, -4.445364750894890797e-03
8.700000000000016314e-04, -4.497225267351476555e-03
8.800000000000016576e-04, -4.549090115064566807e-03
8.900000000000016839e-04, -4.600959306860100649e-03
9.000000000000017101e-04, -4.652832855514464801e-03
9.100000000000017363e-04, -4.704710773754968919e-03
9.200000000000017625e-04, -4.756593072687017795e-03
9.300000000000017888e-04, -4.808479762550959928e-03
9.400000000000018150e-04, -4.860370853557690815e-03
9.500000000000018412e-04, -4.912266355888782188e-03
9.600000000000018675e-04, -4.964166279696616453e-03
9.700000000000018937e-04, -5.016070635104527206e-03
9.800000000000019199e-04, -5.067979432206928467e-03
9.900000000000019462e-04, -5.119892681069466468e-03
1.000000000000001972e-03, -5.171810391729153231e-03
1.010000000000001999e-03, -5.223732574194512278e-03
1.020000000000002025e-03, -5.275659238445726956e-03
1.030000000000002051e-03, -5.327590394434780947e-03
1.040000000000002077e-03, -5.379526052085610056e-03
1.050000000000002104e-03, -5.431466221294253133e-03
1.060000000000002130e-03, -5.483410911928992583e-03
1.070000000000002156e-03, -5.535360133830510496e-03
1.080000000000002182e-03, -5.587313896812043032e-03
1.090000000000002208e-03, -5.639272210659517469e-03
1.100000000000002235e-03, -5.691235085131721334e-03
1.110000000000002261e-03, -5.743202529960438583e-03
1.120000000000002287e-03, -5.795174554850610060e-03
1.130000000000002313e-03, -5.847151169480487021e-03
1.140000000000002340e-03, -5.899132383501774247e-03
1.150000000000002366e-03, -5.951118206539789644e-03
1.160000000000002392e-03, -6.003108648193611688e-03
1.170000000000002418e-03, -6.055103718036237287e-03
1.180000000000002445e-03, -6.107103425614722296e-03
1.190000000000002471e-03, -6.159107780450344578e-03
1.200000000000002497e-03, -6.211116792038747988e-03
1.210000000000002523e-03, -6.263130469850095895e-03
1.220000000000002549e-03, -6.315148823329212562e-03
1.230000000000002576e-03, -6.367171861895748811e-03
1.240000000000002602e-03, -6.419199594944314732e-03
1.250000000000002628e-03, -6.471232031844641013e-03
1.260000000000002654e-03, -6.523269181941714241e-03
1.270000000000002681e-03, -6.575311054555936507e-03
1.280000000000002707e-03, -6.627357658983266779e-03
1.290000000000002733e-03, -6.679409004495362283e-03
1.300000000000002759e-03, -6.731465100339730293e-03
1.310000000000002785e-03, -6.783525955739872111e-03
1.320000000000002812e-03, -6.835591579895420981e-03
1.330000000000002838e-03, -6.887661981982294741e-03
1.340000000000002864e-03, -6.939737171152832867e-03
1.350000000000002890e-03, -6.991817156535930049e-03
1.360000000000002917e-03, -7.043901947237193178e-03
1.370000000000002943e-03, -7.095991552339071459e-03
1.380000000000002969e-03, -7.148085980901000384e-03
1.390000000000002995e-03, -7.200185241959528373e-03
1.400000000000003022e-03, -7.252289344528465957e-03
1.410000000000003048e-03, -7.304398297599027159e-03
1.420000000000003074e-03, -7.356512110139943120e-03
1.430000000000003100e-03, -7.408630791097626025e-03
1.440000000000003126e-03, -7.460754349396274930e-03
1.450000000000003153e-03, -7.512882793938031011e-03
1.460000000000003179e-03, -7.565016133603095529e-03
1.470000000000003205e-03, -7.617154377249871211e-03
1.480000000000003231e-03, -7.669297533715085415e-03
1.490000000000003258e-03, -7.721445611813921965e-03
1.500000000000003284e-03, -7.773598620340151262e-03
1.510000000000003310e-03, -7.825756568066253444e-03
1.520000000000003336e-03, -7.877919463743556297e-03
1.530000000000003363e-03, -7.930087316102351486e-03
1.540000000000003389e-03, -7.982260133852012510e-03
1.550000000000003415e-03, -8.034437925681144760e-03
1.560000000000003441e-03, -8.086620700257680927e-03
1.570000000000003467e-03, -8.138808466229018046e-03
1.580000000000003494e-03, -8.191001232222135456e-03
1.590000000000003520e-03, -8.243199006843716231e-03
1.600000000000003546e-03, -8.295401798680272082e-03
1.610000000000003572e-03, -8.347609616298245702e-03
1.620000000000003599e-03, -8.399822468244151283e-03
1.630000000000003625e-03, -8.452040363044676860e-03
1.640000000000003651e-03, -8.504263309206800542e-03
1.650000000000003677e-03, -8.556491315217913673e-03
1.660000000000003703e-03, -8.608724389545930125e-03
1.670000000000003730e-03, -8.660962540639399049e-03
1.680000000000003756e-03, -8.713205776927624574e-03
1.690000000000003782e-03, -8.765454106820769892e-03
1.700000000000003808e-03, -8.817707538709970011e-03
1.710000000000003835e-03, -8.869966080967447986e-03
1.720000000000003861e-03, -8.922229741946613793e-03
1.730000000000003887e-03, -8.974498529982185765e-03
1.740000000000003913e-03, -9.026772453390287734e-03
1.750000000000003940e-03, -9.079051520468558317e-03
1.760000000000003966e-03, -9.131335739496267145e-03
1.770000000000003992e-03, -9.183625118734403334e-03
1.780000000000004018e-03, -9.235919666425789973e-03
1.790000000000004044e-03, -9.288219390795191682e-03
1.800000000000004071e-03, -9.340524300049404816e-03
1.810000000000004097e-03, -9.392834402377373687e-03
1.820000000000004123e-03, -9.445149705950280777e-03
1.830000000000004149e-03, -9.497470218921654286e-03
1.840000000000004176e-03, -9.549795949427468747e-03
1.850000000000004202e-03, -9.602126905586236966e-03
1.860000000000004228e-03, -9.654463095499114106e-03
1.870000000000004254e-03, -9.706804527249991363e-03
1.880000000000004281e-03, -9.759151208905600047e-03
1.890000000000004307e-03, -9.811503148515596587e-03
1.900000000000004333e-03, -9.863860354112668344e-03
1.910000000000004359e-03, -9.916222833712625556e-03
1.920000000000004385e-03, -9.968590595314488073e-03
1.930000000000004412e-03, -1.002096364640156501e-02
1.940000000000004438e-03, -1.007334199332914591e-02
1.950000000000004464e-03, -1.012572564244451981e-02
1.960000000000004274e-03, -1.017811460008696128e-02
1.970000000000004300e-03, -1.023050887258772877e-02
1.980000000000004326e-03, -1.028290846627006455e-02
1.990000000000004352e-03, -1.033531338744916525e-02
2.000000000000004378e-03, -1.038772364243220614e-02
2.010000000000004405e-03, -1.044013923751831857e-02
2.020000000000004431e-03, -1.049256017899859519e-02
2.030000000000004457e-03, -1.054498647315609168e-02
2.040000000000004483e-03, -1.059741812626581632e-02
2.050000000000004510e-03, -1.064985514459473870e-02
2.060000000000004536e-03, -1.070229753440178795e-02
2.070000000000004562e-03, -1.075474530193785798e-02
2.080000000000004588e-03, -1.080719845344580397e-02
2.090000000000004615e-03, -1.085965699516044936e-02
2.100000000000004641e-03, -1.091212093330859272e-02
2.110000000000004667e-03, -1.096459027410900781e-02
2.120000000000004693e-03, -1.101706502377245572e-02
2.130000000000004719e-03, -1.106954518850168136e-02
2.140000000000004746e-03, -1.112203077449142909e-02
2.150000000000004772e-03, -1.117452178792845488e-02
2.160000000000004798e-03, -1.122701823499151243e-02
2.170000000000004824e-03, -1.127952012185139304e-02
2.180000000000004851e-03, -1.133202745467090482e-02
2.190000000000004877e-03, -1.138454023960490738e-02
2.200000000000004903e-03, -1.143705848280029795e-02
2.210000000000004929e-03, -1.148958219039605128e-02
2.220000000000004955e-03, -1.154211136852320227e-02
2.230000000000004982e-03, -1.159464602330487551e-02
2.240000000000005008e-03, -1.164718616085629217e-02
2.250000000000005034e-03, -1.169973178728478044e-02
2.260000000000005060e-03, -1.175228290868979286e-02
2.270000000000005087e-03, -1.180483953116291673e-02
2.280000000000005113e-03, -1.185740166078789321e-02
2.290000000000005139e-03, -1.190996930364061901e-02
2.300000000000005165e-03, -1.196254246578916901e-02
2.310000000000005192e-03, -1.201512115329382395e-02
2.320000000000005218e-03, -1.206770537220705486e-02
2.330000000000005244e-03, -1.212029512857356987e-02
2.340000000000005270e-03, -1.217289042843030557e-02
2.350000000000005296e-03, -1.222549127780645992e-02
2.360000000000005323e-03, -1.227809768272350097e-02
2.370000000000005349e-03, -1.233070964919518592e-02
2.380000000000005375e-03, -1.238332718322756980e-02
2.390000000000005401e-03, -1.243595029081904189e-02
2.400000000000005428e-03, -1.248857897796031707e-02
2.410000000000005454e-03, -1.254121325063447222e-02
2.420000000000005480e-03, -1.259385311481696183e-02
2.430000000000005506e-03, -1.264649857647562152e-02
2.440000000000005533e-03, -1.269914964157070961e-02
2.450000000000005559e-03, -1.275180631605490715e-02
2.460000000000005585e-03, -1.280446860587333875e-02
2.470000000000005611e-03, -1.285713651696360031e-02
2.480000000000005637e-03, -1.290981005525576771e-02
2.490000000000005664e-03, -1.296248922667241760e-02
2.500000000000005690e-03, -1.301517403712865693e-02
2.510000000000005716e-03, -1.306786449253212641e-02
2.520000000000005742e-03, -1.312056059878302650e-02
2.530000000000005769e-03, -1.317326236177414865e-02
2.540000000000005795e-03, -1.322596978739087013e-02
2.550000000000005821e-03, -1.327868288151119909e-02
2.560000000000005847e-03, -1.333140165000577283e-02
2.570000000000005873e-03, -1.338412609873789946e-02
2.580000000000005900e-03, -1.343685623356355441e-02
2.590000000000005926e-03, -1.348959206033141858e-02
2.600000000000005952e-03, -1.354233358488289400e-02
2.610000000000005978e-03, -1.359508081305211766e-02
2.620000000000006005e-03, -1.364783375066599101e-02
2.630000000000006031e-03, -1.370059240354419387e-02
2.640000000000006057e-03, -1.375335677749920694e-02
2.650000000000006083e-03, -1.380612687833633612e-02
2.660000000000006110e-03, -1.385890271185372113e-02
2.670000000000006136e-03, -1.391168428384237203e-02
2.680000000000006162e-03, -1.396447160008617953e-02
2.690000000000006188e-03, -1.401726466636194282e-02
2.700000000000006214e-03, -1.407006348843937819e-02
2.710000000000006241e-03, -1.412286807208115898e-02
2.720000000000006267e-03, -1.417567842304291378e-02
2.730000000000006293e-03, -1.422849454707327162e-02
2.740000000000006319e-03, -1.428131644991385320e-02
2.750000000000006346e-03, -1.433414413729932474e-02
2.760000000000006372e-03, -1.438697761495739795e-02
2.770000000000006398e-03, -1.443981688860885258e-02
2.780000000000006424e-03, -1.449266196396756766e-02
2.790000000000006451e-03, -1.454551284674053015e-02
2.800000000000006477e-03, -1.459836954262786098e-02
2.810000000000006503e-03, -1.465123205732284627e-02
2.820000000000006529e-03, -1.470410039651193906e-02
2.830000000000006555e-03, -1.475697456587479403e-02
2.840000000000006582e-03, -1.480985457108428480e-02
2.850000000000006608e-03, -1.486274041780652304e-02
2.860000000000006634e-03, -1.491563211170088450e-02
2.870000000000006660e-03, -1.496852965842002808e-02
2.880000000000006687e-03, -1.502143306360991318e-02
2.890000000000006713e-03, -1.507434233290982396e-02
2.900000000000006739e-03, -1.512725747195238675e-02
2.910000000000006765e-03, -1.518017848636360294e-02
2.920000000000006792e-03, -1.523310538176284902e-02
2.930000000000006818e-03, -1.528603816376291648e-02
2.940000000000006844e-03, -1.533897683797002566e-02
2.950000000000006870e-03, -1.539192140998384660e-02
2.960000000000006896e-03, -1.544487188539751810e-02
2.970000000000006923e-03, -1.549782826979767547e-02
2.980000000000006949e-03, -1.555079056876446444e-02
2.990000000000006975e-03, -1.560375878787155501e-02
3.000000000000007001e-03, -1.565673293268618135e-02
3.010000000000007028e-03, -1.570971300876915569e-02
3.020000000000007054e-03, -1.576269902167487871e-02
3.030000000000007080e-03, -1.581569097695136386e-02
3.040000000000007106e-03, -1.586868888014026507e-02
3.050000000000007132e-03, -1.592169273677690108e-02
3.060000000000007159e-03, -1.597470255239025888e-02
3.070000000000007185e-03, -1.602771833250303535e-02
3.080000000000007211e-03, -1.608074008263162338e-02
3.090000000000007237e-03, -1.613376780828618129e-02
3.100000000000007264e-03, -1.618680151497061195e-02
3.110000000000007290e-03, -1.623984120818260796e-02
3.120000000000007316e-03, -1.629288689341365851e-02
3.130000000000007342e-03, -1.634593857614905985e-02
3.140000000000007369e-03, -1.639899626186797424e-02
3.150000000000007395e-03, -1.645205995604340568e-02
3.160000000000007421e-03, -1.650512966414225194e-02
3.170000000000007447e-03, -1.655820539162530802e-02
3.180000000000007473e-03, -1.661128714394728353e-02
3.190000000000007500e-03, -1.666437492655683736e-02
3.200000000000007526e-03, -1.671746874489658807e-02
3.210000000000007552e-03, -1.677056860440313824e-02
3.220000000000007578e-03, -1.682367451050708479e-02
3.230000000000007605e-03, -1.687678646863304682e-02
3.240000000000007631e-03, -1.692990448419969679e-02
3.250000000000007657e-03, -1.698302856261975358e-02
3.260000000000007683e-03, -1.703615870930001025e-02
3.270000000000007710e-03, -1.708929492964137917e-02
3.280000000000007736e-03, -1.714243722903887809e-02
3.290000000000007762e-03, -1.719558561288166490e-02
3.300000000000007788e-03, -1.724874008655306185e-02
3.310000000000007814e-03, -1.730190065543055558e-02
3.320000000000007841e-03, -1.735506732488584572e-02
3.330000000000007867e-03, -1.740824010028483790e-02
3.340000000000007893e-03, -1.746141898698767153e-02
3.350000000000007919e-03, -1.751460399034874063e-02
3.360000000000007946e-03, -1.756779511571672503e-02
3.370000000000007972e-03, -1.762099236843457650e-02
3.380000000000007998e-03, -1.767419575383957081e-02
3.390000000000008024e-03, -1.772740527726331464e-02
3.400000000000008051e-03, -1.778062094355233047e-02
3.410000000000008077e-03, -1.783384275695459181e-02
3.420000000000008103e-03, -1.788707072171626111e-02
3.430000000000008129e-03, -1.794030484208170712e-02
3.440000000000008155e-03, -1.799354512229348751e-02
3.450000000000008182e-03, -1.804679156659231773e-02
3.460000000000008208e-03, -1.810004417921710212e-02
3.470000000000008234e-03, -1.815330296440487157e-02
3.480000000000008260e-03, -1.820656792639081117e-02
3.490000000000008287e-03, -1.825983906940823256e-02
3.500000000000008313e-03, -1.831311639768857039e-02
3.510000000000008339e-03, -1.836639991546137538e-02
3.520000000000008365e-03, -1.841968962695427967e-02
3.530000000000008391e-03, -1.847298553639303148e-02
3.540000000000008418e-03, -1.852628764800144656e-02
3.550000000000008444e-03, -1.857959596600142205e-02
3.560000000000008470e-03, -1.863291049461292606e-02
3.570000000000008496e-03, -1.868623123805396996e-02
3.580000000000008523e-03, -1.873955820054063262e-02
3.590000000000008549e-03, -1.879289138628701186e-02
3.600000000000008575e-03, -1.884623079950526955e-02
3.610000000000008601e-03, -1.889957644440555876e-02
3.620000000000008628e-03, -1.895292832519608617e-02
3.630000000000008654e-03, -1.900628644608305315e-02
3.640000000000008680e-03, -1.905965081127067307e-02
3.650000000000008706e-03, -1.911302142496116088e-02
3.660000000000008732e-03, -1.916639829135471929e-02
3.670000000000008759e-03, -1.921978141464954215e-02
3.680000000000008785e-03, -1.927317079904180760e-02
3.690000000000008811e-03, -1.932656644872566762e-02
3.700000000000008837e-03, -1.937996836789324454e-02
3.710000000000008864e-03, -1.943337656073462066e-02
3.720000000000008890e-03, -1.948679103143786950e-02
3.730000000000008916e-03, -1.954021178418896554e-02
3.740000000000008942e-03, -1.959363882317187791e-02
3.750000000000008969e-03, -1.964707215256851491e-02
3.760000000000008995e-03, -1.970051177655870664e-02
3.770000000000009021e-03, -1.975395769932024662e-02
3.780000000000009047e-03, -1.980740992502884670e-02
3.790000000000009073e-03, -1.986086845785814056e-02
3.800000000000009100e-03, -1.991433330197970794e-02
3.810000000000009126e-03, -1.996780446156304345e-02
3.820000000000009152e-03, -2.002128194077554962e-02
3.830000000000009178e-03, -2.007476574378256121e-02
3.840000000000009205e-03, -2.012825587474731392e-02
3.850000000000009231e-03, -2.018175233783095837e-02
3.860000000000009257e-03, -2.023525513719254612e-02
3.870000000000009283e-03, -2.028876427698903320e-02
3.880000000000009309e-03, -2.034227976137529398e-02
3.890000000000009336e-03, -2.039580159450406910e-02
3.900000000000009362e-03, -2.044932978052601755e-02
3.910000000000008955e-03, -2.050286432358969235e-02
3.920000000000008547e-03, -2.055640522784153018e-02
3.930000000000008140e-03, -2.060995249742586521e-02
3.940000000000007732e-03, -2.066350613648491180e-02
3.950000000000007325e-03, -2.071706614915877487e-02
3.960000000000006917e-03, -2.077063253958544645e-02
3.970000000000006510e-03, -2.082420531190079527e-02
3.980000000000006102e-03, -2.087778447023858064e-02
3.990000000000005695e-03, -2.093137001873043856e-02
4.000000000000005287e-03, -2.098496196150588175e-02
4.010000000000004880e-03, -2.103856030269229266e-02
4.020000000000004473e-03, -2.109216504641495127e-02
4.030000000000004065e-03, -2.114577619679700385e-02
4.040000000000003658e-03, -2.119939375795947337e-02
4.050000000000003250e-03, -2.125301773402124214e-02
4.060000000000002843e-03, -2.130664812909909694e-02
4.070000000000002435e-03, -2.136028494730768390e-02
4.080000000000002028e-03, -2.141392819275950848e-02
4.090000000000001620e-03, -2.146757786956496675e-02
4.100000000000001213e-03, -2.152123398183231756e-02
4.110000000000000805e-03, -2.157489653366770344e-02
4.120000000000000398e-03, -2.162856552917513317e-02
4.129999999999999991e-03, -2.168224097245648879e-02
4.139999999999999583e-03, -2.173592286761152209e-02
4.149999999999999176e-03, -2.178961121873786155e-02
4.159999999999998768e-03, -2.184330602993101236e-02
4.169999999999998361e-03, -2.189700730528433559e-02
4.179999999999997953e-03, -2.195071504888908634e-02
4.189999999999997546e-03, -2.200442926483438949e-02
4.199999999999997138e-03, -2.205814995720723620e-02
4.209999999999996731e-03, -2.211187713009250475e-02
4.219999999999996323e-03, -2.216561078757293968e-02
4.229999999999995916e-03, -2.221935093372916920e-02
4.239999999999995509e-03, -2.227309757263970166e-02
4.249999999999995101e-03, -2.232685070838091521e-02
4.259999999999994694e-03, -2.238061034502706811e-02
4.269999999999994286e-03, -2.243437648665030579e-02
4.279999999999993879e-03, -2.248814913732065379e-02
4.289999999999993471e-03, -2.254192830110601786e-02
4.299999999999993064e-03, -2.259571398207219778e-02
4.309999999999992656e-03, -2.264950618428286308e-02
4.319999999999992249e-03, -2.270330491179958082e-02
4.329999999999991842e-03, -2.275711016868180170e-02
4.339999999999991434e-03, -2.281092195898687044e-02
4.349999999999991027e-03, -2.286474028677001544e-02
4.359999999999990619e-03, -2.291856515608436604e-02
4.369999999999990212e-03, -2.297239657098094565e-02
4.379999999999989804e-03, -2.302623453550866131e-02
4.389999999999989397e-03, -2.308007905371432800e-02
4.399999999999988989e-03, -2.313393012964266165e-02
4.409999999999988582e-03, -2.318778776733626881e-02
4.419999999999988174e-03, -2.324165197083567780e-02
4.429999999999987767e-03, -2.329552274417930058e-02
4.439999999999987360e-03, -2.334940009140346051e-02
4.449999999999986952e-03, -2.340328401654240623e-02
4.459999999999986545e-03, -2.345717452362828040e-02
4.469999999999986137e-03, -2.351107161669113710e-02
4.479999999999985730e-03, -2.356497529975895219e-02
4.489999999999985322e-03, -2.361888557685762682e-02
4.499999999999984915e-03, -2.367280245201096311e-02
4.509999999999984507e-03, -2.372672592924068846e-02
4.519999999999984100e-03, -2.378065601256645900e-02
4.529999999999983692e-03, -2.383459270600587349e-02
4.539999999999983285e-03, -2.388853601357442472e-02
4.549999999999982878e-03, -2.394248593928555505e-02
4.559999999999982470e-03, -2.399644248715064945e-02
4.569999999999982063e-03, -2.405040566117899736e-02
4.579999999999981655e-03, -2.410437546537786899e-02
4.589999999999981248e-03, -2.415835190375243552e-02
4.599999999999980840e-03, -2.421233498030582118e-02
4.609999999999980433e-03, -2.426632469903912057e-02
4.619999999999980025e-03, -2.432032106395133966e-02
4.629999999999979618e-03, -2.437432407903945830e-02
4.639999999999979211e-03, -2.442833374829841281e-02
4.649999999999978803e-03, -2.448235007572107519e-02
4.659999999999978396e-03, -2.453637306529828782e-02
4.669999999999977988e-03, -2.459040272101885999e-02
4.679999999999977581e-03, -2.464443904686955747e-02
4.689999999999977173e-03, -2.469848204683511989e-02
4.699999999999976766e-03, -2.475253172489824682e-02
4.709999999999976358e-03, -2.480658808503961865e-02
4.719999999999975951e-03, -2.486065113123788264e-02
4.729999999999975543e-03, -2.491472086746968073e-02
4.739999999999975136e-03, -2.496879729770961481e-02
4.749999999999974729e-03, -2.502288042593029879e-02
4.759999999999974321e-03, -2.507697025610231348e-02
4.769999999999973914e-03, -2.513106679219421699e-02
4.779999999999973506e-03, -2.518517003817258987e-02
4.789999999999973099e-03, -2.523927999800200730e-02
4.799999999999972691e-03, -2.529339667564501487e-02
4.809999999999972284e-03, -2.534752007506219096e-02
4.819999999999971876e-03, -2.540165020021210515e-02
4.829999999999971469e-03, -2.545578705505133557e-02
4.839999999999971061e-03, -2.550993064353448275e-02
4.849999999999970654e-03, -2.556408096961414883e-02
4.859999999999970247e-03, -2.561823803724096182e-02
4.869999999999969839e-03, -2.567240185036356870e-02
4.879999999999969432e-03, -2.572657241292863883e-02
4.889999999999969024e-03, -2.578074972888087096e-02
4.899999999999968617e-03, -2.583493380216300705e-02
4.909999999999968209e-03, -2.588912463671580108e-02
4.919999999999967802e-03, -2.594332223647805372e-02
4.929999999999967394e-03, -2.599752660538661928e-02
4.939999999999966987e-03, -2.605173774737637102e-02
4.949999999999966580e-03, -2.610595566638025319e-02
4.959999999999966172e-03, -2.616018036632924981e-02
4.969999999999965765e-03, -2.621441185115239852e-02
4.979999999999965357e-03, -2.626865012477679409e-02
4.989999999999964950e-03, -2.632289519112759532e-02
4.999999999999964542e-03, -2.637714705412802854e-02
5.009999999999964135e-03, -2.643140571769937719e-02
6.009999999999964156e-03, -3.200446917075353698e-02
7.009999999999964176e-03, -3.765491912057472579e-02
8.009999999999965065e-03, -4.338952303835434676e-02
9.009999999999965953e-03, -4.921048723623638876e-02
1.000999999999996684e-02, -5.511952411599087276e-02
1.100999999999996773e-02, -6.111603668755805768e-02
1.200999999999996862e-02, -6.720088199586865541e-02
1.300999999999996951e-02, -7.337510209357582525e-02
1.400999999999997039e-02, -7.963767830911126777e-02
1.500999999999997128e-02, -8.599164992780251870e-02
1.600999999999997217e-02, -9.243983682302439608e-02
1.700999999999997306e-02, -9.898500654610287164e-02
1.800999999999997395e-02, -1.056299454221039102e-01
1.900999999999997483e-02, -1.123774927648012179e-01
2.000999999999997572e-02, -1.192305591258255165e-01
2.100999999999997661e-02, -1.261921370636714668e-01
2.200999999999997750e-02, -1.332653082258095367e-01
2.300999999999997839e-02, -1.404532485660114627e-01
2.400999999999997928e-02, -1.477592326216266294e-01
2.500999999999998016e-02, -1.551866373406742827e-01
2.600999999999998105e-02, -1.627389457272057915e-01
2.700999999999998194e-02, -1.704197504561363874e-01
2.800999999999998283e-02, -1.782327575446845114e-01
2.900999999999998372e-02, -1.861817901317022739e-01
3.000999999999998460e-02, -1.942707923957530947e-01
3.100999999999998549e-02, -2.025038336310280296e-01
3.200999999999998291e-02, -2.108851124933890930e-01
3.300999999999998380e-02, -2.194189614249111853e-01
3.400999999999998469e-02, -2.281097789159150513e-01
3.500999999999998558e-02, -2.369610610268208795e-01
3.600999999999998646e-02, -2.459760622407026753e-01
3.700999999999998735e-02, -2.551580775619654018e-01
3.800999999999998824e-02, -2.645095804724468258e-01
3.900999999999998913e-02, -2.740337254950490631e-01
4.000999999999999002e-02, -2.837343639070358803e-01
4.100999999999999091e-02, -2.936154621337901949e-01
4.200999999999999179e-02, -3.036811035654072843e-01
4.300999999999999268e-02, -3.139354905230371529e-01
4.400999999999999357e-02, -3.243829463715908745e-01
4.500999999999999446e-02, -3.350279177739066139e-01
4.600999999999999535e-02, -3.458749770808355328e-01
4.700999999999999623e-02, -3.569288248515865569e-01
4.800999999999999712e-02, -3.681942924988221844e-01
4.900999999999999801e-02, -3.796763450532907314e-01
5.000999999999999890e-02, -3.913800840431358452e-01
5.100999999999999979e-02, -4.033107504833821633e-01
5.201000000000000068e-02, -4.151799356841455180e-01
5.301000000000000156e-02, -4.223461004712503186e-01
5.401000000000000245e-02, -4.296903293620812359e-01
5.501000000000000334e-02, 2.900000000000000000e+02
5.601000000000000423e-02, -1.393689182317128447e-02
5.701000000000000512e-02, -1.393713680653421542e-02
5.801000000000000600e-02, -1.393738179601867154e-02
5.901000000000000689e-02, -1.393762679162845186e-02
6.001000000000000778e-02, -1.393787179335847712e-02
6.101000000000000867e-02, -1.393811680121078388e-02
6.201000000000000956e-02, -1.393836181518559938e-02
6.301000000000001044e-02, -1.393860683528319599e-02
6.401000000000001133e-02, -1.393885186150380963e-02
6.501000000000001222e-02, -1.393909689384591200e-02
6.601000000000001311e-02, -1.393934193231330040e-02
6.701000000000001400e-02, -1.393958697690446391e-02
6.801000000000001489e-02, -1.393983202762319115e-02
6.901000000000001577e-02, -1.394007708446084841e-02
7.001000000000001666e-02, -1.394032214742478397e-02
7.101000000000001755e-02, -1.394056721651349730e-02
7.201000000000001844e-02, -1.394081229172720870e-02
7.301000000000001933e-02, -1.394105737306617319e-02
7.401000000000002021e-02, -1.394130246053065098e-02
7.501000000000002110e-02, -1.394154755412088838e-02
7.601000000000002199e-02, -1.394179265383710918e-02
7.701000000000002288e-02, -1.394203775967957706e-02
7.801000000000002377e-02, -1.394228287164856264e-02
7.901000000000002466e-02, -1.394252798974427755e-02
8.001000000000002554e-02, -1.394277311396521085e-02
8.101000000000002643e-02, -1.394301824431695702e-02
8.201000000000002732e-02, -1.394326338079618366e-02
8.301000000000002821e-02, -1.394350852339959132e-02
8.401000000000002910e-02, -1.394375367213276755e-02
8.501000000000002998e-02, -1.394399882699418405e-02
8.601000000000003087e-02, -1.394424398798406982e-02
8.701000000000003176e-02, -1.394448915510269199e-02
8.801000000000003265e-02, -1.394473432835207846e-02
8.901000000000003354e-02, -1.394497950772713435e-02
9.001000000000003443e-02, -1.394522469323343332e-02
9.101000000000003531e-02, -1.394546988486769154e-02
9.201000000000003620e-02, -1.394571508263368030e-02
9.301000000000003709e-02, -1.394596028653167716e-02
9.401000000000003798e-02, -1.394620549655658202e-02
9.501000000000003887e-02, -1.394645071271575359e-02
9.601000000000003975e-02, -1.394669593500232931e-02
9.701000000000004064e-02, -1.394694116342544941e-02
9.801000000000004153e-02, -1.394718639797469517e-02
9.901000000000004242e-02, -1.394743163865741487e-02
1.000100000000000433e-01, -1.394767688547208714e-02
1.010100000000000442e-01, -1.394792213841895834e-02
1.020100000000000451e-01, -1.394816739749828172e-02
1.030100000000000460e-01, -1.394841266271029494e-02
1.040100000000000469e-01, -1.394865793405702242e-02
1.050100000000000477e-01, -1.394890321153338837e-02
1.060100000000000486e-01, -1.394914849514496645e-02
1.070100000000000495e-01, -1.394939378489199605e-02
1.080100000000000504e-01, -1.394963908076941872e-02
1.090100000000000513e-01, -1.394988438278278904e-02
1.100100000000000522e-01, -1.395012969092880237e-02
1.110100000000000531e-01, -1.395037500521303583e-02
1.120100000000000540e-01, -1.395062032563042058e-02
1.130100000000000549e-01, 9.562784889321676474e+00
