0.000000000000000000e+00, 0.000000000000000000e+00
1.000000000000000021e-03, 5.423765118947811074e-08
2.000000000000000042e-03, 1.627132941294809407e-07
3.000000000000000062e-03, 3.254272696978116982e-07
4.000000000000000083e-03, 5.423799190887380179e-07
5.000000000000000104e-03, 8.135715838127002372e-07
6.000000000000000125e-03, 1.139002605696020785e-06
7.000000000000000146e-03, 1.518673326880613755e-06
8.000000000000000167e-03, 1.952584089823695431e-06
9.000000000000001055e-03, 2.440735237297494922e-06
1.000000000000000194e-02, 2.983127112388966805e-06
1.100000000000000283e-02, 3.579760058499502707e-06
1.200000000000000372e-02, 4.230634419344644380e-06
1.300000000000000461e-02, 4.935750538953797396e-06
1.400000000000000550e-02, 5.695108761669946124e-06
1.500000000000000638e-02, 6.508709432149367859e-06
1.600000000000000727e-02, 7.376552895361347366e-06
1.700000000000000816e-02, 8.298639496587897365e-06
1.800000000000000905e-02, 9.274969581423467993e-06
1.900000000000000994e-02, 1.030554349577467152e-05
2.000000000000001082e-02, 1.139036158585999607e-05
2.100000000000001171e-02, 1.252942419820952605e-05
2.200000000000001260e-02, 1.372273167966466269e-05
2.300000000000001349e-02, 1.497028437737783940e-05
2.400000000000001438e-02, 1.627208263881224566e-05
2.500000000000001527e-02, 1.762812681174154918e-05
2.600000000000001615e-02, 1.903841724424961467e-05
2.700000000000001704e-02, 2.050295428473023114e-05
2.800000000000001793e-02, 2.202173828188682555e-05
2.900000000000001882e-02, 2.359476958473219520e-05
3.000000000000001971e-02, 2.522204854258822986e-05
3.100000000000002059e-02, 2.690357550508563396e-05
3.200000000000002148e-02, 2.863935082216365893e-05
3.300000000000002237e-02, 3.042937484406981521e-05
3.400000000000002326e-02, 3.227364792135961136e-05
3.500000000000002415e-02, 3.417217040489627962e-05
3.600000000000002504e-02, 3.612494264585049808e-05
3.700000000000002592e-02, 3.813196499570011965e-05
3.800000000000002681e-02, 4.019323780622991452e-05
3.900000000000002770e-02, 4.230876142953127206e-05
4.000000000000002859e-02, 4.447853621800196359e-05
4.100000000000002948e-02, 4.670256252434585106e-05
4.200000000000003036e-02, 4.898084070157261596e-05
4.300000000000003125e-02, 5.131337110299751539e-05
4.400000000000003214e-02, 5.370015408224108389e-05
4.500000000000003303e-02, 5.614118999322888275e-05
4.600000000000003392e-02, 5.863647919019124245e-05
4.700000000000003481e-02, 6.118602202766297137e-05
4.800000000000003569e-02, 6.378981886048311855e-05
4.900000000000003658e-02, 6.644787004379468232e-05
5.000000000000003747e-02, 6.916017593304435961e-05
1.500000000000000500e-01, 8.833363470611149551e-04
2.500000000000000555e-01, 2.240879941695062515e-03
3.500000000000000888e-01, 4.142235391134377678e-03
4.500000000000000666e-01, 6.587865197398613121e-03
5.500000000000000444e-01, 9.273274987828743904e-03
6.500000000000000222e-01, 1.196095725597246320e-02
7.500000000000000000e-01, 1.465100575361057145e-02
8.499999999999999778e-01, 1.734350834703320826e-02
9.499999999999999556e-01, 2.003854625130116474e-02
1.050000000000000044e+00, 2.273619376820565016e-02
1.150000000000000133e+00, 2.543651929115832433e-02
1.250000000000000222e+00, 2.813958577711705641e-02
1.350000000000000311e+00, 3.084545209057328041e-02
1.450000000000000400e+00, 3.355417491567053850e-02
1.550000000000000488e+00, 3.626580957249540133e-02
1.650000000000000577e+00, 3.898041006606285663e-02
1.750000000000000666e+00, 4.169802914239869457e-02
1.850000000000000755e+00, 4.441871628959071644e-02
1.950000000000000844e+00, 4.714251761508572725e-02
2.050000000000000711e+00, 4.986947624777762073e-02
2.150000000000000799e+00, 5.259963249141104413e-02
2.250000000000000888e+00, 5.533302464237280227e-02
2.350000000000000977e+00, 5.806969013406845098e-02
2.450000000000001066e+00, 6.080966596841144017e-02
2.550000000000001155e+00, 6.355298871376670322e-02
2.650000000000001243e+00, 6.629969450729425451e-02
2.750000000000001332e+00, 6.904981906039192596e-02
2.850000000000001421e+00, 7.180339766630110254e-02
2.950000000000001510e+00, 7.456046520919609732e-02
3.050000000000001599e+00, 7.732105617426107691e-02
3.150000000000001688e+00, 8.008520342654099067e-02
3.250000000000001776e+00, 8.285293790375845846e-02
3.350000000000001865e+00, 8.562428887146344980e-02
3.450000000000001954e+00, 8.839928398120350250e-02
3.550000000000002043e+00, 9.117794972356484118e-02
3.650000000000002132e+00, 9.396031217010245018e-02
3.750000000000002220e+00, 9.674639728741527001e-02
3.850000000000002309e+00, 9.953623093099397967e-02
3.950000000000002398e+00, 1.023298388406487514e-01
4.050000000000002487e+00, 1.051272466372298597e-01
4.150000000000002132e+00, 1.079284798204080825e-01
4.250000000000001776e+00, 1.107335637673255435e-01
4.350000000000001421e+00, 1.135425237319616504e-01
4.450000000000001066e+00, 1.163553848450867706e-01
4.550000000000000711e+00, 1.191721721146985630e-01
4.650000000000000355e+00, 1.219929104268539233e-01
4.750000000000000000e+00, 1.248176245468245321e-01
4.849999999999999645e+00, 1.276463391205157893e-01
4.949999999999999289e+00, 1.304790781066131888e-01
5.049999999999998934e+00, 1.333158641991292193e-01
5.149999999999998579e+00, 1.361567190700852803e-01
5.249999999999998224e+00, 1.390016633941393021e-01
5.349999999999997868e+00, 1.418507170426221986e-01
5.449999999999997513e+00, 1.447038995992198651e-01
5.549999999999997158e+00, 1.475612306481918490e-01
5.649999999999996803e+00, 1.504227297705882094e-01
5.749999999999996447e+00, 1.532884165409728883e-01
5.849999999999996092e+00, 1.561583105245925585e-01
5.949999999999995737e+00, 1.590324312749375468e-01
6.049999999999995381e+00, 1.619107983316485366e-01
6.149999999999995026e+00, 1.647934312187284700e-01
6.249999999999994671e+00, 1.676803494430245123e-01
6.349999999999994316e+00, 1.705715724929489363e-01
6.449999999999993960e+00, 1.734671198374116707e-01
6.549999999999993605e+00, 1.763670109249406703e-01
6.649999999999993250e+00, 1.792712651829689308e-01
6.749999999999992895e+00, 1.821799020172695793e-01
6.849999999999992539e+00, 1.850929408115223329e-01
6.949999999999992184e+00, 1.880104009269969179e-01
7.049999999999991829e+00, 1.909323017023404345e-01
7.149999999999991473e+00, 1.938586624534570091e-01
7.249999999999991118e+00, 1.967895024734696297e-01
7.349999999999990763e+00, 1.997248523875515269e-01
7.449999999999990408e+00, 2.026647333915207461e-01
7.549999999999990052e+00, 2.056091629209846616e-01
7.649999999999989697e+00, 2.085581547946084024e-01
7.749999999999989342e+00, 2.115117149144301045e-01
7.849999999999988987e+00, 2.144698446021431615e-01
7.949999999999988631e+00, 2.174325458264670663e-01
8.049999999999988276e+00, 2.203998211618078129e-01
8.149999999999987921e+00, 2.233716737506274697e-01
8.249999999999987566e+00, 2.263481072691130580e-01
8.349999999999987210e+00, 2.293291258957885215e-01
8.449999999999986855e+00, 2.323147342827593109e-01
8.549999999999986500e+00, 2.353049375293179701e-01
8.649999999999986144e+00, 2.382997411576723013e-01
8.749999999999985789e+00, 2.412991510905866388e-01
8.849999999999985434e+00, 2.443031736307507695e-01
8.949999999999985079e+00, 2.473118154417131009e-01
9.049999999999984723e+00, 2.503250835302323063e-01
9.149999999999984368e+00, 2.533429852299186602e-01
9.249999999999984013e+00, 2.563655281860493518e-01
9.349999999999983658e+00, 2.593927203414548854e-01
9.449999999999983302e+00, 2.624245699233845874e-01
9.549999999999982947e+00, 2.654610854312682844e-01
9.649999999999982592e+00, 2.685022756252992693e-01
9.749999999999982236e+00, 2.715481495157722192e-01
9.849999999999981881e+00, 2.745987163531148356e-01
9.949999999999981526e+00, 2.776539856185588628e-01
1.004999999999998117e+01, 2.807139670154005229e-01
1.014999999999998082e+01, 2.837786704608056820e-01
1.024999999999998046e+01, 2.868481060781184477e-01
1.034999999999998010e+01, 2.899222841896361702e-01
1.044999999999997975e+01, 2.930012153098167094e-01
1.054999999999997939e+01, 2.960849101388870475e-01
1.064999999999997904e+01, 2.991733795568249366e-01
1.074999999999997868e+01, 3.022666346176871577e-01
1.084999999999997833e+01, 3.053646865442611880e-01
1.094999999999997797e+01, 3.084675467230180712e-01
1.104999999999997762e+01, 3.115752266993462305e-01
1.114999999999997726e+01, 3.146877381730479595e-01
1.124999999999997691e+01, 3.178050929940816061e-01
1.134999999999997655e+01, 3.209273031585333502e-01
1.144999999999997620e+01, 3.240543808048045316e-01
1.154999999999997584e+01, 3.271863382100004825e-01
1.164999999999997549e+01, 3.303231877865092647e-01
1.174999999999997513e+01, 3.334649420787577645e-01
1.184999999999997478e+01, 3.366116137601354863e-01
1.194999999999997442e+01, 3.397632156300753326e-01
1.204999999999997407e+01, 3.429197606112825425e-01
1.214999999999997371e+01, 3.460812617471032970e-01
1.224999999999997335e+01, 3.492477321990247185e-01
1.234999999999997300e+01, 3.524191852442991046e-01
1.244999999999997264e+01, 3.555956342736851239e-01
1.254999999999997229e+01, 3.587770927893000339e-01
1.264999999999997193e+01, 3.619635744025763158e-01
1.274999999999997158e+01, 3.651550928323175071e-01
1.284999999999997122e+01, 3.683516619028477934e-01
1.294999999999997087e+01, 3.715532955422502503e-01
1.304999999999997051e+01, 3.747600077806894081e-01
1.314999999999997016e+01, 3.779718127488136958e-01
1.324999999999996980e+01, 3.811887246762335479e-01
1.334999999999996945e+01, 3.844107578900715083e-01
1.344999999999996909e+01, 3.876379268135805578e-01
1.354999999999996874e+01, 3.908702459648276673e-01
1.364999999999996838e+01, 3.941077299554390234e-01
1.374999999999996803e+01, 3.973503934894040412e-01
1.384999999999996767e+01, 4.005982513619353869e-01
1.394999999999996732e+01, 4.038513184583822913e-01
1.404999999999996696e+01, 4.071096097531949898e-01
1.414999999999996660e+01, 4.103731403089372898e-01
1.424999999999996625e+01, 4.136419252753456011e-01
1.434999999999996589e+01, 4.169159798884319867e-01
1.444999999999996554e+01, 4.201953194696295690e-01
1.454999999999996518e+01, 4.234799594249781252e-01
1.464999999999996483e+01, 4.267699152443481525e-01
1.474999999999996447e+01, 4.300652025007017931e-01
1.484999999999996412e+01, 4.333658368493890078e-01
1.494999999999996376e+01, 4.366718340274775012e-01
1.504999999999996341e+01, 4.399832098531148428e-01
1.514999999999996305e+01, 4.432999802249216192e-01
1.524999999999996270e+01, 4.466221611214141740e-01
1.534999999999996234e+01, 4.499497686004559349e-01
1.544999999999996199e+01, 4.532828187987357760e-01
1.554999999999996163e+01, 4.566213279312725803e-01
1.564999999999996128e+01, 4.599653122909451164e-01
1.574999999999996092e+01, 4.633147882480458390e-01
1.584999999999996056e+01, 4.666697722498579504e-01
1.594999999999996021e+01, 4.700302808202547755e-01
1.604999999999996163e+01, 4.733963305593203996e-01
1.614999999999996305e+01, 4.767679381429910657e-01
1.624999999999996447e+01, 4.801451203227163345e-01
1.634999999999996589e+01, 4.835278939251393404e-01
1.644999999999996732e+01, 4.869162758517952549e-01
1.654999999999996874e+01, 4.903102830788277910e-01
1.664999999999997016e+01, 4.937099326567223612e-01
1.674999999999997158e+01, 4.971152417100559995e-01
1.684999999999997300e+01, 5.005262274372630493e-01
1.694999999999997442e+01, 5.039429071104160052e-01
1.704999999999997584e+01, 5.073652980750211761e-01
1.714999999999997726e+01, 5.107934177498286710e-01
1.724999999999997868e+01, 5.142272836266562619e-01
1.734999999999998010e+01, 5.176669132702262921e-01
1.744999999999998153e+01, 5.211123243180153519e-01
1.754999999999998295e+01, 5.245635344801167221e-01
1.764999999999998437e+01, 5.280205615391146967e-01
1.774999999999998579e+01, 5.314834233499702298e-01
1.784999999999998721e+01, 5.349521378399183513e-01
1.794999999999998863e+01, 5.384267230083760181e-01
1.804999999999999005e+01, 5.419071969268607347e-01
1.814999999999999147e+01, 5.453935777389192774e-01
1.824999999999999289e+01, 5.488858836600662983e-01
1.834999999999999432e+01, 5.523841329777327003e-01
1.844999999999999574e+01, 5.558883440512231155e-01
1.854999999999999716e+01, 5.593985353116824877e-01
1.864999999999999858e+01, 5.629147252620713138e-01
1.875000000000000000e+01, 5.664369324771496572e-01
1.885000000000000142e+01, 5.699651756034688210e-01
1.895000000000000284e+01, 5.734994733593719030e-01
1.905000000000000426e+01, 5.770398445350013450e-01
1.915000000000000568e+01, 5.805863079923143655e-01
1.925000000000000711e+01, 5.841388826651057187e-01
1.935000000000000853e+01, 5.876975875590378928e-01
1.945000000000000995e+01, 5.912624417516777475e-01
1.955000000000001137e+01, 5.948334643925400345e-01
1.965000000000001279e+01, 5.984106747031380236e-01
1.975000000000001421e+01, 6.019940919770399024e-01
1.985000000000001563e+01, 6.055837355799319477e-01
1.995000000000001705e+01, 6.091796249496871374e-01
2.005000000000001847e+01, 6.127817795964404235e-01
2.015000000000001990e+01, 6.163902191026695565e-01
2.025000000000002132e+01, 6.200049631232812386e-01
2.035000000000002274e+01, 6.236260313857031612e-01
2.045000000000002416e+01, 6.272534436899813715e-01
2.055000000000002558e+01, 6.308872199088826349e-01
2.065000000000002700e+01, 6.345273799880022381e-01
2.075000000000002842e+01, 6.381739439458766761e-01
2.085000000000002984e+01, 6.418269318741013363e-01
2.095000000000003126e+01, 6.454863639374526230e-01
2.105000000000003268e+01, 6.491522603740151887e-01
2.115000000000003411e+01, 6.528246414953136068e-01
2.125000000000003553e+01, 6.565035276864483738e-01
2.135000000000003695e+01, 6.601889394062364635e-01
2.145000000000003837e+01, 6.638808971873562115e-01
2.155000000000003979e+01, 6.675794216364963063e-01
2.165000000000004121e+01, 6.712845334345087789e-01
2.175000000000004263e+01, 6.749962533365663209e-01
2.185000000000004405e+01, 6.787146021723233780e-01
2.195000000000004547e+01, 6.824396008460811291e-01
2.205000000000004690e+01, 6.861712703369564625e-01
2.215000000000004832e+01, 6.899096316990543931e-01
2.225000000000004974e+01, 6.936547060616442550e-01
2.235000000000005116e+01, 6.974065146293397799e-01
2.245000000000005258e+01, 7.011650786822822834e-01
2.255000000000005400e+01, 7.049304195763275160e-01
2.265000000000005542e+01, 7.087025587432361773e-01
2.275000000000005684e+01, 7.124815176908670944e-01
2.285000000000005826e+01, 7.162673180033747311e-01
2.295000000000005969e+01, 7.200599813414089168e-01
2.305000000000006111e+01, 7.238595294423184612e-01
2.315000000000006253e+01, 7.276659841203576562e-01
2.325000000000006395e+01, 7.314793672668958857e-01
2.335000000000006537e+01, 7.352997008506303445e-01
2.345000000000006679e+01, 7.391270069178017543e-01
2.355000000000006821e+01, 7.429613075924129673e-01
2.365000000000006963e+01, 7.468026250764504548e-01
2.375000000000007105e+01, 7.506509816501091281e-01
2.385000000000007248e+01, 7.545063996720192678e-01
2.395000000000007390e+01, 7.583689015794767840e-01
2.405000000000007532e+01, 7.622385098886761412e-01
2.415000000000007674e+01, 7.661152471949457254e-01
2.425000000000007816e+01, 7.699991361729864314e-01
2.435000000000007958e+01, 7.738901995771124698e-01
2.445000000000008100e+01, 7.777884602414949500e-01
2.455000000000008242e+01, 7.816939410804081279e-01
2.465000000000008384e+01, 7.856066650884782065e-01
2.475000000000008527e+01, 7.895266553409345800e-01
2.485000000000008669e+01, 7.934539349938634079e-01
2.495000000000008811e+01, 7.973885272844644101e-01
2.505000000000008953e+01, 8.013304555313093269e-01
2.515000000000009095e+01, 8.052797431346029322e-01
2.525000000000009237e+01, 8.092364135764471555e-01
2.535000000000009379e+01, 8.132004904211064256e-01
2.545000000000009521e+01, 8.171719973152765659e-01
2.555000000000009663e+01, 8.211509579883552457e-01
2.565000000000009805e+01, 8.251373962527149830e-01
2.575000000000009948e+01, 8.291313360039784808e-01
2.585000000000010090e+01, 8.331328012212962930e-01
2.595000000000010232e+01, 8.371418159676266013e-01
2.605000000000010374e+01, 8.411584043900174334e-01
2.615000000000010516e+01, 8.451825907198906584e-01
2.625000000000010658e+01, 8.492143992733288682e-01
2.635000000000010800e+01, 8.532538544513640355e-01
2.645000000000010942e+01, 8.573009807402682814e-01
2.655000000000011084e+01, 8.613558027118470850e-01
2.665000000000011227e+01, 8.654183450237343811e-01
2.675000000000011369e+01, 8.694886324196898775e-01
2.685000000000011511e+01, 8.735666897298985933e-01
2.695000000000011653e+01, 8.776525418712725068e-01
2.705000000000011795e+01, 8.817462138477538680e-01
2.715000000000011937e+01, 8.858477307506213982e-01
2.725000000000012079e+01, 8.899571177587977111e-01
2.735000000000012221e+01, 8.940744001391592866e-01
2.745000000000012363e+01, 8.981996032468485547e-01
2.755000000000012506e+01, 9.023327525255874226e-01
2.765000000000012648e+01, 9.064738735079937992e-01
2.775000000000012790e+01, 9.106229918158990078e-01
2.785000000000012932e+01, 9.147801331606681963e-01
2.795000000000013074e+01, 9.189453233435220803e-01
2.805000000000013216e+01, 9.231185882558610167e-01
2.815000000000013358e+01, 9.272999538795909658e-01
2.825000000000013500e+01, 9.314894462874514502e-01
2.835000000000013642e+01, 9.356870916433452923e-01
2.845000000000013785e+01, 9.398929162026706807e-01
2.855000000000013927e+01, 9.441069463126549044e-01
2.865000000000014069e+01, 9.483292084126899724e-01
2.875000000000014211e+01, 9.525597290346704549e-01
2.885000000000014353e+01, 9.567985348033331006e-01
2.895000000000014495e+01, 9.610456524365984521e-01
2.905000000000014637e+01, 9.653011087459141271e-01
2.915000000000014779e+01, 9.695649306366003195e-01
2.925000000000014921e+01, 9.738371451081971886e-01
2.935000000000015064e+01, 9.781177792548139127e-01
2.945000000000015206e+01, 9.824068602654800753e-01
2.955000000000015348e+01, 9.867044154244983822e-01
2.965000000000015490e+01, 9.910104721117998228e-01
2.975000000000015632e+01, 9.953250578033003837e-01
2.985000000000015774e+01, 9.996482000671745860e-01
2.995000000000015916e+01, 1.003979924856233996e+00
3.005000000000016058e+01, 1.008320256376609381e+00
3.015000000000016200e+01, 1.012669217230011576e+00
3.025000000000016342e+01, 1.017026828411121686e+00
3.035000000000016485e+01, 1.021393109874155991e+00
3.045000000000016627e+01, 1.025768081358509276e+00
3.055000000000016769e+01, 1.030151762687273154e+00
3.065000000000016911e+01, 1.034544173767067088e+00
3.075000000000017053e+01, 1.038945334587876523e+00
3.085000000000017195e+01, 1.043355265222899009e+00
3.095000000000017337e+01, 1.047773985828397425e+00
3.105000000000017479e+01, 1.052201516643560764e+00
3.115000000000017621e+01, 1.056637877990372454e+00
3.125000000000017764e+01, 1.061083090273484686e+00
3.135000000000017906e+01, 1.065537173980100283e+00
3.145000000000018048e+01, 1.070000149679860790e+00
3.155000000000018190e+01, 1.074472038024741671e+00
3.165000000000018332e+01, 1.078952859748952831e+00
3.175000000000018474e+01, 1.083442635668846465e+00
3.185000000000018616e+01, 1.087941386682830247e+00
3.195000000000018758e+01, 1.092449133771286274e+00
3.205000000000018900e+01, 1.096965897996497130e+00
3.215000000000019043e+01, 1.101491700502575721e+00
3.225000000000019185e+01, 1.106026562515402212e+00
3.235000000000019327e+01, 1.110570505342565628e+00
3.245000000000019469e+01, 1.115123550373311234e+00
3.255000000000019611e+01, 1.119685719078492347e+00
3.265000000000019753e+01, 1.124257033010528373e+00
3.275000000000019895e+01, 1.128837513803367054e+00
3.285000000000020037e+01, 1.133427183172451613e+00
3.295000000000020179e+01, 1.138026062914693437e+00
3.305000000000020322e+01, 1.142634174908448319e+00
3.315000000000020464e+01, 1.147251541113498252e+00
3.325000000000020606e+01, 1.151878183571037217e+00
3.335000000000020748e+01, 1.156514124403661858e+00
3.345000000000020890e+01, 1.161159385815366152e+00
3.355000000000021032e+01, 1.165813990091540076e+00
3.365000000000021174e+01, 1.170477959598973383e+00
3.375000000000021316e+01, 1.175151316785862043e+00
3.385000000000021458e+01, 1.179834084181820453e+00
3.395000000000021600e+01, 1.184526284397895868e+00
3.405000000000021743e+01, 1.189227940126587946e+00
3.415000000000021885e+01, 1.193939074141871615e+00
3.425000000000022027e+01, 1.198659709299223497e+00
3.435000000000022169e+01, 1.203389868535652107e+00
3.445000000000022311e+01, 1.208129574869732270e+00
3.455000000000022453e+01, 1.212878851401641533e+00
3.465000000000022595e+01, 1.217637721313202137e+00
3.475000000000022737e+01, 1.222406207867924310e+00
3.485000000000022879e+01, 1.227184334411054678e+00
3.495000000000023022e+01, 1.231972124369626664e+00
3.505000000000023164e+01, 1.236769601252514450e+00
3.515000000000023306e+01, 1.241576788650491148e+00
3.525000000000023448e+01, 1.246393710236288088e+00
3.535000000000023590e+01, 1.251220389764658991e+00
3.545000000000023732e+01, 1.256056851072446578e+00
3.555000000000023874e+01, 1.260903118078651630e+00
3.565000000000024016e+01, 1.265759214784505593e+00
3.575000000000024158e+01, 1.270625165273545631e+00
3.585000000000024301e+01, 1.275500993711693454e+00
3.595000000000024443e+01, 1.280386724347335248e+00
3.605000000000024585e+01, 1.285282381511406058e+00
3.615000000000024727e+01, 1.290187989617475495e+00
3.625000000000024869e+01, 1.295103573161837218e+00
3.635000000000025011e+01, 1.300029156723599977e+00
3.645000000000025153e+01, 1.304964764964782642e+00
3.655000000000025295e+01, 1.309910422630409910e+00
3.665000000000025437e+01, 1.314866154548612220e+00
3.675000000000025580e+01, 1.319831985630727234e+00
3.685000000000025722e+01, 1.324807940871403522e+00
3.695000000000025864e+01, 1.329794045348707598e+00
3.705000000000026006e+01, 1.334790324224232494e+00
3.715000000000026148e+01, 1.339796802743209003e+00
3.725000000000026290e+01, 1.344813506234618705e+00
3.735000000000026432e+01, 1.349840460111310314e+00
3.745000000000026574e+01, 1.354877689870117141e+00
3.755000000000026716e+01, 1.359925221091977443e+00
3.765000000000026859e+01, 1.364983079442056768e+00
3.775000000000027001e+01, 1.370051290669871857e+00
3.785000000000027143e+01, 1.375129880609417876e+00
3.795000000000027285e+01, 1.380218875179296534e+00
3.805000000000027427e+01, 1.385318300382846868e+00
3.815000000000027569e+01, 1.390428182308278249e+00
3.825000000000027711e+01, 1.395548547128804273e+00
3.835000000000027853e+01, 1.400679421102780431e+00
3.845000000000027995e+01, 1.405820830573842217e+00
3.855000000000028137e+01, 1.410972801971045465e+00
3.865000000000028280e+01, 1.416135361809008897e+00
3.875000000000028422e+01, 1.421308536688059121e+00
3.885000000000028564e+01, 1.426492353294375626e+00
3.895000000000028706e+01, 1.431686838400139994e+00
3.905000000000028848e+01, 1.436892018863684672e+00
3.915000000000028990e+01, 1.442107921629645517e+00
3.925000000000029132e+01, 1.447334573729114338e+00
3.935000000000029274e+01, 1.452572002279794994e+00
3.945000000000029416e+01, 1.457820234486159272e+00
3.955000000000029559e+01, 1.463079297639606091e+00
3.965000000000029701e+01, 1.468349219118621596e+00
3.975000000000029843e+01, 1.473630026388941250e+00
3.985000000000029985e+01, 1.478921747003713261e+00
3.995000000000030127e+01, 1.484224408603664003e+00
4.005000000000030269e+01, 1.489538038917264551e+00
4.015000000000030411e+01, 1.494862665760899434e+00
4.025000000000030553e+01, 1.500198317039036722e+00
4.035000000000030695e+01, 1.505545020744399443e+00
4.045000000000030838e+01, 1.510902804958139223e+00
4.055000000000030980e+01, 1.516271697850010147e+00
4.065000000000031122e+01, 1.521651727678545951e+00
4.075000000000031264e+01, 1.527042922791237212e+00
4.085000000000031406e+01, 1.532445311624710538e+00
4.095000000000031548e+01, 1.537858922704909759e+00
4.105000000000031690e+01, 1.543283784647277557e+00
4.115000000000031832e+01, 1.548719926156939763e+00
4.125000000000031974e+01, 1.554167376028889658e+00
4.135000000000032117e+01, 1.559626163148175149e+00
4.145000000000032259e+01, 1.565096316490086181e+00
4.155000000000032401e+01, 1.570577865120344363e+00
4.165000000000032543e+01, 1.576070838195293700e+00
4.175000000000032685e+01, 1.581575264962092442e+00
4.185000000000032827e+01, 1.587091174758906487e+00
4.195000000000032969e+01, 1.592618597015104553e+00
4.205000000000033111e+01, 1.598157561251453807e+00
4.215000000000033253e+01, 1.603708097080317474e+00
4.225000000000033396e+01, 1.609270234205853800e+00
4.235000000000033538e+01, 1.614844002424216107e+00
4.245000000000033680e+01, 1.620429431623753747e+00
4.255000000000033822e+01, 1.626026551785215268e+00
4.265000000000033964e+01, 1.631635392981951815e+00
4.275000000000034106e+01, 1.637255985380122736e+00
4.285000000000034248e+01, 1.642888359238901641e+00
4.295000000000034390e+01, 1.648532544910684683e+00
4.305000000000034532e+01, 1.654188572841298610e+00
4.315000000000034674e+01, 1.659856473570211932e+00
4.325000000000034817e+01, 1.665536277730744974e+00
4.335000000000034959e+01, 1.671228016050283705e+00
4.345000000000035101e+01, 1.676931719350492900e+00
4.355000000000035243e+01, 1.682647418547530860e+00
4.365000000000035385e+01, 1.688375144652265902e+00
4.375000000000035527e+01, 1.694114928770493300e+00
4.385000000000035669e+01, 1.699866802103154440e+00
4.395000000000035811e+01, 1.705630795946555756e+00
4.405000000000035953e+01, 1.711406941692589445e+00
4.415000000000036096e+01, 1.717195270828955955e+00
4.425000000000036238e+01, 1.722995814939386250e+00
4.435000000000036380e+01, 1.728808605703866741e+00
4.445000000000036522e+01, 1.734633674898864220e+00
4.455000000000036664e+01, 1.740471054397551676e+00
4.465000000000036806e+01, 1.746320776170036781e+00
4.475000000000036948e+01, 1.752182872283589710e+00
4.485000000000037090e+01, 1.758057374902873171e+00
4.495000000000037232e+01, 1.763944316290173120e+00
4.505000000000037375e+01, 1.769843728805630123e+00
4.515000000000037517e+01, 1.775755644907472730e+00
4.525000000000037659e+01, 1.781680097152251507e+00
4.535000000000037801e+01, 1.787617118195073518e+00
4.545000000000037943e+01, 1.793566740789838798e+00
4.555000000000038085e+01, 1.799528997789477280e+00
4.565000000000038227e+01, 1.805503922146186824e+00
4.575000000000038369e+01, 1.811491546911672357e+00
4.585000000000038511e+01, 1.817491905237386352e+00
4.595000000000038654e+01, 1.823505030374769742e+00
4.605000000000038796e+01, 1.829530955675494397e+00
4.615000000000038938e+01, 1.835569714591705814e+00
4.625000000000039080e+01, 1.841621340676267593e+00
4.635000000000039222e+01, 1.847685867583007235e+00
4.645000000000039364e+01, 1.853763329066961285e+00
4.655000000000039506e+01, 1.859853758984623129e+00
4.665000000000039648e+01, 1.865957191294191020e+00
4.675000000000039790e+01, 1.872073660055817435e+00
4.685000000000039933e+01, 1.878203199431858872e+00
4.695000000000040075e+01, 1.884345843687126765e+00
4.705000000000040217e+01, 1.890501627189140166e+00
4.715000000000040359e+01, 1.896670584408377991e+00
4.725000000000040501e+01, 1.902852749918533481e+00
4.735000000000040643e+01, 1.909048158396768891e+00
4.745000000000040785e+01, 1.915256844623971055e+00
4.755000000000040927e+01, 1.921478843485008303e+00
4.765000000000041069e+01, 1.927714189968988245e+00
4.775000000000041211e+01, 1.933962919169516459e+00
4.785000000000041354e+01, 1.940225066284955613e+00
4.795000000000041496e+01, 1.946500666618686148e+00
4.805000000000041638e+01, 1.952789755579367625e+00
4.815000000000041780e+01, 1.959092368681200957e+00
4.825000000000041922e+01, 1.965408541544191312e+00
4.835000000000042064e+01, 1.971738309894412788e+00
4.845000000000042206e+01, 1.978081709564272872e+00
4.855000000000042348e+01, 1.984438776492778223e+00
4.865000000000042490e+01, 1.990809546725801571e+00
4.875000000000042633e+01, 1.997194056416349284e+00
4.885000000000042775e+01, 2.003592341824830037e+00
4.895000000000042917e+01, 2.010004439319323488e+00
4.905000000000043059e+01, 2.016430385375851841e+00
4.915000000000043201e+01, 2.022870216578649405e+00
4.925000000000043343e+01, 2.029323969620435708e+00
4.935000000000043485e+01, 2.035791681302687728e+00
4.945000000000043627e+01, 2.042273388535913448e+00
4.955000000000043769e+01, 2.048769128339926304e+00
4.965000000000043912e+01, 2.055278937844121856e+00
4.975000000000044054e+01, 2.061802854287752229e+00
4.985000000000044196e+01, 2.068340915020204118e+00
4.995000000000044338e+01, 2.074893157501276342e+00
5.005000000000044480e+01, 2.081459619301458730e+00
5.015000000000044622e+01, 2.088040338102211901e+00
5.025000000000044764e+01, 2.094635351696246595e+00
5.035000000000044906e+01, 2.101244697987806553e+00
5.045000000000045048e+01, 2.107868414992948747e+00
5.055000000000045191e+01, 2.114506540839827142e+00
5.065000000000045333e+01, 2.121159113768976034e+00
5.075000000000045475e+01, 2.127826172133595151e+00
5.085000000000045617e+01, 2.134507754399834312e+00
5.095000000000045759e+01, 2.141203899147078982e+00
5.105000000000045901e+01, 2.147914645068238038e+00
5.115000000000046043e+01, 2.154640030970030207e+00
5.125000000000046185e+01, 2.161380095773274501e+00
5.135000000000046327e+01, 2.168134878513177100e+00
5.145000000000046469e+01, 2.174904418339622669e+00
5.155000000000046612e+01, 2.181688754517465245e+00
5.165000000000046754e+01, 2.188487926426818664e+00
5.175000000000046896e+01, 2.195301973563350106e+00
5.185000000000047038e+01, 2.202130935538571865e+00
5.195000000000047180e+01, 2.208974852080136664e+00
5.205000000000047322e+01, 2.215833763032131642e+00
5.215000000000047464e+01, 2.222707708355372791e+00
5.225000000000047606e+01, 2.229596728127702487e+00
5.235000000000047748e+01, 2.236500862544285262e+00
5.245000000000047891e+01, 2.243420151917906669e+00
5.255000000000048033e+01, 2.250354636679269937e+00
5.265000000000048175e+01, 2.257304357377296622e+00
5.275000000000048317e+01, 2.264269354679425916e+00
5.285000000000048459e+01, 2.271249669371914859e+00
5.295000000000048601e+01, 2.278245342360139869e+00
5.305000000000048743e+01, 2.285256414668899172e+00
5.315000000000048885e+01, 2.292282927442715224e+00
5.325000000000049027e+01, 2.299324921946138023e+00
5.335000000000049170e+01, 2.306382439564049758e+00
5.345000000000049312e+01, 2.313455521801969450e+00
5.355000000000049454e+01, 2.320544210286358489e+00
5.365000000000049596e+01, 2.327648546764927495e+00
5.375000000000049738e+01, 2.334768573106942746e+00
5.385000000000049880e+01, 2.341904331303534370e+00
5.395000000000050022e+01, 2.349055863468004546e+00
5.405000000000050164e+01, 2.356223211836137033e+00
5.415000000000050306e+01, 2.363406418766506700e+00
5.425000000000050449e+01, 2.370605526740789948e+00
5.435000000000050591e+01, 2.377820578364076454e+00
5.445000000000050733e+01, 2.385051616365180482e+00
5.455000000000050875e+01, 2.392298683596953968e+00
5.465000000000051017e+01, 2.399561823036599151e+00
5.475000000000051159e+01, 2.406841077785983884e+00
5.485000000000051301e+01, 2.414136491071954271e+00
5.495000000000051443e+01, 2.421448106246651300e+00
5.505000000000051585e+01, 2.428775966787827034e+00
5.515000000000051728e+01, 2.436120116299159921e+00
5.525000000000051870e+01, 2.443480598510573643e+00
5.535000000000052012e+01, 2.450857457278553309e+00
5.545000000000052154e+01, 2.458250736586465646e+00
5.555000000000052296e+01, 2.465660480544876965e+00
5.565000000000052438e+01, 2.473086733391873793e+00
5.575000000000052580e+01, 2.480529539493383506e+00
5.585000000000052722e+01, 2.487988943343494519e+00
5.595000000000052864e+01, 2.495464989564779135e+00
5.605000000000053006e+01, 2.502957722908615068e+00
5.615000000000053149e+01, 2.510467188255509186e+00
5.625000000000053291e+01, 2.517993430615420802e+00
5.635000000000053433e+01, 2.525536495128085868e+00
5.645000000000053575e+01, 2.533096427063342038e+00
5.655000000000053717e+01, 2.540673271821454193e+00
5.665000000000053859e+01, 2.548267074933440401e+00
5.675000000000054001e+01, 2.555877882061398765e+00
5.685000000000054143e+01, 2.563505738998835159e+00
5.695000000000054285e+01, 2.571150691670990529e+00
5.705000000000054428e+01, 2.578812786135169066e+00
5.715000000000054570e+01, 2.586492068581068615e+00
5.725000000000054712e+01, 2.594188585331109298e+00
5.735000000000054854e+01, 2.601902382840764361e+00
5.745000000000054996e+01, 2.609633507698890575e+00
5.755000000000055138e+01, 2.617382006628059976e+00
5.765000000000055280e+01, 2.625147926484892036e+00
5.775000000000055422e+01, 2.632931314260385847e+00
5.785000000000055564e+01, 2.640732217080253630e+00
5.795000000000055707e+01, 2.648550682205254247e+00
5.805000000000055849e+01, 2.656386757031527601e+00
5.815000000000055991e+01, 2.664240489090929476e+00
5.825000000000056133e+01, 2.672111926051366826e+00
5.835000000000056275e+01, 2.680001115717133509e+00
5.845000000000056417e+01, 2.687908106029247790e+00
5.855000000000056559e+01, 2.695832945065787634e+00
5.865000000000056701e+01, 2.703775681042229984e+00
5.875000000000056843e+01, 2.711736362311787385e+00
5.885000000000056986e+01, 2.719715037365748156e+00
5.895000000000057128e+01, 2.727711754833813895e+00
5.905000000000057270e+01, 2.735726563484440099e+00
5.915000000000057412e+01, 2.743759512225176778e+00
5.925000000000057554e+01, 2.751810650103007738e+00
5.935000000000057696e+01, 2.759880026304693423e+00
5.945000000000057838e+01, 2.767967690142431270e+00
5.955000000000057980e+01, 2.776073690606064570e+00
5.965000000000058122e+01, 2.784198076443614056e+00
5.975000000000058265e+01, 2.792340896167262443e+00
5.985000000000058407e+01, 2.800502198051793012e+00
5.995000000000058549e+01, 2.808682030300843735e+00
6.005000000000058691e+01, 2.816880441218582831e+00
6.015000000000058833e+01, 2.825097479242243637e+00
6.025000000000058975e+01, 2.833333192942415479e+00
6.035000000000059117e+01, 2.841587631023336780e+00
6.045000000000059259e+01, 2.849860842323186816e+00
6.055000000000059401e+01, 2.858152875814379712e+00
6.065000000000059543e+01, 2.866463780603856648e+00
6.075000000000059686e+01, 2.874793605933379403e+00
6.085000000000059828e+01, 2.883142401179824788e+00
6.095000000000059970e+01, 2.891510215855479071e+00
6.105000000000060112e+01, 2.899897099608331974e+00
6.115000000000060254e+01, 2.908303102222372427e+00
6.125000000000060396e+01, 2.916728273617883449e+00
6.135000000000060538e+01, 2.925172663851737909e+00
6.145000000000060680e+01, 2.933636323117694733e+00
6.155000000000060822e+01, 2.942119301746695115e+00
6.165000000000060965e+01, 2.950621650207159608e+00
6.175000000000061107e+01, 2.959143419105284778e+00
6.185000000000061249e+01, 2.967684659185340301e+00
6.195000000000061391e+01, 2.976245421329967389e+00
6.205000000000061533e+01, 2.984825756560475440e+00
6.215000000000061675e+01, 2.993425716037141360e+00
6.225000000000061817e+01, 3.002045351059507983e+00
6.235000000000061959e+01, 3.010684713066682505e+00
6.245000000000062101e+01, 3.019343853637635355e+00
6.255000000000062244e+01, 3.028022824491500842e+00
6.265000000000062386e+01, 3.036721677487874693e+00
6.275000000000062528e+01, 3.045440464627116484e+00
6.285000000000062670e+01, 3.054179238050647172e+00
6.295000000000062812e+01, 3.062938050041251969e+00
6.305000000000062954e+01, 3.071716953023379215e+00
6.315000000000063096e+01, 3.080515999563442353e+00
6.325000000000063238e+01, 3.089335242370120138e+00
6.335000000000063380e+01, 3.098174734294659505e+00
6.345000000000063523e+01, 3.107034528331175327e+00
6.355000000000063665e+01, 3.115914677616954176e+00
6.365000000000063807e+01, 3.124815235432754523e+00
6.375000000000063949e+01, 3.133736255203110499e+00
6.385000000000064091e+01, 3.142677790496633872e+00
6.395000000000064233e+01, 3.151639895026316029e+00
6.405000000000063665e+01, 3.160622622649832181e+00
6.415000000000063096e+01, 3.169626027369843779e+00
6.425000000000062528e+01, 3.178650163334301393e+00
6.435000000000061959e+01, 3.187695084836748460e+00
6.445000000000061391e+01, 3.196760846316625049e+00
6.455000000000060822e+01, 3.205847502359572054e+00
6.465000000000060254e+01, 3.214955107697733627e+00
6.475000000000059686e+01, 3.224083717210062705e+00
6.485000000000059117e+01, 3.233233385922625214e+00
6.495000000000058549e+01, 3.242404169008903381e+00
6.505000000000057980e+01, 3.251596121790100824e+00
6.515000000000057412e+01, 3.260809299735448086e+00
6.525000000000056843e+01, 3.270043758462505945e+00
6.535000000000056275e+01, 3.279299553737471395e+00
6.545000000000055707e+01, 3.288576741475481846e+00
6.555000000000055138e+01, 3.297875377740921099e+00
6.565000000000054570e+01, 3.307195518747723550e+00
6.575000000000054001e+01, 3.316537220859681057e+00
6.585000000000053433e+01, 3.325900540590746690e+00
6.595000000000052864e+01, 3.335285534605341162e+00
6.605000000000052296e+01, 3.344692259718658356e+00
6.615000000000051728e+01, 3.354120772896970859e+00
6.625000000000051159e+01, 3.363571131257935498e+00
6.635000000000050591e+01, 3.373043392070899316e+00
6.645000000000050022e+01, 3.382537612757205103e+00
6.655000000000049454e+01, 3.392053850890498268e+00
6.665000000000048885e+01, 3.401592164197031476e+00
6.675000000000048317e+01, 3.411152610555971076e+00
6.685000000000047748e+01, 3.420735247999703965e+00
6.695000000000047180e+01, 3.430340134714141787e+00
6.705000000000046612e+01, 3.439967329039028687e+00
6.715000000000046043e+01, 3.449616889468246406e+00
6.725000000000045475e+01, 3.459288874650120693e+00
6.735000000000044906e+01, 3.468983343387727292e+00
6.745000000000044338e+01, 3.478700354639197467e+00
6.755000000000043769e+01, 3.488439967518024432e+00
6.765000000000043201e+01, 3.498202241293369763e+00
6.775000000000042633e+01, 3.507987235390368497e+00
6.785000000000042064e+01, 3.517795009390435546e+00
6.795000000000041496e+01, 3.527625623031571678e+00
6.805000000000040927e+01, 3.537479136208668606e+00
6.815000000000040359e+01, 3.547355608973815855e+00
6.825000000000039790e+01, 3.557255101536605402e+00
6.835000000000039222e+01, 3.567177674264438547e+00
6.845000000000038654e+01, 3.577123387682829669e+00
6.855000000000038085e+01, 3.587092302475713090e+00
6.865000000000037517e+01, 3.597084479485748609e+00
6.875000000000036948e+01, 3.607099979714625260e+00
6.885000000000036380e+01, 1.360709997971462570e+01
6.895000000000035811e+01, 1.360709997971462570e+01
