0.000000000000000000e+00, 0.000000000000000000e+00
1.000000000000000021e-03, 3.037608733835342554e-04
2.000000000000000042e-03, 6.075217467670685108e-04
3.000000000000000062e-03, 9.112826201506027662e-04
4.000000000000000083e-03, 1.215043493534137022e-03
5.000000000000000104e-03, 1.518804366917671277e-03
6.000000000000000125e-03, 1.822565240301205532e-03
7.000000000000000146e-03, 2.126326113684740005e-03
8.000000000000000167e-03, 2.430086987068274043e-03
9.000000000000001055e-03, 2.733847860451808082e-03
1.000000000000000194e-02, 3.037608733835342120e-03
1.100000000000000283e-02, 3.341369607218876159e-03
1.200000000000000372e-02, 3.645130480602410197e-03
1.300000000000000461e-02, 3.948891353985944236e-03
1.400000000000000550e-02, 4.252652227369478274e-03
1.500000000000000638e-02, 4.556413100753012313e-03
1.600000000000000727e-02, 4.860173974136546352e-03
1.700000000000000816e-02, 5.163934847520080390e-03
1.800000000000000905e-02, 5.467695720903614429e-03
1.900000000000000994e-02, 5.771456594287148467e-03
2.000000000000001082e-02, 6.075217467670682506e-03
2.100000000000001171e-02, 6.378978341054216544e-03
2.200000000000001260e-02, 6.682739214437750583e-03
2.300000000000001349e-02, 6.986500087821284621e-03
2.400000000000001438e-02, 7.290260961204818660e-03
2.500000000000001527e-02, 7.594021834588352698e-03
2.600000000000001615e-02, 7.897782707971886737e-03
2.700000000000001704e-02, 8.201543581355420776e-03
2.800000000000001793e-02, 8.505304454738954814e-03
2.900000000000001882e-02, 8.809065328122488853e-03
3.000000000000001971e-02, 9.112826201506022891e-03
3.100000000000002059e-02, 9.416587074889556930e-03
3.200000000000002148e-02, 9.720347948273090968e-03
3.300000000000002237e-02, 1.002410882165662501e-02
3.400000000000002326e-02, 1.032786969504015905e-02
3.500000000000002415e-02, 1.063163056842369308e-02
3.600000000000002504e-02, 1.093539144180722712e-02
3.700000000000002592e-02, 1.123915231519076116e-02
3.800000000000002681e-02, 1.154291318857429520e-02
3.900000000000002770e-02, 1.184667406195782924e-02
4.000000000000002859e-02, 1.215043493534136328e-02
4.100000000000002948e-02, 1.245419580872489732e-02
4.200000000000003036e-02, 1.275795668210843135e-02
4.300000000000003125e-02, 1.306171755549196539e-02
4.400000000000003214e-02, 1.336547842887549943e-02
4.500000000000003303e-02, 1.366923930225903347e-02
4.600000000000003392e-02, 1.397300017564256751e-02
4.700000000000003481e-02, 1.427676104902610155e-02
4.800000000000003569e-02, 1.458052192240963559e-02
4.900000000000003658e-02, 1.488428279579316962e-02
5.000000000000003747e-02, 1.518804366917670366e-02
1.500000000000000500e-01, 4.556413100753013007e-02
2.500000000000000555e-01, 7.594021834588354780e-02
3.500000000000000888e-01, 1.063163056842369725e-01
4.500000000000000666e-01, 1.366923930225903971e-01
5.500000000000000444e-01, 1.499999999999999944e-01
6.500000000000000222e-01, 1.499999999999999944e-01
7.500000000000000000e-01, 1.499999999999999944e-01
8.499999999999999778e-01, 1.499999999999999944e-01
9.499999999999999556e-01, 1.499999999999999944e-01
1.050000000000000044e+00, 1.499999999999999944e-01
1.150000000000000133e+00, 1.499999999999999944e-01
1.250000000000000222e+00, 1.499999999999999944e-01
1.350000000000000311e+00, 1.499999999999999944e-01
1.450000000000000400e+00, 1.499999999999999944e-01
1.550000000000000488e+00, 1.499999999999999944e-01
1.650000000000000577e+00, 1.499999999999999944e-01
1.750000000000000666e+00, 1.499999999999999944e-01
1.850000000000000755e+00, 1.499999999999999944e-01
1.950000000000000844e+00, 1.499999999999999944e-01
2.050000000000000711e+00, 1.499999999999999944e-01
2.150000000000000799e+00, 1.499999999999999944e-01
2.250000000000000888e+00, 1.499999999999999944e-01
2.350000000000000977e+00, 1.499999999999999944e-01
2.450000000000001066e+00, 1.499999999999999944e-01
2.550000000000001155e+00, 1.499999999999999944e-01
2.650000000000001243e+00, 1.499999999999999944e-01
2.750000000000001332e+00, 1.499999999999999944e-01
2.850000000000001421e+00, 1.499999999999999944e-01
2.950000000000001510e+00, 1.499999999999999944e-01
3.050000000000001599e+00, 1.499999999999999944e-01
3.150000000000001688e+00, 1.499999999999999944e-01
3.250000000000001776e+00, 1.499999999999999944e-01
3.350000000000001865e+00, 1.499999999999999944e-01
3.450000000000001954e+00, 1.499999999999999944e-01
3.550000000000002043e+00, 1.499999999999999944e-01
3.650000000000002132e+00, 1.499999999999999944e-01
3.750000000000002220e+00, 1.499999999999999944e-01
3.850000000000002309e+00, 1.499999999999999944e-01
3.950000000000002398e+00, 1.499999999999999944e-01
4.050000000000002487e+00, 1.499999999999999944e-01
4.150000000000002132e+00, 1.499999999999999944e-01
4.250000000000001776e+00, 1.499999999999999944e-01
4.350000000000001421e+00, 1.499999999999999944e-01
4.450000000000001066e+00, 1.499999999999999944e-01
4.550000000000000711e+00, 1.499999999999999944e-01
4.650000000000000355e+00, 1.499999999999999944e-01
4.750000000000000000e+00, 1.499999999999999944e-01
4.849999999999999645e+00, 1.499999999999999944e-01
4.949999999999999289e+00, 1.499999999999999944e-01
5.049999999999998934e+00, 1.499999999999999944e-01
5.149999999999998579e+00, 1.499999999999999944e-01
5.249999999999998224e+00, 1.499999999999999944e-01
5.349999999999997868e+00, 1.499999999999999944e-01
5.449999999999997513e+00, 1.499999999999999944e-01
5.549999999999997158e+00, 1.499999999999999944e-01
5.649999999999996803e+00, 1.499999999999999944e-01
5.749999999999996447e+00, 1.499999999999999944e-01
5.849999999999996092e+00, 1.499999999999999944e-01
5.949999999999995737e+00, 1.499999999999999944e-01
6.049999999999995381e+00, 1.499999999999999944e-01
6.149999999999995026e+00, 1.499999999999999944e-01
6.249999999999994671e+00, 1.499999999999999944e-01
6.349999999999994316e+00, 1.499999999999999944e-01
6.449999999999993960e+00, 1.499999999999999944e-01
6.549999999999993605e+00, 1.499999999999999944e-01
6.649999999999993250e+00, 1.499999999999999944e-01
6.749999999999992895e+00, 1.499999999999999944e-01
6.849999999999992539e+00, 1.499999999999999944e-01
6.949999999999992184e+00, 1.499999999999999944e-01
7.049999999999991829e+00, 1.499999999999999944e-01
7.149999999999991473e+00, 1.499999999999999944e-01
7.249999999999991118e+00, 1.499999999999999944e-01
7.349999999999990763e+00, 1.499999999999999944e-01
7.449999999999990408e+00, 1.499999999999999944e-01
7.549999999999990052e+00, 1.499999999999999944e-01
7.649999999999989697e+00, 1.499999999999999944e-01
7.749999999999989342e+00, 1.499999999999999944e-01
7.849999999999988987e+00, 1.499999999999999944e-01
7.949999999999988631e+00, 1.499999999999999944e-01
8.049999999999988276e+00, 1.499999999999999944e-01
8.149999999999987921e+00, 1.499999999999999944e-01
8.249999999999987566e+00, 1.499999999999999944e-01
8.349999999999987210e+00, 1.499999999999999944e-01
8.449999999999986855e+00, 1.499999999999999944e-01
8.549999999999986500e+00, 1.499999999999999944e-01
8.649999999999986144e+00, 1.499999999999999944e-01
8.749999999999985789e+00, 1.499999999999999944e-01
8.849999999999985434e+00, 1.499999999999999944e-01
8.949999999999985079e+00, 1.499999999999999944e-01
9.049999999999984723e+00, 1.499999999999999944e-01
9.149999999999984368e+00, 1.499999999999999944e-01
9.249999999999984013e+00, 1.499999999999999944e-01
9.349999999999983658e+00, 1.499999999999999944e-01
9.449999999999983302e+00, 1.499999999999999944e-01
9.549999999999982947e+00, 1.499999999999999944e-01
9.649999999999982592e+00, 1.499999999999999944e-01
9.749999999999982236e+00, 1.499999999999999944e-01
9.849999999999981881e+00, 1.499999999999999944e-01
9.949999999999981526e+00, 1.499999999999999944e-01
1.004999999999998117e+01, 1.499999999999999944e-01
1.014999999999998082e+01, 1.499999999999999944e-01
1.024999999999998046e+01, 1.499999999999999944e-01
1.034999999999998010e+01, 1.499999999999999944e-01
1.044999999999997975e+01, 1.499999999999999944e-01
1.054999999999997939e+01, 1.499999999999999944e-01
1.064999999999997904e+01, 1.499999999999999944e-01
1.074999999999997868e+01, 1.499999999999999944e-01
1.084999999999997833e+01, 1.499999999999999944e-01
1.094999999999997797e+01, 1.499999999999999944e-01
1.104999999999997762e+01, 1.499999999999999944e-01
1.114999999999997726e+01, 1.499999999999999944e-01
1.124999999999997691e+01, 1.499999999999999944e-01
1.134999999999997655e+01, 1.499999999999999944e-01
1.144999999999997620e+01, 1.499999999999999944e-01
1.154999999999997584e+01, 1.499999999999999944e-01
1.164999999999997549e+01, 1.499999999999999944e-01
1.174999999999997513e+01, 1.499999999999999944e-01
1.184999999999997478e+01, 1.499999999999999944e-01
1.194999999999997442e+01, 1.499999999999999944e-01
1.204999999999997407e+01, 1.499999999999999944e-01
1.214999999999997371e+01, 1.499999999999999944e-01
1.224999999999997335e+01, 1.499999999999999944e-01
1.234999999999997300e+01, 1.499999999999999944e-01
1.244999999999997264e+01, 1.499999999999999944e-01
1.254999999999997229e+01, 1.499999999999999944e-01
1.264999999999997193e+01, 1.499999999999999944e-01
1.274999999999997158e+01, 1.499999999999999944e-01
1.284999999999997122e+01, 1.499999999999999944e-01
1.294999999999997087e+01, 1.499999999999999944e-01
1.304999999999997051e+01, 1.499999999999999944e-01
1.314999999999997016e+01, 1.499999999999999944e-01
1.324999999999996980e+01, 1.499999999999999944e-01
1.334999999999996945e+01, 1.499999999999999944e-01
1.344999999999996909e+01, 1.499999999999999944e-01
1.354999999999996874e+01, 1.499999999999999944e-01
1.364999999999996838e+01, 1.499999999999999944e-01
1.374999999999996803e+01, 1.499999999999999944e-01
1.384999999999996767e+01, 1.499999999999999944e-01
1.394999999999996732e+01, 1.499999999999999944e-01
1.404999999999996696e+01, 1.499999999999999944e-01
1.414999999999996660e+01, 1.499999999999999944e-01
1.424999999999996625e+01, 1.499999999999999944e-01
1.434999999999996589e+01, 1.499999999999999944e-01
1.444999999999996554e+01, 1.499999999999999944e-01
1.454999999999996518e+01, 1.499999999999999944e-01
1.464999999999996483e+01, 1.499999999999999944e-01
1.474999999999996447e+01, 1.499999999999999944e-01
1.484999999999996412e+01, 1.499999999999999944e-01
1.494999999999996376e+01, 1.499999999999999944e-01
1.504999999999996341e+01, 1.499999999999999944e-01
1.514999999999996305e+01, 1.499999999999999944e-01
1.524999999999996270e+01, 1.499999999999999944e-01
1.534999999999996234e+01, 1.499999999999999944e-01
1.544999999999996199e+01, 1.499999999999999944e-01
1.554999999999996163e+01, 1.499999999999999944e-01
1.564999999999996128e+01, 1.499999999999999944e-01
1.574999999999996092e+01, 1.499999999999999944e-01
1.584999999999996056e+01, 1.499999999999999944e-01
1.594999999999996021e+01, 1.499999999999999944e-01
1.604999999999996163e+01, 1.499999999999999944e-01
1.614999999999996305e+01, 1.499999999999999944e-01
1.624999999999996447e+01, 1.499999999999999944e-01
1.634999999999996589e+01, 1.499999999999999944e-01
1.644999999999996732e+01, 1.499999999999999944e-01
1.654999999999996874e+01, 1.499999999999999944e-01
1.664999999999997016e+01, 1.499999999999999944e-01
1.674999999999997158e+01, 1.499999999999999944e-01
1.684999999999997300e+01, 1.499999999999999944e-01
1.694999999999997442e+01, 1.499999999999999944e-01
1.704999999999997584e+01, 1.499999999999999944e-01
1.714999999999997726e+01, 1.499999999999999944e-01
1.724999999999997868e+01, 1.499999999999999944e-01
1.734999999999998010e+01, 1.499999999999999944e-01
1.744999999999998153e+01, 1.499999999999999944e-01
1.754999999999998295e+01, 1.499999999999999944e-01
1.764999999999998437e+01, 1.499999999999999944e-01
1.774999999999998579e+01, 1.499999999999999944e-01
1.784999999999998721e+01, 1.499999999999999944e-01
1.794999999999998863e+01, 1.499999999999999944e-01
1.804999999999999005e+01, 1.499999999999999944e-01
1.814999999999999147e+01, 1.499999999999999944e-01
1.824999999999999289e+01, 1.499999999999999944e-01
1.834999999999999432e+01, 1.499999999999999944e-01
1.844999999999999574e+01, 1.499999999999999944e-01
1.854999999999999716e+01, 1.499999999999999944e-01
1.864999999999999858e+01, 1.499999999999999944e-01
1.875000000000000000e+01, 1.499999999999999944e-01
1.885000000000000142e+01, 1.499999999999999944e-01
1.895000000000000284e+01, 1.499999999999999944e-01
1.905000000000000426e+01, 1.499999999999999944e-01
1.915000000000000568e+01, 1.499999999999999944e-01
1.925000000000000711e+01, 1.499999999999999944e-01
1.935000000000000853e+01, 1.499999999999999944e-01
1.945000000000000995e+01, 1.499999999999999944e-01
1.955000000000001137e+01, 1.499999999999999944e-01
1.965000000000001279e+01, 1.499999999999999944e-01
1.975000000000001421e+01, 1.499999999999999944e-01
1.985000000000001563e+01, 1.499999999999999944e-01
1.995000000000001705e+01, 1.499999999999999944e-01
2.005000000000001847e+01, 1.499999999999999944e-01
2.015000000000001990e+01, 1.499999999999999944e-01
2.025000000000002132e+01, 1.499999999999999944e-01
2.035000000000002274e+01, 1.499999999999999944e-01
2.045000000000002416e+01, 1.499999999999999944e-01
2.055000000000002558e+01, 1.499999999999999944e-01
2.065000000000002700e+01, 1.499999999999999944e-01
2.075000000000002842e+01, 1.499999999999999944e-01
2.085000000000002984e+01, 1.499999999999999944e-01
2.095000000000003126e+01, 1.499999999999999944e-01
2.105000000000003268e+01, 1.499999999999999944e-01
2.115000000000003411e+01, 1.499999999999999944e-01
2.125000000000003553e+01, 1.499999999999999944e-01
2.135000000000003695e+01, 1.499999999999999944e-01
2.145000000000003837e+01, 1.499999999999999944e-01
2.155000000000003979e+01, 1.499999999999999944e-01
2.165000000000004121e+01, 1.499999999999999944e-01
2.175000000000004263e+01, 1.499999999999999944e-01
2.185000000000004405e+01, 1.499999999999999944e-01
2.195000000000004547e+01, 1.499999999999999944e-01
2.205000000000004690e+01, 1.499999999999999944e-01
2.215000000000004832e+01, 1.499999999999999944e-01
2.225000000000004974e+01, 1.499999999999999944e-01
2.235000000000005116e+01, 1.499999999999999944e-01
2.245000000000005258e+01, 1.499999999999999944e-01
2.255000000000005400e+01, 1.499999999999999944e-01
2.265000000000005542e+01, 1.499999999999999944e-01
2.275000000000005684e+01, 1.499999999999999944e-01
2.285000000000005826e+01, 1.499999999999999944e-01
2.295000000000005969e+01, 1.499999999999999944e-01
2.305000000000006111e+01, 1.499999999999999944e-01
2.315000000000006253e+01, 1.499999999999999944e-01
2.325000000000006395e+01, 1.499999999999999944e-01
2.335000000000006537e+01, 1.499999999999999944e-01
2.345000000000006679e+01, 1.499999999999999944e-01
2.355000000000006821e+01, 1.499999999999999944e-01
2.365000000000006963e+01, 1.499999999999999944e-01
2.375000000000007105e+01, 1.499999999999999944e-01
2.385000000000007248e+01, 1.499999999999999944e-01
2.395000000000007390e+01, 1.499999999999999944e-01
2.405000000000007532e+01, 1.499999999999999944e-01
2.415000000000007674e+01, 1.499999999999999944e-01
2.425000000000007816e+01, 1.499999999999999944e-01
2.435000000000007958e+01, 1.499999999999999944e-01
2.445000000000008100e+01, 1.499999999999999944e-01
2.455000000000008242e+01, 1.499999999999999944e-01
2.465000000000008384e+01, 1.499999999999999944e-01
2.475000000000008527e+01, 1.499999999999999944e-01
2.485000000000008669e+01, 1.499999999999999944e-01
2.495000000000008811e+01, 1.499999999999999944e-01
2.505000000000008953e+01, 1.499999999999999944e-01
2.515000000000009095e+01, 1.499999999999999944e-01
2.525000000000009237e+01, 1.499999999999999944e-01
2.535000000000009379e+01, 1.499999999999999944e-01
2.545000000000009521e+01, 1.499999999999999944e-01
2.555000000000009663e+01, 1.499999999999999944e-01
2.565000000000009805e+01, 1.499999999999999944e-01
2.575000000000009948e+01, 1.499999999999999944e-01
2.585000000000010090e+01, 1.499999999999999944e-01
2.595000000000010232e+01, 1.499999999999999944e-01
2.605000000000010374e+01, 1.499999999999999944e-01
2.615000000000010516e+01, 1.499999999999999944e-01
2.625000000000010658e+01, 1.499999999999999944e-01
2.635000000000010800e+01, 1.499999999999999944e-01
2.645000000000010942e+01, 1.499999999999999944e-01
2.655000000000011084e+01, 1.499999999999999944e-01
2.665000000000011227e+01, 1.499999999999999944e-01
2.675000000000011369e+01, 1.499999999999999944e-01
2.685000000000011511e+01, 1.499999999999999944e-01
2.695000000000011653e+01, 1.499999999999999944e-01
2.705000000000011795e+01, 1.499999999999999944e-01
2.715000000000011937e+01, 1.499999999999999944e-01
2.725000000000012079e+01, 1.499999999999999944e-01
2.735000000000012221e+01, 1.499999999999999944e-01
2.745000000000012363e+01, 1.499999999999999944e-01
2.755000000000012506e+01, 1.499999999999999944e-01
2.765000000000012648e+01, 1.499999999999999944e-01
2.775000000000012790e+01, 1.499999999999999944e-01
2.785000000000012932e+01, 1.499999999999999944e-01
2.795000000000013074e+01, 1.499999999999999944e-01
2.805000000000013216e+01, 1.499999999999999944e-01
2.815000000000013358e+01, 1.499999999999999944e-01
2.825000000000013500e+01, 1.499999999999999944e-01
2.835000000000013642e+01, 1.499999999999999944e-01
2.845000000000013785e+01, 1.499999999999999944e-01
2.855000000000013927e+01, 1.499999999999999944e-01
2.865000000000014069e+01, 1.499999999999999944e-01
2.875000000000014211e+01, 1.499999999999999944e-01
2.885000000000014353e+01, 1.499999999999999944e-01
2.895000000000014495e+01, 1.499999999999999944e-01
2.905000000000014637e+01, 1.499999999999999944e-01
2.915000000000014779e+01, 1.499999999999999944e-01
2.925000000000014921e+01, 1.499999999999999944e-01
2.935000000000015064e+01, 1.499999999999999944e-01
2.945000000000015206e+01, 1.499999999999999944e-01
2.955000000000015348e+01, 1.499999999999999944e-01
2.965000000000015490e+01, 1.499999999999999944e-01
2.975000000000015632e+01, 1.499999999999999944e-01
2.985000000000015774e+01, 1.499999999999999944e-01
2.995000000000015916e+01, 1.499999999999999944e-01
3.005000000000016058e+01, 1.499999999999999944e-01
3.015000000000016200e+01, 1.499999999999999944e-01
3.025000000000016342e+01, 1.499999999999999944e-01
3.035000000000016485e+01, 1.499999999999999944e-01
3.045000000000016627e+01, 1.499999999999999944e-01
3.055000000000016769e+01, 1.499999999999999944e-01
3.065000000000016911e+01, 1.499999999999999944e-01
3.075000000000017053e+01, 1.499999999999999944e-01
3.085000000000017195e+01, 1.499999999999999944e-01
3.095000000000017337e+01, 1.499999999999999944e-01
3.105000000000017479e+01, 1.499999999999999944e-01
3.115000000000017621e+01, 1.499999999999999944e-01
3.125000000000017764e+01, 1.499999999999999944e-01
3.135000000000017906e+01, 1.499999999999999944e-01
3.145000000000018048e+01, 1.499999999999999944e-01
3.155000000000018190e+01, 1.499999999999999944e-01
3.165000000000018332e+01, 1.499999999999999944e-01
3.175000000000018474e+01, 1.499999999999999944e-01
3.185000000000018616e+01, 1.499999999999999944e-01
3.195000000000018758e+01, 1.499999999999999944e-01
3.205000000000018900e+01, 1.499999999999999944e-01
3.215000000000019043e+01, 1.499999999999999944e-01
3.225000000000019185e+01, 1.499999999999999944e-01
3.235000000000019327e+01, 1.499999999999999944e-01
3.245000000000019469e+01, 1.499999999999999944e-01
3.255000000000019611e+01, 1.499999999999999944e-01
3.265000000000019753e+01, 1.499999999999999944e-01
3.275000000000019895e+01, 1.499999999999999944e-01
3.285000000000020037e+01, 1.499999999999999944e-01
3.295000000000020179e+01, 1.499999999999999944e-01
3.305000000000020322e+01, 1.499999999999999944e-01
3.315000000000020464e+01, 1.499999999999999944e-01
3.325000000000020606e+01, 1.499999999999999944e-01
3.335000000000020748e+01, 1.499999999999999944e-01
3.345000000000020890e+01, 1.499999999999999944e-01
3.355000000000021032e+01, 1.499999999999999944e-01
3.365000000000021174e+01, 1.499999999999999944e-01
3.375000000000021316e+01, 1.499999999999999944e-01
3.385000000000021458e+01, 1.499999999999999944e-01
3.395000000000021600e+01, 1.499999999999999944e-01
3.405000000000021743e+01, 1.499999999999999944e-01
3.415000000000021885e+01, 1.499999999999999944e-01
3.425000000000022027e+01, 1.499999999999999944e-01
3.435000000000022169e+01, 1.499999999999999944e-01
3.445000000000022311e+01, 1.499999999999999944e-01
3.455000000000022453e+01, 1.499999999999999944e-01
3.465000000000022595e+01, 1.499999999999999944e-01
3.475000000000022737e+01, 1.499999999999999944e-01
3.485000000000022879e+01, 1.499999999999999944e-01
3.495000000000023022e+01, 1.499999999999999944e-01
3.505000000000023164e+01, 1.499999999999999944e-01
3.515000000000023306e+01, 1.499999999999999944e-01
3.525000000000023448e+01, 1.499999999999999944e-01
3.535000000000023590e+01, 1.499999999999999944e-01
3.545000000000023732e+01, 1.499999999999999944e-01
3.555000000000023874e+01, 1.499999999999999944e-01
3.565000000000024016e+01, 1.499999999999999944e-01
3.575000000000024158e+01, 1.499999999999999944e-01
3.585000000000024301e+01, 1.499999999999999944e-01
3.595000000000024443e+01, 1.499999999999999944e-01
3.605000000000024585e+01, 1.499999999999999944e-01
3.615000000000024727e+01, 1.499999999999999944e-01
3.625000000000024869e+01, 1.499999999999999944e-01
3.635000000000025011e+01, 1.499999999999999944e-01
3.645000000000025153e+01, 1.499999999999999944e-01
3.655000000000025295e+01, 1.499999999999999944e-01
3.665000000000025437e+01, 1.499999999999999944e-01
3.675000000000025580e+01, 1.499999999999999944e-01
3.685000000000025722e+01, 1.499999999999999944e-01
3.695000000000025864e+01, 1.499999999999999944e-01
3.705000000000026006e+01, 1.499999999999999944e-01
3.715000000000026148e+01, 1.499999999999999944e-01
3.725000000000026290e+01, 1.499999999999999944e-01
3.735000000000026432e+01, 1.499999999999999944e-01
3.745000000000026574e+01, 1.499999999999999944e-01
3.755000000000026716e+01, 1.499999999999999944e-01
3.765000000000026859e+01, 1.499999999999999944e-01
3.775000000000027001e+01, 1.499999999999999944e-01
3.785000000000027143e+01, 1.499999999999999944e-01
3.795000000000027285e+01, 1.499999999999999944e-01
3.805000000000027427e+01, 1.499999999999999944e-01
3.815000000000027569e+01, 1.499999999999999944e-01
3.825000000000027711e+01, 1.499999999999999944e-01
3.835000000000027853e+01, 1.499999999999999944e-01
3.845000000000027995e+01, 1.499999999999999944e-01
3.855000000000028137e+01, 1.499999999999999944e-01
3.865000000000028280e+01, 1.499999999999999944e-01
3.875000000000028422e+01, 1.499999999999999944e-01
3.885000000000028564e+01, 1.499999999999999944e-01
3.895000000000028706e+01, 1.499999999999999944e-01
3.905000000000028848e+01, 1.499999999999999944e-01
3.915000000000028990e+01, 1.499999999999999944e-01
3.925000000000029132e+01, 1.499999999999999944e-01
3.935000000000029274e+01, 1.499999999999999944e-01
3.945000000000029416e+01, 1.499999999999999944e-01
3.955000000000029559e+01, 1.499999999999999944e-01
3.965000000000029701e+01, 1.499999999999999944e-01
3.975000000000029843e+01, 1.499999999999999944e-01
3.985000000000029985e+01, 1.499999999999999944e-01
3.995000000000030127e+01, 1.499999999999999944e-01
4.005000000000030269e+01, 1.499999999999999944e-01
4.015000000000030411e+01, 1.499999999999999944e-01
4.025000000000030553e+01, 1.499999999999999944e-01
4.035000000000030695e+01, 1.499999999999999944e-01
4.045000000000030838e+01, 1.499999999999999944e-01
4.055000000000030980e+01, 1.499999999999999944e-01
4.065000000000031122e+01, 1.499999999999999944e-01
4.075000000000031264e+01, 1.499999999999999944e-01
4.085000000000031406e+01, 1.499999999999999944e-01
4.095000000000031548e+01, 1.499999999999999944e-01
4.105000000000031690e+01, 1.499999999999999944e-01
4.115000000000031832e+01, 1.499999999999999944e-01
4.125000000000031974e+01, 1.499999999999999944e-01
4.135000000000032117e+01, 1.499999999999999944e-01
4.145000000000032259e+01, 1.499999999999999944e-01
4.155000000000032401e+01, 1.499999999999999944e-01
4.165000000000032543e+01, 1.499999999999999944e-01
4.175000000000032685e+01, 1.499999999999999944e-01
4.185000000000032827e+01, 1.499999999999999944e-01
4.195000000000032969e+01, 1.499999999999999944e-01
4.205000000000033111e+01, 1.499999999999999944e-01
4.215000000000033253e+01, 1.499999999999999944e-01
4.225000000000033396e+01, 1.499999999999999944e-01
4.235000000000033538e+01, 1.499999999999999944e-01
4.245000000000033680e+01, 1.499999999999999944e-01
4.255000000000033822e+01, 1.499999999999999944e-01
4.265000000000033964e+01, 1.499999999999999944e-01
4.275000000000034106e+01, 1.499999999999999944e-01
4.285000000000034248e+01, 1.499999999999999944e-01
4.295000000000034390e+01, 1.499999999999999944e-01
4.305000000000034532e+01, 1.499999999999999944e-01
4.315000000000034674e+01, 1.499999999999999944e-01
4.325000000000034817e+01, 1.499999999999999944e-01
4.335000000000034959e+01, 1.499999999999999944e-01
4.345000000000035101e+01, 1.499999999999999944e-01
4.355000000000035243e+01, 1.499999999999999944e-01
4.365000000000035385e+01, 1.499999999999999944e-01
4.375000000000035527e+01, 1.499999999999999944e-01
4.385000000000035669e+01, 1.499999999999999944e-01
4.395000000000035811e+01, 1.499999999999999944e-01
4.405000000000035953e+01, 1.499999999999999944e-01
4.415000000000036096e+01, 1.499999999999999944e-01
4.425000000000036238e+01, 1.499999999999999944e-01
4.435000000000036380e+01, 1.499999999999999944e-01
4.445000000000036522e+01, 1.499999999999999944e-01
4.455000000000036664e+01, 1.499999999999999944e-01
4.465000000000036806e+01, 1.499999999999999944e-01
4.475000000000036948e+01, 1.499999999999999944e-01
4.485000000000037090e+01, 1.499999999999999944e-01
4.495000000000037232e+01, 1.499999999999999944e-01
4.505000000000037375e+01, 1.499999999999999944e-01
4.515000000000037517e+01, 1.499999999999999944e-01
4.525000000000037659e+01, 1.499999999999999944e-01
4.535000000000037801e+01, 1.499999999999999944e-01
4.545000000000037943e+01, 1.499999999999999944e-01
4.555000000000038085e+01, 1.499999999999999944e-01
4.565000000000038227e+01, 1.499999999999999944e-01
4.575000000000038369e+01, 1.499999999999999944e-01
4.585000000000038511e+01, 1.499999999999999944e-01
4.595000000000038654e+01, 1.499999999999999944e-01
4.605000000000038796e+01, 1.499999999999999944e-01
4.615000000000038938e+01, 1.499999999999999944e-01
4.625000000000039080e+01, 1.499999999999999944e-01
4.635000000000039222e+01, 1.499999999999999944e-01
4.645000000000039364e+01, 1.499999999999999944e-01
4.655000000000039506e+01, 1.499999999999999944e-01
4.665000000000039648e+01, 1.499999999999999944e-01
4.675000000000039790e+01, 1.499999999999999944e-01
4.685000000000039933e+01, 1.499999999999999944e-01
4.695000000000040075e+01, 1.499999999999999944e-01
4.705000000000040217e+01, 1.499999999999999944e-01
4.715000000000040359e+01, 1.499999999999999944e-01
4.725000000000040501e+01, 1.499999999999999944e-01
4.735000000000040643e+01, 1.499999999999999944e-01
4.745000000000040785e+01, 1.499999999999999944e-01
4.755000000000040927e+01, 1.499999999999999944e-01
4.765000000000041069e+01, 1.499999999999999944e-01
4.775000000000041211e+01, 1.499999999999999944e-01
4.785000000000041354e+01, 1.499999999999999944e-01
4.795000000000041496e+01, 1.499999999999999944e-01
4.805000000000041638e+01, 1.499999999999999944e-01
4.815000000000041780e+01, 1.499999999999999944e-01
4.825000000000041922e+01, 1.499999999999999944e-01
4.835000000000042064e+01, 1.499999999999999944e-01
4.845000000000042206e+01, 1.499999999999999944e-01
4.855000000000042348e+01, 1.499999999999999944e-01
4.865000000000042490e+01, 1.499999999999999944e-01
4.875000000000042633e+01, 1.499999999999999944e-01
4.885000000000042775e+01, 1.499999999999999944e-01
4.895000000000042917e+01, 1.499999999999999944e-01
4.905000000000043059e+01, 1.499999999999999944e-01
4.915000000000043201e+01, 1.499999999999999944e-01
4.925000000000043343e+01, 1.499999999999999944e-01
4.935000000000043485e+01, 1.499999999999999944e-01
4.945000000000043627e+01, 1.499999999999999944e-01
4.955000000000043769e+01, 1.499999999999999944e-01
4.965000000000043912e+01, 1.499999999999999944e-01
4.975000000000044054e+01, 1.499999999999999944e-01
4.985000000000044196e+01, 1.499999999999999944e-01
4.995000000000044338e+01, 1.499999999999999944e-01
5.005000000000044480e+01, 1.499999999999999944e-01
5.015000000000044622e+01, 1.499999999999999944e-01
5.025000000000044764e+01, 1.499999999999999944e-01
5.035000000000044906e+01, 1.499999999999999944e-01
5.045000000000045048e+01, 1.499999999999999944e-01
5.055000000000045191e+01, 1.499999999999999944e-01
5.065000000000045333e+01, 1.499999999999999944e-01
5.075000000000045475e+01, 1.499999999999999944e-01
5.085000000000045617e+01, 1.499999999999999944e-01
5.095000000000045759e+01, 1.499999999999999944e-01
5.105000000000045901e+01, 1.499999999999999944e-01
5.115000000000046043e+01, 1.499999999999999944e-01
5.125000000000046185e+01, 1.499999999999999944e-01
5.135000000000046327e+01, 1.499999999999999944e-01
5.145000000000046469e+01, 1.499999999999999944e-01
5.155000000000046612e+01, 1.499999999999999944e-01
5.165000000000046754e+01, 1.499999999999999944e-01
5.175000000000046896e+01, 1.499999999999999944e-01
5.185000000000047038e+01, 1.499999999999999944e-01
5.195000000000047180e+01, 1.499999999999999944e-01
5.205000000000047322e+01, 1.499999999999999944e-01
5.215000000000047464e+01, 1.499999999999999944e-01
5.225000000000047606e+01, 1.499999999999999944e-01
5.235000000000047748e+01, 1.499999999999999944e-01
5.245000000000047891e+01, 1.499999999999999944e-01
5.255000000000048033e+01, 1.499999999999999944e-01
5.265000000000048175e+01, 1.499999999999999944e-01
5.275000000000048317e+01, 1.499999999999999944e-01
5.285000000000048459e+01, 1.499999999999999944e-01
5.295000000000048601e+01, 1.499999999999999944e-01
5.305000000000048743e+01, 1.499999999999999944e-01
5.315000000000048885e+01, 1.499999999999999944e-01
5.325000000000049027e+01, 1.499999999999999944e-01
5.335000000000049170e+01, 1.499999999999999944e-01
5.345000000000049312e+01, 1.499999999999999944e-01
5.355000000000049454e+01, 1.499999999999999944e-01
5.365000000000049596e+01, 1.499999999999999944e-01
5.375000000000049738e+01, 1.499999999999999944e-01
5.385000000000049880e+01, 1.499999999999999944e-01
5.395000000000050022e+01, 1.499999999999999944e-01
5.405000000000050164e+01, 1.499999999999999944e-01
5.415000000000050306e+01, 1.499999999999999944e-01
5.425000000000050449e+01, 1.499999999999999944e-01
5.435000000000050591e+01, 1.499999999999999944e-01
5.445000000000050733e+01, 1.499999999999999944e-01
5.455000000000050875e+01, 1.499999999999999944e-01
5.465000000000051017e+01, 1.499999999999999944e-01
5.475000000000051159e+01, 1.499999999999999944e-01
5.485000000000051301e+01, 1.499999999999999944e-01
5.495000000000051443e+01, 1.499999999999999944e-01
5.505000000000051585e+01, 1.499999999999999944e-01
5.515000000000051728e+01, 1.499999999999999944e-01
5.525000000000051870e+01, 1.499999999999999944e-01
5.535000000000052012e+01, 1.499999999999999944e-01
5.545000000000052154e+01, 1.499999999999999944e-01
5.555000000000052296e+01, 1.499999999999999944e-01
5.565000000000052438e+01, 1.499999999999999944e-01
5.575000000000052580e+01, 1.499999999999999944e-01
5.585000000000052722e+01, 1.499999999999999944e-01
5.595000000000052864e+01, 1.499999999999999944e-01
5.605000000000053006e+01, 1.499999999999999944e-01
5.615000000000053149e+01, 1.499999999999999944e-01
5.625000000000053291e+01, 1.499999999999999944e-01
5.635000000000053433e+01, 1.499999999999999944e-01
5.645000000000053575e+01, 1.499999999999999944e-01
5.655000000000053717e+01, 1.499999999999999944e-01
5.665000000000053859e+01, 1.499999999999999944e-01
5.675000000000054001e+01, 1.499999999999999944e-01
5.685000000000054143e+01, 1.499999999999999944e-01
5.695000000000054285e+01, 1.499999999999999944e-01
5.705000000000054428e+01, 1.499999999999999944e-01
5.715000000000054570e+01, 1.499999999999999944e-01
5.725000000000054712e+01, 1.499999999999999944e-01
5.735000000000054854e+01, 1.499999999999999944e-01
5.745000000000054996e+01, 1.499999999999999944e-01
5.755000000000055138e+01, 1.499999999999999944e-01
5.765000000000055280e+01, 1.499999999999999944e-01
5.775000000000055422e+01, 1.499999999999999944e-01
5.785000000000055564e+01, 1.499999999999999944e-01
5.795000000000055707e+01, 1.499999999999999944e-01
5.805000000000055849e+01, 1.499999999999999944e-01
5.815000000000055991e+01, 1.499999999999999944e-01
5.825000000000056133e+01, 1.499999999999999944e-01
5.835000000000056275e+01, 1.499999999999999944e-01
5.845000000000056417e+01, 1.499999999999999944e-01
5.855000000000056559e+01, 1.499999999999999944e-01
5.865000000000056701e+01, 1.499999999999999944e-01
5.875000000000056843e+01, 1.499999999999999944e-01
5.885000000000056986e+01, 1.499999999999999944e-01
5.895000000000057128e+01, 1.499999999999999944e-01
5.905000000000057270e+01, 1.499999999999999944e-01
5.915000000000057412e+01, 1.499999999999999944e-01
5.925000000000057554e+01, 1.499999999999999944e-01
5.935000000000057696e+01, 1.499999999999999944e-01
5.945000000000057838e+01, 1.499999999999999944e-01
5.955000000000057980e+01, 1.499999999999999944e-01
5.965000000000058122e+01, 1.499999999999999944e-01
5.975000000000058265e+01, 1.499999999999999944e-01
5.985000000000058407e+01, 1.499999999999999944e-01
5.995000000000058549e+01, 1.499999999999999944e-01
6.005000000000058691e+01, 1.499999999999999944e-01
6.015000000000058833e+01, 1.499999999999999944e-01
6.025000000000058975e+01, 1.499999999999999944e-01
6.035000000000059117e+01, 1.499999999999999944e-01
6.045000000000059259e+01, 1.499999999999999944e-01
6.055000000000059401e+01, 1.499999999999999944e-01
6.065000000000059543e+01, 1.499999999999999944e-01
6.075000000000059686e+01, 1.499999999999999944e-01
6.085000000000059828e+01, 1.499999999999999944e-01
6.095000000000059970e+01, 1.499999999999999944e-01
6.105000000000060112e+01, 1.499999999999999944e-01
6.115000000000060254e+01, 1.499999999999999944e-01
6.125000000000060396e+01, 1.499999999999999944e-01
6.135000000000060538e+01, 1.499999999999999944e-01
6.145000000000060680e+01, 1.499999999999999944e-01
6.155000000000060822e+01, 1.499999999999999944e-01
6.165000000000060965e+01, 1.499999999999999944e-01
6.175000000000061107e+01, 1.499999999999999944e-01
6.185000000000061249e+01, 1.499999999999999944e-01
6.195000000000061391e+01, 1.499999999999999944e-01
6.205000000000061533e+01, 1.499999999999999944e-01
6.215000000000061675e+01, 1.499999999999999944e-01
6.225000000000061817e+01, 1.499999999999999944e-01
6.235000000000061959e+01, 1.499999999999999944e-01
6.245000000000062101e+01, 1.499999999999999944e-01
6.255000000000062244e+01, 1.499999999999999944e-01
6.265000000000062386e+01, 1.499999999999999944e-01
6.275000000000062528e+01, 1.499999999999999944e-01
6.285000000000062670e+01, 1.499999999999999944e-01
6.295000000000062812e+01, 1.499999999999999944e-01
6.305000000000062954e+01, 1.499999999999999944e-01
6.315000000000063096e+01, 1.499999999999999944e-01
6.325000000000063238e+01, 1.499999999999999944e-01
6.335000000000063380e+01, 1.499999999999999944e-01
6.345000000000063523e+01, 1.499999999999999944e-01
6.355000000000063665e+01, 1.499999999999999944e-01
6.365000000000063807e+01, 1.499999999999999944e-01
6.375000000000063949e+01, 1.499999999999999944e-01
6.385000000000064091e+01, 1.499999999999999944e-01
6.395000000000064233e+01, 1.499999999999999944e-01
6.405000000000063665e+01, 1.499999999999999944e-01
6.415000000000063096e+01, 1.499999999999999944e-01
6.425000000000062528e+01, 1.499999999999999944e-01
6.435000000000061959e+01, 1.499999999999999944e-01
6.445000000000061391e+01, 1.499999999999999944e-01
6.455000000000060822e+01, 1.499999999999999944e-01
6.465000000000060254e+01, 1.499999999999999944e-01
6.475000000000059686e+01, 1.499999999999999944e-01
6.485000000000059117e+01, 1.499999999999999944e-01
6.495000000000058549e+01, 1.499999999999999944e-01
6.505000000000057980e+01, 1.499999999999999944e-01
6.515000000000057412e+01, 1.499999999999999944e-01
6.525000000000056843e+01, 1.499999999999999944e-01
6.535000000000056275e+01, 1.499999999999999944e-01
6.545000000000055707e+01, 1.499999999999999944e-01
6.555000000000055138e+01, 1.499999999999999944e-01
6.565000000000054570e+01, 1.499999999999999944e-01
6.575000000000054001e+01, 1.499999999999999944e-01
6.585000000000053433e+01, 1.499999999999999944e-01
6.595000000000052864e+01, 1.499999999999999944e-01
6.605000000000052296e+01, 1.499999999999999944e-01
6.615000000000051728e+01, 1.499999999999999944e-01
6.625000000000051159e+01, 1.499999999999999944e-01
6.635000000000050591e+01, 1.499999999999999944e-01
6.645000000000050022e+01, 1.499999999999999944e-01
6.655000000000049454e+01, 1.499999999999999944e-01
6.665000000000048885e+01, 1.499999999999999944e-01
6.675000000000048317e+01, 1.499999999999999944e-01
6.685000000000047748e+01, 1.499999999999999944e-01
6.695000000000047180e+01, 1.499999999999999944e-01
6.705000000000046612e+01, 1.499999999999999944e-01
6.715000000000046043e+01, 1.499999999999999944e-01
6.725000000000045475e+01, 1.499999999999999944e-01
6.735000000000044906e+01, 1.499999999999999944e-01
6.745000000000044338e+01, 1.499999999999999944e-01
6.755000000000043769e+01, 1.499999999999999944e-01
6.765000000000043201e+01, 1.499999999999999944e-01
6.775000000000042633e+01, 1.499999999999999944e-01
6.785000000000042064e+01, 1.499999999999999944e-01
6.795000000000041496e+01, 1.499999999999999944e-01
6.805000000000040927e+01, 1.499999999999999944e-01
6.815000000000040359e+01, 1.499999999999999944e-01
6.825000000000039790e+01, 1.499999999999999944e-01
6.835000000000039222e+01, 1.499999999999999944e-01
6.845000000000038654e+01, 1.499999999999999944e-01
6.855000000000038085e+01, 1.499999999999999944e-01
6.865000000000037517e+01, 1.499999999999999944e-01
6.875000000000036948e+01, 1.499999999999999944e-01
6.885000000000036380e+01, 1.499999999999999944e-01
6.895000000000035811e+01, 1.499999999999999944e-01
