0.000000000000000000e+00, 0.000000000000000000e+00
1.000000000000000021e-03, 5.470632558533024784e-08
2.000000000000000042e-03, 1.641193202598683697e-07
3.000000000000000062e-03, 3.282393278469857519e-07
4.000000000000000083e-03, 5.470666924892528003e-07
5.000000000000000104e-03, 8.206017586481446885e-07
6.000000000000000125e-03, 1.148844871103748139e-06
7.000000000000000146e-03, 1.531796374954468986e-06
8.000000000000000167e-03, 1.969456615616739311e-06
9.000000000000001055e-03, 2.461825938824726915e-06
1.000000000000000194e-02, 3.008904690630043405e-06
1.100000000000000283e-02, 3.610693217401455359e-06
1.200000000000000372e-02, 4.267191865824594216e-06
1.300000000000000461e-02, 4.978400982901667438e-06
1.400000000000000550e-02, 5.744320915951169672e-06
1.500000000000000638e-02, 6.564952012607597723e-06
1.600000000000000727e-02, 7.440294620821159596e-06
1.700000000000000816e-02, 8.370349088857492441e-06
1.800000000000000905e-02, 9.355115765297372012e-06
1.900000000000000994e-02, 1.039459499903643400e-05
2.000000000000001082e-02, 1.148878713928488349e-05
2.100000000000001171e-02, 1.263769253556721547e-05
2.200000000000001260e-02, 1.384131153772193017e-05
2.300000000000001349e-02, 1.509964449590125022e-05
2.400000000000001438e-02, 1.641269176057084109e-05
2.500000000000001527e-02, 1.778045368250952141e-05
2.600000000000001615e-02, 1.920293061280899869e-05
2.700000000000001704e-02, 2.068012290287356950e-05
2.800000000000001793e-02, 2.221203090441985515e-05
2.900000000000001882e-02, 2.379865496947651714e-05
3.000000000000001971e-02, 2.543999545038397927e-05
3.100000000000002059e-02, 2.713605269979414987e-05
3.200000000000002148e-02, 2.888682707067014734e-05
3.300000000000002237e-02, 3.069231891628601555e-05
3.400000000000002326e-02, 3.255252859022646293e-05
3.500000000000002415e-02, 3.446745644638656773e-05
3.600000000000002504e-02, 3.643710283897152053e-05
3.700000000000002592e-02, 3.846146812249634300e-05
3.800000000000002681e-02, 4.054055265178561007e-05
3.900000000000002770e-02, 4.267435678197319246e-05
4.000000000000002859e-02, 4.486288086850196528e-05
4.100000000000002948e-02, 4.710612526712355054e-05
4.200000000000003036e-02, 4.940409033389803932e-05
4.300000000000003125e-02, 5.175677642519372072e-05
4.400000000000003214e-02, 5.416418389768681081e-05
4.500000000000003303e-02, 5.662631310836118835e-05
4.600000000000003392e-02, 5.914316441450813053e-05
4.700000000000003481e-02, 6.171473817372602835e-05
4.800000000000003569e-02, 6.434103474392012913e-05
4.900000000000003658e-02, 6.702205448330227902e-05
5.000000000000003747e-02, 6.975779775039063837e-05
1.500000000000000500e-01, 8.909693680292767861e-04
2.500000000000000555e-01, 2.260243668364976099e-03
3.500000000000000888e-01, 4.178028970443982415e-03
4.500000000000000666e-01, 6.644791772824230544e-03
5.500000000000000444e-01, 9.330246901792481340e-03
6.500000000000000222e-01, 1.201797674235045507e-02
7.500000000000000000e-01, 1.470807479205213895e-02
8.499999999999999778e-01, 1.740062882796244992e-02
9.499999999999999556e-01, 2.009571995744638406e-02
1.050000000000000044e+00, 2.279342235185685683e-02
1.150000000000000133e+00, 2.549380425724089710e-02
1.250000000000000222e+00, 2.819692846740206454e-02
1.350000000000000311e+00, 3.090285374726003259e-02
1.450000000000000400e+00, 3.361163675090563657e-02
1.550000000000000488e+00, 3.632333276902528774e-02
1.650000000000000577e+00, 3.903799577826870537e-02
1.750000000000000666e+00, 4.175567849750552035e-02
1.850000000000000755e+00, 4.447643037115520115e-02
1.950000000000000844e+00, 4.720029744491172075e-02
2.050000000000000711e+00, 4.992732277077198411e-02
2.150000000000000799e+00, 5.265754656123264321e-02
2.250000000000000888e+00, 5.539100706509343663e-02
2.350000000000000977e+00, 5.812774170679912977e-02
2.450000000000001066e+00, 6.086778747909465243e-02
2.550000000000001155e+00, 6.361118094111001264e-02
2.650000000000001243e+00, 6.635795822080393924e-02
2.750000000000001332e+00, 6.910815502047734649e-02
2.850000000000001421e+00, 7.186180662442855083e-02
2.950000000000001510e+00, 7.461894790807686861e-02
3.050000000000001599e+00, 7.737961334806242597e-02
3.150000000000001688e+00, 8.014383579046720218e-02
3.250000000000001776e+00, 8.291164614089070739e-02
3.350000000000001865e+00, 8.568307362171159736e-02
3.450000000000001954e+00, 8.845814583066442804e-02
3.550000000000002043e+00, 9.123688922797158762e-02
3.650000000000002132e+00, 9.401932988318240092e-02
3.750000000000002220e+00, 9.680549376070640699e-02
3.850000000000002309e+00, 9.959540671370444020e-02
3.950000000000002398e+00, 1.023890944795516900e-01
4.050000000000002487e+00, 1.051865826765871481e-01
4.150000000000002132e+00, 1.079878968019177266e-01
4.250000000000001776e+00, 1.107930622300884876e-01
4.350000000000001421e+00, 1.136021042124645830e-01
4.450000000000001066e+00, 1.164150478771980718e-01
4.550000000000000711e+00, 1.192319182296750352e-01
4.650000000000000355e+00, 1.220527401533563761e-01
4.750000000000000000e+00, 1.248775384109405834e-01
4.849999999999999645e+00, 1.277063376457886479e-01
4.949999999999999289e+00, 1.305391618091541750e-01
5.049999999999998934e+00, 1.333760335777287587e-01
5.149999999999998579e+00, 1.362169745984072033e-01
5.249999999999998224e+00, 1.390620055131127630e-01
5.349999999999997868e+00, 1.419111461674520680e-01
5.449999999999997513e+00, 1.447644161452449618e-01
5.549999999999997158e+00, 1.476218350307886562e-01
5.649999999999996803e+00, 1.504834224050871083e-01
5.749999999999996447e+00, 1.533491978425857161e-01
5.849999999999996092e+00, 1.562191809083499083e-01
5.949999999999995737e+00, 1.590933911556347002e-01
6.049999999999995381e+00, 1.619718481237989172e-01
6.149999999999995026e+00, 1.648545713365239807e-01
6.249999999999994671e+00, 1.677415803003016737e-01
6.349999999999994316e+00, 1.706328945031602706e-01
6.449999999999993960e+00, 1.735285334136018043e-01
6.549999999999993605e+00, 1.764285164797265992e-01
6.649999999999993250e+00, 1.793328631285238395e-01
6.749999999999992895e+00, 1.822415927653099343e-01
6.849999999999992539e+00, 1.851547247732979462e-01
6.949999999999992184e+00, 1.880722785132834807e-01
7.049999999999991829e+00, 1.909942733234344103e-01
7.149999999999991473e+00, 1.939207285191724695e-01
7.249999999999991118e+00, 1.968516633931370052e-01
7.349999999999990763e+00, 1.997871086681360653e-01
7.449999999999990408e+00, 2.027270855563397256e-01
7.549999999999990052e+00, 2.056716114774122528e-01
7.649999999999989697e+00, 2.086207002030178170e-01
7.749999999999989342e+00, 2.115743571832741643e-01
7.849999999999988987e+00, 2.145325837548757719e-01
7.949999999999988631e+00, 2.174953819005495392e-01
8.049999999999988276e+00, 2.204627542078068936e-01
8.149999999999987921e+00, 2.234347038313948819e-01
8.249999999999987566e+00, 2.264112344590372972e-01
8.349999999999987210e+00, 2.293923502801112069e-01
8.449999999999986855e+00, 2.323780559569491866e-01
8.549999999999986500e+00, 2.353683565984965587e-01
8.649999999999986144e+00, 2.383632577360860205e-01
8.749999999999985789e+00, 2.413627653011207186e-01
8.849999999999985434e+00, 2.443668856044809712e-01
8.949999999999985079e+00, 2.473756253174914654e-01
9.049999999999984723e+00, 2.503889914543040440e-01
9.149999999999984368e+00, 2.534069913555670461e-01
9.249999999999984013e+00, 2.564296326732662390e-01
9.349999999999983658e+00, 2.594569233566346722e-01
9.449999999999983302e+00, 2.624888716390393895e-01
9.549999999999982947e+00, 2.655254860257626470e-01
9.649999999999982592e+00, 2.685667752826028654e-01
9.749999999999982236e+00, 2.716127484252287561e-01
9.849999999999981881e+00, 2.746634147092263389e-01
9.949999999999981526e+00, 2.777187836207835603e-01
1.004999999999998117e+01, 2.807788648679638843e-01
1.014999999999998082e+01, 2.838436683725228948e-01
1.024999999999998046e+01, 2.869132042622282164e-01
1.034999999999998010e+01, 2.899874828636443413e-01
1.044999999999997975e+01, 2.930665146953494449e-01
1.054999999999997939e+01, 2.961503104615527127e-01
1.064999999999997904e+01, 2.992388810460838711e-01
1.074999999999997868e+01, 3.023322375067292733e-01
1.084999999999997833e+01, 3.054303910698903946e-01
1.094999999999997797e+01, 3.085333531255431971e-01
1.104999999999997762e+01, 3.116411352224781051e-01
1.114999999999997726e+01, 3.147537490638022684e-01
1.124999999999997691e+01, 3.178712065026869094e-01
1.134999999999997655e+01, 3.209935195383440965e-01
1.144999999999997620e+01, 3.241207003122188457e-01
1.154999999999997584e+01, 3.272527611043822837e-01
1.164999999999997549e+01, 3.303897143301142703e-01
1.174999999999997513e+01, 3.335315725366637118e-01
1.184999999999997478e+01, 3.366783484001756865e-01
1.194999999999997442e+01, 3.398300547227756652e-01
1.204999999999997407e+01, 3.429867044298018364e-01
1.214999999999997371e+01, 3.461483105671764871e-01
1.224999999999997335e+01, 3.493148862989089998e-01
1.234999999999997300e+01, 3.524864449047226955e-01
1.244999999999997264e+01, 3.556629997777985830e-01
1.254999999999997229e+01, 3.588445644226299081e-01
1.264999999999997193e+01, 3.620311524529812308e-01
1.274999999999997158e+01, 3.652227775899462014e-01
1.284999999999997122e+01, 3.684194536600992054e-01
1.294999999999997087e+01, 3.716211945937356598e-01
1.304999999999997051e+01, 3.748280144231961875e-01
1.314999999999997016e+01, 3.780399272812710043e-01
1.324999999999996980e+01, 3.812569473996794134e-01
1.334999999999996945e+01, 3.844790891076216299e-01
1.344999999999996909e+01, 3.877063668303986632e-01
1.354999999999996874e+01, 3.909387950880970353e-01
1.364999999999996838e+01, 3.941763884943355056e-01
1.374999999999996803e+01, 3.974191617550701938e-01
1.384999999999996767e+01, 4.006671296674560456e-01
1.394999999999996732e+01, 4.039203071187611460e-01
1.404999999999996696e+01, 4.071787090853322133e-01
1.414999999999996660e+01, 4.104423506316083325e-01
1.424999999999996625e+01, 4.137112469091808187e-01
1.434999999999996589e+01, 4.169854131558974331e-01
1.444999999999996554e+01, 4.202648646950085665e-01
1.454999999999996518e+01, 4.235496169343536677e-01
1.464999999999996483e+01, 4.268396853655862522e-01
1.474999999999996447e+01, 4.301350855634354375e-01
1.484999999999996412e+01, 4.334358331850031165e-01
1.494999999999996376e+01, 4.367419439690944372e-01
1.504999999999996341e+01, 4.400534337355806458e-01
1.514999999999996305e+01, 4.433703183847929052e-01
1.524999999999996270e+01, 4.466926138969458671e-01
1.534999999999996234e+01, 4.500203363315891658e-01
1.544999999999996199e+01, 4.533535018270867800e-01
1.554999999999996163e+01, 4.566921266001220392e-01
1.564999999999996128e+01, 4.600362269452279440e-01
1.574999999999996092e+01, 4.633858192343415783e-01
1.584999999999996056e+01, 4.667409199163816691e-01
1.594999999999996021e+01, 4.701015455168483514e-01
1.604999999999996163e+01, 4.734677126374444156e-01
1.614999999999996305e+01, 4.768394379557169827e-01
1.624999999999996447e+01, 4.802167382247192196e-01
1.634999999999996589e+01, 4.835996302726909279e-01
1.644999999999996732e+01, 4.869881310027574517e-01
1.654999999999996874e+01, 4.903822573926464590e-01
1.664999999999997016e+01, 4.937820264944216553e-01
1.674999999999997158e+01, 4.971874554342329278e-01
1.684999999999997300e+01, 5.005985614120823657e-01
1.694999999999997442e+01, 5.040153617016053245e-01
1.704999999999997584e+01, 5.074378736498668108e-01
1.714999999999997726e+01, 5.108661146771713568e-01
1.724999999999997868e+01, 5.143001022768873831e-01
1.734999999999998010e+01, 5.177398540152841067e-01
1.744999999999998153e+01, 5.211853875313819939e-01
1.754999999999998295e+01, 5.246367205368150932e-01
1.764999999999998437e+01, 5.280938708157055794e-01
1.774999999999998579e+01, 5.315568562245500672e-01
1.784999999999998721e+01, 5.350256946921169154e-01
1.794999999999998863e+01, 5.385004042193541896e-01
1.804999999999999005e+01, 5.419810028793087264e-01
1.814999999999999147e+01, 5.454675088170553021e-01
1.824999999999999289e+01, 5.489599402496350145e-01
1.834999999999999432e+01, 5.524583154660039908e-01
1.844999999999999574e+01, 5.559626528269913104e-01
1.854999999999999716e+01, 5.594729707652654760e-01
1.864999999999999858e+01, 5.629892877853098776e-01
1.875000000000000000e+01, 5.665116224634072495e-01
1.885000000000000142e+01, 5.700399934476312325e-01
1.895000000000000284e+01, 5.735744194578472621e-01
1.905000000000000426e+01, 5.771149192857201182e-01
1.915000000000000568e+01, 5.806615117947296900e-01
1.925000000000000711e+01, 5.842142159201939577e-01
1.935000000000000853e+01, 5.877730506692990797e-01
1.945000000000000995e+01, 5.913380351211362518e-01
1.955000000000001137e+01, 5.949091884267456720e-01
1.965000000000001279e+01, 5.984865298091669450e-01
1.975000000000001421e+01, 6.020700785634957031e-01
1.985000000000001563e+01, 6.056598540569468891e-01
1.995000000000001705e+01, 6.092558757289238125e-01
2.005000000000001847e+01, 6.128581630910933109e-01
2.015000000000001990e+01, 6.164667357274663528e-01
2.025000000000002132e+01, 6.200816132944848569e-01
2.035000000000002274e+01, 6.237028155211137292e-01
2.045000000000002416e+01, 6.273303622089381193e-01
2.055000000000002558e+01, 6.309642732322660041e-01
2.065000000000002700e+01, 6.346045685382363244e-01
2.075000000000002842e+01, 6.382512681469314497e-01
2.085000000000002984e+01, 6.419043921514950846e-01
2.095000000000003126e+01, 6.455639607182545037e-01
2.105000000000003268e+01, 6.492299940868480057e-01
2.115000000000003411e+01, 6.529025125703563637e-01
2.125000000000003553e+01, 6.565815365554393823e-01
2.135000000000003695e+01, 6.602670865024761193e-01
2.145000000000003837e+01, 6.639591829457101024e-01
2.155000000000003979e+01, 6.676578464933982104e-01
2.165000000000004121e+01, 6.713630978279641059e-01
2.175000000000004263e+01, 6.750749577061552209e-01
2.185000000000004405e+01, 6.787934469592042941e-01
2.195000000000004547e+01, 6.825185864929942392e-01
2.205000000000004690e+01, 6.862503972882271208e-01
2.215000000000004832e+01, 6.899889004005966830e-01
2.225000000000004974e+01, 6.937341169609650970e-01
2.235000000000005116e+01, 6.974860681755422620e-01
2.245000000000005258e+01, 7.012447753260697692e-01
2.255000000000005400e+01, 7.050102597700076412e-01
2.265000000000005542e+01, 7.087825429407246247e-01
2.275000000000005684e+01, 7.125616463476919238e-01
2.285000000000005826e+01, 7.163475915766802649e-01
2.295000000000005969e+01, 7.201404002899601808e-01
2.305000000000006111e+01, 7.239400942265054040e-01
2.315000000000006253e+01, 7.277466952021995894e-01
2.325000000000006395e+01, 7.315602251100457032e-01
2.335000000000006537e+01, 7.353807059203791852e-01
2.345000000000006679e+01, 7.392081596810835542e-01
2.355000000000006821e+01, 7.430426085178089002e-01
2.365000000000006963e+01, 7.468840746341939285e-01
2.375000000000007105e+01, 7.507325803120902252e-01
2.385000000000007248e+01, 7.545881479117896307e-01
2.395000000000007390e+01, 7.584507998722544997e-01
2.405000000000007532e+01, 7.623205587113506265e-01
2.415000000000007674e+01, 7.661974470260828340e-01
2.425000000000007816e+01, 7.700814874928333387e-01
2.435000000000007958e+01, 7.739727028676027798e-01
2.445000000000008100e+01, 7.778711159862539137e-01
2.455000000000008242e+01, 7.817767497647577501e-01
2.465000000000008384e+01, 7.856896271994425751e-01
2.475000000000008527e+01, 7.896097713672450835e-01
2.485000000000008669e+01, 7.935372054259642871e-01
2.495000000000008811e+01, 7.974719526145180870e-01
2.505000000000008953e+01, 8.014140362532017337e-01
2.515000000000009095e+01, 8.053634797439491733e-01
2.525000000000009237e+01, 8.093203065705970589e-01
2.535000000000009379e+01, 8.132845402991502048e-01
2.545000000000009521e+01, 8.172562045780503714e-01
2.555000000000009663e+01, 8.212353231384470487e-01
2.565000000000009805e+01, 8.252219197944702378e-01
2.575000000000009948e+01, 8.292160184435060089e-01
2.585000000000010090e+01, 8.332176430664740563e-01
2.595000000000010232e+01, 8.372268177281076973e-01
2.605000000000010374e+01, 8.412435665772359794e-01
2.615000000000010516e+01, 8.452679138470678977e-01
2.625000000000010658e+01, 8.492998838554792762e-01
2.635000000000010800e+01, 8.533395010053013152e-01
2.645000000000010942e+01, 8.573867897846115804e-01
2.655000000000011084e+01, 8.614417747670271019e-01
2.665000000000011227e+01, 8.655044806119996936e-01
2.675000000000011369e+01, 8.695749320651132708e-01
2.685000000000011511e+01, 8.736531539583833883e-01
2.695000000000011653e+01, 8.777391712105586663e-01
2.705000000000011795e+01, 8.818330088274248801e-01
2.715000000000011937e+01, 8.859346919021103828e-01
2.725000000000012079e+01, 8.900442456153940807e-01
2.735000000000012221e+01, 8.941616952360152970e-01
2.745000000000012363e+01, 8.982870661209858554e-01
2.755000000000012506e+01, 9.024203837159038288e-01
2.765000000000012648e+01, 9.065616735552697314e-01
2.775000000000012790e+01, 9.107109612628044859e-01
2.785000000000012932e+01, 9.148682725517693903e-01
2.795000000000013074e+01, 9.190336332252883045e-01
2.805000000000013216e+01, 9.232070691766715020e-01
2.815000000000013358e+01, 9.273886063897417431e-01
2.825000000000013500e+01, 9.315782709391623451e-01
2.835000000000013642e+01, 9.357760889907668078e-01
2.845000000000013785e+01, 9.399820868018911035e-01
2.855000000000013927e+01, 9.441962907217072987e-01
2.865000000000014069e+01, 9.484187271915593964e-01
2.875000000000014211e+01, 9.526494227453010666e-01
2.885000000000014353e+01, 9.568884040096353738e-01
2.895000000000014495e+01, 9.611356977044561711e-01
2.905000000000014637e+01, 9.653913306431919361e-01
2.915000000000014779e+01, 9.696553297331510501e-01
2.925000000000014921e+01, 9.739277219758689652e-01
2.935000000000015064e+01, 9.782085344674578131e-01
2.945000000000015206e+01, 9.824977943989572360e-01
2.955000000000015348e+01, 9.867955290566878812e-01
2.965000000000015490e+01, 9.911017658226057847e-01
2.975000000000015632e+01, 9.954165321746597517e-01
2.985000000000015774e+01, 9.997398556830293659e-01
2.995000000000015916e+01, 1.004071762287744862e+00
3.005000000000016058e+01, 1.008412276166231081e+00
3.015000000000016200e+01, 1.012761419876794688e+00
3.025000000000016342e+01, 1.017119214355989065e+00
3.035000000000016485e+01, 1.021485679533302049e+00
3.045000000000016627e+01, 1.025860835149908334e+00
3.055000000000016769e+01, 1.030244701030675891e+00
3.065000000000016911e+01, 1.034637297083996321e+00
3.075000000000017053e+01, 1.039038643301624099e+00
3.085000000000017195e+01, 1.043448759758522471e+00
3.095000000000017337e+01, 1.047867666612716464e+00
3.105000000000017479e+01, 1.052295384105154996e+00
3.115000000000017621e+01, 1.056731932559577869e+00
3.125000000000017764e+01, 1.061177332382390981e+00
3.135000000000017906e+01, 1.065631604062548643e+00
3.145000000000018048e+01, 1.070094768171441446e+00
3.155000000000018190e+01, 1.074566845362791456e+00
3.165000000000018332e+01, 1.079047856372552960e+00
3.175000000000018474e+01, 1.083537822018820762e+00
3.185000000000018616e+01, 1.088036763201742918e+00
3.195000000000018758e+01, 1.092544700903440802e+00
3.205000000000018900e+01, 1.097061656187933831e+00
3.215000000000019043e+01, 1.101587650201070856e+00
3.225000000000019185e+01, 1.106122704170466431e+00
3.235000000000019327e+01, 1.110666839405442641e+00
3.245000000000019469e+01, 1.115220077296976253e+00
3.255000000000019611e+01, 1.119782439317651868e+00
3.265000000000019753e+01, 1.124353947021618616e+00
3.275000000000019895e+01, 1.128934622044553526e+00
3.285000000000020037e+01, 1.133524486103627993e+00
3.295000000000020179e+01, 1.138123560997481132e+00
3.305000000000020322e+01, 1.142731868606196022e+00
3.315000000000020464e+01, 1.147349430891281274e+00
3.325000000000020606e+01, 1.151976269895657712e+00
3.335000000000020748e+01, 1.156612407743647930e+00
3.345000000000020890e+01, 1.161257866640972081e+00
3.355000000000021032e+01, 1.165912668874746094e+00
3.365000000000021174e+01, 1.170576836813485677e+00
3.375000000000021316e+01, 1.175250392907113195e+00
3.385000000000021458e+01, 1.179933359686969441e+00
3.395000000000021600e+01, 1.184625759765828290e+00
3.405000000000021743e+01, 1.189327615837916463e+00
3.415000000000021885e+01, 1.194038950678936395e+00
3.425000000000022027e+01, 1.198759787146092659e+00
3.435000000000022169e+01, 1.203490148178122832e+00
3.445000000000022311e+01, 1.208230056795330576e+00
3.455000000000022453e+01, 1.212979536099624056e+00
3.465000000000022595e+01, 1.217738609274556127e+00
3.475000000000022737e+01, 1.222507299585369411e+00
3.485000000000022879e+01, 1.227285630379042924e+00
3.495000000000023022e+01, 1.232073625084344259e+00
3.505000000000023164e+01, 1.236871307211882653e+00
3.515000000000023306e+01, 1.241678700354167386e+00
3.525000000000023448e+01, 1.246495828185667287e+00
3.535000000000023590e+01, 1.251322714462875130e+00
3.545000000000023732e+01, 1.256159383024373799e+00
3.555000000000023874e+01, 1.261005857790905571e+00
3.565000000000024016e+01, 1.265862162765445165e+00
3.575000000000024158e+01, 1.270728322033274793e+00
3.585000000000024301e+01, 1.275604359762062323e+00
3.595000000000024443e+01, 1.280490300201942100e+00
3.605000000000024585e+01, 1.285386167685598879e+00
3.615000000000024727e+01, 1.290291986628353982e+00
3.625000000000024869e+01, 1.295207781528254554e+00
3.635000000000025011e+01, 1.300133576966165050e+00
3.645000000000025153e+01, 1.305069397605861603e+00
3.655000000000025295e+01, 1.310015268194128613e+00
3.665000000000025437e+01, 1.314971213560857777e+00
3.675000000000025580e+01, 1.319937258619150455e+00
3.685000000000025722e+01, 1.324913428365421364e+00
3.695000000000025864e+01, 1.329899747879504934e+00
3.705000000000026006e+01, 1.334896242324764559e+00
3.715000000000026148e+01, 1.339902936948203838e+00
3.725000000000026290e+01, 1.344919857080579595e+00
3.735000000000026432e+01, 1.349947028136518234e+00
3.745000000000026574e+01, 1.354984475614632977e+00
3.755000000000026716e+01, 1.360032225097644654e+00
3.765000000000026859e+01, 1.365090302252503829e+00
3.775000000000027001e+01, 1.370158732830515369e+00
3.785000000000027143e+01, 1.375237542667464785e+00
3.795000000000027285e+01, 1.380326757683746797e+00
3.805000000000027427e+01, 1.385426403884496560e+00
3.815000000000027569e+01, 1.390536507359722007e+00
3.825000000000027711e+01, 1.395657094284438626e+00
3.835000000000027853e+01, 1.400788190918806242e+00
3.845000000000027995e+01, 1.405929823608267570e+00
3.855000000000028137e+01, 1.411082018783688774e+00
3.865000000000028280e+01, 1.416244802961502236e+00
3.875000000000028422e+01, 1.421418202743850667e+00
3.885000000000028564e+01, 1.426602244818733212e+00
3.895000000000028706e+01, 1.431796955960153994e+00
3.905000000000028848e+01, 1.437002363028271334e+00
3.915000000000028990e+01, 1.442218492969550070e+00
3.925000000000029132e+01, 1.447445372816914322e+00
3.935000000000029274e+01, 1.452683029689903149e+00
3.945000000000029416e+01, 1.457931490794827312e+00
3.955000000000029559e+01, 1.463190783424927810e+00
3.965000000000029701e+01, 1.468460934960536646e+00
3.975000000000029843e+01, 1.473741972869238026e+00
3.985000000000029985e+01, 1.479033924706032455e+00
3.995000000000030127e+01, 1.484336818113502376e+00
4.005000000000030269e+01, 1.489650680821978268e+00
4.015000000000030411e+01, 1.494975540649707835e+00
4.025000000000030553e+01, 1.500311425503025653e+00
4.035000000000030695e+01, 1.505658363376525033e+00
4.045000000000030838e+01, 1.511016382353231213e+00
4.055000000000030980e+01, 1.516385510604776110e+00
4.065000000000031122e+01, 1.521765776391574843e+00
4.075000000000031264e+01, 1.527157208063002924e+00
4.085000000000031406e+01, 1.532559834057575898e+00
4.095000000000031548e+01, 1.537973682903130301e+00
4.105000000000031690e+01, 1.543398783217005299e+00
4.115000000000031832e+01, 1.548835163706226981e+00
4.125000000000031974e+01, 1.554282853167693323e+00
4.135000000000032117e+01, 1.559741880488360266e+00
4.145000000000032259e+01, 1.565212274645430002e+00
4.155000000000032401e+01, 1.570694064706540605e+00
4.165000000000032543e+01, 1.576187279829956323e+00
4.175000000000032685e+01, 1.581691949264759645e+00
4.185000000000032827e+01, 1.587208102351044925e+00
4.195000000000032969e+01, 1.592735768520113560e+00
4.205000000000033111e+01, 1.598274977294669386e+00
4.215000000000033253e+01, 1.603825758289016523e+00
4.225000000000033396e+01, 1.609388141209258327e+00
4.235000000000033538e+01, 1.614962155853497450e+00
4.245000000000033680e+01, 1.620547832112036790e+00
4.255000000000033822e+01, 1.626145199967582666e+00
4.265000000000033964e+01, 1.631754289495448651e+00
4.275000000000034106e+01, 1.637375130863760520e+00
4.285000000000034248e+01, 1.643007754333662973e+00
4.295000000000034390e+01, 1.648652190259527028e+00
4.305000000000034532e+01, 1.654308469089159628e+00
4.315000000000034674e+01, 1.659976621364013250e+00
4.325000000000034817e+01, 1.665656677719397072e+00
4.335000000000034959e+01, 1.671348668884689914e+00
4.345000000000035101e+01, 1.677052625683554288e+00
4.355000000000035243e+01, 1.682768579034150669e+00
4.365000000000035385e+01, 1.688496559949354214e+00
4.375000000000035527e+01, 1.694236599536971699e+00
4.385000000000035669e+01, 1.699988728999960452e+00
4.395000000000035811e+01, 1.705752979636647515e+00
4.405000000000035953e+01, 1.711529382840950575e+00
4.415000000000036096e+01, 1.717317970102599789e+00
4.425000000000036238e+01, 1.723118773007361382e+00
4.435000000000036380e+01, 1.728931823237261023e+00
4.445000000000036522e+01, 1.734757152570809424e+00
4.455000000000036664e+01, 1.740594792883229047e+00
4.465000000000036806e+01, 1.746444776146681477e+00
4.475000000000036948e+01, 1.752307134430495461e+00
4.485000000000037090e+01, 1.758181899901397172e+00
4.495000000000037232e+01, 1.764069104823741130e+00
4.505000000000037375e+01, 1.769968781559741355e+00
4.515000000000037517e+01, 1.775880962569704735e+00
4.525000000000037659e+01, 1.781805680412264836e+00
4.535000000000037801e+01, 1.787742967744617051e+00
4.545000000000037943e+01, 1.793692857322754630e+00
4.555000000000038085e+01, 1.799655382001705828e+00
4.565000000000038227e+01, 1.805630574735771710e+00
4.575000000000038369e+01, 1.811618468578765739e+00
4.585000000000038511e+01, 1.817619096684253810e+00
4.595000000000038654e+01, 1.823632492305795383e+00
4.605000000000038796e+01, 1.829658688797185739e+00
4.615000000000038938e+01, 1.835697719612699341e+00
4.625000000000039080e+01, 1.841749618307334080e+00
4.635000000000039222e+01, 1.847814418537056191e+00
4.645000000000039364e+01, 1.853892154059046726e+00
4.655000000000039506e+01, 1.859982858731948907e+00
4.665000000000039648e+01, 1.866086566516115708e+00
4.675000000000039790e+01, 1.872203311473859877e+00
4.685000000000039933e+01, 1.878333127769703292e+00
4.695000000000040075e+01, 1.884476049670628317e+00
4.705000000000040217e+01, 1.890632111546330041e+00
4.715000000000040359e+01, 1.896801347869468968e+00
4.725000000000040501e+01, 1.902983793215925035e+00
4.735000000000040643e+01, 1.909179482265052741e+00
4.745000000000040785e+01, 1.915388449799936499e+00
4.755000000000040927e+01, 1.921610730707647985e+00
4.765000000000041069e+01, 1.927846359979503266e+00
4.775000000000041211e+01, 1.934095372711321925e+00
4.785000000000041354e+01, 1.940357804103686190e+00
4.795000000000041496e+01, 1.946633689462201611e+00
4.805000000000041638e+01, 1.952923064197758407e+00
4.815000000000041780e+01, 1.959225963826793482e+00
4.825000000000041922e+01, 1.965542423971553765e+00
4.835000000000042064e+01, 1.971872480360360669e+00
4.845000000000042206e+01, 1.978216168827874544e+00
4.855000000000042348e+01, 1.984573525315360687e+00
4.865000000000042490e+01, 1.990944585870956018e+00
4.875000000000042633e+01, 1.997329386649936644e+00
4.885000000000042775e+01, 2.003727963914986976e+00
4.895000000000042917e+01, 2.010140354036467958e+00
4.905000000000043059e+01, 2.016566593492688853e+00
4.915000000000043201e+01, 2.023006718870176357e+00
4.925000000000043343e+01, 2.029460766863948606e+00
4.935000000000043485e+01, 2.035928774277786957e+00
4.945000000000043627e+01, 2.042410778024509543e+00
4.955000000000043769e+01, 2.048906815126245728e+00
4.965000000000043912e+01, 2.055416922714712324e+00
4.975000000000044054e+01, 2.061941138031489373e+00
4.985000000000044196e+01, 2.068479498428297259e+00
4.995000000000044338e+01, 2.075032041367273816e+00
5.005000000000044480e+01, 2.081598804421254112e+00
5.015000000000044622e+01, 2.088179825274049772e+00
5.025000000000044764e+01, 2.094775141720728762e+00
5.035000000000044906e+01, 2.101384791667897822e+00
5.045000000000045048e+01, 2.108008813133982695e+00
5.055000000000045191e+01, 2.114647244249512781e+00
5.065000000000045333e+01, 2.121300123257403580e+00
5.075000000000045475e+01, 2.127967488513241356e+00
5.085000000000045617e+01, 2.134649378485569127e+00
5.095000000000045759e+01, 2.141345831756171325e+00
5.105000000000045901e+01, 2.148056887020362460e+00
5.115000000000046043e+01, 2.154782583087272663e+00
5.125000000000046185e+01, 2.161522958880137679e+00
5.135000000000046327e+01, 2.168278053436587971e+00
5.145000000000046469e+01, 2.175047905908937818e+00
5.155000000000046612e+01, 2.181832555564476639e+00
5.165000000000046754e+01, 2.188632041785760318e+00
5.175000000000046896e+01, 2.195446404070904300e+00
5.185000000000047038e+01, 2.202275682033875803e+00
5.195000000000047180e+01, 2.209119915404788248e+00
5.205000000000047322e+01, 2.215979144030194803e+00
5.215000000000047464e+01, 2.222853407873385478e+00
5.225000000000047606e+01, 2.229742747014681559e+00
5.235000000000047748e+01, 2.236647201651733585e+00
5.245000000000047891e+01, 2.243566812099818897e+00
5.255000000000048033e+01, 2.250501618792139613e+00
5.265000000000048175e+01, 2.257451662280121507e+00
5.275000000000048317e+01, 2.264416983233714653e+00
5.285000000000048459e+01, 2.271397622441693631e+00
5.295000000000048601e+01, 2.278393620811959064e+00
5.305000000000048743e+01, 2.285405019371839153e+00
5.315000000000048885e+01, 2.292431859268392547e+00
5.325000000000049027e+01, 2.299474181768712988e+00
5.335000000000049170e+01, 2.306532028260231737e+00
5.345000000000049312e+01, 2.313605440251023548e+00
5.355000000000049454e+01, 2.320694459370112650e+00
5.365000000000049596e+01, 2.327799127367778276e+00
5.375000000000049738e+01, 2.334919486115862419e+00
5.385000000000049880e+01, 2.342055577608076700e+00
5.395000000000050022e+01, 2.349207443960312336e+00
5.405000000000050164e+01, 2.356375127410947901e+00
5.415000000000050306e+01, 2.363558670321159738e+00
5.425000000000050449e+01, 2.370758115175232383e+00
5.435000000000050591e+01, 2.377973504580870312e+00
5.445000000000050733e+01, 2.385204881269509247e+00
5.455000000000050875e+01, 2.392452288096629243e+00
5.465000000000051017e+01, 2.399715768042067321e+00
5.475000000000051159e+01, 2.406995364210331889e+00
5.485000000000051301e+01, 2.414291119830917598e+00
5.495000000000051443e+01, 2.421603078258619757e+00
5.505000000000051585e+01, 2.428931282973851857e+00
5.515000000000051728e+01, 2.436275777582960878e+00
5.525000000000051870e+01, 2.443636605818544361e+00
5.535000000000052012e+01, 2.451013811539769716e+00
5.545000000000052154e+01, 2.458407438732691297e+00
5.555000000000052296e+01, 2.465817531510571037e+00
5.565000000000052438e+01, 2.473244134114197301e+00
5.575000000000052580e+01, 2.480687290912205523e+00
5.585000000000052722e+01, 2.488147046401399720e+00
5.595000000000052864e+01, 2.495623445207074464e+00
5.605000000000053006e+01, 2.503116532083336399e+00
5.615000000000053149e+01, 2.510626351913428422e+00
5.625000000000053291e+01, 2.518152949710052546e+00
5.635000000000053433e+01, 2.525696370615694075e+00
5.645000000000053575e+01, 2.533256659902947572e+00
5.655000000000053717e+01, 2.540833862974841040e+00
5.665000000000053859e+01, 2.548428025365163219e+00
5.675000000000054001e+01, 2.556039192738789101e+00
5.685000000000054143e+01, 2.563667410892009002e+00
5.695000000000054285e+01, 2.571312725752854522e+00
5.705000000000054428e+01, 2.578975183381428504e+00
5.715000000000054570e+01, 2.586654829970233660e+00
5.725000000000054712e+01, 2.594351711844502084e+00
5.735000000000054854e+01, 2.602065875462526101e+00
5.745000000000054996e+01, 2.609797367415988667e+00
5.755000000000055138e+01, 2.617546234430294660e+00
5.765000000000055280e+01, 2.625312523364903949e+00
5.775000000000055422e+01, 2.633096281213662682e+00
5.785000000000055564e+01, 2.640897555105137240e+00
5.795000000000055707e+01, 2.648716392302947753e+00
5.805000000000055849e+01, 2.656552840206102495e+00
5.815000000000055991e+01, 2.664406946349332728e+00
5.825000000000056133e+01, 2.672278758403428434e+00
5.835000000000056275e+01, 2.680168324175572714e+00
5.845000000000056417e+01, 2.688075691609680629e+00
5.855000000000056559e+01, 2.696000908786734485e+00
5.865000000000056701e+01, 2.703944023925122231e+00
5.875000000000056843e+01, 2.711905085380974967e+00
5.885000000000056986e+01, 2.719884141648505782e+00
5.895000000000057128e+01, 2.727881241360349485e+00
5.905000000000057270e+01, 2.735896433287901885e+00
5.915000000000057412e+01, 2.743929766341659082e+00
5.925000000000057554e+01, 2.751981289571559852e+00
5.935000000000057696e+01, 2.760051052167325825e+00
5.945000000000057838e+01, 2.768139103443996607e+00
5.955000000000057980e+01, 2.776245492390265301e+00
5.965000000000058122e+01, 2.784370267749703753e+00
5.975000000000058265e+01, 2.792513478026795060e+00
5.985000000000058407e+01, 2.800675171485356607e+00
5.995000000000058549e+01, 2.808855396328971299e+00
6.005000000000058691e+01, 2.817054200864621105e+00
6.015000000000058833e+01, 2.825271633532358440e+00
6.025000000000058975e+01, 2.833507742905598814e+00
6.035000000000059117e+01, 2.841762577691412606e+00
6.045000000000059259e+01, 2.850036186730817711e+00
6.055000000000059401e+01, 2.858328618999072201e+00
6.065000000000059543e+01, 2.866639923605967866e+00
6.075000000000059686e+01, 2.874970149796123309e+00
6.085000000000059828e+01, 2.883319346949278383e+00
6.095000000000059970e+01, 2.891687564580588621e+00
6.105000000000060112e+01, 2.900074852340919218e+00
6.115000000000060254e+01, 2.908481260017140801e+00
6.125000000000060396e+01, 2.916906837532424301e+00
6.135000000000060538e+01, 2.925351634946537160e+00
6.145000000000060680e+01, 2.933815702456139096e+00
6.155000000000060822e+01, 2.942299090395077865e+00
6.165000000000060965e+01, 2.950801849234687246e+00
6.175000000000061107e+01, 2.959324029584083249e+00
6.185000000000061249e+01, 2.967865682190461651e+00
6.195000000000061391e+01, 2.976426857939395099e+00
6.205000000000061533e+01, 2.985007607855131528e+00
6.215000000000061675e+01, 2.993607983100893044e+00
6.225000000000061817e+01, 3.002228034979173010e+00
6.235000000000061959e+01, 3.010867814932036257e+00
6.245000000000062101e+01, 3.019527374541417064e+00
6.255000000000062244e+01, 3.028206765529418920e+00
6.265000000000062386e+01, 3.036906039758615172e+00
6.275000000000062528e+01, 3.045625249232347453e+00
6.285000000000062670e+01, 3.054364446095026331e+00
6.295000000000062812e+01, 3.063123682632431954e+00
6.305000000000062954e+01, 3.071903011272014705e+00
6.315000000000063096e+01, 3.080702484583196288e+00
6.325000000000063238e+01, 3.089522155277670379e+00
6.335000000000063380e+01, 3.098362076209704163e+00
6.345000000000063523e+01, 3.107222300376440760e+00
6.355000000000063665e+01, 3.116102880918199869e+00
6.365000000000063807e+01, 3.125003871118780641e+00
6.375000000000063949e+01, 3.133925324405764101e+00
6.385000000000064091e+01, 3.142867294350814245e+00
6.395000000000064233e+01, 3.151829834669982677e+00
6.405000000000063665e+01, 3.160812999224010600e+00
6.415000000000063096e+01, 3.169816842018631231e+00
6.425000000000062528e+01, 3.178841417204874009e+00
6.435000000000061959e+01, 3.187886779079367461e+00
6.445000000000061391e+01, 3.196952982084643402e+00
6.455000000000060822e+01, 3.206040080809440695e+00
6.465000000000060254e+01, 3.215148129989008119e+00
6.475000000000059686e+01, 3.224277184505409455e+00
6.485000000000059117e+01, 3.233427299387827691e+00
6.495000000000058549e+01, 3.242598529812869224e+00
6.505000000000057980e+01, 3.251790931104868498e+00
6.515000000000057412e+01, 3.261004558736191772e+00
6.525000000000056843e+01, 3.270239468327543975e+00
6.535000000000056275e+01, 3.279495715648271137e+00
6.545000000000055707e+01, 3.288773356616667254e+00
6.555000000000055138e+01, 3.298072447300278487e+00
6.565000000000054570e+01, 3.307393043916208697e+00
6.575000000000054001e+01, 3.316735202831424534e+00
6.585000000000053433e+01, 3.326098980563061858e+00
6.595000000000052864e+01, 3.335484433778729940e+00
6.605000000000052296e+01, 3.344891619296816998e+00
6.615000000000051728e+01, 3.354320594086797502e+00
6.625000000000051159e+01, 3.363771415269536380e+00
6.635000000000050591e+01, 3.373244140117594991e+00
6.645000000000050022e+01, 3.382738826055537107e+00
6.655000000000049454e+01, 3.392255530660235330e+00
6.665000000000048885e+01, 3.401794311661176629e+00
6.675000000000048317e+01, 3.411355226940767427e+00
6.685000000000047748e+01, 3.420938334534641356e+00
6.695000000000047180e+01, 3.430543692631963903e+00
6.705000000000046612e+01, 3.440171359575738830e+00
6.715000000000046043e+01, 3.449821393863114594e+00
6.725000000000045475e+01, 3.459493854145689440e+00
6.735000000000044906e+01, 3.469188799229818265e+00
6.745000000000044338e+01, 3.478906288076918152e+00
6.755000000000043769e+01, 3.488646379803775233e+00
6.765000000000043201e+01, 3.498409133682849337e+00
6.775000000000042633e+01, 3.508194609142580855e+00
6.785000000000042064e+01, 3.518002865767696719e+00
6.795000000000041496e+01, 3.527833963299515485e+00
6.805000000000040927e+01, 3.537687961636254208e+00
6.815000000000040359e+01, 3.547564920833333524e+00
6.825000000000039790e+01, 3.557464901103683186e+00
6.835000000000039222e+01, 3.567387962818048042e+00
6.845000000000038654e+01, 3.577334166505293567e+00
6.855000000000038085e+01, 3.587303572852711397e+00
6.865000000000037517e+01, 3.597296242706324865e+00
6.875000000000036948e+01, 3.607312237071193195e+00
6.885000000000036380e+01, 3.617351617111717932e+00
6.895000000000035811e+01, 3.627414444151948025e+00
6.905000000000035243e+01, 3.637500779675883589e+00
6.915000000000034674e+01, 3.647610685327781432e+00
6.925000000000034106e+01, 3.657744222912460152e+00
6.935000000000033538e+01, 3.667901454395603889e+00
6.945000000000032969e+01, 3.678082441904066968e+00
6.955000000000032401e+01, 3.688287247726178553e+00
6.965000000000031832e+01, 3.698515934312045950e+00
6.975000000000031264e+01, 3.708768564273859702e+00
6.985000000000030695e+01, 3.719045200386195571e+00
6.995000000000030127e+01, 3.729345905586319176e+00
7.005000000000029559e+01, 3.739670742974490203e+00
7.015000000000028990e+01, 3.750019775814263046e+00
7.025000000000028422e+01, 3.760393067532792344e+00
7.035000000000027853e+01, 3.770790681721134519e+00
7.045000000000027285e+01, 3.781212682134549752e+00
7.055000000000026716e+01, 3.791659132692805301e+00
7.065000000000026148e+01, 3.802130097480477033e+00
7.075000000000025580e+01, 3.812625640747250966e+00
7.085000000000025011e+01, 3.823145826908225242e+00
7.095000000000024443e+01, 3.833690720544211672e+00
7.105000000000023874e+01, 3.844260386402035490e+00
7.115000000000023306e+01, 3.854854889394837780e+00
7.125000000000022737e+01, 3.865474294602374794e+00
7.135000000000022169e+01, 3.876118667271317708e+00
7.145000000000021600e+01, 3.886788072815553718e+00
7.155000000000021032e+01, 3.897482576816485356e+00
7.165000000000020464e+01, 3.908202245023328469e+00
7.175000000000019895e+01, 3.918947143353412432e+00
7.185000000000019327e+01, 3.929717337892478124e+00
7.195000000000018758e+01, 3.940512894894976803e+00
7.205000000000018190e+01, 3.951333880784366759e+00
7.215000000000017621e+01, 3.962180362153412183e+00
7.225000000000017053e+01, 3.973052405764479378e+00
7.235000000000016485e+01, 3.983950078549834295e+00
7.245000000000015916e+01, 3.994873447611938300e+00
7.255000000000015348e+01, 4.005822580223743934e+00
7.265000000000014779e+01, 4.016797543828992012e+00
7.275000000000014211e+01, 4.027798406042505164e+00
7.285000000000013642e+01, 4.038825234650483154e+00
7.295000000000013074e+01, 4.049878097610798200e+00
7.305000000000012506e+01, 4.060957063053288074e+00
7.315000000000011937e+01, 4.072062199280048311e+00
7.325000000000011369e+01, 4.083193574765727973e+00
7.335000000000010800e+01, 4.094351258157820972e+00
7.345000000000010232e+01, 4.105535318276956502e+00
7.355000000000009663e+01, 4.116745824117194807e+00
7.365000000000009095e+01, 4.127982844846313171e+00
7.375000000000008527e+01, 4.139246449806100792e+00
7.385000000000007958e+01, 4.150536708512647444e+00
7.395000000000007390e+01, 4.161853690656633020e+00
7.405000000000006821e+01, 4.173197466103616193e+00
7.415000000000006253e+01, 4.184568104894324847e+00
7.425000000000005684e+01, 4.195965677244941183e+00
7.435000000000005116e+01, 4.207390253547392156e+00
7.445000000000004547e+01, 4.218841904369635465e+00
7.455000000000003979e+01, 4.230320700455945548e+00
7.465000000000003411e+01, 4.241826712727198689e+00
7.475000000000002842e+01, 4.253360012281160785e+00
7.485000000000002274e+01, 4.264920670392769786e+00
7.495000000000001705e+01, 4.276508758514420805e+00
7.505000000000001137e+01, 4.288124348276247666e+00
7.515000000000000568e+01, 4.299767511486409788e+00
7.525000000000000000e+01, 4.311438320131370183e+00
7.534999999999999432e+01, 4.323136846376179676e+00
7.544999999999998863e+01, 4.334863162564755790e+00
7.554999999999998295e+01, 4.346617341220165187e+00
7.564999999999997726e+01, 4.358399455044902560e+00
7.574999999999997158e+01, 4.370209576921167738e+00
7.584999999999996589e+01, 4.382047779911146357e+00
7.594999999999996021e+01, 4.393914137257286079e+00
7.604999999999995453e+01, 4.405808722382573706e+00
7.614999999999994884e+01, 4.417731608890811401e+00
7.624999999999994316e+01, 4.429682870566892028e+00
7.634999999999993747e+01, 4.441662581377074481e+00
7.644999999999993179e+01, 4.453670815469256361e+00
7.654999999999992610e+01, 4.465707647173247530e+00
7.664999999999992042e+01, 4.477773151001043672e+00
7.674999999999991473e+01, 4.489867401647095413e+00
7.684999999999990905e+01, 4.501990473988582764e+00
7.694999999999990337e+01, 4.514142443085680689e+00
7.704999999999989768e+01, 4.526323384181832665e+00
7.714999999999989200e+01, 4.538533372704016244e+00
7.724999999999988631e+01, 4.550772484263012174e+00
7.734999999999988063e+01, 4.563040794653670851e+00
7.744999999999987494e+01, 4.575338379855176996e+00
7.754999999999986926e+01, 4.587665316031316998e+00
7.764999999999986358e+01, 4.600021679530740926e+00
7.774999999999985789e+01, 4.612407546887228094e+00
7.784999999999985221e+01, 4.624822994819946409e+00
7.794999999999984652e+01, 4.637268100233717938e+00
7.804999999999984084e+01, 4.649742940219275589e+00
7.814999999999983515e+01, 4.662247592053526013e+00
7.824999999999982947e+01, 4.674782133199806289e+00
7.834999999999982379e+01, 4.687346641308143269e+00
7.844999999999981810e+01, 4.699941194215509377e+00
7.854999999999981242e+01, 4.712565869946078401e+00
7.864999999999980673e+01, 4.725220746711482178e+00
7.874999999999980105e+01, 4.737905902911063727e+00
7.884999999999979536e+01, 4.750621417132129487e+00
7.894999999999978968e+01, 4.763367368150202452e+00
7.904999999999978400e+01, 4.776143834929271748e+00
7.914999999999977831e+01, 4.788950896622044873e+00
7.924999999999977263e+01, 4.801788632570194615e+00
7.934999999999976694e+01, 4.814657122304607739e+00
7.944999999999976126e+01, 4.827556445545632791e+00
7.954999999999975557e+01, 4.840486682203323454e+00
7.964999999999974989e+01, 4.853447912377687246e+00
7.974999999999974420e+01, 4.866440216358924431e+00
7.984999999999973852e+01, 4.879463674627673164e+00
7.994999999999973284e+01, 4.892518367855251959e+00
8.004999999999972715e+01, 4.905604376903897723e+00
8.014999999999972147e+01, 4.918721782827006450e+00
8.024999999999971578e+01, 4.931870666869370368e+00
8.034999999999971010e+01, 4.945051110467415967e+00
8.044999999999970441e+01, 4.958263195249437594e+00
8.054999999999969873e+01, 4.971507003035834593e+00
8.064999999999969305e+01, 4.984782615839342235e+00
8.074999999999968736e+01, 4.998090115865266192e+00
8.084999999999968168e+01, 5.011429585511711693e+00
8.094999999999967599e+01, 5.024801107369814446e+00
8.104999999999967031e+01, 5.038204764223968901e+00
8.114999999999966462e+01, 5.051640639052055626e+00
8.124999999999965894e+01, 5.065108815025665123e+00
8.134999999999965326e+01, 5.078609375510326096e+00
8.144999999999964757e+01, 5.092142404065726602e+00
8.154999999999964189e+01, 5.105707984445937875e+00
8.164999999999963620e+01, 5.119306200599632817e+00
8.174999999999963052e+01, 5.132937136670308043e+00
8.184999999999962483e+01, 5.146600876996500595e+00
8.194999999999961915e+01, 5.160297506112005550e+00
8.204999999999961346e+01, 5.174027108746090953e+00
8.214999999999960778e+01, 5.187789769823711872e+00
8.224999999999960210e+01, 5.201585574465725337e+00
8.234999999999959641e+01, 5.215414607989099949e+00
8.244999999999959073e+01, 5.229276955907125490e+00
8.254999999999958504e+01, 5.243172703929622536e+00
8.264999999999957936e+01, 5.257101937963149396e+00
8.274999999999957367e+01, 5.271064744111208178e+00
8.284999999999956799e+01, 5.285061208674449063e+00
8.294999999999956231e+01, 5.299091418150872812e+00
8.304999999999955662e+01, 5.313155459236033273e+00
8.314999999999955094e+01, 5.327253418823236331e+00
8.324999999999954525e+01, 5.341385384003738857e+00
8.334999999999953957e+01, 5.355551442066945889e+00
8.344999999999953388e+01, 5.369751680500604252e+00
8.354999999999952820e+01, 5.383986186990999734e+00
8.364999999999952252e+01, 5.398255049423148044e+00
8.374999999999951683e+01, 5.412558355880983996e+00
8.384999999999951115e+01, 5.426896194647553351e+00
8.394999999999950546e+01, 5.441268654205199340e+00
8.404999999999949978e+01, 5.455675823235749178e+00
8.414999999999949409e+01, 5.470117790620698806e+00
8.424999999999948841e+01, 5.484594645441394967e+00
8.434999999999948272e+01, 5.499106476979216396e+00
8.444999999999947704e+01, 5.513653374715755895e+00
8.454999999999947136e+01, 5.528235428332996193e+00
8.464999999999946567e+01, 5.542852727713487582e+00
8.474999999999945999e+01, 5.557505362940520222e+00
8.484999999999945430e+01, 5.572193424298300002e+00
8.494999999999944862e+01, 5.586917002272119959e+00
8.504999999999944293e+01, 5.601676187548527253e+00
8.514999999999943725e+01, 5.616471071015492811e+00
8.524999999999943157e+01, 5.631301743762579193e+00
8.534999999999942588e+01, 5.646168297081101350e+00
8.544999999999942020e+01, 5.661070822464292718e+00
8.554999999999941451e+01, 5.676009411607464195e+00
8.564999999999940883e+01, 5.690984156408164019e+00
8.574999999999940314e+01, 5.705995149482876450e+00
8.584999999999939746e+01, 5.721042484590711297e+00
8.594999999999939178e+01, 5.736126256482728891e+00
8.604999999999938609e+01, 5.751246560906835725e+00
8.614999999999938041e+01, 5.766403494441818545e+00
8.624999999999937472e+01, 5.781597154088623292e+00
8.634999999999936904e+01, 5.796827637074805750e+00
8.644999999999936335e+01, 5.812095040854762473e+00
8.654999999999935767e+01, 5.827399463109956379e+00
8.664999999999935199e+01, 5.842741001749140572e+00
8.674999999999934630e+01, 5.858119754908584831e+00
8.684999999999934062e+01, 5.873535820952292319e+00
8.694999999999933493e+01, 5.888989298472220746e+00
8.704999999999932925e+01, 5.904480286288500857e+00
8.714999999999932356e+01, 5.920008883449646930e+00
8.724999999999931788e+01, 5.935575189232773496e+00
8.734999999999931219e+01, 5.951179303143805832e+00
8.744999999999930651e+01, 5.966821324917685132e+00
8.754999999999930083e+01, 5.982501354518579895e+00
8.764999999999929514e+01, 5.998219492140087539e+00
8.774999999999928946e+01, 6.013975838205436908e+00
8.784999999999928377e+01, 6.029770493367688999e+00
8.794999999999927809e+01, 6.045603558509935027e+00
8.804999999999927240e+01, 6.061475134745491822e+00
8.814999999999926672e+01, 6.077385323418097229e+00
8.824999999999926104e+01, 6.093334226102099294e+00
8.834999999999925535e+01, 6.109321944602647214e+00
8.844999999999924967e+01, 6.125348580955876976e+00
8.854999999999924398e+01, 6.141414237429097867e+00
8.864999999999923830e+01, 6.157519016520972777e+00
8.874999999999923261e+01, 6.173663020961699388e+00
8.884999999999922693e+01, 6.189846353713189586e+00
8.894999999999922125e+01, 6.206069117969243543e+00
8.904999999999921556e+01, 6.222331417155722910e+00
8.914999999999920988e+01, 6.238633354930721353e+00
8.924999999999920419e+01, 6.254975035184735077e+00
8.934999999999919851e+01, 6.271356562040827143e+00
8.944999999999919282e+01, 6.287778039854790890e+00
8.954999999999918714e+01, 6.304239573215314252e+00
8.964999999999918145e+01, 6.320741266944135184e+00
8.974999999999917577e+01, 6.337283226096199762e+00
8.984999999999917009e+01, 6.353865555959815836e+00
8.994999999999916440e+01, 6.370488362056805798e+00
9.004999999999915872e+01, 6.387151750142654016e+00
9.014999999999915303e+01, 6.403855826206654278e+00
9.024999999999914735e+01, 6.420600696472053670e+00
9.034999999999914166e+01, 6.437386467396193801e+00
9.044999999999913598e+01, 6.454213245670650245e+00
9.054999999999913030e+01, 6.471081138221367546e+00
9.064999999999912461e+01, 6.487990252208794217e+00
9.074999999999911893e+01, 6.504940695028015085e+00
9.084999999999911324e+01, 6.521932574308877406e+00
9.094999999999910756e+01, 6.538965997916117878e+00
9.104999999999910187e+01, 6.556041073949485209e+00
9.114999999999909619e+01, 6.573157910743862686e+00
9.124999999999909051e+01, 6.590316616869383637e+00
9.134999999999908482e+01, 6.607517301131547782e+00
9.144999999999907914e+01, 6.624760072571334923e+00
9.154999999999907345e+01, 6.642045040465311523e+00
9.164999999999906777e+01, 6.659372314325740838e+00
9.174999999999906208e+01, 6.676742003900685951e+00
9.184999999999905640e+01, 6.694154219174110132e+00
9.194999999999905071e+01, 6.711609070365977203e+00
9.204999999999904503e+01, 6.729106667932347463e+00
9.214999999999903935e+01, 6.746647122565469168e+00
9.224999999999903366e+01, 6.764230545193870014e+00
9.234999999999902798e+01, 6.781857046982443293e+00
9.244999999999902229e+01, 6.799526739332533154e+00
9.254999999999901661e+01, 6.817239733882017205e+00
9.264999999999901092e+01, 6.834996142505382899e+00
9.274999999999900524e+01, 6.852796077313803913e+00
9.284999999999899956e+01, 6.870639650655214759e+00
9.294999999999899387e+01, 6.888526975114378281e+00
9.304999999999898819e+01, 6.906458163512953163e+00
9.314999999999898250e+01, 6.924433328909558760e+00
9.324999999999897682e+01, 6.942452584599835497e+00
9.334999999999897113e+01, 6.960516044116500822e+00
9.344999999999896545e+01, 6.978623821229407831e+00
9.354999999999895977e+01, 6.996776029945593223e+00
9.364999999999895408e+01, 7.014972784509327930e+00
9.374999999999894840e+01, 7.033214199402163302e+00
9.384999999999894271e+01, 7.051500389342971964e+00
9.394999999999893703e+01, 7.069831469287987780e+00
9.404999999999893134e+01, 7.088207554430843160e+00
9.414999999999892566e+01, 7.106628760202600148e+00
9.424999999999891998e+01, 7.125095202271783279e+00
9.434999999999891429e+01, 7.143606996544403565e+00
9.444999999999890861e+01, 7.162164259163984248e+00
9.454999999999890292e+01, 7.180767106511578568e+00
9.464999999999889724e+01, 7.199415655205790188e+00
9.474999999999889155e+01, 7.218110022102784740e+00
9.484999999999888587e+01, 7.236850324296301373e+00
9.494999999999888018e+01, 7.255636679117659860e+00
9.504999999999887450e+01, 7.274469204135765921e+00
9.514999999999886882e+01, 7.293348017157110341e+00
9.524999999999886313e+01, 7.312273236225767192e+00
9.534999999999885745e+01, 7.331244979623389391e+00
9.544999999999885176e+01, 7.350263365869196264e+00
9.554999999999884608e+01, 7.369328513719964668e+00
9.564999999999884039e+01, 7.388440542170011227e+00
9.574999999999883471e+01, 7.407599570451173676e+00
9.584999999999882903e+01, 7.426805718032786885e+00
9.594999999999882334e+01, 7.446059104621658875e+00
9.604999999999881766e+01, 7.465359850162040622e+00
9.614999999999881197e+01, 7.484708074835591418e+00
9.624999999999880629e+01, 7.504103899061344229e+00
9.634999999999880060e+01, 7.523547443495664844e+00
9.644999999999879492e+01, 7.543038829032210124e+00
9.654999999999878924e+01, 7.562578176801880048e+00
9.664999999999878355e+01, 7.582165608172766191e+00
9.674999999999877787e+01, 7.601801244750098441e+00
9.684999999999877218e+01, 7.621485208376189924e+00
9.694999999999876650e+01, 7.641217621130371285e+00
9.704999999999876081e+01, 7.660998605328931177e+00
9.714999999999875513e+01, 7.680828283525043432e+00
9.724999999999874944e+01, 7.700706778508697781e+00
9.734999999999874376e+01, 7.720634213306625249e+00
9.744999999999873808e+01, 7.740610711182215553e+00
9.754999999999873239e+01, 7.760636395635438056e+00
9.764999999999872671e+01, 7.780711390402753835e+00
9.774999999999872102e+01, 7.800835819457024201e+00
9.784999999999871534e+01, 7.821009807007420100e+00
9.794999999999870965e+01, 7.841233477499321758e+00
9.804999999999870397e+01, 7.861506955614218306e+00
9.814999999999869829e+01, 7.881830366269604760e+00
9.824999999999869260e+01, 7.902203834618870104e+00
9.834999999999868692e+01, 7.922627486051186274e+00
9.844999999999868123e+01, 7.943101446191393578e+00
9.854999999999867555e+01, 7.963625840899879016e+00
9.864999999999866986e+01, 7.984200796272451939e+00
9.874999999999866418e+01, 8.004826438640218811e+00
9.884999999999865850e+01, 8.025502894569449097e+00
9.894999999999865281e+01, 8.046230290861441148e+00
9.904999999999864713e+01, 8.067008754552382754e+00
9.914999999999864144e+01, 8.087838412913210817e+00
9.924999999999863576e+01, 8.108719393449460355e+00
9.934999999999863007e+01, 8.129651823901117069e+00
9.944999999999862439e+01, 8.150635832242461021e+00
9.954999999999861870e+01, 8.171671546681906761e+00
9.964999999999861302e+01, 8.192759095661845237e+00
9.974999999999860734e+01, 8.213898607858473255e+00
9.984999999999860165e+01, 8.235090212181624736e+00
9.994999999999859597e+01, 8.256334037774596624e+00
1.000499999999985903e+02, 8.277630214013969479e+00
1.001499999999985846e+02, 8.298978870509428063e+00
1.002499999999985789e+02, 8.320380137103571272e+00
1.003499999999985732e+02, 8.341834143871723839e+00
1.004499999999985675e+02, 8.363341021121742713e+00
1.005499999999985619e+02, 8.384900899393816331e+00
1.006499999999985562e+02, 8.406513909460263889e+00
1.007499999999985505e+02, 8.428180182325331060e+00
1.008499999999985448e+02, 8.449899849224975057e+00
1.009499999999985391e+02, 8.471673041626653244e+00
1.010499999999985334e+02, 8.493499891229104648e+00
1.011499999999985278e+02, 8.515380529962122580e+00
1.012499999999985221e+02, 8.537315089986334371e+00
1.013499999999985164e+02, 8.559303703692965115e+00
1.014499999999985107e+02, 8.581346503703606743e+00
1.015499999999985050e+02, 8.603443622869976437e+00
1.016499999999984993e+02, 8.625595194273671495e+00
1.017499999999984936e+02, 8.647801351225925970e+00
1.018499999999984880e+02, 8.670062227267354871e+00
1.019499999999984823e+02, 8.692377956167701925e+00
1.020499999999984766e+02, 8.714748671925576673e+00
1.021499999999984709e+02, 8.737174508768191572e+00
1.022499999999984652e+02, 8.759655601151093762e+00
1.023499999999984595e+02, 8.782192083757889733e+00
1.024499999999984539e+02, 8.804784091499971765e+00
1.025499999999984482e+02, 8.827431759516233711e+00
1.026499999999984425e+02, 8.850135223172788557e+00
1.027499999999984368e+02, 8.872894618062675320e+00
1.028499999999984311e+02, 8.895710080005569509e+00
1.029499999999984254e+02, 8.918581745047479359e+00
1.030499999999984198e+02, 8.941509749460447409e+00
1.031499999999984141e+02, 8.964494229742243192e+00
1.032499999999984084e+02, 8.987535322616048816e+00
1.033499999999984027e+02, 9.010633165030148106e+00
1.034499999999983970e+02, 9.033787894157605081e+00
1.035499999999983913e+02, 9.056999647395937103e+00
1.036499999999983856e+02, 9.080268562366789808e+00
1.037499999999983800e+02, 9.103594776915604925e+00
1.038499999999983743e+02, 9.126978429111279212e+00
1.039499999999983686e+02, 9.150419657245826954e+00
1.040499999999983629e+02, 9.173918599834030019e+00
1.041499999999983572e+02, 9.197475395613093241e+00
1.042499999999983515e+02, 9.221090183542285601e+00
1.043499999999983459e+02, 9.244763102802581400e+00
1.044499999999983402e+02, 9.268494292796299661e+00
1.045499999999983345e+02, 9.292283893146732865e+00
1.046499999999983288e+02, 9.316132043697775700e+00
1.047499999999983231e+02, 9.340038884513552020e+00
1.048499999999983174e+02, 9.364004555878029379e+00
1.049499999999983118e+02, 9.388029198294635336e+00
1.050499999999983061e+02, 9.412112952485866657e+00
1.051499999999983004e+02, 9.436255959392898518e+00
1.052499999999982947e+02, 9.460458360175181269e+00
1.053499999999982890e+02, 9.484720296210038981e+00
1.054499999999982833e+02, 9.509041909092262657e+00
1.055499999999982776e+02, 9.533423340633698118e+00
1.056499999999982720e+02, 9.557864732862826784e+00
1.057499999999982663e+02, 9.582366228024350008e+00
1.058499999999982606e+02, 9.606927968578759192e+00
1.059499999999982549e+02, 9.631550097201904137e+00
1.060499999999982492e+02, 9.656232756784564941e+00
1.061499999999982435e+02, 9.680976090432009684e+00
1.062499999999982379e+02, 9.705780241463548563e+00
1.063499999999982322e+02, 9.730645353412089804e+00
1.064499999999982265e+02, 9.755571570023684913e+00
1.065499999999982208e+02, 9.780559035385811839e+00
1.066499999999982151e+02, 9.805607896594814576e+00
1.067499999999982094e+02, 9.830718303155775217e+00
1.068499999999982037e+02, 9.855890406975314377e+00
1.069499999999981981e+02, 9.881124362374441361e+00
1.070499999999981924e+02, 9.906420324974394731e+00
1.071499999999981867e+02, 9.931778450786962864e+00
1.072499999999981810e+02, 9.957198896098658381e+00
1.073499999999981753e+02, 9.982681817470357544e+00
1.074499999999981696e+02, 1.000822737173694321e+01
1.075499999999981640e+02, 1.003383571600693713e+01
1.076499999999981583e+02, 1.005950700766212869e+01
1.077499999999981526e+02, 1.008524140435719829e+01
1.078499999999981469e+02, 1.011103906401933195e+01
1.079499999999981412e+02, 1.013690014484783219e+01
1.080499999999981355e+02, 1.016282480531372912e+01
1.081499999999981299e+02, 1.018881320415937175e+01
1.082499999999981242e+02, 1.021486550039803021e+01
1.083499999999981185e+02, 1.024098185331347466e+01
1.084499999999981128e+02, 1.026716242245956678e+01
1.085499999999981071e+02, 1.029340736765982989e+01
1.086499999999981014e+02, 1.031971684900702257e+01
1.087499999999980957e+02, 1.034609102686270354e+01
1.088499999999980901e+02, 1.037253006185678750e+01
1.089499999999980844e+02, 1.039903411488710283e+01
1.090499999999980787e+02, 1.042560334711893688e+01
1.091499999999980730e+02, 1.045223791998457763e+01
1.092499999999980673e+02, 1.047893799518284830e+01
1.093499999999980616e+02, 1.050570373467863838e+01
1.094499999999980560e+02, 1.053253530070242938e+01
1.095499999999980503e+02, 1.055943285574980806e+01
1.096499999999980446e+02, 1.058639656258098327e+01
1.097499999999980389e+02, 1.061342658422028684e+01
1.098499999999980332e+02, 1.064052308395568147e+01
1.099499999999980275e+02, 1.066768622533824740e+01
1.100499999999980218e+02, 1.069491617218167612e+01
1.101499999999980162e+02, 1.072221308856174993e+01
1.102499999999980105e+02, 1.074957713881581967e+01
1.103499999999980048e+02, 1.077700848754227536e+01
1.104499999999979991e+02, 1.080450729960000977e+01
1.105499999999979934e+02, 1.083207374010787660e+01
1.106499999999979877e+02, 1.085970797444414693e+01
1.107499999999979821e+02, 1.088741016824595143e+01
1.108499999999979764e+02, 1.091518048740872437e+01
1.109499999999979707e+02, 1.094301909808563522e+01
1.110499999999979650e+02, 1.097092616668701837e+01
1.111499999999979593e+02, 1.099890185987979940e+01
1.112499999999979536e+02, 1.102694634458690537e+01
1.113499999999979480e+02, 1.105505978798668210e+01
1.114499999999979423e+02, 1.108324235751229203e+01
1.115499999999979366e+02, 1.111149422085111915e+01
1.116499999999979309e+02, 1.113981554594415790e+01
1.117499999999979252e+02, 1.116820650098540035e+01
1.118499999999979195e+02, 1.119666725442121802e+01
1.119499999999979138e+02, 1.122519797494973481e+01
1.120499999999979082e+02, 1.125379883152019644e+01
1.121499999999979025e+02, 1.128246999333233092e+01
1.122499999999978968e+02, 1.131121162983570905e+01
1.123499999999978911e+02, 1.134002391072909077e+01
1.124499999999978854e+02, 1.136890700595977144e+01
1.125499999999978797e+02, 1.139786108572291745e+01
1.126499999999978741e+02, 1.142688632046090369e+01
1.127499999999978684e+02, 1.145598288086263317e+01
1.128499999999978627e+02, 1.148515093786286378e+01
1.129499999999978570e+02, 1.151439066264151734e+01
1.130499999999978513e+02, 1.154370222662298850e+01
1.131499999999978456e+02, 1.157308580147544674e+01
1.132499999999978400e+02, 1.160254155911013463e+01
1.133499999999978343e+02, 1.163206967168065376e+01
1.134499999999978286e+02, 1.166167031158225242e+01
1.135499999999978229e+02, 1.169134365145109911e+01
1.136499999999978172e+02, 1.172108986416355947e+01
1.137499999999978115e+02, 1.175090912283545563e+01
1.138499999999978058e+02, 1.178080160082133077e+01
1.139499999999978002e+02, 1.181076747171369945e+01
1.140499999999977945e+02, 1.184080690934229807e+01
1.141499999999977888e+02, 1.187092008777332452e+01
1.142499999999977831e+02, 1.190110718130867085e+01
1.143499999999977774e+02, 1.193136836448515936e+01
1.144499999999977717e+02, 1.196170381207375932e+01
1.145499999999977661e+02, 1.199211369907880886e+01
1.146499999999977604e+02, 1.202259820073722274e+01
1.147499999999977547e+02, 1.205315749251770008e+01
1.148499999999977490e+02, 1.208379175011992324e+01
1.149499999999977433e+02, 1.211450114947374956e+01
1.150499999999977376e+02, 1.214528586673839960e+01
1.151499999999977319e+02, 1.217614607830163820e+01
1.152499999999977263e+02, 1.220708196077895025e+01
1.153499999999977206e+02, 1.223809369101271116e+01
1.154499999999977149e+02, 1.226918144607134842e+01
1.155499999999977092e+02, 1.230034540324849601e+01
1.156499999999977035e+02, 1.233158574006215247e+01
1.157499999999976978e+02, 1.236290263425382285e+01
1.158499999999976922e+02, 1.239429626378765548e+01
1.159499999999976865e+02, 1.242576680684957857e+01
1.160499999999976808e+02, 1.245731444184642989e+01
1.161499999999976751e+02, 1.248893934740507206e+01
1.162499999999976694e+02, 1.252064170237151686e+01
1.163499999999976637e+02, 1.255242168581002637e+01
1.164499999999976581e+02, 1.258427947700222305e+01
1.165499999999976524e+02, 1.261621525544618372e+01
1.166499999999976467e+02, 1.264822920085553548e+01
1.167499999999976410e+02, 1.268032149315854085e+01
1.168499999999976353e+02, 1.271249231249717759e+01
1.169499999999976296e+02, 1.274474183922621151e+01
1.170499999999976239e+02, 1.277707025391226736e+01
1.171499999999976183e+02, 1.280947773733289452e+01
1.172499999999976126e+02, 1.284196447047561840e+01
1.173499999999976069e+02, 1.287453063453699542e+01
1.174499999999976012e+02, 1.290717641092165913e+01
1.175499999999975955e+02, 1.293990198124135738e+01
1.176499999999975898e+02, 1.297270752731398957e+01
1.177499999999975842e+02, 1.300559323116263322e+01
1.178499999999975785e+02, 1.303855927501456513e+01
1.179499999999975728e+02, 1.307160584130028091e+01
1.180499999999975671e+02, 1.310473311265250551e+01
1.181499999999975614e+02, 1.313794127190519667e+01
1.182499999999975557e+02, 1.317123050209254842e+01
1.183499999999975500e+02, 1.320460098644798208e+01
1.184499999999975444e+02, 1.323805290840313553e+01
1.185499999999975387e+02, 1.327158645158684713e+01
1.186499999999975330e+02, 1.330520179982413254e+01
1.187499999999975273e+02, 1.333889913713515796e+01
1.188499999999975216e+02, 1.337267864773420278e+01
1.189499999999975159e+02, 1.340654051602862218e+01
1.190499999999975103e+02, 1.344048492661780259e+01
1.191499999999975046e+02, 1.347451206429211190e+01
1.192499999999974989e+02, 1.350862211403183899e+01
1.193499999999974932e+02, 1.354281526100614030e+01
1.194499999999974875e+02, 1.357709169057196519e+01
1.195499999999974818e+02, 1.361145158827298651e+01
1.196499999999974762e+02, 1.364589513983852420e+01
1.197499999999974705e+02, 1.368042253118246165e+01
1.198499999999974648e+02, 1.371503394840215506e+01
1.199499999999974591e+02, 1.374972957777734095e+01
1.200499999999974534e+02, 1.378450960576903661e+01
1.201499999999974477e+02, 1.381937421901843699e+01
1.202499999999974420e+02, 1.385432360434580090e+01
1.203499999999974364e+02, 1.388935794874934082e+01
1.204499999999974307e+02, 1.392447743940409843e+01
1.205499999999974250e+02, 1.395968226366082021e+01
1.206499999999974193e+02, 1.399497260904482943e+01
1.207499999999974136e+02, 1.403034866325488395e+01
1.208499999999974079e+02, 1.406581061416203937e+01
1.209499999999974023e+02, 1.410135864980850329e+01
1.210499999999973966e+02, 1.413699295840648062e+01
1.211499999999973909e+02, 1.417271372833701726e+01
1.212499999999973852e+02, 1.420852114814884359e+01
1.213499999999973795e+02, 1.424441540655719862e+01
1.214499999999973738e+02, 1.428039669244266818e+01
1.215499999999973681e+02, 1.431646519484999835e+01
1.216499999999973625e+02, 1.435262110298692306e+01
1.217499999999973568e+02, 1.438886460622297037e+01
1.218499999999973511e+02, 1.442519589408827407e+01
1.219499999999973454e+02, 1.446161515627237648e+01
1.220499999999973397e+02, 1.449812258262302755e+01
1.221499999999973340e+02, 1.453471836314497700e+01
1.222499999999973284e+02, 1.457140268799876637e+01
1.223499999999973227e+02, 1.460817574749950865e+01
1.224499999999973170e+02, 1.464503773211567328e+01
1.225499999999973113e+02, 1.468198883246785513e+01
1.226499999999973056e+02, 1.471902923932754881e+01
1.227499999999972999e+02, 1.475615914361591230e+01
1.228499999999972943e+02, 1.479337873640252887e+01
1.229499999999972886e+02, 1.483068820890415829e+01
1.230499999999972829e+02, 1.486808775248349512e+01
1.231499999999972772e+02, 1.490557755949217977e+01
1.232499999999972715e+02, 1.494315782732576103e+01
1.233499999999972658e+02, 1.498082875719836515e+01
1.234499999999972601e+02, 1.501859055416292499e+01
1.235499999999972545e+02, 1.505644342696472293e+01
1.236499999999972488e+02, 1.509438758591725716e+01
1.237499999999972431e+02, 1.513242324157637242e+01
1.238499999999972374e+02, 1.517055060473906281e+01
1.239499999999972317e+02, 1.520876988644225847e+01
1.240499999999972260e+02, 1.524708129796161593e+01
1.241499999999972204e+02, 1.528548505081029418e+01
1.242499999999972147e+02, 1.532398135673772366e+01
1.243499999999972090e+02, 1.536257042772836989e+01
1.244499999999972033e+02, 1.540125247600049363e+01
1.245499999999971976e+02, 1.544002771400489671e+01
1.246499999999971919e+02, 1.547889635442366618e+01
1.247499999999971863e+02, 1.551785861016890600e+01
1.248499999999971806e+02, 1.555691469438146868e+01
1.249499999999971749e+02, 1.559606482042967635e+01
1.250499999999971692e+02, 1.563530920190803286e+01
1.251499999999971635e+02, 1.567464805263593419e+01
1.252499999999971578e+02, 1.571408158665636456e+01
1.253499999999971521e+02, 1.575361001823459439e+01
1.254499999999971465e+02, 1.579323356185686045e+01
1.255499999999971408e+02, 1.583295243222905313e+01
1.256499999999971351e+02, 1.587276684427538420e+01
1.257499999999971294e+02, 1.591267701313705452e+01
1.258499999999971237e+02, 1.595268315417091287e+01
1.259499999999971180e+02, 1.599278548294810776e+01
1.260499999999971124e+02, 1.603298421525273199e+01
1.261499999999971067e+02, 1.607327956708046912e+01
1.262499999999971010e+02, 1.611367175463721324e+01
1.263499999999970953e+02, 1.615416099433770825e+01
1.264499999999970896e+02, 1.619474750280415520e+01
1.265499999999970839e+02, 1.623543149686483389e+01
1.266499999999970782e+02, 1.627621319355270302e+01
1.267499999999970726e+02, 1.631709281010400048e+01
1.268499999999970669e+02, 1.635807056395684000e+01
1.269499999999970612e+02, 1.639914667274979720e+01
1.270499999999970555e+02, 1.644032135432048491e+01
1.271499999999970498e+02, 1.648159482670412856e+01
1.272499999999970441e+02, 1.652296730813214154e+01
1.273499999999970385e+02, 1.656443901703067212e+01
1.274499999999970328e+02, 1.660601017201916818e+01
1.275499999999970271e+02, 1.664768099190892414e+01
1.276499999999970214e+02, 1.668945169570162435e+01
1.277499999999970157e+02, 1.673132250258787579e+01
1.278499999999970100e+02, 1.677329363194574086e+01
1.279499999999970044e+02, 1.681536530333925938e+01
1.280499999999969987e+02, 1.685753773651696363e+01
1.281499999999969930e+02, 1.689981115141040036e+01
1.282499999999969873e+02, 1.694218576813262445e+01
1.283499999999969816e+02, 1.698466180697670680e+01
1.284499999999969759e+02, 1.702723948841422796e+01
1.285499999999969702e+02, 1.706991903309375758e+01
1.286499999999969646e+02, 1.711270066183934802e+01
1.287499999999969589e+02, 1.715558459564899962e+01
1.288499999999969532e+02, 1.719857105569314371e+01
1.289499999999969475e+02, 1.724166026331310064e+01
1.290499999999969418e+02, 1.728485244001953092e+01
1.291499999999969361e+02, 1.732814780749090744e+01
1.292499999999969305e+02, 1.737154658757194525e+01
1.293499999999969248e+02, 1.741504900227205255e+01
1.294499999999969191e+02, 1.745865527376376747e+01
1.295499999999969134e+02, 1.750236562438119137e+01
1.296499999999969077e+02, 1.754618027661840785e+01
1.297499999999969020e+02, 1.759009945312790890e+01
1.298499999999968963e+02, 1.763412337671900332e+01
1.299499999999968907e+02, 1.767825227035623925e+01
1.300499999999968850e+02, 1.772248635715779486e+01
1.301499999999968793e+02, 1.776682586039388667e+01
1.302499999999968736e+02, 1.781127100348516024e+01
1.303499999999968679e+02, 1.785582201000107716e+01
1.304499999999968622e+02, 1.790047910365830219e+01
1.305499999999968566e+02, 1.794524250831908674e+01
1.306499999999968509e+02, 1.799011244798962750e+01
1.307499999999968452e+02, 1.803508914681845354e+01
1.308499999999968395e+02, 1.808017282909477785e+01
1.309499999999968338e+02, 1.812536371924686307e+01
1.310499999999968281e+02, 1.817066204184037304e+01
1.311499999999968225e+02, 1.821606802157672078e+01
1.312499999999968168e+02, 1.826158188329142007e+01
1.313499999999968111e+02, 1.830720385195241562e+01
1.314499999999968054e+02, 1.835293415265842754e+01
1.315499999999967997e+02, 1.839877301063727799e+01
1.316499999999967940e+02, 1.844472065124422144e+01
1.317499999999967883e+02, 1.849077729996025710e+01
1.318499999999967827e+02, 1.853694318239046268e+01
1.319499999999967770e+02, 1.858321852426229270e+01
1.320499999999967713e+02, 1.862960355142389446e+01
1.321499999999967656e+02, 1.867609848984241339e+01
1.322499999999967599e+02, 1.872270356560229132e+01
1.323499999999967542e+02, 1.876941900490356119e+01
1.324499999999967486e+02, 1.881624503406014526e+01
1.325499999999967429e+02, 1.886318187949813563e+01
1.326499999999967372e+02, 1.891022976775408893e+01
1.327499999999967315e+02, 1.895738892547329257e+01
1.328499999999967258e+02, 1.900465957940804884e+01
1.329499999999967201e+02, 1.905204195641595177e+01
1.330499999999967145e+02, 1.909953628345814991e+01
1.331499999999967088e+02, 1.914714278759761257e+01
1.332499999999967031e+02, 1.919486169599739256e+01
1.333499999999966974e+02, 1.924269323591887826e+01
1.334499999999966917e+02, 1.929063763472005277e+01
1.335499999999966860e+02, 1.933869511985374601e+01
1.336499999999966803e+02, 1.938686591886587962e+01
1.337499999999966747e+02, 1.943515025939371199e+01
1.338499999999966690e+02, 1.948354836916407251e+01
1.339499999999966633e+02, 1.953206047599160655e+01
1.340499999999966576e+02, 1.958068680777700266e+01
1.341499999999966519e+02, 1.962942759250523395e+01
1.342499999999966462e+02, 1.967828305824377111e+01
1.343499999999966406e+02, 1.972725343314081670e+01
1.344499999999966349e+02, 1.977633894542352877e+01
1.345499999999966292e+02, 1.982553982339622678e+01
1.346499999999966235e+02, 1.987485629543862231e+01
1.347499999999966178e+02, 1.992428859000401786e+01
1.348499999999966121e+02, 1.997383693561753049e+01
1.349499999999966064e+02, 2.002350156087428701e+01
1.350499999999966008e+02, 2.007328269443763702e+01
1.351499999999965951e+02, 2.012318056503735519e+01
1.352499999999965894e+02, 2.017319540146782941e+01
1.353499999999965837e+02, 2.022332743258627019e+01
1.354499999999965780e+02, 2.027357688731090235e+01
1.355499999999965723e+02, 2.032394399461915313e+01
1.356499999999965667e+02, 2.037442898354584742e+01
1.357499999999965610e+02, 2.042503208318139230e+01
1.358499999999965553e+02, 2.047575352266996163e+01
1.359499999999965496e+02, 2.052659353120768415e+01
1.360499999999965439e+02, 2.057755233804081740e+01
1.361499999999965382e+02, 2.062863017246393227e+01
1.362499999999965326e+02, 2.067982726381809044e+01
1.363499999999965269e+02, 2.073114384148902190e+01
1.364499999999965212e+02, 2.078258013490528811e+01
1.365499999999965155e+02, 2.083413637353646664e+01
1.366499999999965098e+02, 2.088581278696067756e+01
1.367499999999965041e+02, 2.093760960957932937e+01
1.368499999999964984e+02, 2.098952708022724067e+01
1.369499999999964928e+02, 2.104156544200590773e+01
1.370499999999964871e+02, 2.109372494230468575e+01
1.371499999999964814e+02, 2.114600583103786136e+01
1.372499999999964757e+02, 2.119840835874447649e+01
1.373499999999964700e+02, 2.125093277610256237e+01
1.374499999999964643e+02, 2.130357933392724590e+01
1.375499999999964587e+02, 2.135634828316888090e+01
1.376499999999964530e+02, 2.140923987491115454e+01
1.377499999999964473e+02, 2.146225436036919731e+01
1.378499999999964416e+02, 2.151539199088768228e+01
1.379499999999964359e+02, 2.156865301793893508e+01
1.380499999999964302e+02, 2.162203769312102253e+01
1.381499999999964245e+02, 2.167554626815584484e+01
1.382499999999964189e+02, 2.172917899488721716e+01
1.383499999999964132e+02, 2.178293612527896173e+01
1.384499999999964075e+02, 2.183681791141297879e+01
1.385499999999964018e+02, 2.189082460548732101e+01
1.386499999999963961e+02, 2.194495645981426790e+01
1.387499999999963904e+02, 2.199921372681838250e+01
1.388499999999963848e+02, 2.205359665903458222e+01
1.389499999999963791e+02, 2.210810550910619909e+01
1.390499999999963734e+02, 2.216274052978302223e+01
1.391499999999963677e+02, 2.221750197391935444e+01
1.392499999999963620e+02, 2.227239009447206541e+01
1.393499999999963563e+02, 2.232740514449863056e+01
1.394499999999963507e+02, 2.238254737715516285e+01
1.395499999999963450e+02, 2.243781704569445878e+01
1.396499999999963393e+02, 2.249321440346403023e+01
1.397499999999963336e+02, 2.254873970390412907e+01
1.398499999999963279e+02, 2.260439320054577905e+01
1.399499999999963222e+02, 2.266017514700879332e+01
1.400499999999963165e+02, 2.271608579699979913e+01
1.401499999999963109e+02, 2.277212540431025189e+01
1.402499999999963052e+02, 2.282829422281444920e+01
1.403499999999962995e+02, 2.288459250646754128e+01
1.404499999999962938e+02, 2.294102050930354153e+01
1.405499999999962881e+02, 2.299757848543332628e+01
1.406499999999962824e+02, 2.305426668904264176e+01
1.407499999999962768e+02, 2.311108537439010391e+01
1.408499999999962711e+02, 2.316803479580519465e+01
1.409499999999962654e+02, 2.322511520768625104e+01
1.410499999999962597e+02, 2.328232686449846867e+01
1.411499999999962540e+02, 2.333967002077187658e+01
1.412499999999962483e+02, 2.339714493109933713e+01
1.413499999999962427e+02, 2.345475185013452446e+01
1.414499999999962370e+02, 2.351249103258991013e+01
1.415499999999962313e+02, 2.357036273323474518e+01
1.416499999999962256e+02, 2.362836720689303149e+01
1.417499999999962199e+02, 2.368650470844150746e+01
1.418499999999962142e+02, 2.374477549280761579e+01
1.419499999999962085e+02, 2.380317981496747848e+01
1.420499999999962029e+02, 2.386171792994387175e+01
1.421499999999961972e+02, 2.392039009280418682e+01
1.422499999999961915e+02, 2.397919655865841193e+01
1.423499999999961858e+02, 2.403813758265707889e+01
1.424499999999961801e+02, 2.409721341998924515e+01
1.425499999999961744e+02, 2.415642432588044741e+01
1.426499999999961688e+02, 2.421577055559066949e+01
1.427499999999961631e+02, 2.427525236441229595e+01
1.428499999999961574e+02, 2.433487000766807640e+01
1.429499999999961517e+02, 2.439462374070908623e+01
1.430499999999961460e+02, 2.445451381891267317e+01
1.431499999999961403e+02, 2.451454049768042509e+01
1.432499999999961346e+02, 2.457470403243612012e+01
1.433499999999961290e+02, 2.463500467862368026e+01
1.434499999999961233e+02, 2.469544269170512862e+01
1.435499999999961176e+02, 2.475601832715853590e+01
1.436499999999961119e+02, 2.481673184047598113e+01
1.437499999999961062e+02, 2.487758348716149470e+01
1.438499999999961005e+02, 2.493857352272901551e+01
1.439499999999960949e+02, 2.499970220270034105e+01
1.440499999999960892e+02, 2.506096978260307750e+01
1.441499999999960835e+02, 2.512237651796858628e+01
1.442499999999960778e+02, 2.518392266432993765e+01
1.443499999999960721e+02, 2.524560847721985724e+01
1.444499999999960664e+02, 2.530743421216868327e+01
1.445499999999960608e+02, 2.536940012470230954e+01
1.446499999999960551e+02, 2.543150647034013545e+01
1.447499999999960494e+02, 2.549375350459301615e+01
1.448499999999960437e+02, 2.555614148296121968e+01
1.449499999999960380e+02, 2.561867066093236289e+01
1.450499999999960323e+02, 2.568134129397937926e+01
1.451499999999960266e+02, 2.574415363755846187e+01
1.452499999999960210e+02, 2.580710794710700995e+01
1.453499999999960153e+02, 2.587020447804158962e+01
1.454499999999960096e+02, 2.593344348575588754e+01
1.455499999999960039e+02, 2.599682522561865738e+01
1.456499999999959982e+02, 2.606034995297168066e+01
1.457499999999959925e+02, 2.612401792312772031e+01
1.458499999999959869e+02, 2.618782939136847787e+01
1.459499999999959812e+02, 2.625178461294254362e+01
1.460499999999959755e+02, 2.631588384306337147e+01
1.461499999999959698e+02, 2.638012733690722200e+01
1.462499999999959641e+02, 2.644451534961113026e+01
1.463499999999959584e+02, 2.650904813627087364e+01
1.464499999999959527e+02, 2.657372595193892550e+01
1.465499999999959471e+02, 2.663854905162242304e+01
1.466499999999959414e+02, 2.670351769028114219e+01
1.467499999999959357e+02, 2.676863212282545135e+01
1.468499999999959300e+02, 2.683389260411429333e+01
1.469499999999959243e+02, 2.689929938895315686e+01
1.470499999999959186e+02, 2.696485273209203726e+01
1.471499999999959130e+02, 2.703055288822342561e+01
1.472499999999959073e+02, 2.709640011198028020e+01
1.473499999999959016e+02, 2.716239465793400853e+01
1.474499999999958959e+02, 2.722853678059244231e+01
1.475499999999958902e+02, 2.729482673439782658e+01
1.476499999999958845e+02, 2.736126477372480537e+01
1.477499999999958789e+02, 2.742785115287840725e+01
1.478499999999958732e+02, 2.749458612609203811e+01
1.479499999999958675e+02, 2.756146994752547386e+01
1.480499999999958618e+02, 2.762850287178963171e+01
1.481499999999958561e+02, 2.769568515998897595e+01
1.482499999999958504e+02, 2.776301707796678286e+01
1.483499999999958447e+02, 2.783049889632713203e+01
1.484499999999958391e+02, 2.789813089045722805e+01
1.485499999999958334e+02, 2.796591333770710008e+01
1.486499999999958277e+02, 2.803384651548860873e+01
1.487499999999958220e+02, 2.810193070124289250e+01
1.488499999999958163e+02, 2.817016617243824328e+01
1.489499999999958106e+02, 2.823855320656799961e+01
1.490499999999958050e+02, 2.830709208114843634e+01
1.491499999999957993e+02, 2.837578307371664366e+01
1.492499999999957936e+02, 2.844462646182842036e+01
1.493499999999957879e+02, 2.851362252305614930e+01
1.494499999999957822e+02, 2.858277153498669421e+01
1.495499999999957765e+02, 2.865207377521927512e+01
1.496499999999957708e+02, 2.872152952136336168e+01
1.497499999999957652e+02, 2.879113905103655568e+01
1.498499999999957595e+02, 2.886090264186247012e+01
1.499499999999957538e+02, 2.893082057146862596e+01
1.500499999999957481e+02, 2.900089311748433119e+01
1.501499999999957424e+02, 2.907112055753857049e+01
1.502499999999957367e+02, 2.914150316925788431e+01
1.503499999999957311e+02, 2.921204123026426913e+01
1.504499999999957254e+02, 2.928273501817305302e+01
1.505499999999957197e+02, 2.935358481059078883e+01
1.506499999999957140e+02, 2.942459088511314391e+01
1.507499999999957083e+02, 2.949575351932279332e+01
1.508499999999957026e+02, 2.956707299078730244e+01
1.509499999999956970e+02, 2.963854957705702731e+01
1.510499999999956913e+02, 2.971018355566299718e+01
1.511499999999956856e+02, 2.978197520411481847e+01
1.512499999999956799e+02, 2.985392479989856795e+01
1.513499999999956742e+02, 2.992603262047467894e+01
1.514499999999956685e+02, 2.999829894327585578e+01
1.515499999999956628e+02, 3.007072404570495650e+01
1.516499999999956572e+02, 3.014330820513290377e+01
1.517499999999956515e+02, 3.021605169889658171e+01
1.518499999999956458e+02, 3.028895480429674336e+01
1.519499999999956401e+02, 3.036201779859590744e+01
1.520499999999956344e+02, 3.043524095901628002e+01
1.521499999999956287e+02, 3.050862456273764423e+01
1.522499999999956231e+02, 3.058216888689528901e+01
1.523499999999956174e+02, 3.065587420857791301e+01
1.524499999999956117e+02, 3.072974080482553561e+01
1.525499999999956060e+02, 3.080376895262741854e+01
1.526499999999956003e+02, 3.087795892891998406e+01
1.527499999999955946e+02, 3.095231101058473655e+01
1.528499999999955890e+02, 3.102682547444618777e+01
1.529499999999955833e+02, 3.110150259726977495e+01
1.530499999999955776e+02, 3.117634265575980024e+01
1.531499999999955719e+02, 3.125134592655734878e+01
1.532499999999955662e+02, 3.132651268623823526e+01
1.533499999999955605e+02, 3.140184321131092915e+01
1.534499999999955548e+02, 3.147733777821449763e+01
1.535499999999955492e+02, 3.155299666331655217e+01
1.536499999999955435e+02, 3.162882014291118082e+01
1.537499999999955378e+02, 3.170480849321690897e+01
1.538499999999955321e+02, 3.178096199037464231e+01
1.539499999999955264e+02, 3.185728091044562049e+01
1.540499999999955207e+02, 3.193376552940937785e+01
1.541499999999955151e+02, 3.201041612316169704e+01
1.542499999999955094e+02, 3.208723296751257692e+01
1.543499999999955037e+02, 3.216421633818420389e+01
1.544499999999954980e+02, 3.224136651080890204e+01
1.545499999999954923e+02, 3.231868376092713646e+01
1.546499999999954866e+02, 3.239616836398546695e+01
1.547499999999954809e+02, 3.247382059533453003e+01
1.548499999999954753e+02, 3.255164073022704230e+01
1.549499999999954696e+02, 3.262962904381576124e+01
1.550499999999954639e+02, 3.270778581115150985e+01
1.551499999999954582e+02, 3.278611130718113742e+01
1.552499999999954525e+02, 3.286460580674554421e+01
1.553499999999954468e+02, 3.294326958457767063e+01
1.554499999999954412e+02, 3.302210291530052189e+01
1.555499999999954355e+02, 3.310110607342516431e+01
1.556499999999954298e+02, 3.318027933334875001e+01
1.557499999999954241e+02, 3.325962296935252738e+01
1.558499999999954184e+02, 3.333913725559987995e+01
1.559499999999954127e+02, 3.341882246613434404e+01
1.560499999999954071e+02, 3.349867887487765472e+01
1.561499999999954014e+02, 3.357870675562777762e+01
1.562499999999953957e+02, 3.365890638205694074e+01
1.563499999999953900e+02, 3.373927802770970175e+01
1.564499999999953843e+02, 3.381982196600099400e+01
1.565499999999953786e+02, 3.390053847021416544e+01
1.566499999999953729e+02, 3.398142781349907438e+01
1.567499999999953673e+02, 3.406249026887012832e+01
1.568499999999953616e+02, 3.414372610920436557e+01
1.569499999999953559e+02, 3.422513560723953674e+01
1.570499999999953502e+02, 3.430671903557217917e+01
1.571499999999953445e+02, 3.438847666665570557e+01
1.572499999999953388e+02, 3.447040877279849269e+01
1.573499999999953332e+02, 3.455251562616199834e+01
1.574499999999953275e+02, 3.463479749875884295e+01
1.575499999999953218e+02, 3.471725466245091951e+01
1.576499999999953161e+02, 3.479988738894751776e+01
1.577499999999953104e+02, 3.488269594980343413e+01
1.578499999999953047e+02, 3.496568061760582680e+01
1.579499999999952990e+02, 3.504884167500094350e+01
1.580499999999952934e+02, 3.513217941199544470e+01
1.581499999999952877e+02, 3.521569412599167492e+01
1.582499999999952820e+02, 3.529938612169932810e+01
1.583499999999952763e+02, 3.538325570670296116e+01
1.584499999999952706e+02, 3.546730318860115005e+01
1.585499999999952649e+02, 3.555152887500446468e+01
1.586499999999952593e+02, 3.563593307353346518e+01
1.587499999999952536e+02, 3.572051609181666976e+01
1.588499999999952479e+02, 3.580527823748855809e+01
1.589499999999952422e+02, 3.589021981818755336e+01
1.590499999999952365e+02, 3.597534114155400431e+01
1.591499999999952308e+02, 3.606064251522819575e+01
1.592499999999952252e+02, 3.614612424684832348e+01
1.593499999999952195e+02, 3.623178664404849769e+01
1.594499999999952138e+02, 3.631763001445673211e+01
1.595499999999952081e+02, 3.640365466569295450e+01
1.596499999999952024e+02, 3.648986090536698867e+01
1.597499999999951967e+02, 3.657624904107657215e+01
1.598499999999951910e+02, 3.666281938040535948e+01
1.599499999999951854e+02, 3.674957223092091141e+01
1.600499999999951797e+02, 3.683650790017271248e+01
1.601499999999951740e+02, 3.692362669569018863e+01
1.602499999999951683e+02, 3.701092892498071052e+01
1.603499999999951626e+02, 3.709841489552761118e+01
1.604499999999951569e+02, 3.718608491478818934e+01
1.605499999999951513e+02, 3.727393929019175545e+01
1.606499999999951456e+02, 3.736197832913762795e+01
1.607499999999951399e+02, 3.745020233899317219e+01
1.608499999999951342e+02, 3.753861162709182508e+01
1.609499999999951285e+02, 3.762720650073111273e+01
1.610499999999951228e+02, 3.771598726717069638e+01
1.611499999999951172e+02, 3.780495423363039720e+01
1.612499999999951115e+02, 3.789410770728824218e+01
1.613499999999951058e+02, 3.798344799527850313e+01
1.614499999999951001e+02, 3.807297540468973551e+01
1.615499999999950944e+02, 3.816269024256283160e+01
1.616499999999950887e+02, 3.825259281588905935e+01
1.617499999999950830e+02, 3.834268343160812265e+01
1.618499999999950774e+02, 3.843296239660621438e+01
1.619499999999950717e+02, 3.852343001771408382e+01
1.620499999999950660e+02, 3.861408660170508966e+01
1.621499999999950603e+02, 3.870493245529326742e+01
1.622499999999950546e+02, 3.879596788513140382e+01
1.623499999999950489e+02, 3.888719319780910411e+01
1.624499999999950433e+02, 3.897860869985085941e+01
1.625499999999950376e+02, 3.907021469771415667e+01
1.626499999999950319e+02, 3.916201149778753177e+01
1.627499999999950262e+02, 3.925399940638866525e+01
1.628499999999950205e+02, 3.934617872976247810e+01
1.629499999999950148e+02, 3.943854977407922746e+01
1.630499999999950091e+02, 3.953111284543260950e+01
1.631499999999950035e+02, 3.962386824983784095e+01
1.632499999999949978e+02, 3.971681629322979035e+01
1.633499999999949921e+02, 3.980995728146107382e+01
1.634499999999949864e+02, 3.990329152030017923e+01
1.635499999999949807e+02, 3.999681931542958324e+01
1.636499999999949750e+02, 4.009054097244386838e+01
1.637499999999949694e+02, 4.018445679684785432e+01
1.638499999999949637e+02, 4.027856709405473623e+01
1.639499999999949580e+02, 4.037287216938420897e+01
1.640499999999949523e+02, 4.046737232806062678e+01
1.641499999999949466e+02, 4.056206787521112744e+01
1.642499999999949409e+02, 4.065695911586379196e+01
1.643499999999949353e+02, 4.075204635494580430e+01
1.644499999999949296e+02, 4.084732989728160391e+01
1.645499999999949239e+02, 4.094281004759104547e+01
1.646499999999949182e+02, 4.103848711048757991e+01
1.647499999999949125e+02, 4.113436139047642115e+01
1.648499999999949068e+02, 4.123043319195272005e+01
1.649499999999949011e+02, 4.132670281919975253e+01
1.650499999999948955e+02, 4.142317057638711475e+01
1.651499999999948898e+02, 4.151983676756890418e+01
1.652499999999948841e+02, 4.161670169668192898e+01
1.653499999999948784e+02, 4.171376566754389614e+01
1.654499999999948727e+02, 4.181102898385163513e+01
1.655499999999948670e+02, 4.190849194917931442e+01
1.656499999999948614e+02, 4.200615486697663670e+01
1.657499999999948557e+02, 4.210401804056709096e+01
1.658499999999948500e+02, 4.220208177314616904e+01
1.659499999999948443e+02, 4.230034636777959633e+01
1.660499999999948386e+02, 4.239881212740159100e+01
1.661499999999948329e+02, 4.249747935481308758e+01
1.662499999999948272e+02, 4.259634835268000330e+01
1.663499999999948216e+02, 4.269541942353149722e+01
