0.000000000000000000e+00, 9.149999999999998579e+00
1.000000000000000021e-03, 9.155157306137011730e+00
2.000000000000000042e-03, 9.160308085618973806e+00
3.000000000000000062e-03, 9.165452358781967845e+00
4.000000000000000083e-03, 9.170590145859510045e+00
5.000000000000000104e-03, 9.175721466983263852e+00
6.000000000000000125e-03, 9.180846342183754061e+00
7.000000000000000146e-03, 9.185964791391073803e+00
8.000000000000000167e-03, 9.191076834435584431e+00
9.000000000000001055e-03, 9.196182491048604746e+00
1.000000000000000194e-02, 9.201281780863103776e+00
1.100000000000000283e-02, 9.206374723414377570e+00
1.200000000000000372e-02, 9.211461338140724209e+00
1.300000000000000461e-02, 9.216541644384117049e+00
1.400000000000000550e-02, 9.221615661390861973e+00
1.500000000000000638e-02, 9.226683408312259971e+00
1.600000000000000727e-02, 9.231744904205255509e+00
1.700000000000000816e-02, 9.236800168033081349e+00
1.800000000000000905e-02, 9.241849218665901589e+00
1.900000000000000994e-02, 9.246892074881444046e+00
2.000000000000001082e-02, 9.251928755365629087e+00
2.100000000000001171e-02, 9.256959278713196682e+00
2.200000000000001260e-02, 9.261983663428319247e+00
2.300000000000001349e-02, 9.267001927925216265e+00
2.400000000000001438e-02, 9.272014090528761798e+00
2.500000000000001527e-02, 9.277020169475088451e+00
2.600000000000001615e-02, 9.282020182912182449e+00
2.700000000000001704e-02, 9.287014148900473387e+00
2.800000000000001793e-02, 9.292002085413423984e+00
2.900000000000001882e-02, 9.296984010338109172e+00
3.000000000000001971e-02, 9.301959941475796967e+00
3.100000000000002059e-02, 9.306929896542516900e+00
3.200000000000002148e-02, 9.311893893169624903e+00
3.300000000000002237e-02, 9.316851948904369962e+00
3.400000000000002326e-02, 9.321804081210448345e+00
3.500000000000002415e-02, 9.326750307468556045e+00
3.600000000000002504e-02, 9.331690644976937676e+00
3.700000000000002592e-02, 9.336625110951930040e+00
3.800000000000002681e-02, 9.341553722528498582e+00
3.900000000000002770e-02, 9.346476496760773855e+00
4.000000000000002859e-02, 9.351393450622580872e+00
4.100000000000002948e-02, 9.356304601007961352e+00
4.200000000000003036e-02, 9.361209964731697752e+00
4.300000000000003125e-02, 9.366109558529828405e+00
4.400000000000003214e-02, 9.371003399060157335e+00
4.500000000000003303e-02, 9.375891502902767627e+00
4.600000000000003392e-02, 9.380773886560518804e+00
4.700000000000003481e-02, 9.385650566459549538e+00
4.800000000000003569e-02, 9.390521558949773251e+00
4.900000000000003658e-02, 9.395386880305366617e+00
5.000000000000003747e-02, 9.400246546725259833e+00
1.500000000000000500e-01, 9.885649307560997912e+00
2.500000000000000555e-01, 1.031918404586764026e+01
3.500000000000000888e-01, 1.070974547467601212e+01
4.500000000000000666e-01, 1.106604040468224248e+01
5.500000000000000444e-01, 1.139491734163055092e+01
6.500000000000000222e-01, 1.170122252365582050e+01
7.500000000000000000e-01, 1.198853660310737901e+01
8.499999999999999778e-01, 1.225959470532542106e+01
9.499999999999999556e-01, 1.251512314489762545e+01
1.050000000000000044e+00, 1.275720829708136428e+01
1.150000000000000133e+00, 1.298755842610675337e+01
1.250000000000000222e+00, 1.320755184475592614e+01
1.350000000000000311e+00, 1.341831988258563690e+01
1.450000000000000400e+00, 1.362080476069381163e+01
1.550000000000000488e+00, 1.381580108578052268e+01
1.650000000000000577e+00, 1.400398630660300547e+01
1.750000000000000666e+00, 1.418593004119814616e+01
1.850000000000000755e+00, 1.436157831952269426e+01
1.950000000000000844e+00, 1.453148118120347121e+01
2.050000000000000711e+00, 1.469611406182935909e+01
2.150000000000000799e+00, 1.485589123668640710e+01
2.250000000000000888e+00, 1.501117629689614574e+01
2.350000000000000977e+00, 1.516229042250562919e+01
2.450000000000001066e+00, 1.530951899437082098e+01
2.550000000000001155e+00, 1.545311693570297962e+01
2.650000000000001243e+00, 1.559331306977441400e+01
2.750000000000001332e+00, 1.573031370683253094e+01
2.850000000000001421e+00, 1.586430562074881401e+01
2.950000000000001510e+00, 1.599545853781685523e+01
3.050000000000001599e+00, 1.612392723208427370e+01
3.150000000000001688e+00, 1.624962231314324868e+01
3.250000000000001776e+00, 1.637269378253429863e+01
3.350000000000001865e+00, 1.649328639165956290e+01
3.450000000000001954e+00, 1.661153233675264218e+01
3.550000000000002043e+00, 1.672755273031659584e+01
3.650000000000002132e+00, 1.684145885786888641e+01
3.750000000000002220e+00, 1.695335325711496566e+01
3.850000000000002309e+00, 1.706333064931068222e+01
3.950000000000002398e+00, 1.717147874684819087e+01
4.050000000000002487e+00, 1.727787895660995687e+01
4.150000000000002132e+00, 1.738260699508698437e+01
4.250000000000001776e+00, 1.748573342843267753e+01
4.350000000000001421e+00, 1.758732414835976243e+01
4.450000000000001066e+00, 1.768744079296142502e+01
4.550000000000000711e+00, 1.778614112005585923e+01
4.650000000000000355e+00, 1.788347933944374191e+01
4.750000000000000000e+00, 1.797950640947554390e+01
4.849999999999999645e+00, 1.807427030250688205e+01
4.949999999999999289e+00, 1.816773191682316835e+01
5.049999999999998934e+00, 1.825991842331224646e+01
5.149999999999998579e+00, 1.835087813106499510e+01
5.249999999999998224e+00, 1.844065646536347813e+01
5.349999999999997868e+00, 1.852929620245633657e+01
5.449999999999997513e+00, 1.861683768031829089e+01
5.549999999999997158e+00, 1.870331898833112660e+01
5.649999999999996803e+00, 1.878877613840796812e+01
5.749999999999996447e+00, 1.887324321973342123e+01
5.849999999999996092e+00, 1.895675253899772628e+01
5.949999999999995737e+00, 1.903933474775361745e+01
6.049999999999995381e+00, 1.912101895831274589e+01
6.149999999999995026e+00, 1.920183284941776236e+01
6.249999999999994671e+00, 1.928180276277160488e+01
6.349999999999994316e+00, 1.936095379137275430e+01
6.449999999999993960e+00, 1.943930986049104703e+01
6.549999999999993605e+00, 1.951689380201989721e+01
6.649999999999993250e+00, 1.959372742285538749e+01
6.749999999999992895e+00, 1.966983156787848586e+01
6.849999999999992539e+00, 1.974522617805202529e+01
6.949999999999992184e+00, 1.981993034408776921e+01
7.049999999999991829e+00, 1.989396235608951002e+01
7.149999999999991473e+00, 1.996733974953490076e+01
7.249999999999991118e+00, 2.004007934792070600e+01
7.349999999999990763e+00, 2.011266549501861434e+01
7.449999999999990408e+00, 2.018433350114323233e+01
7.549999999999990052e+00, 2.025512155969830985e+01
7.649999999999989697e+00, 2.032506535229083866e+01
7.749999999999989342e+00, 2.039419827445935951e+01
7.849999999999988987e+00, 2.046255163595003523e+01
7.949999999999988631e+00, 2.053015483896546201e+01
8.049999999999988276e+00, 2.059703553727910119e+01
8.149999999999987921e+00, 2.066321977866934745e+01
8.249999999999987566e+00, 2.072873213276351123e+01
8.349999999999987210e+00, 2.079359580607907532e+01
8.449999999999986855e+00, 2.085783274579631552e+01
8.549999999999986500e+00, 2.092146373358358957e+01
8.649999999999986144e+00, 2.098450847061720026e+01
8.749999999999985789e+00, 2.104698565478591732e+01
8.849999999999985434e+00, 2.110891305094119730e+01
8.949999999999985079e+00, 2.117030755494420546e+01
9.049999999999984723e+00, 2.123118525216660402e+01
9.149999999999984368e+00, 2.129156147102141716e+01
9.249999999999984013e+00, 2.135145083203072147e+01
9.349999999999983658e+00, 2.141086729287698276e+01
9.449999999999983302e+00, 2.146982418983285257e+01
9.549999999999982947e+00, 2.152833427591921378e+01
9.649999999999982592e+00, 2.158640975610194701e+01
9.749999999999982236e+00, 2.164406231980369810e+01
9.849999999999981881e+00, 2.170130317097692796e+01
9.949999999999981526e+00, 2.175814305595823583e+01
1.004999999999998117e+01, 2.181459228930092564e+01
1.014999999999998082e+01, 2.187066077776237805e+01
1.024999999999998046e+01, 2.192635804260485699e+01
1.034999999999998010e+01, 2.198169324035253425e+01
1.044999999999997975e+01, 2.203667518213341481e+01
1.054999999999997939e+01, 2.209131235172234042e+01
1.064999999999997904e+01, 2.214561292239019252e+01
1.074999999999997868e+01, 2.219958477265442909e+01
1.084999999999997833e+01, 2.225323550101732550e+01
1.094999999999997797e+01, 2.230657243977031712e+01
1.104999999999997762e+01, 2.235960266793581397e+01
1.114999999999997726e+01, 2.241233302341144906e+01
1.124999999999997691e+01, 2.246477011437606919e+01
1.134999999999997655e+01, 2.251692033001157256e+01
1.144999999999997620e+01, 2.256878985059012876e+01
1.154999999999997584e+01, 2.262038465697209233e+01
1.164999999999997549e+01, 2.267171053955616955e+01
1.174999999999997513e+01, 2.272277310671995210e+01
1.184999999999997478e+01, 2.277357779278587557e+01
1.194999999999997442e+01, 2.282412986554477996e+01
1.204999999999997407e+01, 2.287443443336680104e+01
1.214999999999997371e+01, 2.292449645192686347e+01
1.224999999999997335e+01, 2.297432073057005297e+01
1.234999999999997300e+01, 2.302391193834015226e+01
1.244999999999997264e+01, 2.307327460969286648e+01
1.254999999999997229e+01, 2.312241314991366892e+01
1.264999999999997193e+01, 2.317133184025873760e+01
1.274999999999997158e+01, 2.322003484283607477e+01
1.284999999999997122e+01, 2.326852620524267579e+01
1.294999999999997087e+01, 2.331680986497251951e+01
1.304999999999997051e+01, 2.336488965360904047e+01
1.314999999999997016e+01, 2.341276930081482988e+01
1.324999999999996980e+01, 2.346045243813046355e+01
1.334999999999996945e+01, 2.350794260259344171e+01
1.344999999999996909e+01, 2.355524324018759685e+01
1.354999999999996874e+01, 2.360235770913254072e+01
1.364999999999996838e+01, 2.364928928302215994e+01
1.374999999999996803e+01, 2.369604115382050935e+01
1.384999999999996767e+01, 2.374261643472296157e+01
1.394999999999996732e+01, 2.378901816288994908e+01
1.404999999999996696e+01, 2.383524930206015213e+01
1.414999999999996660e+01, 2.388131274504958057e+01
1.424999999999996625e+01, 2.392721131614258212e+01
1.434999999999996589e+01, 2.397294777338042238e+01
1.444999999999996554e+01, 2.401852481075276202e+01
1.454999999999996518e+01, 2.406394506029700864e+01
1.464999999999996483e+01, 2.410921109411025398e+01
1.474999999999996447e+01, 2.415432542627818435e+01
1.484999999999996412e+01, 2.419929051472511006e+01
1.494999999999996376e+01, 2.424410876298905038e+01
1.504999999999996341e+01, 2.428878252192552978e+01
1.514999999999996305e+01, 2.433331409134354573e+01
1.524999999999996270e+01, 2.437770572157700855e+01
1.534999999999996234e+01, 2.442195961499470869e+01
1.544999999999996199e+01, 2.446607792745174237e+01
1.554999999999996163e+01, 2.451006276968514896e+01
1.564999999999996128e+01, 2.455391620865634295e+01
1.574999999999996092e+01, 2.459764026884280241e+01
1.584999999999996056e+01, 2.464123693348135902e+01
1.594999999999996021e+01, 2.468470814576527061e+01
1.604999999999996163e+01, 2.472805580999714792e+01
1.614999999999996305e+01, 2.477128179269973884e+01
1.624999999999996447e+01, 2.481438792368641799e+01
1.634999999999996589e+01, 2.485737599709315759e+01
1.644999999999996732e+01, 2.490024777237366393e+01
1.654999999999996874e+01, 2.494300497525926374e+01
1.664999999999997016e+01, 2.498564929868507534e+01
1.674999999999997158e+01, 2.502818240368387848e+01
1.684999999999997300e+01, 2.507060592024906853e+01
1.694999999999997442e+01, 2.511292144816796679e+01
1.704999999999997584e+01, 2.515513055782676233e+01
1.714999999999997726e+01, 2.519723479098820818e+01
1.724999999999997868e+01, 2.523923566154323694e+01
1.734999999999998010e+01, 2.528113465623751921e+01
1.744999999999998153e+01, 2.532293323537401264e+01
1.754999999999998295e+01, 2.536463283349243270e+01
1.764999999999998437e+01, 2.540623486002657927e+01
1.774999999999998579e+01, 2.544774069994041810e+01
1.784999999999998721e+01, 2.548915171434369498e+01
1.794999999999998863e+01, 2.553046924108794258e+01
1.804999999999999005e+01, 2.557169459534359746e+01
1.814999999999999147e+01, 2.561282907015896981e+01
1.824999999999999289e+01, 2.565387393700175522e+01
1.834999999999999432e+01, 2.569483044628375623e+01
1.844999999999999574e+01, 2.573569982786944266e+01
1.854999999999999716e+01, 2.577648329156894036e+01
1.864999999999999858e+01, 2.581718202761605951e+01
1.875000000000000000e+01, 2.585779720713188468e+01
1.885000000000000142e+01, 2.589832998257445951e+01
1.895000000000000284e+01, 2.593878148817510265e+01
1.905000000000000426e+01, 2.597915284036179528e+01
1.915000000000000568e+01, 2.601944513817013416e+01
1.925000000000000711e+01, 2.605965946364228003e+01
1.935000000000000853e+01, 2.609979688221434202e+01
1.945000000000000995e+01, 2.613985844309258866e+01
1.955000000000001137e+01, 2.617984517961888358e+01
1.965000000000001279e+01, 2.621975810962572595e+01
1.975000000000001421e+01, 2.625959823578125452e+01
1.985000000000001563e+01, 2.629936654592454559e+01
1.995000000000001705e+01, 2.633906401339155678e+01
2.005000000000001847e+01, 2.637869159733202906e+01
2.015000000000001990e+01, 2.641825024301762781e+01
2.025000000000002132e+01, 2.645774088214166397e+01
2.035000000000002274e+01, 2.649716443311062974e+01
2.045000000000002416e+01, 2.653652180132784721e+01
2.055000000000002558e+01, 2.657581387946948226e+01
2.065000000000002700e+01, 2.661504154775316167e+01
2.075000000000002842e+01, 2.665420567419945996e+01
2.085000000000002984e+01, 2.669330711488647268e+01
2.095000000000003126e+01, 2.673234671419768205e+01
2.105000000000003268e+01, 2.677132530506336394e+01
2.115000000000003411e+01, 2.681024370919570643e+01
2.125000000000003553e+01, 2.684910273731787456e+01
2.135000000000003695e+01, 2.688790318938716695e+01
2.145000000000003837e+01, 2.692664585481250228e+01
2.155000000000003979e+01, 2.696533151266635997e+01
2.165000000000004121e+01, 2.700396093189139179e+01
2.175000000000004263e+01, 2.704253487150182167e+01
2.185000000000004405e+01, 2.708105408077984677e+01
2.195000000000004547e+01, 2.711951929946713236e+01
2.205000000000004690e+01, 2.715793125795160989e+01
2.215000000000004832e+01, 2.719629067744966378e+01
2.225000000000004974e+01, 2.723459827018388779e+01
2.235000000000005116e+01, 2.727285473955650374e+01
2.245000000000005258e+01, 2.731106078031862339e+01
2.255000000000005400e+01, 2.734921707873541763e+01
2.265000000000005542e+01, 2.738732431274734225e+01
2.275000000000005684e+01, 2.742538315212754796e+01
2.285000000000005826e+01, 2.746339425863555661e+01
2.295000000000005969e+01, 2.750135828616732425e+01
2.305000000000006111e+01, 2.753927588090179768e+01
2.315000000000006253e+01, 2.757714768144406747e+01
2.325000000000006395e+01, 2.761497431896518862e+01
2.335000000000006537e+01, 2.765275641733880008e+01
2.345000000000006679e+01, 2.769049459327461449e+01
2.355000000000006821e+01, 2.772818945644884536e+01
2.365000000000006963e+01, 2.776584160963170334e+01
2.375000000000007105e+01, 2.780345164881200049e+01
2.385000000000007248e+01, 2.784102016331895868e+01
2.395000000000007390e+01, 2.787854773594130720e+01
2.405000000000007532e+01, 2.791603494304372646e+01
2.415000000000007674e+01, 2.795348235468071962e+01
2.425000000000007816e+01, 2.799089053470797595e+01
2.435000000000007958e+01, 2.802826004089130763e+01
2.445000000000008100e+01, 2.806559142501320281e+01
2.455000000000008242e+01, 2.810288523297706931e+01
2.465000000000008384e+01, 2.814014200490923656e+01
2.475000000000008527e+01, 2.817736227525877268e+01
2.485000000000008669e+01, 2.821454657289514856e+01
2.495000000000008811e+01, 2.825169542120385557e+01
2.505000000000008953e+01, 2.828880933817997345e+01
2.515000000000009095e+01, 2.832588883651978762e+01
2.525000000000009237e+01, 2.836293442371047746e+01
2.535000000000009379e+01, 2.839994660211793231e+01
2.545000000000009521e+01, 2.843692586907275910e+01
2.555000000000009663e+01, 2.847387271695449940e+01
2.565000000000009805e+01, 2.851078763327411281e+01
2.575000000000009948e+01, 2.854767110075478698e+01
2.585000000000010090e+01, 2.858452359741109206e+01
2.595000000000010232e+01, 2.862134559662653643e+01
2.605000000000010374e+01, 2.865813756722954508e+01
2.615000000000010516e+01, 2.869489997356792088e+01
2.625000000000010658e+01, 2.873163327558182445e+01
2.635000000000010800e+01, 2.876833792887528674e+01
2.645000000000010942e+01, 2.880501438478631115e+01
2.655000000000011084e+01, 2.884166309045559018e+01
2.665000000000011227e+01, 2.887828448889388611e+01
2.675000000000011369e+01, 2.891487901904806890e+01
2.685000000000011511e+01, 2.895144711586589281e+01
2.695000000000011653e+01, 2.898798921035951182e+01
2.705000000000011795e+01, 2.902450572966776221e+01
2.715000000000011937e+01, 2.906099709711725509e+01
2.725000000000012079e+01, 2.909746373228230354e+01
2.735000000000012221e+01, 2.913390605104370223e+01
2.745000000000012363e+01, 2.917032446564639869e+01
2.755000000000012506e+01, 2.920671938475607732e+01
2.765000000000012648e+01, 2.924309121351467766e+01
2.775000000000012790e+01, 2.927944035359486818e+01
2.785000000000012932e+01, 2.931576720325351815e+01
2.795000000000013074e+01, 2.935207215738417474e+01
2.805000000000013216e+01, 2.938835560756856324e+01
2.815000000000013358e+01, 2.942461794212714210e+01
2.825000000000013500e+01, 2.946085954616874858e+01
2.835000000000013642e+01, 2.949708080163931356e+01
2.845000000000013785e+01, 2.953328208736971305e+01
2.855000000000013927e+01, 2.956946377912274926e+01
2.865000000000014069e+01, 2.960562624963927547e+01
2.875000000000014211e+01, 2.964176986868351094e+01
2.885000000000014353e+01, 2.967789500308753503e+01
2.895000000000014495e+01, 2.971400201679499986e+01
2.905000000000014637e+01, 2.975009127090405414e+01
2.915000000000014779e+01, 2.978616312370952457e+01
2.925000000000014921e+01, 2.982221793074435823e+01
2.935000000000015064e+01, 2.985825604482032603e+01
2.945000000000015206e+01, 2.989427781606802981e+01
2.955000000000015348e+01, 2.993028359197621313e+01
2.965000000000015490e+01, 2.996627371743038637e+01
2.975000000000015632e+01, 3.000224853475080167e+01
2.985000000000015774e+01, 3.003820620087445192e+01
2.995000000000015916e+01, 3.007411446897104312e+01
3.005000000000016058e+01, 3.010997399482652170e+01
3.015000000000016200e+01, 3.014578542552508367e+01
3.025000000000016342e+01, 3.018154939962093408e+01
3.035000000000016485e+01, 3.021726654730575845e+01
3.045000000000016627e+01, 3.025293749057205162e+01
3.055000000000016769e+01, 3.028856284337238591e+01
3.065000000000016911e+01, 3.032414321177479621e+01
3.075000000000017053e+01, 3.035967919411436000e+01
3.085000000000017195e+01, 3.039517138114108619e+01
3.095000000000017337e+01, 3.043062035616424055e+01
3.105000000000017479e+01, 3.046602669519321083e+01
3.115000000000017621e+01, 3.050139096707497899e+01
3.125000000000017764e+01, 3.053671373362834984e+01
3.135000000000017906e+01, 3.057199554977498934e+01
3.145000000000018048e+01, 3.060723696366739688e+01
3.155000000000018190e+01, 3.064243851681385422e+01
3.165000000000018332e+01, 3.067760074420048610e+01
3.175000000000018474e+01, 3.071272417441049640e+01
3.185000000000018616e+01, 3.074780932974063319e+01
3.195000000000018758e+01, 3.078285672631500702e+01
3.205000000000018900e+01, 3.081786687419629800e+01
3.215000000000019043e+01, 3.085284027749444391e+01
3.225000000000019185e+01, 3.088777743447286994e+01
3.235000000000019327e+01, 3.092267883765233805e+01
3.245000000000019469e+01, 3.095754497391246218e+01
3.255000000000019611e+01, 3.099237632459097824e+01
3.265000000000019753e+01, 3.102717336558080419e+01
3.275000000000019895e+01, 3.106193656742497211e+01
3.285000000000020037e+01, 3.109666639540946775e+01
3.295000000000020179e+01, 3.113136330965404852e+01
3.305000000000020322e+01, 3.116602776520109686e+01
3.315000000000020464e+01, 3.120066021210254092e+01
3.325000000000020606e+01, 3.123526109550491725e+01
3.335000000000020748e+01, 3.126983085573260013e+01
3.345000000000020890e+01, 3.130436992836926535e+01
3.355000000000021032e+01, 3.133887874433763443e+01
3.365000000000021174e+01, 3.137335772997751704e+01
3.375000000000021316e+01, 3.140780730712222990e+01
3.385000000000021458e+01, 3.144222789317340983e+01
3.395000000000021600e+01, 3.147661990117427067e+01
3.405000000000021743e+01, 3.151098373988134682e+01
3.415000000000021885e+01, 3.154531981383475170e+01
3.425000000000022027e+01, 3.157962852342700089e+01
3.435000000000022169e+01, 3.161391026497042134e+01
3.445000000000022311e+01, 3.164816543076319277e+01
3.455000000000022453e+01, 3.168239440915405325e+01
3.465000000000022595e+01, 3.171659758460569378e+01
3.475000000000022737e+01, 3.175077533775689176e+01
3.485000000000022879e+01, 3.178492804548339734e+01
3.495000000000023022e+01, 3.181905608095759774e+01
3.505000000000023164e+01, 3.185315981370702332e+01
3.515000000000023306e+01, 3.188723960967168125e+01
3.525000000000023448e+01, 3.192129583126026304e+01
3.535000000000023590e+01, 3.195532883740526486e+01
3.545000000000023732e+01, 3.198933898361703854e+01
3.555000000000023874e+01, 3.202332662203676961e+01
3.565000000000024016e+01, 3.205729210148846420e+01
3.575000000000024158e+01, 3.209123576752990914e+01
3.585000000000024301e+01, 3.212515796250269062e+01
3.595000000000024443e+01, 3.215905902558121454e+01
3.605000000000024585e+01, 3.219293929282084576e+01
3.615000000000024727e+01, 3.222679909720510949e+01
3.625000000000024869e+01, 3.226063876869199731e+01
3.635000000000025011e+01, 3.229445863425943486e+01
3.645000000000025153e+01, 3.232825901794987544e+01
3.655000000000025295e+01, 3.236204024091407661e+01
3.665000000000025437e+01, 3.239580262145406664e+01
3.675000000000025580e+01, 3.242954647506532240e+01
3.685000000000025722e+01, 3.246327211447816552e+01
3.695000000000025864e+01, 3.249697984969839837e+01
3.705000000000026006e+01, 3.253066998804721521e+01
3.715000000000026148e+01, 3.256434283420038156e+01
3.725000000000026290e+01, 3.259799869022671004e+01
3.735000000000026432e+01, 3.263163785562582575e+01
3.745000000000026574e+01, 3.266526062736528502e+01
3.755000000000026716e+01, 3.269886729991701202e+01
3.765000000000026859e+01, 3.273245816529309593e+01
3.775000000000027001e+01, 3.276603351308094858e+01
3.785000000000027143e+01, 3.279959363047785104e+01
3.795000000000027285e+01, 3.283313880232487492e+01
3.805000000000027427e+01, 3.286666931114024237e+01
3.815000000000027569e+01, 3.290018543715207500e+01
3.825000000000027711e+01, 3.293368745833058142e+01
3.835000000000027853e+01, 3.296717565041969777e+01
3.845000000000027995e+01, 3.300065028696817393e+01
3.855000000000028137e+01, 3.303411163936014106e+01
3.865000000000028280e+01, 3.306755997684512494e+01
3.875000000000028422e+01, 3.310099556656759034e+01
3.885000000000028564e+01, 3.313441867359595250e+01
3.895000000000028706e+01, 3.316782956095109824e+01
3.905000000000028848e+01, 3.320122848963445961e+01
3.915000000000028990e+01, 3.323461571865558284e+01
3.925000000000029132e+01, 3.326799150505923564e+01
3.935000000000029274e+01, 3.330135610395209511e+01
3.945000000000029416e+01, 3.333470976852895973e+01
3.955000000000029559e+01, 3.336805275009855620e+01
3.965000000000029701e+01, 3.340138529810889167e+01
3.975000000000029843e+01, 3.343470766017220797e+01
3.985000000000029985e+01, 3.346802008208953083e+01
3.995000000000030127e+01, 3.350132280787480710e+01
4.005000000000030269e+01, 3.353461607977866521e+01
4.015000000000030411e+01, 3.356790013831177788e+01
4.025000000000030553e+01, 3.360117522226784814e+01
4.035000000000030695e+01, 3.363444156874623303e+01
4.045000000000030838e+01, 3.366769941317421200e+01
4.055000000000030980e+01, 3.370094898932889294e+01
4.065000000000031122e+01, 3.373419052935875584e+01
4.075000000000031264e+01, 3.376742426380486961e+01
4.085000000000031406e+01, 3.380065042162179623e+01
4.095000000000031548e+01, 3.383386923019812542e+01
4.105000000000031690e+01, 3.386708091537669674e+01
4.115000000000031832e+01, 3.390028570147453735e+01
4.125000000000031974e+01, 3.393348381130245173e+01
4.135000000000032117e+01, 3.396667546618434130e+01
4.145000000000032259e+01, 3.399986088597618306e+01
4.155000000000032401e+01, 3.403304028908475232e+01
4.165000000000032543e+01, 3.406621389248606135e+01
4.175000000000032685e+01, 3.409938191174347821e+01
4.185000000000032827e+01, 3.413254456102559686e+01
4.195000000000032969e+01, 3.416570205312385156e+01
4.205000000000033111e+01, 3.419885459946981854e+01
4.215000000000033253e+01, 3.423200241015229750e+01
4.225000000000033396e+01, 3.426514569393412302e+01
4.235000000000033538e+01, 3.429828465826871309e+01
4.245000000000033680e+01, 3.433141950931638320e+01
4.255000000000033822e+01, 3.436455045196041880e+01
4.265000000000033964e+01, 3.439767768982289198e+01
4.275000000000034106e+01, 3.443080142528028631e+01
4.285000000000034248e+01, 3.446392185947882325e+01
4.295000000000034390e+01, 3.449703919234962513e+01
4.305000000000034532e+01, 3.453015362262363652e+01
4.315000000000034674e+01, 3.456326534784631122e+01
4.325000000000034817e+01, 3.459637456439210013e+01
4.335000000000034959e+01, 3.462948146747873324e+01
4.345000000000035101e+01, 3.466258625118128833e+01
4.355000000000035243e+01, 3.469568910844605369e+01
4.365000000000035385e+01, 3.472879023110419894e+01
4.375000000000035527e+01, 3.476188980988524690e+01
4.385000000000035669e+01, 3.479498803443034660e+01
4.395000000000035811e+01, 3.482808509330537561e+01
4.405000000000035953e+01, 3.486118117401383643e+01
4.415000000000036096e+01, 3.489427646300958230e+01
4.425000000000036238e+01, 3.492737114570935120e+01
4.435000000000036380e+01, 3.496046540650514345e+01
4.445000000000036522e+01, 3.499355942877640757e+01
4.455000000000036664e+01, 3.502665339490206975e+01
4.465000000000036806e+01, 3.505974748627238569e+01
4.475000000000036948e+01, 3.509284188330062193e+01
4.485000000000037090e+01, 3.512593676543460219e+01
4.495000000000037232e+01, 3.515903231116806182e+01
4.505000000000037375e+01, 3.519212869805187438e+01
4.515000000000037517e+01, 3.522522610270510057e+01
4.525000000000037659e+01, 3.525832470082589509e+01
4.535000000000037801e+01, 3.529142466720227844e+01
4.545000000000037943e+01, 3.532452617572273823e+01
4.555000000000038085e+01, 3.535762939938669547e+01
4.565000000000038227e+01, 3.539073451031485007e+01
4.575000000000038369e+01, 3.542384167975935583e+01
4.585000000000038511e+01, 3.545695107811386038e+01
4.595000000000038654e+01, 3.549006287492345280e+01
4.605000000000038796e+01, 3.552317723889441936e+01
4.615000000000038938e+01, 3.555629433790391403e+01
4.625000000000039080e+01, 3.558941433900946549e+01
4.635000000000039222e+01, 3.562253740845840611e+01
4.645000000000039364e+01, 3.565566371169712312e+01
4.655000000000039506e+01, 3.568879341338021050e+01
4.665000000000039648e+01, 3.572192667737952121e+01
4.675000000000039790e+01, 3.575506366679307035e+01
4.685000000000039933e+01, 3.578820454395382455e+01
4.695000000000040075e+01, 3.582134947043839190e+01
4.705000000000040217e+01, 3.585449860707560532e+01
4.715000000000040359e+01, 3.588765211395497090e+01
4.725000000000040501e+01, 3.592081015043500258e+01
4.735000000000040643e+01, 3.595397287515149998e+01
4.745000000000040785e+01, 3.598714044602565565e+01
4.755000000000040927e+01, 3.602031302027209847e+01
4.765000000000041069e+01, 3.605349075440682327e+01
4.775000000000041211e+01, 3.608667380425502103e+01
4.785000000000041354e+01, 3.611986232495880245e+01
4.795000000000041496e+01, 3.615305647098483632e+01
4.805000000000041638e+01, 3.618625639613187417e+01
4.815000000000041780e+01, 3.621946225353821092e+01
4.825000000000041922e+01, 3.625267419568900351e+01
4.835000000000042064e+01, 3.628589237442353976e+01
4.845000000000042206e+01, 3.631911694094240772e+01
4.855000000000042348e+01, 3.635234804581455847e+01
4.865000000000042490e+01, 3.638558583898429788e+01
4.875000000000042633e+01, 3.641883046977817173e+01
4.885000000000042775e+01, 3.645208208691180118e+01
4.895000000000042917e+01, 3.648534083849660448e+01
4.905000000000043059e+01, 3.651860687204643341e+01
4.915000000000043201e+01, 3.655188033448414586e+01
4.925000000000043343e+01, 3.658516137214809305e+01
4.935000000000043485e+01, 3.661845013079852151e+01
4.945000000000043627e+01, 3.665174675562389695e+01
4.955000000000043769e+01, 3.668505139124716408e+01
4.965000000000043912e+01, 3.671836418173189998e+01
4.975000000000044054e+01, 3.675168527058843893e+01
4.985000000000044196e+01, 3.678501480077988361e+01
4.995000000000044338e+01, 3.681835291472805949e+01
5.005000000000044480e+01, 3.685169975431939093e+01
5.015000000000044622e+01, 3.688505546091072773e+01
5.025000000000044764e+01, 3.691842017533506493e+01
5.035000000000044906e+01, 3.695179403790724137e+01
5.045000000000045048e+01, 3.698517718842951751e+01
5.055000000000045191e+01, 3.701856976619713890e+01
5.065000000000045333e+01, 3.705197191000378609e+01
5.075000000000045475e+01, 3.708538375814699606e+01
5.085000000000045617e+01, 3.711880544843351259e+01
5.095000000000045759e+01, 3.715223711818454433e+01
5.105000000000045901e+01, 3.718567890424101563e+01
5.115000000000046043e+01, 3.721913094296868962e+01
5.125000000000046185e+01, 3.725259337026329831e+01
5.135000000000046327e+01, 3.728606632155555900e+01
5.145000000000046469e+01, 3.731954993181616231e+01
5.155000000000046612e+01, 3.735304433556068915e+01
5.165000000000046754e+01, 3.738654966685449210e+01
5.175000000000046896e+01, 3.742006605931747032e+01
5.185000000000047038e+01, 3.745359364612885855e+01
5.195000000000047180e+01, 3.748713256003189542e+01
5.205000000000047322e+01, 3.752068293333849169e+01
5.215000000000047464e+01, 3.755424489793380616e+01
5.225000000000047606e+01, 3.758781858528077890e+01
5.235000000000047748e+01, 3.762140412642464327e+01
5.245000000000047891e+01, 3.765500165199732407e+01
5.255000000000048033e+01, 3.768861129222185724e+01
5.265000000000048175e+01, 3.772223317691669564e+01
5.275000000000048317e+01, 3.775586743550001501e+01
5.285000000000048459e+01, 3.778951419699394876e+01
5.295000000000048601e+01, 3.782317359002875179e+01
5.305000000000048743e+01, 3.785684574284698556e+01
5.315000000000048885e+01, 3.789053078330757529e+01
5.325000000000049027e+01, 3.792422883888988139e+01
5.335000000000049170e+01, 3.795794003669769268e+01
5.345000000000049312e+01, 3.799166450346319124e+01
5.355000000000049454e+01, 3.802540236555086040e+01
5.365000000000049596e+01, 3.805915374896136427e+01
5.375000000000049738e+01, 3.809291877933537762e+01
5.385000000000049880e+01, 3.812669758195735170e+01
5.395000000000050022e+01, 3.816049028175928726e+01
5.405000000000050164e+01, 3.819429700332440802e+01
5.415000000000050306e+01, 3.822811787089084845e+01
5.425000000000050449e+01, 3.826195300835525615e+01
5.435000000000050591e+01, 3.829580253927637301e+01
5.445000000000050733e+01, 3.832966658687858796e+01
5.455000000000050875e+01, 3.836354527405543280e+01
5.465000000000051017e+01, 3.839743872337304254e+01
5.475000000000051159e+01, 3.843134705707359444e+01
5.485000000000051301e+01, 3.846527039707868312e+01
5.495000000000051443e+01, 3.849920886499267425e+01
5.505000000000051585e+01, 3.853316258210603706e+01
5.515000000000051728e+01, 3.856713166939859860e+01
5.525000000000051870e+01, 3.860111624754279802e+01
5.535000000000052012e+01, 3.863511643690690534e+01
5.545000000000052154e+01, 3.866913235755818334e+01
5.555000000000052296e+01, 3.870316412926602823e+01
5.565000000000052438e+01, 3.873721187150507461e+01
5.575000000000052580e+01, 3.877127570345826513e+01
5.585000000000052722e+01, 3.880535574401990573e+01
5.595000000000052864e+01, 3.883945211179864998e+01
5.605000000000053006e+01, 3.887356492512048334e+01
5.615000000000053149e+01, 3.890769430203166479e+01
5.625000000000053291e+01, 3.894184036030163298e+01
5.635000000000053433e+01, 3.897600321742589813e+01
5.645000000000053575e+01, 3.901018299062887706e+01
5.655000000000053717e+01, 3.904437979686670701e+01
5.665000000000053859e+01, 3.907859375283005932e+01
5.675000000000054001e+01, 3.911282497494686083e+01
5.685000000000054143e+01, 3.914707357938505794e+01
5.695000000000054285e+01, 3.918133968205528816e+01
5.705000000000054428e+01, 3.921562339861357316e+01
5.715000000000054570e+01, 3.924992484446394059e+01
5.725000000000054712e+01, 3.928424413476106736e+01
5.735000000000054854e+01, 3.931858138441283046e+01
5.745000000000054996e+01, 3.935293670808290045e+01
5.755000000000055138e+01, 3.938731022019324968e+01
5.765000000000055280e+01, 3.942170203492666758e+01
5.775000000000055422e+01, 3.945611226622924761e+01
5.785000000000055564e+01, 3.949054102781283149e+01
5.795000000000055707e+01, 3.952498843315742505e+01
5.805000000000055849e+01, 3.955945459551362831e+01
5.815000000000055991e+01, 3.959393962790498733e+01
5.825000000000056133e+01, 3.962844364313036039e+01
5.835000000000056275e+01, 3.966296675376623426e+01
5.845000000000056417e+01, 3.969750907216903357e+01
5.855000000000056559e+01, 3.973207071047739447e+01
5.865000000000056701e+01, 3.976665178061441708e+01
5.875000000000056843e+01, 3.980125239428991080e+01
5.885000000000056986e+01, 3.983587266300257568e+01
5.895000000000057128e+01, 3.987051269804221931e+01
5.905000000000057270e+01, 3.990517261049188136e+01
5.915000000000057412e+01, 3.993985251123000069e+01
5.925000000000057554e+01, 3.997455251093252571e+01
5.935000000000057696e+01, 4.000927272007498914e+01
5.945000000000057838e+01, 4.004401232240371655e+01
5.955000000000057980e+01, 4.007876888802910997e+01
5.965000000000058122e+01, 4.011354253129158565e+01
5.975000000000058265e+01, 4.014833336624085547e+01
5.985000000000058407e+01, 4.018314150663875495e+01
5.995000000000058549e+01, 4.021796706596202142e+01
6.005000000000058691e+01, 4.025281015740503676e+01
6.015000000000058833e+01, 4.028767089388257006e+01
6.025000000000058975e+01, 4.032254938803244215e+01
6.035000000000059117e+01, 4.035744575221820440e+01
6.045000000000059259e+01, 4.039236009853178189e+01
6.055000000000059401e+01, 4.042729253879605977e+01
6.065000000000059543e+01, 4.046224318456746261e+01
6.075000000000059686e+01, 4.049721214713851225e+01
6.085000000000059828e+01, 4.053219953754033611e+01
6.095000000000059970e+01, 4.056720546654517534e+01
6.105000000000060112e+01, 4.060223004466882912e+01
6.115000000000060254e+01, 4.063727338217312024e+01
6.125000000000060396e+01, 4.067233558906828250e+01
6.135000000000060538e+01, 4.070741677511536238e+01
6.145000000000060680e+01, 4.074251704982857092e+01
6.155000000000060822e+01, 4.077763652247762138e+01
6.165000000000060965e+01, 4.081277530209003856e+01
6.175000000000061107e+01, 4.084793349745344671e+01
6.185000000000061249e+01, 4.088311121711782192e+01
6.195000000000061391e+01, 4.091830856939772332e+01
6.205000000000061533e+01, 4.095352566237452407e+01
6.215000000000061675e+01, 4.098876260389857151e+01
6.225000000000061817e+01, 4.102401950159136845e+01
6.235000000000061959e+01, 4.105929646284771195e+01
6.245000000000062101e+01, 4.109459359483778940e+01
6.255000000000062244e+01, 4.112991100450929594e+01
6.265000000000062386e+01, 4.116524879858949504e+01
6.275000000000062528e+01, 4.120060708358727197e+01
6.285000000000062670e+01, 4.123598596579515174e+01
6.295000000000062812e+01, 4.127138555129130282e+01
6.305000000000062954e+01, 4.130680594594152666e+01
6.315000000000063096e+01, 4.134224725540121170e+01
6.325000000000063238e+01, 4.137770958511728736e+01
6.335000000000063380e+01, 4.141319304033012116e+01
6.345000000000063523e+01, 4.144869772607543723e+01
6.355000000000063665e+01, 4.148422374718617078e+01
6.365000000000063807e+01, 4.151977120829435108e+01
6.375000000000063949e+01, 4.155534021383292043e+01
6.385000000000064091e+01, 4.159093086803754602e+01
6.395000000000064233e+01, 4.162654327494844608e+01
6.405000000000063665e+01, 4.166217753841213067e+01
6.415000000000063096e+01, 4.169783376208318515e+01
6.425000000000062528e+01, 4.173351204942600390e+01
6.435000000000061959e+01, 4.176921250371650274e+01
6.445000000000061391e+01, 4.180493522804383133e+01
6.455000000000060822e+01, 4.184068032531204295e+01
6.465000000000060254e+01, 4.187644789824177138e+01
6.475000000000059686e+01, 4.191223804937187225e+01
6.485000000000059117e+01, 4.194805088106105728e+01
6.495000000000058549e+01, 4.198388649548948592e+01
6.505000000000057980e+01, 4.201974499466038537e+01
6.515000000000057412e+01, 4.205562648040160667e+01
6.525000000000056843e+01, 4.209153105436719500e+01
6.535000000000056275e+01, 4.212745881803892445e+01
6.545000000000055707e+01, 4.216340987272781149e+01
6.555000000000055138e+01, 4.219938431957564973e+01
6.565000000000054570e+01, 4.223538225955647363e+01
6.575000000000054001e+01, 4.227140379347805776e+01
6.585000000000053433e+01, 4.230744902198335211e+01
6.595000000000052864e+01, 4.234351804555193866e+01
6.605000000000052296e+01, 4.237961096450144538e+01
6.615000000000051728e+01, 4.241572787898898156e+01
6.625000000000051159e+01, 4.245186888901250200e+01
6.635000000000050591e+01, 4.248803409441219969e+01
6.645000000000050022e+01, 4.252422359487187720e+01
6.655000000000049454e+01, 4.256043748992028952e+01
6.665000000000048885e+01, 4.259667587893246576e+01
6.675000000000048317e+01, 4.263293886113105202e+01
6.685000000000047748e+01, 4.266922653558759038e+01
6.695000000000047180e+01, 4.270553900122382629e+01
6.705000000000046612e+01, 4.274187635681297337e+01
6.715000000000046043e+01, 4.277823870098097814e+01
6.725000000000045475e+01, 4.281462613220777058e+01
6.735000000000044906e+01, 4.285103874882848629e+01
6.745000000000044338e+01, 4.288747664903468859e+01
6.755000000000043769e+01, 4.292393993087557647e+01
6.765000000000043201e+01, 4.296042869225917116e+01
6.775000000000042633e+01, 4.299694303095348857e+01
6.785000000000042064e+01, 4.303348304458771878e+01
6.795000000000041496e+01, 4.307004883065335576e+01
6.805000000000040927e+01, 4.310664048650535563e+01
6.815000000000040359e+01, 4.314325810936323791e+01
6.825000000000039790e+01, 4.317990179631221537e+01
6.835000000000039222e+01, 4.321657164430427400e+01
6.845000000000038654e+01, 4.325326775015927439e+01
6.855000000000038085e+01, 4.328999021056602459e+01
6.865000000000037517e+01, 4.332673912208331757e+01
6.875000000000036948e+01, 4.336351458114100410e+01
6.885000000000036380e+01, 4.340031668404101595e+01
6.895000000000035811e+01, 4.343012227502001110e+01
