0.000000000000000000e+00, 0.000000000000000000e+00
1.000000000000000021e-03, 5.423765118947811074e-08
2.000000000000000042e-03, 1.627132941294809407e-07
3.000000000000000062e-03, 3.254272696978116982e-07
4.000000000000000083e-03, 5.423799190887380179e-07
5.000000000000000104e-03, 8.135715838127002372e-07
6.000000000000000125e-03, 1.139002605696020785e-06
7.000000000000000146e-03, 1.518673326880613755e-06
8.000000000000000167e-03, 1.952584089823695431e-06
9.000000000000001055e-03, 2.440735237297494922e-06
1.000000000000000194e-02, 2.983127112388966805e-06
1.100000000000000283e-02, 3.579760058499502707e-06
1.200000000000000372e-02, 4.230634419344644380e-06
1.300000000000000461e-02, 4.935750538953797396e-06
1.400000000000000550e-02, 5.695108761669946124e-06
1.500000000000000638e-02, 6.508709432149367859e-06
1.600000000000000727e-02, 7.376552895361347366e-06
1.700000000000000816e-02, 8.298639496587897365e-06
1.800000000000000905e-02, 9.274969581423467993e-06
1.900000000000000994e-02, 1.030554349577467152e-05
2.000000000000001082e-02, 1.139036158585999607e-05
2.100000000000001171e-02, 1.252942419820952605e-05
2.200000000000001260e-02, 1.372273167966466269e-05
2.300000000000001349e-02, 1.497028437737783940e-05
2.400000000000001438e-02, 1.627208263881224566e-05
2.500000000000001527e-02, 1.762812681174154918e-05
2.600000000000001615e-02, 1.903841724424961467e-05
2.700000000000001704e-02, 2.050295428473023114e-05
2.800000000000001793e-02, 2.202173828188682555e-05
2.900000000000001882e-02, 2.359476958473219520e-05
3.000000000000001971e-02, 2.522204854258822986e-05
3.100000000000002059e-02, 2.690357550508563396e-05
3.200000000000002148e-02, 2.863935082216365893e-05
3.300000000000002237e-02, 3.042937484406981521e-05
3.400000000000002326e-02, 3.227364792135961136e-05
3.500000000000002415e-02, 3.417217040489627962e-05
3.600000000000002504e-02, 3.612494264585049808e-05
3.700000000000002592e-02, 3.813196499570011965e-05
3.800000000000002681e-02, 4.019323780622991452e-05
3.900000000000002770e-02, 4.230876142953127206e-05
4.000000000000002859e-02, 4.447853621800196359e-05
4.100000000000002948e-02, 4.670256252434585106e-05
4.200000000000003036e-02, 4.898084070157261596e-05
4.300000000000003125e-02, 5.131337110299751539e-05
4.400000000000003214e-02, 5.370015408224108389e-05
4.500000000000003303e-02, 5.614118999322888275e-05
4.600000000000003392e-02, 5.863647919019124245e-05
4.700000000000003481e-02, 6.118602202766297137e-05
4.800000000000003569e-02, 6.378981886048311855e-05
4.900000000000003658e-02, 6.644787004379468232e-05
5.000000000000003747e-02, 6.916017593304435961e-05
1.500000000000000500e-01, 8.833363470611149551e-04
2.500000000000000555e-01, 2.240879941695062515e-03
3.500000000000000888e-01, 4.142235391134377678e-03
4.500000000000000666e-01, 6.587865197398613121e-03
5.500000000000000444e-01, 9.273274987828743904e-03
6.500000000000000222e-01, 1.196095725597246320e-02
7.500000000000000000e-01, 1.465100575361057145e-02
8.499999999999999778e-01, 1.734350834703320826e-02
9.499999999999999556e-01, 2.003854625130116474e-02
1.050000000000000044e+00, 2.273619376820565016e-02
1.150000000000000133e+00, 2.543651929115832433e-02
1.250000000000000222e+00, 2.813958577711705641e-02
1.350000000000000311e+00, 3.084545209057328041e-02
1.450000000000000400e+00, 3.355417491567053850e-02
1.550000000000000488e+00, 3.626580957249540133e-02
1.650000000000000577e+00, 3.898041006606285663e-02
1.750000000000000666e+00, 4.169802914239869457e-02
1.850000000000000755e+00, 4.441871628959071644e-02
1.950000000000000844e+00, 4.714251761508572725e-02
2.050000000000000711e+00, 4.986947624777762073e-02
2.150000000000000799e+00, 5.259963249141104413e-02
2.250000000000000888e+00, 5.533302464237280227e-02
2.350000000000000977e+00, 5.806969013406845098e-02
2.450000000000001066e+00, 6.080966596841144017e-02
2.550000000000001155e+00, 6.355298871376670322e-02
2.650000000000001243e+00, 6.629969450729425451e-02
2.750000000000001332e+00, 6.904981906039192596e-02
2.850000000000001421e+00, 7.180339766630110254e-02
2.950000000000001510e+00, 7.456046520919609732e-02
3.050000000000001599e+00, 7.732105617426107691e-02
3.150000000000001688e+00, 8.008520342654099067e-02
3.250000000000001776e+00, 8.285293790375845846e-02
3.350000000000001865e+00, 8.562428887146344980e-02
3.450000000000001954e+00, 8.839928398120350250e-02
3.550000000000002043e+00, 9.117794972356484118e-02
3.650000000000002132e+00, 9.396031217010245018e-02
3.750000000000002220e+00, 9.674639728741527001e-02
3.850000000000002309e+00, 9.953623093099397967e-02
3.950000000000002398e+00, 1.023298388406487514e-01
4.050000000000002487e+00, 1.051272466372298597e-01
4.150000000000002132e+00, 1.079284798204080825e-01
4.250000000000001776e+00, 1.107335637673255435e-01
4.350000000000001421e+00, 1.135425237319616504e-01
4.450000000000001066e+00, 1.163553848450867706e-01
4.550000000000000711e+00, 1.191721721146985630e-01
4.650000000000000355e+00, 1.219929104268539233e-01
4.750000000000000000e+00, 1.248176245468245321e-01
4.849999999999999645e+00, 1.276463391205157893e-01
4.949999999999999289e+00, 1.304790781066131888e-01
5.049999999999998934e+00, 1.333158641991292193e-01
5.149999999999998579e+00, 1.361567190700852803e-01
5.249999999999998224e+00, 1.390016633941393021e-01
5.349999999999997868e+00, 1.418507170426221986e-01
5.449999999999997513e+00, 1.447038995992198651e-01
5.549999999999997158e+00, 1.475612306481918490e-01
5.649999999999996803e+00, 1.504227297705882094e-01
5.749999999999996447e+00, 1.532884165409728883e-01
5.849999999999996092e+00, 1.561583105245925585e-01
5.949999999999995737e+00, 1.590324312749375468e-01
6.049999999999995381e+00, 1.619107983316485366e-01
6.149999999999995026e+00, 1.647934312187284700e-01
6.249999999999994671e+00, 1.676803494430245123e-01
6.349999999999994316e+00, 1.705715724929489363e-01
6.449999999999993960e+00, 1.734671198374116707e-01
6.549999999999993605e+00, 1.763670109249406703e-01
6.649999999999993250e+00, 1.792712651829689308e-01
6.749999999999992895e+00, 1.821799020172695793e-01
6.849999999999992539e+00, 1.850929408115223329e-01
6.949999999999992184e+00, 1.880104009269969179e-01
7.049999999999991829e+00, 1.909323017023404345e-01
7.149999999999991473e+00, 1.938586624534570091e-01
7.249999999999991118e+00, 1.967895024734696297e-01
7.349999999999990763e+00, 1.997248523875515269e-01
7.449999999999990408e+00, 2.026647333915207461e-01
7.549999999999990052e+00, 2.056091629209846616e-01
7.649999999999989697e+00, 2.085581547946084024e-01
7.749999999999989342e+00, 2.115117149144301045e-01
7.849999999999988987e+00, 2.144698446021431615e-01
7.949999999999988631e+00, 2.174325458264670663e-01
8.049999999999988276e+00, 2.203998211618078129e-01
8.149999999999987921e+00, 2.233716737506274697e-01
8.249999999999987566e+00, 2.263481072691130580e-01
8.349999999999987210e+00, 2.293291258957885215e-01
8.449999999999986855e+00, 2.323147342827593109e-01
8.549999999999986500e+00, 2.353049375293179701e-01
8.649999999999986144e+00, 2.382997411576723013e-01
8.749999999999985789e+00, 2.412991510905866388e-01
8.849999999999985434e+00, 2.443031736307507695e-01
8.949999999999985079e+00, 2.473118154417131009e-01
9.049999999999984723e+00, 2.503250835302323063e-01
9.149999999999984368e+00, 2.533429852299186602e-01
9.249999999999984013e+00, 2.563655281860493518e-01
9.349999999999983658e+00, 2.593927203414548854e-01
9.449999999999983302e+00, 2.624245699233845874e-01
9.549999999999982947e+00, 2.654610854312682844e-01
9.649999999999982592e+00, 2.685022756252992693e-01
9.749999999999982236e+00, 2.715481495157722192e-01
9.849999999999981881e+00, 2.745987163531148356e-01
9.949999999999981526e+00, 2.776539856185588628e-01
1.004999999999998117e+01, 2.807139670154005229e-01
1.014999999999998082e+01, 2.837786704608056820e-01
1.024999999999998046e+01, 2.868481060781184477e-01
1.034999999999998010e+01, 2.899222841896361702e-01
1.044999999999997975e+01, 2.930012153098167094e-01
1.054999999999997939e+01, 2.960849101388870475e-01
1.064999999999997904e+01, 2.991733795568249366e-01
1.074999999999997868e+01, 3.022666346176871577e-01
1.084999999999997833e+01, 3.053646865442611880e-01
1.094999999999997797e+01, 3.084675467230180712e-01
1.104999999999997762e+01, 3.115752266993462305e-01
1.114999999999997726e+01, 3.146877381730479595e-01
1.124999999999997691e+01, 3.178050929940816061e-01
1.134999999999997655e+01, 3.209273031585333502e-01
1.144999999999997620e+01, 3.240543808048045316e-01
1.154999999999997584e+01, 3.271863382100004825e-01
1.164999999999997549e+01, 3.303231877865092647e-01
1.174999999999997513e+01, 3.334649420787577645e-01
1.184999999999997478e+01, 3.366116137601354863e-01
1.194999999999997442e+01, 3.397632156300753326e-01
1.204999999999997407e+01, 3.429197606112825425e-01
1.214999999999997371e+01, 3.460812617471032970e-01
1.224999999999997335e+01, 3.492477321990247185e-01
1.234999999999997300e+01, 3.524191852442991046e-01
1.244999999999997264e+01, 3.555956342736851239e-01
1.254999999999997229e+01, 3.587770927893000339e-01
1.264999999999997193e+01, 3.619635744025763158e-01
1.274999999999997158e+01, 3.651550928323175071e-01
1.284999999999997122e+01, 3.683516619028477934e-01
1.294999999999997087e+01, 3.715532955422502503e-01
1.304999999999997051e+01, 3.747600077806894081e-01
1.314999999999997016e+01, 3.779718127488136958e-01
1.324999999999996980e+01, 3.811887246762335479e-01
1.334999999999996945e+01, 3.844107578900715083e-01
1.344999999999996909e+01, 3.876379268135805578e-01
1.354999999999996874e+01, 3.908702459648276673e-01
1.364999999999996838e+01, 3.941077299554390234e-01
1.374999999999996803e+01, 3.973503934894040412e-01
1.384999999999996767e+01, 4.005982513619353869e-01
1.394999999999996732e+01, 4.038513184583822913e-01
1.404999999999996696e+01, 4.071096097531949898e-01
1.414999999999996660e+01, 4.103731403089372898e-01
1.424999999999996625e+01, 4.136419252753456011e-01
1.434999999999996589e+01, 4.169159798884319867e-01
1.444999999999996554e+01, 4.201953194696295690e-01
1.454999999999996518e+01, 4.234799594249781252e-01
1.464999999999996483e+01, 4.267699152443481525e-01
1.474999999999996447e+01, 4.300652025007017931e-01
1.484999999999996412e+01, 4.333658368493890078e-01
1.494999999999996376e+01, 4.366718340274775012e-01
1.504999999999996341e+01, 4.399832098531148428e-01
1.514999999999996305e+01, 4.432999802249216192e-01
1.524999999999996270e+01, 4.466221611214141740e-01
1.534999999999996234e+01, 4.499497686004559349e-01
1.544999999999996199e+01, 4.532828187987357760e-01
1.554999999999996163e+01, 4.566213279312725803e-01
1.564999999999996128e+01, 4.599653122909451164e-01
1.574999999999996092e+01, 4.633147882480458390e-01
1.584999999999996056e+01, 4.666697722498579504e-01
1.594999999999996021e+01, 4.700302808202547755e-01
1.604999999999996163e+01, 4.733963305593203996e-01
1.614999999999996305e+01, 4.767679381429910657e-01
1.624999999999996447e+01, 4.801451203227163345e-01
1.634999999999996589e+01, 4.835278939251393404e-01
1.644999999999996732e+01, 4.869162758517952549e-01
1.654999999999996874e+01, 4.903102830788277910e-01
1.664999999999997016e+01, 4.937099326567223612e-01
1.674999999999997158e+01, 4.971152417100559995e-01
1.684999999999997300e+01, 5.005262274372630493e-01
1.694999999999997442e+01, 5.039429071104160052e-01
1.704999999999997584e+01, 5.073652980750211761e-01
1.714999999999997726e+01, 5.107934177498286710e-01
1.724999999999997868e+01, 5.142272836266562619e-01
1.734999999999998010e+01, 5.176669132702262921e-01
1.744999999999998153e+01, 5.211123243180153519e-01
1.754999999999998295e+01, 5.245635344801167221e-01
1.764999999999998437e+01, 5.280205615391146967e-01
1.774999999999998579e+01, 5.314834233499702298e-01
1.784999999999998721e+01, 5.349521378399183513e-01
1.794999999999998863e+01, 5.384267230083760181e-01
1.804999999999999005e+01, 5.419071969268607347e-01
1.814999999999999147e+01, 5.453935777389192774e-01
1.824999999999999289e+01, 5.488858836600662983e-01
1.834999999999999432e+01, 5.523841329777327003e-01
1.844999999999999574e+01, 5.558883440512231155e-01
1.854999999999999716e+01, 5.593985353116824877e-01
1.864999999999999858e+01, 5.629147252620713138e-01
1.875000000000000000e+01, 5.664369324771496572e-01
1.885000000000000142e+01, 5.699651756034688210e-01
1.895000000000000284e+01, 5.734994733593719030e-01
1.905000000000000426e+01, 5.770398445350013450e-01
1.915000000000000568e+01, 5.805863079923143655e-01
1.925000000000000711e+01, 5.841388826651057187e-01
1.935000000000000853e+01, 5.876975875590378928e-01
1.945000000000000995e+01, 5.912624417516777475e-01
1.955000000000001137e+01, 5.948334643925400345e-01
1.965000000000001279e+01, 5.984106747031380236e-01
1.975000000000001421e+01, 6.019940919770399024e-01
1.985000000000001563e+01, 6.055837355799319477e-01
1.995000000000001705e+01, 6.091796249496871374e-01
2.005000000000001847e+01, 6.127817795964404235e-01
2.015000000000001990e+01, 6.163902191026695565e-01
2.025000000000002132e+01, 6.200049631232812386e-01
2.035000000000002274e+01, 6.236260313857031612e-01
2.045000000000002416e+01, 6.272534436899813715e-01
2.055000000000002558e+01, 6.308872199088826349e-01
2.065000000000002700e+01, 6.345273799880022381e-01
2.075000000000002842e+01, 6.381739439458766761e-01
2.085000000000002984e+01, 6.418269318741013363e-01
2.095000000000003126e+01, 6.454863639374526230e-01
2.105000000000003268e+01, 6.491522603740151887e-01
2.115000000000003411e+01, 6.528246414953136068e-01
2.125000000000003553e+01, 6.565035276864483738e-01
2.135000000000003695e+01, 6.601889394062364635e-01
2.145000000000003837e+01, 6.638808971873562115e-01
2.155000000000003979e+01, 6.675794216364963063e-01
2.165000000000004121e+01, 6.712845334345087789e-01
2.175000000000004263e+01, 6.749962533365663209e-01
2.185000000000004405e+01, 6.787146021723233780e-01
2.195000000000004547e+01, 6.824396008460811291e-01
2.205000000000004690e+01, 6.861712703369564625e-01
2.215000000000004832e+01, 6.899096316990543931e-01
2.225000000000004974e+01, 6.936547060616442550e-01
2.235000000000005116e+01, 6.974065146293397799e-01
2.245000000000005258e+01, 7.011650786822822834e-01
2.255000000000005400e+01, 7.049304195763275160e-01
2.265000000000005542e+01, 7.087025587432361773e-01
2.275000000000005684e+01, 7.124815176908670944e-01
2.285000000000005826e+01, 7.162673180033747311e-01
2.295000000000005969e+01, 7.200599813414089168e-01
2.305000000000006111e+01, 7.238595294423184612e-01
2.315000000000006253e+01, 7.276659841203576562e-01
2.325000000000006395e+01, 7.314793672668958857e-01
2.335000000000006537e+01, 7.352997008506303445e-01
2.345000000000006679e+01, 7.391270069178017543e-01
2.355000000000006821e+01, 7.429613075924129673e-01
2.365000000000006963e+01, 7.468026250764504548e-01
2.375000000000007105e+01, 7.506509816501091281e-01
2.385000000000007248e+01, 7.545063996720192678e-01
2.395000000000007390e+01, 7.583689015794767840e-01
2.405000000000007532e+01, 7.622385098886761412e-01
2.415000000000007674e+01, 7.661152471949457254e-01
2.425000000000007816e+01, 7.699991361729864314e-01
2.435000000000007958e+01, 7.738901995771124698e-01
2.445000000000008100e+01, 7.777884602414949500e-01
2.455000000000008242e+01, 7.816939410804081279e-01
2.465000000000008384e+01, 7.856066650884782065e-01
2.475000000000008527e+01, 7.895266553409345800e-01
2.485000000000008669e+01, 7.934539349938634079e-01
2.495000000000008811e+01, 7.973885272844644101e-01
2.505000000000008953e+01, 8.013304555313093269e-01
2.515000000000009095e+01, 8.052797431346029322e-01
2.525000000000009237e+01, 8.092364135764471555e-01
2.535000000000009379e+01, 8.132004904211064256e-01
2.545000000000009521e+01, 8.171719973152765659e-01
2.555000000000009663e+01, 8.211509579883552457e-01
2.565000000000009805e+01, 8.251373962527149830e-01
2.575000000000009948e+01, 8.291313360039784808e-01
2.585000000000010090e+01, 8.331328012212962930e-01
2.595000000000010232e+01, 8.371418159676266013e-01
2.605000000000010374e+01, 8.411584043900174334e-01
2.615000000000010516e+01, 8.451825907198906584e-01
2.625000000000010658e+01, 8.492143992733288682e-01
2.635000000000010800e+01, 8.532538544513640355e-01
2.645000000000010942e+01, 8.573009807402682814e-01
2.655000000000011084e+01, 8.613558027118470850e-01
2.665000000000011227e+01, 8.654183450237343811e-01
2.675000000000011369e+01, 8.694886324196898775e-01
2.685000000000011511e+01, 8.735666897298985933e-01
2.695000000000011653e+01, 8.776525418712725068e-01
2.705000000000011795e+01, 8.817462138477538680e-01
2.715000000000011937e+01, 8.858477307506213982e-01
2.725000000000012079e+01, 8.899571177587977111e-01
2.735000000000012221e+01, 8.940744001391592866e-01
2.745000000000012363e+01, 8.981996032468485547e-01
2.755000000000012506e+01, 9.023327525255874226e-01
2.765000000000012648e+01, 9.064738735079937992e-01
2.775000000000012790e+01, 9.106229918158990078e-01
2.785000000000012932e+01, 9.147801331606681963e-01
2.795000000000013074e+01, 9.189453233435220803e-01
2.805000000000013216e+01, 9.231185882558610167e-01
2.815000000000013358e+01, 9.272999538795909658e-01
2.825000000000013500e+01, 9.314894462874514502e-01
2.835000000000013642e+01, 9.356870916433452923e-01
2.845000000000013785e+01, 9.398929162026706807e-01
2.855000000000013927e+01, 9.441069463126549044e-01
2.865000000000014069e+01, 9.483292084126899724e-01
2.875000000000014211e+01, 9.525597290346704549e-01
2.885000000000014353e+01, 9.567985348033331006e-01
2.895000000000014495e+01, 9.610456524365984521e-01
2.905000000000014637e+01, 9.653011087459141271e-01
2.915000000000014779e+01, 9.695649306366003195e-01
2.925000000000014921e+01, 9.738371451081971886e-01
2.935000000000015064e+01, 9.781177792548139127e-01
2.945000000000015206e+01, 9.824068602654800753e-01
2.955000000000015348e+01, 9.867044154244983822e-01
2.965000000000015490e+01, 9.910104721117998228e-01
2.975000000000015632e+01, 9.953250578033003837e-01
2.985000000000015774e+01, 9.996482000671745860e-01
2.995000000000015916e+01, 1.003979924856233996e+00
3.005000000000016058e+01, 1.008320256376609381e+00
3.015000000000016200e+01, 1.012669217230011576e+00
3.025000000000016342e+01, 1.017026828411121686e+00
3.035000000000016485e+01, 1.021393109874155991e+00
3.045000000000016627e+01, 1.025768081358509276e+00
3.055000000000016769e+01, 1.030151762687273154e+00
3.065000000000016911e+01, 1.034544173767067088e+00
3.075000000000017053e+01, 1.038945334587876523e+00
3.085000000000017195e+01, 1.043355265222899009e+00
3.095000000000017337e+01, 1.047773985828397425e+00
3.105000000000017479e+01, 1.052201516643560764e+00
3.115000000000017621e+01, 1.056637877990372454e+00
3.125000000000017764e+01, 1.061083090273484686e+00
3.135000000000017906e+01, 1.065537173980100283e+00
3.145000000000018048e+01, 1.070000149679860790e+00
3.155000000000018190e+01, 1.074472038024741671e+00
3.165000000000018332e+01, 1.078952859748952831e+00
3.175000000000018474e+01, 1.083442635668846465e+00
3.185000000000018616e+01, 1.087941386682830247e+00
3.195000000000018758e+01, 1.092449133771286274e+00
3.205000000000018900e+01, 1.096965897996497130e+00
3.215000000000019043e+01, 1.101491700502575721e+00
3.225000000000019185e+01, 1.106026562515402212e+00
3.235000000000019327e+01, 1.110570505342565628e+00
3.245000000000019469e+01, 1.115123550373311234e+00
3.255000000000019611e+01, 1.119685719078492347e+00
3.265000000000019753e+01, 1.124257033010528373e+00
3.275000000000019895e+01, 1.128837513803367054e+00
3.285000000000020037e+01, 1.133427183172451613e+00
3.295000000000020179e+01, 1.138026062914693437e+00
3.305000000000020322e+01, 1.142634174908448319e+00
3.315000000000020464e+01, 1.147251541113498252e+00
3.325000000000020606e+01, 1.151878183571037217e+00
3.335000000000020748e+01, 1.156514124403661858e+00
3.345000000000020890e+01, 1.161159385815366152e+00
3.355000000000021032e+01, 1.165813990091540076e+00
3.365000000000021174e+01, 1.170477959598973383e+00
3.375000000000021316e+01, 1.175151316785862043e+00
3.385000000000021458e+01, 1.179834084181820453e+00
3.395000000000021600e+01, 1.184526284397895868e+00
3.405000000000021743e+01, 1.189227940126587946e+00
3.415000000000021885e+01, 1.193939074141871615e+00
3.425000000000022027e+01, 1.198659709299223497e+00
3.435000000000022169e+01, 1.203389868535652107e+00
3.445000000000022311e+01, 1.208129574869732270e+00
3.455000000000022453e+01, 1.212878851401641533e+00
3.465000000000022595e+01, 1.217637721313202137e+00
3.475000000000022737e+01, 1.222406207867924310e+00
3.485000000000022879e+01, 1.227184334411054678e+00
3.495000000000023022e+01, 1.231972124369626664e+00
3.505000000000023164e+01, 1.236769601252514450e+00
3.515000000000023306e+01, 1.241576788650491148e+00
3.525000000000023448e+01, 1.246393710236288088e+00
3.535000000000023590e+01, 1.251220389764658991e+00
3.545000000000023732e+01, 1.256056851072446578e+00
3.555000000000023874e+01, 1.260903118078651630e+00
3.565000000000024016e+01, 1.265759214784505593e+00
3.575000000000024158e+01, 1.270625165273545631e+00
3.585000000000024301e+01, 1.275500993711693454e+00
3.595000000000024443e+01, 1.280386724347335248e+00
3.605000000000024585e+01, 1.285282381511406058e+00
3.615000000000024727e+01, 1.290187989617475495e+00
3.625000000000024869e+01, 1.295103573161837218e+00
3.635000000000025011e+01, 1.300029156723599977e+00
3.645000000000025153e+01, 1.304964764964782642e+00
3.655000000000025295e+01, 1.309910422630409910e+00
3.665000000000025437e+01, 1.314866154548612220e+00
3.675000000000025580e+01, 1.319831985630727234e+00
3.685000000000025722e+01, 1.324807940871403522e+00
3.695000000000025864e+01, 1.329794045348707598e+00
3.705000000000026006e+01, 1.334790324224232494e+00
3.715000000000026148e+01, 1.339796802743209003e+00
3.725000000000026290e+01, 1.344813506234618705e+00
3.735000000000026432e+01, 1.349840460111310314e+00
3.745000000000026574e+01, 1.354877689870117141e+00
3.755000000000026716e+01, 1.359925221091977443e+00
3.765000000000026859e+01, 1.364983079442056768e+00
3.775000000000027001e+01, 1.370051290669871857e+00
3.785000000000027143e+01, 1.375129880609417876e+00
3.795000000000027285e+01, 1.380218875179296534e+00
3.805000000000027427e+01, 1.385318300382846868e+00
3.815000000000027569e+01, 1.390428182308278249e+00
3.825000000000027711e+01, 1.395548547128804273e+00
3.835000000000027853e+01, 1.400679421102780431e+00
3.845000000000027995e+01, 1.405820830573842217e+00
3.855000000000028137e+01, 1.410972801971045465e+00
3.865000000000028280e+01, 1.416135361809008897e+00
3.875000000000028422e+01, 1.421308536688059121e+00
3.885000000000028564e+01, 1.426492353294375626e+00
3.895000000000028706e+01, 1.431686838400139994e+00
3.905000000000028848e+01, 1.436892018863684672e+00
3.915000000000028990e+01, 1.442107921629645517e+00
3.925000000000029132e+01, 1.447334573729114338e+00
3.935000000000029274e+01, 1.452572002279794994e+00
3.945000000000029416e+01, 1.457820234486159272e+00
3.955000000000029559e+01, 1.463079297639606091e+00
3.965000000000029701e+01, 1.468349219118621596e+00
3.975000000000029843e+01, 1.473630026388941250e+00
3.985000000000029985e+01, 1.478921747003713261e+00
3.995000000000030127e+01, 1.484224408603664003e+00
4.005000000000030269e+01, 1.489538038917264551e+00
4.015000000000030411e+01, 1.494862665760899434e+00
4.025000000000030553e+01, 1.500198317039036722e+00
4.035000000000030695e+01, 1.505545020744399443e+00
4.045000000000030838e+01, 1.510902804958139223e+00
4.055000000000030980e+01, 1.516271697850010147e+00
4.065000000000031122e+01, 1.521651727678545951e+00
4.075000000000031264e+01, 1.527042922791237212e+00
4.085000000000031406e+01, 1.532445311624710538e+00
4.095000000000031548e+01, 1.537858922704909759e+00
4.105000000000031690e+01, 1.543283784647277557e+00
4.115000000000031832e+01, 1.548719926156939763e+00
4.125000000000031974e+01, 1.554167376028889658e+00
4.135000000000032117e+01, 1.559626163148175149e+00
4.145000000000032259e+01, 1.565096316490086181e+00
4.155000000000032401e+01, 1.570577865120344363e+00
4.165000000000032543e+01, 1.576070838195293700e+00
4.175000000000032685e+01, 1.581575264962092442e+00
4.185000000000032827e+01, 1.587091174758906487e+00
4.195000000000032969e+01, 1.592618597015104553e+00
4.205000000000033111e+01, 1.598157561251453807e+00
4.215000000000033253e+01, 1.603708097080317474e+00
4.225000000000033396e+01, 1.609270234205853800e+00
4.235000000000033538e+01, 1.614844002424216107e+00
4.245000000000033680e+01, 1.620429431623753747e+00
4.255000000000033822e+01, 1.626026551785215268e+00
4.265000000000033964e+01, 1.631635392981951815e+00
4.275000000000034106e+01, 1.637255985380122736e+00
4.285000000000034248e+01, 1.642888359238901641e+00
4.295000000000034390e+01, 1.648532544910684683e+00
4.305000000000034532e+01, 1.654188572841298610e+00
4.315000000000034674e+01, 1.659856473570211932e+00
4.325000000000034817e+01, 1.665536277730744974e+00
4.335000000000034959e+01, 1.671228016050283705e+00
4.345000000000035101e+01, 1.676931719350492900e+00
4.355000000000035243e+01, 1.682647418547530860e+00
4.365000000000035385e+01, 1.688375144652265902e+00
4.375000000000035527e+01, 1.694114928770493300e+00
4.385000000000035669e+01, 1.699866802103154440e+00
4.395000000000035811e+01, 1.705630795946555756e+00
4.405000000000035953e+01, 1.711406941692589445e+00
4.415000000000036096e+01, 1.717195270828955955e+00
4.425000000000036238e+01, 1.722995814939386250e+00
4.435000000000036380e+01, 1.728808605703866741e+00
4.445000000000036522e+01, 1.734633674898864220e+00
4.455000000000036664e+01, 1.740471054397551676e+00
4.465000000000036806e+01, 1.746320776170036781e+00
4.475000000000036948e+01, 1.752182872283589710e+00
4.485000000000037090e+01, 1.758057374902873171e+00
4.495000000000037232e+01, 1.763944316290173120e+00
4.505000000000037375e+01, 1.769843728805630123e+00
4.515000000000037517e+01, 1.775755644907472730e+00
4.525000000000037659e+01, 1.781680097152251507e+00
4.535000000000037801e+01, 1.787617118195073518e+00
4.545000000000037943e+01, 1.793566740789838798e+00
4.555000000000038085e+01, 1.799528997789477280e+00
4.565000000000038227e+01, 1.805503922146186824e+00
4.575000000000038369e+01, 1.811491546911672357e+00
4.585000000000038511e+01, 1.817491905237386352e+00
4.595000000000038654e+01, 1.823505030374769742e+00
4.605000000000038796e+01, 1.829530955675494397e+00
4.615000000000038938e+01, 1.835569714591705814e+00
4.625000000000039080e+01, 1.841621340676267593e+00
4.635000000000039222e+01, 1.847685867583007235e+00
4.645000000000039364e+01, 1.853763329066961285e+00
4.655000000000039506e+01, 1.859853758984623129e+00
4.665000000000039648e+01, 1.865957191294191020e+00
4.675000000000039790e+01, 1.872073660055817435e+00
4.685000000000039933e+01, 1.878203199431858872e+00
4.695000000000040075e+01, 1.884345843687126765e+00
4.705000000000040217e+01, 1.890501627189140166e+00
4.715000000000040359e+01, 1.896670584408377991e+00
4.725000000000040501e+01, 1.902852749918533481e+00
4.735000000000040643e+01, 1.909048158396768891e+00
4.745000000000040785e+01, 1.915256844623971055e+00
4.755000000000040927e+01, 1.921478843485008303e+00
4.765000000000041069e+01, 1.927714189968988245e+00
4.775000000000041211e+01, 1.933962919169516459e+00
4.785000000000041354e+01, 1.940225066284955613e+00
4.795000000000041496e+01, 1.946500666618686148e+00
4.805000000000041638e+01, 1.952789755579367625e+00
4.815000000000041780e+01, 1.959092368681200957e+00
4.825000000000041922e+01, 1.965408541544191312e+00
4.835000000000042064e+01, 1.971738309894412788e+00
4.845000000000042206e+01, 1.978081709564272872e+00
4.855000000000042348e+01, 1.984438776492778223e+00
4.865000000000042490e+01, 1.990809546725801571e+00
4.875000000000042633e+01, 1.997194056416349284e+00
4.885000000000042775e+01, 2.003592341824830037e+00
4.895000000000042917e+01, 2.010004439319323488e+00
4.905000000000043059e+01, 2.016430385375851841e+00
4.915000000000043201e+01, 2.022870216578649405e+00
4.925000000000043343e+01, 2.029323969620435708e+00
4.935000000000043485e+01, 2.035791681302687728e+00
4.945000000000043627e+01, 2.042273388535913448e+00
4.955000000000043769e+01, 2.048769128339926304e+00
4.965000000000043912e+01, 2.055278937844121856e+00
4.975000000000044054e+01, 2.061802854287752229e+00
4.985000000000044196e+01, 2.068340915020204118e+00
4.995000000000044338e+01, 2.074893157501276342e+00
5.005000000000044480e+01, 2.081459619301458730e+00
5.015000000000044622e+01, 2.088040338102211901e+00
5.025000000000044764e+01, 2.094635351696246595e+00
5.035000000000044906e+01, 2.101244697987806553e+00
5.045000000000045048e+01, 2.107868414992948747e+00
5.055000000000045191e+01, 2.114506540839827142e+00
5.065000000000045333e+01, 2.121159113768976034e+00
5.075000000000045475e+01, 2.127826172133595151e+00
5.085000000000045617e+01, 2.134507754399834312e+00
5.095000000000045759e+01, 2.141203899147078982e+00
5.105000000000045901e+01, 2.147914645068238038e+00
5.115000000000046043e+01, 2.154640030970030207e+00
5.125000000000046185e+01, 2.161380095773274501e+00
5.135000000000046327e+01, 2.168134878513177100e+00
5.145000000000046469e+01, 2.174904418339622669e+00
5.155000000000046612e+01, 2.181688754517465245e+00
5.165000000000046754e+01, 2.188487926426818664e+00
5.175000000000046896e+01, 2.195301973563350106e+00
5.185000000000047038e+01, 2.202130935538571865e+00
5.195000000000047180e+01, 2.208974852080136664e+00
5.205000000000047322e+01, 2.215833763032131642e+00
5.215000000000047464e+01, 2.222707708355372791e+00
5.225000000000047606e+01, 2.229596728127702487e+00
5.235000000000047748e+01, 2.236500862544285262e+00
5.245000000000047891e+01, 2.243420151917906669e+00
5.255000000000048033e+01, 2.250354636679269937e+00
5.265000000000048175e+01, 2.257304357377296622e+00
5.275000000000048317e+01, 2.264269354679425916e+00
5.285000000000048459e+01, 2.271249669371914859e+00
5.295000000000048601e+01, 2.278245342360139869e+00
5.305000000000048743e+01, 2.285256414668899172e+00
5.315000000000048885e+01, 2.292282927442715224e+00
5.325000000000049027e+01, 2.299324921946138023e+00
5.335000000000049170e+01, 2.306382439564049758e+00
5.345000000000049312e+01, 2.313455521801969450e+00
5.355000000000049454e+01, 2.320544210286358489e+00
5.365000000000049596e+01, 2.327648546764927495e+00
5.375000000000049738e+01, 2.334768573106942746e+00
5.385000000000049880e+01, 2.341904331303534370e+00
5.395000000000050022e+01, 2.349055863468004546e+00
5.405000000000050164e+01, 2.356223211836137033e+00
5.415000000000050306e+01, 2.363406418766506700e+00
5.425000000000050449e+01, 2.370605526740789948e+00
5.435000000000050591e+01, 2.377820578364076454e+00
5.445000000000050733e+01, 2.385051616365180482e+00
5.455000000000050875e+01, 2.392298683596953968e+00
5.465000000000051017e+01, 2.399561823036599151e+00
5.475000000000051159e+01, 2.406841077785983884e+00
5.485000000000051301e+01, 2.414136491071954271e+00
5.495000000000051443e+01, 2.421448106246651300e+00
5.505000000000051585e+01, 2.428775966787827034e+00
5.515000000000051728e+01, 2.436120116299159921e+00
5.525000000000051870e+01, 2.443480598510573643e+00
5.535000000000052012e+01, 2.450857457278553309e+00
5.545000000000052154e+01, 2.458250736586465646e+00
5.555000000000052296e+01, 2.465660480544876965e+00
5.565000000000052438e+01, 2.473086733391873793e+00
5.575000000000052580e+01, 2.480529539493383506e+00
5.585000000000052722e+01, 2.487988943343494519e+00
5.595000000000052864e+01, 2.495464989564779135e+00
5.605000000000053006e+01, 2.502957722908615068e+00
5.615000000000053149e+01, 2.510467188255509186e+00
5.625000000000053291e+01, 2.517993430615420802e+00
5.635000000000053433e+01, 2.525536495128085868e+00
5.645000000000053575e+01, 2.533096427063342038e+00
5.655000000000053717e+01, 2.540673271821454193e+00
5.665000000000053859e+01, 2.548267074933440401e+00
5.675000000000054001e+01, 2.555877882061398765e+00
5.685000000000054143e+01, 2.563505738998835159e+00
5.695000000000054285e+01, 2.571150691670990529e+00
5.705000000000054428e+01, 2.578812786135169066e+00
5.715000000000054570e+01, 2.586492068581068615e+00
5.725000000000054712e+01, 2.594188585331109298e+00
5.735000000000054854e+01, 2.601902382840764361e+00
5.745000000000054996e+01, 2.609633507698890575e+00
5.755000000000055138e+01, 2.617382006628059976e+00
5.765000000000055280e+01, 2.625147926484892036e+00
5.775000000000055422e+01, 2.632931314260385847e+00
5.785000000000055564e+01, 2.640732217080253630e+00
5.795000000000055707e+01, 2.648550682205254247e+00
5.805000000000055849e+01, 2.656386757031527601e+00
5.815000000000055991e+01, 2.664240489090929476e+00
5.825000000000056133e+01, 2.672111926051366826e+00
5.835000000000056275e+01, 2.680001115717133509e+00
5.845000000000056417e+01, 2.687908106029247790e+00
5.855000000000056559e+01, 2.695832945065787634e+00
5.865000000000056701e+01, 2.703775681042229984e+00
5.875000000000056843e+01, 2.711736362311787385e+00
5.885000000000056986e+01, 2.719715037365748156e+00
5.895000000000057128e+01, 2.727711754833813895e+00
5.905000000000057270e+01, 2.735726563484440099e+00
5.915000000000057412e+01, 2.743759512225176778e+00
5.925000000000057554e+01, 2.751810650103007738e+00
5.935000000000057696e+01, 2.759880026304693423e+00
5.945000000000057838e+01, 2.767967690142431270e+00
5.955000000000057980e+01, 2.776073690606064570e+00
5.965000000000058122e+01, 2.784198076443614056e+00
5.975000000000058265e+01, 2.792340896167262443e+00
5.985000000000058407e+01, 2.800502198051793012e+00
5.995000000000058549e+01, 2.808682030300843735e+00
6.005000000000058691e+01, 2.816880441218582831e+00
6.015000000000058833e+01, 2.825097479242243637e+00
6.025000000000058975e+01, 2.833333192942415479e+00
6.035000000000059117e+01, 2.841587631023336780e+00
6.045000000000059259e+01, 2.849860842323186816e+00
6.055000000000059401e+01, 2.858152875814379712e+00
6.065000000000059543e+01, 2.866463780603856648e+00
6.075000000000059686e+01, 2.874793605933379403e+00
6.085000000000059828e+01, 2.883142401179824788e+00
6.095000000000059970e+01, 2.891510215855479071e+00
6.105000000000060112e+01, 2.899897099608331974e+00
6.115000000000060254e+01, 2.908303102222372427e+00
6.125000000000060396e+01, 2.916728273617883449e+00
6.135000000000060538e+01, 2.925172663851737909e+00
6.145000000000060680e+01, 2.933636323117694733e+00
6.155000000000060822e+01, 2.942119301746695115e+00
6.165000000000060965e+01, 2.950621650207159608e+00
6.175000000000061107e+01, 2.959143419105284778e+00
6.185000000000061249e+01, 2.967684659185340301e+00
6.195000000000061391e+01, 2.976245421329967389e+00
6.205000000000061533e+01, 2.984825756560475440e+00
6.215000000000061675e+01, 2.993425716037141360e+00
6.225000000000061817e+01, 3.002045351059507983e+00
6.235000000000061959e+01, 3.010684713066682505e+00
6.245000000000062101e+01, 3.019343853637635355e+00
6.255000000000062244e+01, 3.028022824491500842e+00
6.265000000000062386e+01, 3.036721677487874693e+00
6.275000000000062528e+01, 3.045440464627116484e+00
6.285000000000062670e+01, 3.054179238050647172e+00
6.295000000000062812e+01, 3.062938050041251969e+00
6.305000000000062954e+01, 3.071716953023379215e+00
6.315000000000063096e+01, 3.080515999563442353e+00
6.325000000000063238e+01, 3.089335242370120138e+00
6.335000000000063380e+01, 3.098174734294659505e+00
6.345000000000063523e+01, 3.107034528331175327e+00
6.355000000000063665e+01, 3.115914677616954176e+00
6.365000000000063807e+01, 3.124815235432754523e+00
6.375000000000063949e+01, 3.133736255203110499e+00
6.385000000000064091e+01, 3.142677790496633872e+00
6.395000000000064233e+01, 3.151639895026316029e+00
6.405000000000063665e+01, 3.160622622649832181e+00
6.415000000000063096e+01, 3.169626027369843779e+00
6.425000000000062528e+01, 3.178650163334301393e+00
6.435000000000061959e+01, 3.187695084836748460e+00
6.445000000000061391e+01, 3.196760846316625049e+00
6.455000000000060822e+01, 3.205847502359572054e+00
6.465000000000060254e+01, 3.214955107697733627e+00
6.475000000000059686e+01, 3.224083717210062705e+00
6.485000000000059117e+01, 3.233233385922625214e+00
6.495000000000058549e+01, 3.242404169008903381e+00
6.505000000000057980e+01, 3.251596121790100824e+00
6.515000000000057412e+01, 3.260809299735448086e+00
6.525000000000056843e+01, 3.270043758462505945e+00
6.535000000000056275e+01, 3.279299553737471395e+00
6.545000000000055707e+01, 3.288576741475481846e+00
6.555000000000055138e+01, 3.297875377740921099e+00
6.565000000000054570e+01, 3.307195518747723550e+00
6.575000000000054001e+01, 3.316537220859681057e+00
6.585000000000053433e+01, 3.325900540590746690e+00
6.595000000000052864e+01, 3.335285534605341162e+00
6.605000000000052296e+01, 3.344692259718658356e+00
6.615000000000051728e+01, 3.354120772896970859e+00
6.625000000000051159e+01, 3.363571131257935498e+00
6.635000000000050591e+01, 3.373043392070899316e+00
6.645000000000050022e+01, 3.382537612757205103e+00
6.655000000000049454e+01, 3.392053850890498268e+00
6.665000000000048885e+01, 3.401592164197031476e+00
6.675000000000048317e+01, 3.411152610555971076e+00
6.685000000000047748e+01, 3.420735247999703965e+00
6.695000000000047180e+01, 3.430340134714141787e+00
6.705000000000046612e+01, 3.439967329039028687e+00
6.715000000000046043e+01, 3.449616889468246406e+00
6.725000000000045475e+01, 3.459288874650120693e+00
6.735000000000044906e+01, 3.468983343387727292e+00
6.745000000000044338e+01, 3.478700354639197467e+00
6.755000000000043769e+01, 3.488439967518024432e+00
6.765000000000043201e+01, 3.498202241293369763e+00
6.775000000000042633e+01, 3.507987235390368497e+00
6.785000000000042064e+01, 3.517795009390435546e+00
6.795000000000041496e+01, 3.527625623031571678e+00
6.805000000000040927e+01, 3.537479136208668606e+00
6.815000000000040359e+01, 3.547355608973815855e+00
6.825000000000039790e+01, 3.557255101536605402e+00
6.835000000000039222e+01, 3.567177674264438547e+00
6.845000000000038654e+01, 3.577123387682829669e+00
6.855000000000038085e+01, 3.587092302475713090e+00
6.865000000000037517e+01, 3.597084479485748609e+00
6.875000000000036948e+01, 3.607099979714625260e+00
6.885000000000036380e+01, 3.617138864323368619e+00
6.895000000000035811e+01, 3.627201194632643677e+00
6.905000000000035243e+01, 3.637287032123061259e+00
6.915000000000034674e+01, 3.647396438435482668e+00
6.925000000000034106e+01, 3.657529475371323446e+00
6.935000000000033538e+01, 3.667686204892859347e+00
6.945000000000032969e+01, 3.677866689123529209e+00
6.955000000000032401e+01, 3.688070990348240485e+00
6.965000000000031832e+01, 3.698299171013672115e+00
6.975000000000031264e+01, 3.708551293728579612e+00
6.985000000000030695e+01, 3.718827421264097488e+00
6.995000000000030127e+01, 3.729127616554044788e+00
7.005000000000029559e+01, 3.739451942695226183e+00
7.015000000000028990e+01, 3.749800462947736168e+00
7.025000000000028422e+01, 3.760173240735262379e+00
7.035000000000027853e+01, 3.770570339645387570e+00
7.045000000000027285e+01, 3.780991823429892484e+00
7.055000000000026716e+01, 3.791437756005058279e+00
7.065000000000026148e+01, 3.801908201451968061e+00
7.075000000000025580e+01, 3.812403224016809311e+00
7.085000000000025011e+01, 3.822922888111174977e+00
7.095000000000024443e+01, 3.833467258312364567e+00
7.105000000000023874e+01, 3.844036399363685685e+00
7.115000000000023306e+01, 3.854630376174754680e+00
7.125000000000022737e+01, 3.865249253821796405e+00
7.135000000000022169e+01, 3.875893097547945754e+00
7.145000000000021600e+01, 3.886561972763546091e+00
7.155000000000021032e+01, 3.897255945046449455e+00
7.165000000000020464e+01, 3.907975080142315871e+00
7.175000000000019895e+01, 3.918719443964912230e+00
7.185000000000019327e+01, 3.929489102596410266e+00
7.195000000000018758e+01, 3.940284122287685875e+00
7.205000000000018190e+01, 3.951104569458616211e+00
7.215000000000017621e+01, 3.961950510698376782e+00
7.225000000000017053e+01, 3.972822012765740318e+00
7.235000000000016485e+01, 3.983719142589371653e+00
7.245000000000015916e+01, 3.994641967268125704e+00
7.255000000000015348e+01, 4.005590554071342346e+00
7.265000000000014779e+01, 4.016564970439142179e+00
7.275000000000014211e+01, 4.027565283982722733e+00
7.285000000000013642e+01, 4.038591562484652009e+00
7.295000000000013074e+01, 4.049643873899163360e+00
7.305000000000012506e+01, 4.060722286352450361e+00
7.315000000000011937e+01, 4.071826868142958133e+00
7.325000000000011369e+01, 4.082957687741679109e+00
7.335000000000010800e+01, 4.094114813792443464e+00
7.345000000000010232e+01, 4.105298315112213103e+00
7.355000000000009663e+01, 4.116508260691370324e+00
7.365000000000009095e+01, 4.127744719694012687e+00
7.375000000000008527e+01, 4.139007761458241674e+00
7.385000000000007958e+01, 4.150297455496452237e+00
7.395000000000007390e+01, 4.161613871495624117e+00
7.405000000000006821e+01, 4.172957079317610507e+00
7.415000000000006253e+01, 4.184327148999425816e+00
7.425000000000005684e+01, 4.195724150753535220e+00
7.435000000000005116e+01, 4.207148154968140652e+00
7.445000000000004547e+01, 4.218599232207468575e+00
7.455000000000003979e+01, 4.230077453212056859e+00
7.465000000000003411e+01, 4.241582888899039894e+00
7.475000000000002842e+01, 4.253115610362434573e+00
7.485000000000002274e+01, 4.264675688873423631e+00
7.495000000000001705e+01, 4.276263195880640744e+00
7.505000000000001137e+01, 4.287878203010453859e+00
7.515000000000000568e+01, 4.299520782067248525e+00
7.525000000000000000e+01, 4.311191005033709445e+00
7.534999999999999432e+01, 4.322888944071102912e+00
7.544999999999998863e+01, 4.334614671519555706e+00
7.554999999999998295e+01, 4.346368259898336639e+00
7.564999999999997726e+01, 4.358149781906138109e+00
7.574999999999997158e+01, 4.369959310421351439e+00
7.584999999999996589e+01, 4.381796918502347538e+00
7.594999999999996021e+01, 4.393662679387754011e+00
7.604999999999995453e+01, 4.405556666496730500e+00
7.614999999999994884e+01, 4.417478953429248456e+00
7.624999999999994316e+01, 4.429429613966362034e+00
7.634999999999993747e+01, 4.441408722070486093e+00
7.644999999999993179e+01, 4.453416351885668867e+00
7.654999999999992610e+01, 4.465452577737864637e+00
7.664999999999992042e+01, 4.477517474135207287e+00
7.674999999999991473e+01, 4.489611115768281202e+00
7.684999999999990905e+01, 4.501733577510393047e+00
7.694999999999990337e+01, 4.513884934417840000e+00
7.704999999999989768e+01, 4.526065261730180644e+00
7.714999999999989200e+01, 4.538274634870503199e+00
7.724999999999988631e+01, 4.550513129445691973e+00
7.734999999999988063e+01, 4.562780821246696483e+00
7.744999999999987494e+01, 4.575077786248795242e+00
7.754999999999986926e+01, 4.587404100611861324e+00
7.764999999999986358e+01, 4.599759840680627043e+00
7.774999999999985789e+01, 4.612145082984947742e+00
7.784999999999985221e+01, 4.624559904240062913e+00
7.794999999999984652e+01, 4.637004381346858217e+00
7.804999999999984084e+01, 4.649478591392127491e+00
7.814999999999983515e+01, 4.661982611648830321e+00
7.824999999999982947e+01, 4.674516519576353168e+00
7.834999999999982379e+01, 4.687080392820766050e+00
7.844999999999981810e+01, 4.699674309215078338e+00
7.854999999999981242e+01, 4.712298346779497216e+00
7.864999999999980673e+01, 4.724952583721680810e+00
7.874999999999980105e+01, 4.737637098436993988e+00
7.884999999999979536e+01, 4.750351969508757932e+00
7.894999999999978968e+01, 4.763097275708506828e+00
7.904999999999978400e+01, 4.775873095996236550e+00
7.914999999999977831e+01, 4.788679509520653355e+00
7.924999999999977263e+01, 4.801516595619424344e+00
7.934999999999976694e+01, 4.814384433819427045e+00
7.944999999999976126e+01, 4.827283103836993661e+00
7.954999999999975557e+01, 4.840212685578157981e+00
7.964999999999974989e+01, 4.853173259138898743e+00
7.974999999999974420e+01, 4.866164904805386549e+00
7.984999999999973852e+01, 4.879187703054224556e+00
7.994999999999973284e+01, 4.892241734552687404e+00
8.004999999999972715e+01, 4.905327080158966346e+00
8.014999999999972147e+01, 4.918443820922405507e+00
8.024999999999971578e+01, 4.931592038083739915e+00
8.034999999999971010e+01, 4.944771813075333533e+00
8.044999999999970441e+01, 4.957983227521414626e+00
8.054999999999969873e+01, 4.971226363238310242e+00
8.064999999999969305e+01, 4.984501302234679798e+00
8.074999999999968736e+01, 4.997808126711746013e+00
8.084999999999968168e+01, 5.011146919063528493e+00
8.094999999999967599e+01, 5.024517761877071109e+00
8.104999999999967031e+01, 5.037920737932672033e+00
8.114999999999966462e+01, 5.051355930204109335e+00
8.124999999999965894e+01, 5.064823421858868358e+00
8.134999999999965326e+01, 5.078323296258367314e+00
8.144999999999964757e+01, 5.091855636958178444e+00
8.154999999999964189e+01, 5.105420527708252720e+00
8.164999999999963620e+01, 5.119018052453137457e+00
8.174999999999963052e+01, 5.132648295332200128e+00
8.184999999999962483e+01, 5.146311340679843305e+00
8.194999999999961915e+01, 5.160007273025723151e+00
8.204999999999961346e+01, 5.173736177094964361e+00
8.214999999999960778e+01, 5.187498137808375098e+00
8.224999999999960210e+01, 5.201293240282658381e+00
8.234999999999959641e+01, 5.215121569830626136e+00
8.244999999999959073e+01, 5.228983211961406141e+00
8.254999999999958504e+01, 5.242878252380653414e+00
8.264999999999957936e+01, 5.256806776990756269e+00
8.274999999999957367e+01, 5.270768871891041485e+00
8.284999999999956799e+01, 5.284764623377980364e+00
8.294999999999956231e+01, 5.298794117945391235e+00
8.304999999999955662e+01, 5.312857442284639298e+00
8.314999999999955094e+01, 5.326954683284838232e+00
8.324999999999954525e+01, 5.341085928033049157e+00
8.334999999999953957e+01, 5.355251263814476914e+00
8.344999999999953388e+01, 5.369450778112663691e+00
8.354999999999952820e+01, 5.383684558609687087e+00
8.364999999999952252e+01, 5.397952693186348405e+00
8.374999999999951683e+01, 5.412255269922367162e+00
8.384999999999951115e+01, 5.426592377096568498e+00
8.394999999999950546e+01, 5.440964103187070577e+00
8.404999999999949978e+01, 5.455370536871471110e+00
8.414999999999949409e+01, 5.469811767027033866e+00
8.424999999999948841e+01, 5.484287882730868979e+00
8.434999999999948272e+01, 5.498798973260115908e+00
8.444999999999947704e+01, 5.513345128092121961e+00
8.454999999999947136e+01, 5.527926436904621710e+00
8.464999999999946567e+01, 5.542542989575912848e+00
8.474999999999945999e+01, 5.557194876185032051e+00
8.484999999999945430e+01, 5.571882187011925502e+00
8.494999999999944862e+01, 5.586605012537622095e+00
8.504999999999944293e+01, 5.601363443444403067e+00
8.514999999999943725e+01, 5.616157570615969874e+00
8.524999999999943157e+01, 5.630987485137611159e+00
8.534999999999942588e+01, 5.645853278296365296e+00
8.544999999999942020e+01, 5.660755041581184699e+00
8.554999999999941451e+01, 5.675692866683095694e+00
8.564999999999940883e+01, 5.690666845495360171e+00
8.574999999999940314e+01, 5.705677070625745806e+00
8.584999999999939746e+01, 5.720723635816590047e+00
8.594999999999939178e+01, 5.735806635795415609e+00
8.604999999999938609e+01, 5.750926166279784368e+00
8.614999999999938041e+01, 5.766082323824620381e+00
8.624999999999937472e+01, 5.781275205426070762e+00
8.634999999999936904e+01, 5.796504908306887138e+00
8.644999999999936335e+01, 5.811771529916658352e+00
8.654999999999935767e+01, 5.827075167932032507e+00
8.664999999999935199e+01, 5.842415920256947004e+00
8.674999999999934630e+01, 5.857793885022846148e+00
8.684999999999934062e+01, 5.873209160588906741e+00
8.694999999999933493e+01, 5.888661845542254802e+00
8.704999999999932925e+01, 5.904152038698183169e+00
8.714999999999932356e+01, 5.919679839100365548e+00
8.724999999999931788e+01, 5.935245346021070567e+00
8.734999999999931219e+01, 5.950848658961371385e+00
8.744999999999930651e+01, 5.966489877651356188e+00
8.754999999999930083e+01, 5.982169102050333365e+00
8.764999999999929514e+01, 5.997886432347036667e+00
8.774999999999928946e+01, 6.013641968959826833e+00
8.784999999999928377e+01, 6.029435812536893202e+00
8.794999999999927809e+01, 6.045268063956450888e+00
8.804999999999927240e+01, 6.061138824326936181e+00
8.814999999999926672e+01, 6.077048194987201057e+00
8.824999999999926104e+01, 6.092996277506705916e+00
8.834999999999925535e+01, 6.108983173685706092e+00
8.844999999999924967e+01, 6.125008985555441043e+00
8.854999999999924398e+01, 6.141073815378319090e+00
8.864999999999923830e+01, 6.157177765648098600e+00
8.874999999999923261e+01, 6.173320939090070070e+00
8.884999999999922693e+01, 6.189503438661231982e+00
8.894999999999922125e+01, 6.205725367550468441e+00
8.904999999999921556e+01, 6.221986829178720591e+00
8.914999999999920988e+01, 6.238287927199160698e+00
8.924999999999920419e+01, 6.254628765497356468e+00
8.934999999999919851e+01, 6.271009448191440683e+00
8.944999999999919282e+01, 6.287430079632273738e+00
8.954999999999918714e+01, 6.303890764403605296e+00
8.964999999999918145e+01, 6.320391607322232375e+00
8.974999999999917577e+01, 6.336932713438157450e+00
8.984999999999917009e+01, 6.353514188034741217e+00
8.994999999999916440e+01, 6.370136136628854473e+00
9.004999999999915872e+01, 6.386798664971028217e+00
9.014999999999915303e+01, 6.403501879045599310e+00
9.024999999999914735e+01, 6.420245885070855252e+00
9.034999999999914166e+01, 6.437030789499173622e+00
9.044999999999913598e+01, 6.453856699017164189e+00
9.054999999999913030e+01, 6.470723720545803026e+00
9.064999999999912461e+01, 6.487631961240566625e+00
9.074999999999911893e+01, 6.504581528491565123e+00
9.084999999999911324e+01, 6.521572529923668426e+00
9.094999999999910756e+01, 6.538605073396633216e+00
9.104999999999910187e+01, 6.555679267005225519e+00
9.114999999999909619e+01, 6.572795219079343276e+00
9.124999999999909051e+01, 6.589953038184132694e+00
9.134999999999908482e+01, 6.607152833120102819e+00
9.144999999999907914e+01, 6.624394712923240114e+00
9.154999999999907345e+01, 6.641678786865116813e+00
9.164999999999906777e+01, 6.659005164452999281e+00
9.174999999999906208e+01, 6.676373955429950158e+00
9.184999999999905640e+01, 6.693785269774931379e+00
9.194999999999905071e+01, 6.711239217702903659e+00
9.204999999999904503e+01, 6.728735909664920634e+00
9.214999999999903935e+01, 6.746275456348223010e+00
9.224999999999903366e+01, 6.763857968676328269e+00
9.234999999999902798e+01, 6.781483557809118601e+00
9.244999999999902229e+01, 6.799152335142924386e+00
9.254999999999901661e+01, 6.816864412310607690e+00
9.264999999999901092e+01, 6.834619901181639534e+00
9.274999999999900524e+01, 6.852418913862175387e+00
9.284999999999899956e+01, 6.870261562695128887e+00
9.294999999999899387e+01, 6.888147960260242009e+00
9.304999999999898819e+01, 6.906078219374149896e+00
9.314999999999898250e+01, 6.924052453090448367e+00
9.324999999999897682e+01, 6.942070774699750757e+00
9.334999999999897113e+01, 6.960133297729748314e+00
9.344999999999896545e+01, 6.978240135945265266e+00
9.354999999999895977e+01, 6.996391403348309446e+00
9.364999999999895408e+01, 7.014587214178122032e+00
9.374999999999894840e+01, 7.032827682911221956e+00
9.384999999999894271e+01, 7.051112924261449422e+00
9.394999999999893703e+01, 7.069443053180006764e+00
9.404999999999893134e+01, 7.087818184855491310e+00
9.414999999999892566e+01, 7.106238434713930907e+00
9.424999999999891998e+01, 7.124703918418814119e+00
9.434999999999891429e+01, 7.143214751871116874e+00
9.444999999999890861e+01, 7.161771051209324668e+00
9.454999999999890292e+01, 7.180372932809454767e+00
9.464999999999889724e+01, 7.199020513285073974e+00
9.474999999999889155e+01, 7.217713909487309287e+00
9.484999999999888587e+01, 7.236453238504862995e+00
9.494999999999888018e+01, 7.255238617664016232e+00
9.504999999999887450e+01, 7.274070164528636973e+00
9.514999999999886882e+01, 7.292947996900177365e+00
9.524999999999886313e+01, 7.311872232817673734e+00
9.534999999999885745e+01, 7.330842990557740357e+00
9.544999999999885176e+01, 7.349860388634558817e+00
9.554999999999884608e+01, 7.368924545799869108e+00
9.564999999999884039e+01, 7.388035581042950106e+00
9.574999999999883471e+01, 7.407193613590601800e+00
9.584999999999882903e+01, 7.426398762907123086e+00
9.594999999999882334e+01, 7.445651148694286015e+00
9.604999999999881766e+01, 7.464950890891305590e+00
9.614999999999881197e+01, 7.484298109674806909e+00
9.624999999999880629e+01, 7.503692925458788743e+00
9.634999999999880060e+01, 7.523135458894584460e+00
9.644999999999879492e+01, 7.542625830870818504e+00
9.654999999999878924e+01, 7.562164162513358434e+00
9.664999999999878355e+01, 7.581750575185266072e+00
9.674999999999877787e+01, 7.601385190486743326e+00
9.684999999999877218e+01, 7.621068130255073569e+00
9.694999999999876650e+01, 7.640799516564563021e+00
9.704999999999876081e+01, 7.660579471726472356e+00
9.714999999999875513e+01, 7.680408118288953645e+00
9.724999999999874944e+01, 7.700285579036973083e+00
9.734999999999874376e+01, 7.720211976992240821e+00
9.744999999999873808e+01, 7.740187435413128370e+00
9.754999999999873239e+01, 7.760212077794586882e+00
9.764999999999872671e+01, 7.780286027868061005e+00
9.774999999999872102e+01, 7.800409409601400057e+00
9.784999999999871534e+01, 7.820582347198761219e+00
9.794999999999870965e+01, 7.840804965100516277e+00
9.804999999999870397e+01, 7.861077387983145925e+00
9.814999999999869829e+01, 7.881399740759139405e+00
9.824999999999869260e+01, 7.901772148576883481e+00
9.834999999999868692e+01, 7.922194736820548755e+00
9.844999999999868123e+01, 7.942667631109977755e+00
9.854999999999867555e+01, 7.963190957300560591e+00
9.864999999999866986e+01, 7.983764841483114161e+00
9.874999999999866418e+01, 8.004389409983753367e+00
9.884999999999865850e+01, 8.025064789363758777e+00
9.894999999999865281e+01, 8.045791106419446947e+00
9.904999999999864713e+01, 8.066568488182021213e+00
9.914999999999864144e+01, 8.087397061917439345e+00
9.924999999999863576e+01, 8.108276955126262564e+00
9.934999999999863007e+01, 8.129208295543500995e+00
9.944999999999862439e+01, 8.150191211138466230e+00
9.954999999999861870e+01, 8.171225830114606126e+00
9.964999999999861302e+01, 8.192312280909348488e+00
9.974999999999860734e+01, 8.213450692193932312e+00
9.984999999999860165e+01, 8.234641192873233706e+00
9.994999999999859597e+01, 8.255883912085598908e+00
1.000499999999985903e+02, 8.277178979202661324e+00
1.001499999999985846e+02, 8.298526523829158563e+00
1.002499999999985789e+02, 8.319926675802749472e+00
1.003499999999985732e+02, 8.341379565193822287e+00
1.004499999999985675e+02, 8.362885322305301017e+00
1.005499999999985619e+02, 8.384444077672448259e+00
1.006499999999985562e+02, 8.406055962062657372e+00
1.007499999999985505e+02, 8.427721106475253521e+00
1.008499999999985448e+02, 8.449439642141280515e+00
1.009499999999985391e+02, 8.471211700523284094e+00
1.010499999999985334e+02, 8.493037413315095208e+00
1.011499999999985278e+02, 8.514916912441606200e+00
1.012499999999985221e+02, 8.536850330058548764e+00
1.013499999999985164e+02, 8.558837798552257681e+00
1.014499999999985107e+02, 8.580879450539434572e+00
1.015499999999985050e+02, 8.602975418866915192e+00
1.016499999999984993e+02, 8.625125836611422514e+00
1.017499999999984936e+02, 8.647330837079318044e+00
1.018499999999984880e+02, 8.669590553806351352e+00
1.019499999999984823e+02, 8.691905120557404274e+00
1.020499999999984766e+02, 8.714274671326231569e+00
1.021499999999984709e+02, 8.736699340335194464e+00
1.022499999999984652e+02, 8.759179262034995972e+00
1.023499999999984595e+02, 8.781714571104405564e+00
1.024499999999984539e+02, 8.804305402449982054e+00
1.025499999999984482e+02, 8.826951891205794709e+00
1.026499999999984425e+02, 8.849654172733133706e+00
1.027499999999984368e+02, 8.872412382620225912e+00
1.028499999999984311e+02, 8.895226656681936461e+00
1.029499999999984254e+02, 8.918097130959472096e+00
1.030499999999984198e+02, 8.941023941720080970e+00
1.031499999999984141e+02, 8.964007225456741779e+00
1.032499999999984084e+02, 8.987047118887854680e+00
1.033499999999984027e+02, 9.010143758956928650e+00
1.034499999999983970e+02, 9.033297282832256414e+00
1.035499999999983913e+02, 9.056507827906594699e+00
1.036499999999983856e+02, 9.079775531796833832e+00
1.037499999999983800e+02, 9.103100532343665563e+00
1.038499999999983743e+02, 9.126482967611247332e+00
1.039499999999983686e+02, 9.149922975886857657e+00
1.040499999999983629e+02, 9.173420695680555070e+00
1.041499999999983572e+02, 9.196976265724821076e+00
1.042499999999983515e+02, 9.220589824974215531e+00
1.043499999999983459e+02, 9.244261512605007169e+00
1.044499999999983402e+02, 9.267991468014818324e+00
1.045499999999983345e+02, 9.291779830822251895e+00
1.046499999999983288e+02, 9.315626740866523647e+00
1.047499999999983231e+02, 9.339532338207083839e+00
1.048499999999983174e+02, 9.363496763123233535e+00
1.049499999999983118e+02, 9.387520156113744463e+00
1.050499999999983061e+02, 9.411602657896466440e+00
1.051499999999983004e+02, 9.435744409407931244e+00
1.052499999999982947e+02, 9.459945551802958263e+00
1.053499999999982890e+02, 9.484206226454249489e+00
1.054499999999982833e+02, 9.508526574951980948e+00
1.055499999999982776e+02, 9.532906739103392368e+00
1.056499999999982720e+02, 9.557346860932367960e+00
1.057499999999982663e+02, 9.581847082679020744e+00
1.058499999999982606e+02, 9.606407546799260899e+00
1.059499999999982549e+02, 9.631028395964371214e+00
1.060499999999982492e+02, 9.655709773060568324e+00
1.061499999999982435e+02, 9.680451821188567507e+00
1.062499999999982379e+02, 9.705254683663138593e+00
1.063499999999982322e+02, 9.730118504012656544e+00
1.064499999999982265e+02, 9.755043425978650262e+00
1.065499999999982208e+02, 9.780029593642980856e+00
1.066499999999982151e+02, 9.805077154072424861e+00
1.067499999999982094e+02, 9.830186256723685290e+00
1.068499999999982037e+02, 9.855357053436254233e+00
1.069499999999981981e+02, 9.880589698445138680e+00
1.070499999999981924e+02, 9.905884347354485087e+00
1.071499999999981867e+02, 9.931241156170246498e+00
1.072499999999981810e+02, 9.956660281173107307e+00
1.073499999999981753e+02, 9.982141878918124434e+00
1.074499999999981696e+02, 1.000768610623436494e+01
1.075499999999981640e+02, 1.003329312022454545e+01
1.076499999999981583e+02, 1.005896307826465907e+01
1.077499999999981526e+02, 1.008469613800359355e+01
1.078499999999981469e+02, 1.011049245736275459e+01
1.079499999999981412e+02, 1.013635219453567338e+01
1.080499999999981355e+02, 1.016227550798761214e+01
1.081499999999981299e+02, 1.018826255645516454e+01
1.082499999999981242e+02, 1.021431349894585061e+01
1.083499999999981185e+02, 1.024042849473770289e+01
1.084499999999981128e+02, 1.026660770337885076e+01
1.085499999999981071e+02, 1.029285128468709765e+01
1.086499999999981014e+02, 1.031915939874948940e+01
1.087499999999980957e+02, 1.034553220592187905e+01
1.088499999999980901e+02, 1.037196986682848809e+01
1.089499999999980844e+02, 1.039847254236146235e+01
1.090499999999980787e+02, 1.042504039368041191e+01
1.091499999999980730e+02, 1.045167358221195819e+01
1.092499999999980673e+02, 1.047837226964927027e+01
1.093499999999980616e+02, 1.050513661795159237e+01
1.094499999999980560e+02, 1.053196678934376784e+01
1.095499999999980503e+02, 1.055886294631575950e+01
1.096499999999980446e+02, 1.058582525162215937e+01
1.097499999999980389e+02, 1.061285386828169841e+01
1.098499999999980332e+02, 1.063994895957674025e+01
1.099499999999980275e+02, 1.066711068905278559e+01
1.100499999999980218e+02, 1.069433922051794994e+01
1.101499999999980162e+02, 1.072163471804245383e+01
1.102499999999980105e+02, 1.074899734595809875e+01
1.103499999999980048e+02, 1.077642726885773428e+01
1.104499999999979991e+02, 1.080392465159472337e+01
1.105499999999979934e+02, 1.083148965928240592e+01
1.106499999999979877e+02, 1.085912245729354630e+01
1.107499999999979821e+02, 1.088682321125978092e+01
1.108499999999979764e+02, 1.091459208707106221e+01
1.109499999999979707e+02, 1.094242925087509022e+01
1.110499999999979650e+02, 1.097033486907674238e+01
1.111499999999979593e+02, 1.099830910833749620e+01
1.112499999999979536e+02, 1.102635213557484661e+01
1.113499999999979480e+02, 1.105446411796171802e+01
1.114499999999979423e+02, 1.108264522292586562e+01
1.115499999999979366e+02, 1.111089561814927684e+01
1.116499999999979309e+02, 1.113921547156756375e+01
1.117499999999979252e+02, 1.116760495136935027e+01
1.118499999999979195e+02, 1.119606422599564866e+01
1.119499999999979138e+02, 1.122459346413923953e+01
1.120499999999979082e+02, 1.125319283474403953e+01
1.121499999999979025e+02, 1.128186250700446003e+01
1.122499999999978968e+02, 1.131060265036476764e+01
1.123499999999978911e+02, 1.133941343451843231e+01
1.124499999999978854e+02, 1.136829502940747538e+01
1.125499999999978797e+02, 1.139724760522180169e+01
1.126499999999978741e+02, 1.142627133239853876e+01
1.127499999999978684e+02, 1.145536638162135645e+01
1.128499999999978627e+02, 1.148453292381979374e+01
1.129499999999978570e+02, 1.151377113016856590e+01
1.130499999999978513e+02, 1.154308117208688067e+01
1.131499999999978456e+02, 1.157246322123773119e+01
1.132499999999978400e+02, 1.160191744952720150e+01
1.133499999999978343e+02, 1.163144402910374708e+01
1.134499999999978286e+02, 1.166104313235748613e+01
1.135499999999978229e+02, 1.169071493191947475e+01
1.136499999999978172e+02, 1.172045960066097692e+01
1.137499999999978115e+02, 1.175027731169273082e+01
1.138499999999978058e+02, 1.178016823836421345e+01
1.139499999999978002e+02, 1.181013255426288744e+01
1.140499999999977945e+02, 1.184017043321345142e+01
1.141499999999977888e+02, 1.187028204927708153e+01
1.142499999999977831e+02, 1.190046757675066935e+01
1.143499999999977774e+02, 1.193072719016604744e+01
1.144499999999977717e+02, 1.196106106428921301e+01
1.145499999999977661e+02, 1.199146937411954994e+01
1.146499999999977604e+02, 1.202195229488903472e+01
1.147499999999977547e+02, 1.205251000206144596e+01
1.148499999999977490e+02, 1.208314267133155973e+01
1.149499999999977433e+02, 1.211385047862434661e+01
1.150499999999977376e+02, 1.214463360009415815e+01
1.151499999999977319e+02, 1.217549221212390620e+01
1.152499999999977263e+02, 1.220642649132424040e+01
1.153499999999977206e+02, 1.223743661453271692e+01
1.154499999999977149e+02, 1.226852275881296350e+01
1.155499999999977092e+02, 1.229968510145383220e+01
1.156499999999977035e+02, 1.233092381996855735e+01
1.157499999999976978e+02, 1.236223909209389582e+01
1.158499999999976922e+02, 1.239363109578927080e+01
1.159499999999976865e+02, 1.242510000923589963e+01
1.160499999999976808e+02, 1.245664601083592693e+01
1.161499999999976751e+02, 1.248826927921154528e+01
1.162499999999976694e+02, 1.251996999320411064e+01
1.163499999999976637e+02, 1.255174833187325056e+01
1.164499999999976581e+02, 1.258360447449597075e+01
1.165499999999976524e+02, 1.261553860056575260e+01
1.166499999999976467e+02, 1.264755088979164377e+01
1.167499999999976410e+02, 1.267964152209734863e+01
1.168499999999976353e+02, 1.271181067762030281e+01
1.169499999999976296e+02, 1.274405853671075661e+01
1.170499999999976239e+02, 1.277638527993083351e+01
1.171499999999976183e+02, 1.280879108805360111e+01
1.172499999999976126e+02, 1.284127614206212620e+01
1.173499999999976069e+02, 1.287384062314852606e+01
1.174499999999976012e+02, 1.290648471271301467e+01
1.175499999999975955e+02, 1.293920859236293985e+01
1.176499999999975898e+02, 1.297201244391182051e+01
1.177499999999975842e+02, 1.300489644937837497e+01
1.178499999999975785e+02, 1.303786079098554396e+01
1.179499999999975728e+02, 1.307090565115950476e+01
1.180499999999975671e+02, 1.310403121252868708e+01
1.181499999999975614e+02, 1.313723765792277298e+01
1.182499999999975557e+02, 1.317052517037170389e+01
1.183499999999975500e+02, 1.320389393310466630e+01
1.184499999999975444e+02, 1.323734412954908812e+01
1.185499999999975387e+02, 1.327087594332961906e+01
1.186499999999975330e+02, 1.330448955826710566e+01
1.187499999999975273e+02, 1.333818515837756635e+01
1.188499999999975216e+02, 1.337196292787115759e+01
1.189499999999975159e+02, 1.340582305115113293e+01
1.190499999999975103e+02, 1.343976571281279675e+01
1.191499999999975046e+02, 1.347379109764245975e+01
1.192499999999974989e+02, 1.350789939061637490e+01
1.193499999999974932e+02, 1.354209077689968588e+01
1.194499999999974875e+02, 1.357636544184535055e+01
1.195499999999974818e+02, 1.361072357099307517e+01
1.196499999999974762e+02, 1.364516535006823261e+01
1.197499999999974705e+02, 1.367969096498078407e+01
1.198499999999974648e+02, 1.371430060182418842e+01
1.199499999999974591e+02, 1.374899444687430439e+01
1.200499999999974534e+02, 1.378377268658829635e+01
1.201499999999974477e+02, 1.381863550760353121e+01
1.202499999999974420e+02, 1.385358309673646104e+01
1.203499999999974364e+02, 1.388861564098151646e+01
1.204499999999974307e+02, 1.392373332750998038e+01
1.205499999999974250e+02, 1.395893634366886360e+01
1.206499999999974193e+02, 1.399422487697977857e+01
1.207499999999974136e+02, 1.402959911513779723e+01
1.208499999999974079e+02, 1.406505924601031410e+01
1.209499999999974023e+02, 1.410060545763589523e+01
1.210499999999973966e+02, 1.413623793822313424e+01
1.211499999999973909e+02, 1.417195687614948696e+01
1.212499999999973852e+02, 1.420776245996011689e+01
1.213499999999973795e+02, 1.424365487836672628e+01
1.214499999999973738e+02, 1.427963432024638379e+01
1.215499999999973681e+02, 1.431570097464034497e+01
1.216499999999973625e+02, 1.435185503075287805e+01
1.217499999999973568e+02, 1.438809667795007208e+01
1.218499999999973511e+02, 1.442442610575864492e+01
1.219499999999973454e+02, 1.446084350386474959e+01
1.220499999999973397e+02, 1.449734906211277163e+01
1.221499999999973340e+02, 1.453394297050412121e+01
1.222499999999973284e+02, 1.457062541919602694e+01
1.223499999999973227e+02, 1.460739659850031558e+01
1.224499999999973170e+02, 1.464425669888219339e+01
1.225499999999973113e+02, 1.468120591095902050e+01
1.226499999999973056e+02, 1.471824442549908341e+01
1.227499999999972999e+02, 1.475537243342035509e+01
1.228499999999972943e+02, 1.479259012578926047e+01
1.229499999999972886e+02, 1.482989769381943113e+01
1.230499999999972829e+02, 1.486729532887045657e+01
1.231499999999972772e+02, 1.490478322328366723e+01
1.232499999999972715e+02, 1.494236157440234258e+01
1.233499999999972658e+02, 1.498003058335687498e+01
1.234499999999972601e+02, 1.501779045508480515e+01
1.235499999999972545e+02, 1.505564139819718683e+01
1.236499999999972488e+02, 1.509358362300234369e+01
1.237499999999972431e+02, 1.513161734005097436e+01
1.238499999999972374e+02, 1.516974276013494816e+01
1.239499999999972317e+02, 1.520796009428609885e+01
1.240499999999972260e+02, 1.524626955377500970e+01
1.241499999999972204e+02, 1.528467135010979483e+01
1.242499999999972147e+02, 1.532316569503486292e+01
1.243499999999972090e+02, 1.536175280052968795e+01
1.244499999999972033e+02, 1.540043287880756218e+01
1.245499999999971976e+02, 1.543920614231434740e+01
1.246499999999971919e+02, 1.547807280372721372e+01
1.247499999999971863e+02, 1.551703307595338011e+01
1.248499999999971806e+02, 1.555608717212883718e+01
1.249499999999971749e+02, 1.559523530561707361e+01
1.250499999999971692e+02, 1.563447769000778820e+01
1.251499999999971635e+02, 1.567381453911559497e+01
1.252499999999971578e+02, 1.571324606697872817e+01
1.253499999999971521e+02, 1.575277248785773487e+01
1.254499999999971465e+02, 1.579239401623415517e+01
1.255499999999971408e+02, 1.583211086680921120e+01
1.256499999999971351e+02, 1.587192325450247488e+01
1.257499999999971294e+02, 1.591183139445053563e+01
1.258499999999971237e+02, 1.595183550200565747e+01
1.259499999999971180e+02, 1.599193579273443433e+01
1.260499999999971124e+02, 1.603213248241643640e+01
1.261499999999971067e+02, 1.607242578704284242e+01
1.262499999999971010e+02, 1.611281592281508424e+01
1.263499999999970953e+02, 1.615330310614346132e+01
1.264499999999970896e+02, 1.619388755364576937e+01
1.265499999999970839e+02, 1.623456948214590412e+01
1.266499999999970782e+02, 1.627534910867247575e+01
1.267499999999970726e+02, 1.631622665045739851e+01
1.268499999999970669e+02, 1.635720232493449444e+01
1.269499999999970612e+02, 1.639827634973807946e+01
1.270499999999970555e+02, 1.643944894270153156e+01
1.271499999999970498e+02, 1.648072032185587688e+01
1.272499999999970441e+02, 1.652209070542835079e+01
1.273499999999970385e+02, 1.656356031184096622e+01
1.274499999999970328e+02, 1.660512935970906412e+01
1.275499999999970271e+02, 1.664679806783985683e+01
1.276499999999970214e+02, 1.668856665523097860e+01
1.277499999999970157e+02, 1.673043534106901831e+01
1.278499999999970100e+02, 1.677240434472805219e+01
1.279499999999970044e+02, 1.681447388576816238e+01
1.280499999999969987e+02, 1.685664418393396247e+01
1.281499999999969930e+02, 1.689891545915310189e+01
1.282499999999969873e+02, 1.694128793153477730e+01
1.283499999999969816e+02, 1.698376182136822976e+01
1.284499999999969759e+02, 1.702633734912124197e+01
1.285499999999969702e+02, 1.706901473543862124e+01
1.286499999999969646e+02, 1.711179420114068250e+01
1.287499999999969589e+02, 1.715467596722173127e+01
1.288499999999969532e+02, 1.719766025484852534e+01
1.289499999999969475e+02, 1.724074728535875067e+01
1.290499999999969418e+02, 1.728393728025946530e+01
1.291499999999969361e+02, 1.732723046122557164e+01
1.292499999999969305e+02, 1.737062705009824626e+01
1.293499999999969248e+02, 1.741412726888339435e+01
1.294499999999969191e+02, 1.745773133975008307e+01
1.295499999999969134e+02, 1.750143948502897473e+01
1.296499999999969077e+02, 1.754525192721074589e+01
1.297499999999969020e+02, 1.758916888894451702e+01
1.298499999999968963e+02, 1.763319059303626446e+01
1.299499999999968907e+02, 1.767731726244722523e+01
1.300499999999968850e+02, 1.772154912029231255e+01
1.301499999999968793e+02, 1.776588638983850288e+01
1.302499999999968736e+02, 1.781032929450324076e+01
1.303499999999968679e+02, 1.785487805785281878e+01
1.304499999999968622e+02, 1.789953290360076821e+01
1.305499999999968566e+02, 1.794429405560623891e+01
1.306499999999968509e+02, 1.798916173787236517e+01
1.307499999999968452e+02, 1.803413617454464202e+01
1.308499999999968395e+02, 1.807921758990929106e+01
1.309499999999968338e+02, 1.812440620839160843e+01
1.310499999999968281e+02, 1.816970225455433408e+01
1.311499999999968225e+02, 1.821510595309598912e+01
1.312499999999968168e+02, 1.826061752884923095e+01
1.313499999999968111e+02, 1.830623720677917987e+01
1.314499999999968054e+02, 1.835196521198177422e+01
1.315499999999967997e+02, 1.839780176968208281e+01
1.316499999999967940e+02, 1.844374710523264582e+01
1.317499999999967883e+02, 1.848980144411178372e+01
1.318499999999967827e+02, 1.853596501192192747e+01
1.319499999999967770e+02, 1.858223803438792388e+01
1.320499999999967713e+02, 1.862862073735535162e+01
1.321499999999967656e+02, 1.867511334678881596e+01
1.322499999999967599e+02, 1.872171608877025761e+01
1.323499999999967542e+02, 1.876842918949724748e+01
1.324499999999967486e+02, 1.881525287528127777e+01
1.325499999999967429e+02, 1.886218737254604960e+01
1.326499999999967372e+02, 1.890923290782575705e+01
1.327499999999967315e+02, 1.895638970776337473e+01
1.328499999999967258e+02, 1.900365799910892406e+01
1.329499999999967201e+02, 1.905103800871775022e+01
1.330499999999967145e+02, 1.909852996354879551e+01
1.331499999999967088e+02, 1.914613409066285143e+01
1.332499999999967031e+02, 1.919385061722083563e+01
1.333499999999966974e+02, 1.924167977048203682e+01
1.334499999999966917e+02, 1.928962177780238108e+01
1.335499999999966860e+02, 1.933767686663267327e+01
1.336499999999966803e+02, 1.938584526451684198e+01
1.337499999999966747e+02, 1.943412719909019515e+01
1.338499999999966690e+02, 1.948252289807765436e+01
1.339499999999966633e+02, 1.953103258929198560e+01
1.340499999999966576e+02, 1.957965650063204066e+01
1.341499999999966519e+02, 1.962839486008098788e+01
1.342499999999966462e+02, 1.967724789570453936e+01
1.343499999999966406e+02, 1.972621583564917103e+01
1.344499999999966349e+02, 1.977529890814034985e+01
1.345499999999966292e+02, 1.982449734148074683e+01
1.346499999999966235e+02, 1.987381136404846060e+01
1.347499999999966178e+02, 1.992324120429521983e+01
1.348499999999966121e+02, 1.997278709074460323e+01
1.349499999999966064e+02, 2.002244925199024195e+01
1.350499999999966008e+02, 2.007222791669402540e+01
1.351499999999965951e+02, 2.012212331358430006e+01
1.352499999999965894e+02, 2.017213567145407183e+01
1.353499999999965837e+02, 2.022226521915920827e+01
1.354499999999965780e+02, 2.027251218561662327e+01
1.355499999999965723e+02, 2.032287679980247930e+01
1.356499999999965667e+02, 2.037335929075036489e+01
1.357499999999965610e+02, 2.042395988754949343e+01
1.358499999999965553e+02, 2.047467881934288769e+01
1.359499999999965496e+02, 2.052551631532555731e+01
1.360499999999965439e+02, 2.057647260474268691e+01
1.361499999999965382e+02, 2.062754791688780642e+01
1.362499999999965326e+02, 2.067874248110097923e+01
1.363499999999965269e+02, 2.073005652676696897e+01
1.364499999999965212e+02, 2.078149028331342052e+01
1.365499999999965155e+02, 2.083304398020902326e+01
1.366499999999965098e+02, 2.088471784703045842e+01
1.367499999999965041e+02, 2.093651211813673285e+01
1.368499999999964984e+02, 2.098842703228262607e+01
1.369499999999964928e+02, 2.104046283245336824e+01
1.370499999999964871e+02, 2.109261976588562604e+01
1.371499999999964814e+02, 2.114489808244350755e+01
1.372499999999964757e+02, 2.119729803266305623e+01
1.373499999999964700e+02, 2.124981986721934035e+01
1.374499999999964643e+02, 2.130246383692456646e+01
1.375499999999964587e+02, 2.135523019272620360e+01
1.376499999999964530e+02, 2.140811918570509675e+01
1.377499999999964473e+02, 2.146113106707356977e+01
1.378499999999964416e+02, 2.151426608817354236e+01
1.379499999999964359e+02, 2.156752450047461522e+01
1.380499999999964302e+02, 2.162090655557217289e+01
1.381499999999964245e+02, 2.167441250518547591e+01
1.382499999999964189e+02, 2.172804260115573882e+01
1.383499999999964132e+02, 2.178179709544422593e+01
1.384499999999964075e+02, 2.183567624013031505e+01
1.385499999999964018e+02, 2.188968028740958260e+01
1.386499999999963961e+02, 2.194380948959186739e+01
1.387499999999963904e+02, 2.199806409909934146e+01
1.388499999999963848e+02, 2.205244436846456679e+01
1.389499999999963791e+02, 2.210695055032855549e+01
1.390499999999963734e+02, 2.216158289743882648e+01
1.391499999999963677e+02, 2.221634166264745858e+01
1.392499999999963620e+02, 2.227122709890912233e+01
1.393499999999963563e+02, 2.232623945927914733e+01
1.394499999999963507e+02, 2.238137899691153976e+01
1.395499999999963450e+02, 2.243664596505702846e+01
1.396499999999963393e+02, 2.249204061706110380e+01
1.397499999999963336e+02, 2.254756320636203526e+01
1.398499999999963279e+02, 2.260321398648890678e+01
1.399499999999963222e+02, 2.265899321105963438e+01
1.400499999999963165e+02, 2.271490113377898723e+01
1.401499999999963109e+02, 2.277093800843660532e+01
1.402499999999963052e+02, 2.282710408890501341e+01
1.403499999999962995e+02, 2.288339962913763515e+01
1.404499999999962938e+02, 2.293982488316679280e+01
1.405499999999962881e+02, 2.299638010510172137e+01
1.406499999999962824e+02, 2.305306554912656125e+01
1.407499999999962768e+02, 2.310988146949836874e+01
1.408499999999962711e+02, 2.316682812054510521e+01
1.409499999999962654e+02, 2.322390575666363333e+01
1.410499999999962597e+02, 2.328111463231771339e+01
1.411499999999962540e+02, 2.333845500203598533e+01
1.412499999999962483e+02, 2.339592712040996503e+01
1.413499999999962427e+02, 2.345353124209202278e+01
1.414499999999962370e+02, 2.351126762179336538e+01
1.415499999999962313e+02, 2.356913651428202172e+01
1.416499999999962256e+02, 2.362713817438081776e+01
1.417499999999962199e+02, 2.368527285696535856e+01
1.418499999999962142e+02, 2.374354081696199614e+01
1.419499999999962085e+02, 2.380194230934580446e+01
1.420499999999962029e+02, 2.386047758913855432e+01
1.421499999999961972e+02, 2.391914691140667770e+01
1.422499999999961915e+02, 2.397795053125923914e+01
1.423499999999961858e+02, 2.403688870384589649e+01
1.424499999999961801e+02, 2.409596168435487584e+01
1.425499999999961744e+02, 2.415516972801092521e+01
1.426499999999961688e+02, 2.421451309007327879e+01
1.427499999999961631e+02, 2.427399202583362126e+01
1.428499999999961574e+02, 2.433360679061404142e+01
1.429499999999961517e+02, 2.439335763976499294e+01
1.430499999999961460e+02, 2.445324482866325866e+01
1.431499999999961403e+02, 2.451326861270989355e+01
1.432499999999961346e+02, 2.457342924732818545e+01
1.433499999999961290e+02, 2.463372698796161941e+01
1.434499999999961233e+02, 2.469416209007181351e+01
1.435499999999961176e+02, 2.475473480913648672e+01
1.436499999999961119e+02, 2.481544540064740190e+01
1.437499999999961062e+02, 2.487629412010832297e+01
1.438499999999961005e+02, 2.493728122303296146e+01
1.439499999999960949e+02, 2.499840696494293013e+01
1.440499999999960892e+02, 2.505967160136569660e+01
1.441499999999960835e+02, 2.512107538783252991e+01
1.442499999999960778e+02, 2.518261857987644348e+01
1.443499999999960721e+02, 2.524430143303015939e+01
1.444499999999960664e+02, 2.530612420282404784e+01
1.445499999999960608e+02, 2.536808714478408078e+01
1.446499999999960551e+02, 2.543019051442977840e+01
1.447499999999960494e+02, 2.549243456727216284e+01
1.448499999999960437e+02, 2.555481955881170819e+01
1.449499999999960380e+02, 2.561734574453629065e+01
1.450499999999960323e+02, 2.568001337991913147e+01
1.451499999999960266e+02, 2.574282272041676478e+01
1.452499999999960210e+02, 2.580577402146697352e+01
1.453499999999960153e+02, 2.586886753848675014e+01
1.454499999999960096e+02, 2.593210352687025022e+01
1.455499999999960039e+02, 2.599548224198673907e+01
1.456499999999959982e+02, 2.605900393917855595e+01
1.457499999999959925e+02, 2.612266887375906066e+01
1.458499999999959869e+02, 2.618647730101059778e+01
1.459499999999959812e+02, 2.625042947618244682e+01
1.460499999999959755e+02, 2.631452565448879000e+01
1.461499999999959698e+02, 2.637876609110665882e+01
1.462499999999959641e+02, 2.644315104117390902e+01
1.463499999999959584e+02, 2.650768075978717064e+01
1.464499999999959527e+02, 2.657235550199982299e+01
1.465499999999959471e+02, 2.663717552281994827e+01
1.466499999999959414e+02, 2.670214107720831009e+01
1.467499999999959357e+02, 2.676725242007631067e+01
1.468499999999959300e+02, 2.683250980628396931e+01
1.469499999999959243e+02, 2.689791349063788672e+01
1.470499999999959186e+02, 2.696346372788922352e+01
1.471499999999959130e+02, 2.702916077273167161e+01
1.472499999999959073e+02, 2.709500487979943983e+01
1.473499999999959016e+02, 2.716099630366522177e+01
1.474499999999958959e+02, 2.722713529883818140e+01
1.475499999999958902e+02, 2.729342211976194221e+01
1.476499999999958845e+02, 2.735985702081256221e+01
1.477499999999958789e+02, 2.742644025629653370e+01
1.478499999999958732e+02, 2.749317208044876537e+01
1.479499999999958675e+02, 2.756005274743057853e+01
1.480499999999958618e+02, 2.762708251184996300e+01
1.481499999999958561e+02, 2.769426163475220903e+01
1.482499999999958504e+02, 2.776159038188017547e+01
1.483499999999958447e+02, 2.782906902369608204e+01
1.484499999999958391e+02, 2.789669783540362502e+01
1.485499999999958334e+02, 2.796447709434913875e+01
1.486499999999958277e+02, 2.803240707794380171e+01
1.487499999999958220e+02, 2.810048806362811646e+01
1.488499999999958163e+02, 2.816872032886978161e+01
1.489499999999958106e+02, 2.823710415116158856e+01
1.490499999999958050e+02, 2.830563980801930768e+01
1.491499999999957993e+02, 2.837432757697957442e+01
1.492499999999957936e+02, 2.844316773559777189e+01
1.493499999999957879e+02, 2.851216056144591704e+01
1.494499999999957822e+02, 2.858130633211054672e+01
1.495499999999957765e+02, 2.865060532519060388e+01
1.496499999999957708e+02, 2.872005781829532722e+01
1.497499999999957652e+02, 2.878966408904212670e+01
1.498499999999957595e+02, 2.885942441505447320e+01
1.499499999999957538e+02, 2.892933907395978821e+01
1.500499999999957481e+02, 2.899940834338732287e+01
1.501499999999957424e+02, 2.906963250096605123e+01
1.502499999999957367e+02, 2.914001182432255632e+01
1.503499999999957311e+02, 2.921054659107890572e+01
1.504499999999957254e+02, 2.928123707885055893e+01
1.505499999999957197e+02, 2.935208356524423579e+01
1.506499999999957140e+02, 2.942308632785582034e+01
1.507499999999957083e+02, 2.949424564426824347e+01
1.508499999999957026e+02, 2.956556179204937607e+01
1.509499999999956970e+02, 2.963703504874992234e+01
1.510499999999956913e+02, 2.970866569190130591e+01
1.511499999999956856e+02, 2.978045399901357015e+01
1.512499999999956799e+02, 2.985240024757327504e+01
1.513499999999956742e+02, 2.992450471504138321e+01
1.514499999999956685e+02, 2.999676767885116746e+01
1.515499999999956628e+02, 3.006918941640610399e+01
1.516499999999956572e+02, 3.014177020507777627e+01
1.517499999999956515e+02, 3.021451032220377186e+01
1.518499999999956458e+02, 3.028741004508559342e+01
1.519499999999956401e+02, 3.036046965098655903e+01
1.520499999999956344e+02, 3.043368941712970965e+01
1.521499999999956287e+02, 3.050706962069571659e+01
1.522499999999956231e+02, 3.058061053882078895e+01
1.523499999999956174e+02, 3.065431244859459881e+01
1.524499999999956117e+02, 3.072817562705818162e+01
1.525499999999956060e+02, 3.080220035120186139e+01
1.526499999999956003e+02, 3.087638689796316527e+01
1.527499999999955946e+02, 3.095073554422474515e+01
1.528499999999955890e+02, 3.102524656681230653e+01
1.529499999999955833e+02, 3.109992024249252296e+01
1.530499999999955776e+02, 3.117475684797097202e+01
1.531499999999955719e+02, 3.124975665989006757e+01
1.532499999999955662e+02, 3.132491995482699210e+01
1.533499999999955605e+02, 3.140024700929162549e+01
1.534499999999955548e+02, 3.147573809972449510e+01
1.535499999999955492e+02, 3.155139350249470453e+01
1.536499999999955435e+02, 3.162721349389789438e+01
1.537499999999955378e+02, 3.170319835015417098e+01
1.538499999999955321e+02, 3.177934834740606718e+01
1.539499999999955264e+02, 3.185566376171649949e+01
1.540499999999955207e+02, 3.193214486906671823e+01
1.541499999999955151e+02, 3.200879194535426819e+01
1.542499999999955094e+02, 3.208560526639094945e+01
1.543499999999955037e+02, 3.216258510790079583e+01
1.544499999999954980e+02, 3.223973174551802146e+01
1.545499999999954923e+02, 3.231704545478502411e+01
1.546499999999954866e+02, 3.239452651115033177e+01
1.547499999999954809e+02, 3.247217518996661312e+01
1.548499999999954753e+02, 3.254999176648863113e+01
1.549499999999954696e+02, 3.262797651587126069e+01
1.550499999999954639e+02, 3.270612971316745643e+01
1.551499999999954582e+02, 3.278445163332627033e+01
1.552499999999954525e+02, 3.286294255119082663e+01
1.553499999999954468e+02, 3.294160274149634660e+01
1.554499999999954412e+02, 3.302043247886814470e+01
1.555499999999954355e+02, 3.309943203781964627e+01
1.556499999999954298e+02, 3.317860169275039794e+01
1.557499999999954241e+02, 3.325794171794409948e+01
1.558499999999954184e+02, 3.333745238756662133e+01
1.559499999999954127e+02, 3.341713397566402222e+01
1.560499999999954071e+02, 3.349698675616060228e+01
1.561499999999954014e+02, 3.357701100285693485e+01
1.562499999999953957e+02, 3.365720698942790534e+01
1.563499999999953900e+02, 3.373757498942075728e+01
1.564499999999953843e+02, 3.381811527625315961e+01
1.565499999999953786e+02, 3.389882812321123851e+01
1.566499999999953729e+02, 3.397971380344766601e+01
1.567499999999953673e+02, 3.406077258997970603e+01
1.568499999999953616e+02, 3.414200475568729587e+01
1.569499999999953559e+02, 3.422341057331112069e+01
1.570499999999953502e+02, 3.430499031545070210e+01
1.571499999999953445e+02, 3.438674425456247263e+01
1.572499999999953388e+02, 3.446867266295787857e+01
1.573499999999953332e+02, 3.455077581280146148e+01
1.574499999999953275e+02, 3.463305397610898950e+01
1.575499999999953218e+02, 3.471550742474553886e+01
1.576499999999953161e+02, 3.479813643042362514e+01
1.577499999999953104e+02, 3.488094126470129908e+01
1.578499999999953047e+02, 3.496392220015884078e+01
1.579499999999952990e+02, 3.504707951934812371e+01
1.580499999999952934e+02, 3.513041351211703756e+01
1.581499999999952877e+02, 3.521392447564446115e+01
1.582499999999952820e+02, 3.529761271436122172e+01
1.583499999999952763e+02, 3.538147853585152092e+01
1.584499999999952706e+02, 3.546552224771362205e+01
1.585499999999952649e+02, 3.554974415755782502e+01
1.586499999999952593e+02, 3.563414457300445548e+01
1.587499999999952536e+02, 3.571872380168185401e+01
1.588499999999952479e+02, 3.580348215122435818e+01
1.589499999999952422e+02, 3.588841992927028457e+01
1.590499999999952365e+02, 3.597353744345993931e+01
1.591499999999952308e+02, 3.605883500143357878e+01
1.592499999999952252e+02, 3.614431291082943432e+01
1.593499999999952195e+02, 3.622997147928168715e+01
1.594499999999952138e+02, 3.631581101441846471e+01
1.595499999999952081e+02, 3.640183182385985106e+01
1.596499999999952024e+02, 3.648803421521586898e+01
1.597499999999951967e+02, 3.657441849608449758e+01
1.598499999999951910e+02, 3.666098497404966849e+01
1.599499999999951854e+02, 3.674773395667926934e+01
1.600499999999951797e+02, 3.683466575152316125e+01
1.601499999999951740e+02, 3.692178066611117515e+01
1.602499999999951683e+02, 3.700907900795113648e+01
1.603499999999951626e+02, 3.709656108452686141e+01
1.604499999999951569e+02, 3.718422720329620290e+01
1.605499999999951513e+02, 3.727207767168903274e+01
1.606499999999951456e+02, 3.736011279710530175e+01
1.607499999999951399e+02, 3.744833288691303608e+01
1.608499999999951342e+02, 3.753673824844636897e+01
1.609499999999951285e+02, 3.762532918900357970e+01
1.610499999999951228e+02, 3.771410601584511113e+01
1.611499999999951172e+02, 3.780306903619162284e+01
1.612499999999951115e+02, 3.789221855722200871e+01
1.613499999999951058e+02, 3.798155488607145003e+01
1.614499999999951001e+02, 3.807107832982946150e+01
1.615499999999950944e+02, 3.816078919553792304e+01
1.616499999999950887e+02, 3.825068779018914711e+01
1.617499999999950830e+02, 3.834077442072391051e+01
1.618499999999950774e+02, 3.843104939402953590e+01
1.619499999999950717e+02, 3.852151301693792362e+01
1.620499999999950660e+02, 3.861216559622364031e+01
1.621499999999950603e+02, 3.870300743860195780e+01
1.622499999999950546e+02, 3.879403885072694891e+01
1.623499999999950489e+02, 3.888526013918954050e+01
1.624499999999950433e+02, 3.897667161051560214e+01
1.625499999999950376e+02, 3.906827357116401345e+01
1.626499999999950319e+02, 3.916006632752475980e+01
1.627499999999950262e+02, 3.925205018591701389e+01
1.628499999999950205e+02, 3.934422545258723147e+01
1.629499999999950148e+02, 3.943659243370723289e+01
1.630499999999950091e+02, 3.952915143537231302e+01
1.631499999999950035e+02, 3.962190276359934415e+01
1.632499999999949978e+02, 3.971484672432488594e+01
1.633499999999949921e+02, 3.980798362340328822e+01
1.634499999999949864e+02, 3.990131376660480100e+01
1.635499999999949807e+02, 3.999483745961371284e+01
1.636499999999949750e+02, 4.008855500802645366e+01
1.637499999999949694e+02, 4.018246671734973319e+01
1.638499999999949637e+02, 4.027657289299867927e+01
1.639499999999949580e+02, 4.037087384029495496e+01
1.640499999999949523e+02, 4.046536986446491113e+01
1.641499999999949466e+02, 4.056006127063773903e+01
1.642499999999949409e+02, 4.065494836384360866e+01
1.643499999999949353e+02, 4.075003144901182850e+01
1.644499999999949296e+02, 4.084531083096899806e+01
1.645499999999949239e+02, 4.094078681443718182e+01
1.646499999999949182e+02, 4.103645970403206888e+01
1.647499999999949125e+02, 4.113232980426115404e+01
1.648499999999949068e+02, 4.122839741952191162e+01
1.649499999999949011e+02, 4.132466285409997653e+01
1.650499999999948955e+02, 4.142112641216733948e+01
1.651499999999948898e+02, 4.151778839778053509e+01
1.652499999999948841e+02, 4.161464911487883711e+01
1.653499999999948784e+02, 4.171170886728246785e+01
1.654499999999948727e+02, 4.180896795869080762e+01
1.655499999999948670e+02, 4.190642669268061127e+01
1.656499999999948614e+02, 4.200408537270421050e+01
1.657499999999948557e+02, 4.210194430208775174e+01
1.658499999999948500e+02, 4.220000378402942687e+01
1.659499999999948443e+02, 4.229826412159771110e+01
1.660499999999948386e+02, 4.239672561772958659e+01
1.661499999999948329e+02, 4.249538857522880164e+01
1.662499999999948272e+02, 4.259425329676412275e+01
1.663499999999948216e+02, 4.269332008486759378e+01
