0.000000000000000000e+00, 9.149999999999998579e+00
1.000000000000000021e-03, 9.155157306137011730e+00
2.000000000000000042e-03, 9.157732695877992768e+00
3.000000000000000062e-03, 9.160305916845985053e+00
4.000000000000000083e-03, 9.162876974099367189e+00
5.000000000000000104e-03, 9.165445872676144745e+00
6.000000000000000125e-03, 9.168012617594079927e+00
7.000000000000000146e-03, 9.170577213850794607e+00
8.000000000000000167e-03, 9.173139666423892891e+00
9.000000000000001055e-03, 9.175699980271083689e+00
1.000000000000000194e-02, 9.178258160330285520e+00
1.100000000000000283e-02, 9.180814211519749080e+00
1.200000000000000372e-02, 9.183368138738162045e+00
1.300000000000000461e-02, 9.185919946864775198e+00
1.400000000000000550e-02, 9.188469640759496571e+00
1.500000000000000638e-02, 9.191017225263012236e+00
1.600000000000000727e-02, 9.193562705196903551e+00
1.700000000000000816e-02, 9.196106085363735971e+00
1.800000000000000905e-02, 9.198647370547190505e+00
1.900000000000000994e-02, 9.201186565512150750e+00
2.000000000000001082e-02, 9.203723675004823690e+00
2.100000000000001171e-02, 9.206258703752844497e+00
2.200000000000001260e-02, 9.208791656465365350e+00
2.300000000000001349e-02, 9.211322537833183333e+00
2.400000000000001438e-02, 9.213851352528834582e+00
2.500000000000001527e-02, 9.216378105206683102e+00
2.600000000000001615e-02, 9.218902800503046890e+00
2.700000000000001704e-02, 9.221425443036286751e+00
2.800000000000001793e-02, 9.223946037406896892e+00
2.900000000000001882e-02, 9.226464588197629269e+00
3.000000000000001971e-02, 9.228981099973568192e+00
3.100000000000002059e-02, 9.231495577282244014e+00
3.200000000000002148e-02, 9.234008024653725499e+00
3.300000000000002237e-02, 9.236518446600715748e+00
3.400000000000002326e-02, 9.239026847618648119e+00
3.500000000000002415e-02, 9.241533232185787483e+00
3.600000000000002504e-02, 9.244037604763319038e+00
3.700000000000002592e-02, 9.246539969795444236e+00
3.800000000000002681e-02, 9.249040331709471374e+00
3.900000000000002770e-02, 9.251538694915915073e+00
4.000000000000002859e-02, 9.254035063808583317e+00
4.100000000000002948e-02, 9.256529442764666271e+00
4.200000000000003036e-02, 9.259021836144832207e+00
4.300000000000003125e-02, 9.261512248293319871e+00
4.400000000000003214e-02, 9.264000683538020198e+00
4.500000000000003303e-02, 9.266487146190570456e+00
4.600000000000003392e-02, 9.268971640546441293e+00
4.700000000000003481e-02, 9.271454170885018442e+00
4.800000000000003569e-02, 9.273934741469698650e+00
4.900000000000003658e-02, 9.276413356547978495e+00
5.000000000000003747e-02, 9.278890020351523660e+00
1.500000000000000500e-01, 9.703412594715835837e+00
2.500000000000000555e-01, 9.959596443678226052e+00
3.500000000000000888e-01, 1.018013559616800023e+01
4.500000000000000666e-01, 1.038114374982964883e+01
5.500000000000000444e-01, 1.056844323848258149e+01
6.500000000000000222e-01, 1.074497140042485555e+01
7.500000000000000000e-01, 1.091255311498223435e+01
8.499999999999999778e-01, 1.107246377752508515e+01
9.499999999999999556e-01, 1.122552048432408611e+01
1.050000000000000044e+00, 1.137239545331011570e+01
1.150000000000000133e+00, 1.151369361634299082e+01
1.250000000000000222e+00, 1.164993381353667523e+01
1.350000000000000311e+00, 1.178156314439672592e+01
1.450000000000000400e+00, 1.190896912758852366e+01
1.550000000000000488e+00, 1.203248969083323594e+01
1.650000000000000577e+00, 1.217995602146766920e+01
1.750000000000000666e+00, 1.245232475515327586e+01
1.850000000000000755e+00, 1.270800972796950745e+01
1.950000000000000844e+00, 1.294939957291547294e+01
2.050000000000000711e+00, 1.317844275359988515e+01
2.150000000000000799e+00, 1.339663812348384475e+01
2.250000000000000888e+00, 1.360517676724770020e+01
2.350000000000000977e+00, 1.380502884273848530e+01
2.450000000000001066e+00, 1.399700866134863197e+01
2.550000000000001155e+00, 1.418184866159240798e+01
2.650000000000001243e+00, 1.436020196621082867e+01
2.750000000000001332e+00, 1.453262191305564066e+01
2.850000000000001421e+00, 1.469958314185407744e+01
2.950000000000001510e+00, 1.486149708898351562e+01
3.050000000000001599e+00, 1.501872364551518757e+01
3.150000000000001688e+00, 1.517156721202529823e+01
3.250000000000001776e+00, 1.532029452987014650e+01
3.350000000000001865e+00, 1.546514959522967025e+01
3.450000000000001954e+00, 1.560637073327228919e+01
3.550000000000002043e+00, 1.574418357683078895e+01
3.650000000000002132e+00, 1.587879012095356224e+01
3.750000000000002220e+00, 1.601037216944581232e+01
3.850000000000002309e+00, 1.613909414536605169e+01
3.950000000000002398e+00, 1.626510540592387244e+01
4.050000000000002487e+00, 1.638854216646131690e+01
4.150000000000002132e+00, 1.650952911267010492e+01
4.250000000000001776e+00, 1.662818076167205206e+01
4.350000000000001421e+00, 1.674460261894896718e+01
4.450000000000001066e+00, 1.685889216792793732e+01
4.550000000000000711e+00, 1.697113972133715265e+01
4.650000000000000355e+00, 1.708143050379146288e+01
4.750000000000000000e+00, 1.718985118450426341e+01
4.849999999999999645e+00, 1.729648804554028629e+01
4.949999999999999289e+00, 1.740141706748660866e+01
5.049999999999998934e+00, 1.750470481741734119e+01
5.149999999999998579e+00, 1.760641475512545995e+01
5.249999999999998224e+00, 1.770660612389653465e+01
5.349999999999997868e+00, 1.780533434382916624e+01
5.449999999999997513e+00, 1.790265135834394172e+01
5.549999999999997158e+00, 1.799860594060133323e+01
5.649999999999996803e+00, 1.809324396542669433e+01
5.749999999999996447e+00, 1.818660865143079519e+01
5.849999999999996092e+00, 1.827874077727232915e+01
5.949999999999995737e+00, 1.836967887540010480e+01
6.049999999999995381e+00, 1.845945940611067115e+01
6.149999999999995026e+00, 1.854811691434055732e+01
6.249999999999994671e+00, 1.863568417126581878e+01
6.349999999999994316e+00, 1.872219230249104527e+01
6.449999999999993960e+00, 1.880767128540553301e+01
6.549999999999993605e+00, 1.889215217052781526e+01
6.649999999999993250e+00, 1.897566807563816482e+01
6.749999999999992895e+00, 1.905825037771599639e+01
6.849999999999992539e+00, 1.913992883902612974e+01
6.949999999999992184e+00, 1.922073172161376320e+01
7.049999999999991829e+00, 1.930068589149442815e+01
7.149999999999991473e+00, 1.937981691365859049e+01
7.249999999999991118e+00, 1.945814913886855280e+01
7.349999999999990763e+00, 1.953576032148353292e+01
7.449999999999990408e+00, 1.961262645676560368e+01
7.549999999999990052e+00, 1.968875109487932917e+01
7.649999999999989697e+00, 1.976413815259180851e+01
7.749999999999989342e+00, 1.983879186377260240e+01
7.849999999999988987e+00, 1.991271673598163261e+01
7.949999999999988631e+00, 1.998591751232984493e+01
8.049999999999988276e+00, 2.005839913791907492e+01
8.149999999999987921e+00, 2.013016673026875125e+01
8.249999999999987566e+00, 2.020122555322227598e+01
8.349999999999987210e+00, 2.027158099389707857e+01
8.449999999999986855e+00, 2.034123854230299955e+01
8.549999999999986500e+00, 2.041020377330443836e+01
8.649999999999986144e+00, 2.047848233064535250e+01
8.749999999999985789e+00, 2.054607991279294765e+01
8.849999999999985434e+00, 2.061299540569467936e+01
8.949999999999985079e+00, 2.067920708385003792e+01
9.049999999999984723e+00, 2.074474029444785472e+01
9.149999999999984368e+00, 2.080961893347572911e+01
9.249999999999984013e+00, 2.087386556081456135e+01
9.349999999999983658e+00, 2.093750150374080121e+01
9.449999999999983302e+00, 2.100054695024538987e+01
9.549999999999982947e+00, 2.106302103337853637e+01
9.649999999999982592e+00, 2.112494190766203062e+01
9.749999999999982236e+00, 2.118632681846991517e+01
9.849999999999981881e+00, 2.124719216515860865e+01
9.949999999999981526e+00, 2.130755355862670086e+01
1.004999999999998117e+01, 2.136742587389796455e+01
1.014999999999998082e+01, 2.142682329824743448e+01
1.024999999999998046e+01, 2.148575937532691427e+01
1.034999999999998010e+01, 2.154424704569172988e+01
1.044999999999997975e+01, 2.160229868408346476e+01
1.054999999999997939e+01, 2.165992613378243803e+01
1.064999999999997904e+01, 2.171714073830837677e+01
1.074999999999997868e+01, 2.177395337071667925e+01
1.084999999999997833e+01, 2.183037446071076815e+01
1.094999999999997797e+01, 2.188641401976744660e+01
1.104999999999997762e+01, 2.194208166445121577e+01
1.114999999999997726e+01, 2.199738663807561068e+01
1.124999999999997691e+01, 2.205233783085309796e+01
1.134999999999997655e+01, 2.210694379866129822e+01
1.144999999999997620e+01, 2.216121278054035315e+01
1.154999999999997584e+01, 2.221515271502525835e+01
1.164999999999997549e+01, 2.226877125540709201e+01
1.174999999999997513e+01, 2.232207578400802817e+01
1.184999999999997478e+01, 2.237507342554737377e+01
1.194999999999997442e+01, 2.242777105966858997e+01
1.204999999999997407e+01, 2.248017533269111112e+01
1.214999999999997371e+01, 2.253229266864500957e+01
1.224999999999997335e+01, 2.258412927964146988e+01
1.234999999999997300e+01, 2.263569117562752453e+01
1.244999999999997264e+01, 2.268698417356922192e+01
1.254999999999997229e+01, 2.273801390610393014e+01
1.264999999999997193e+01, 2.278878582969877442e+01
1.274999999999997158e+01, 2.283930523234947785e+01
1.284999999999997122e+01, 2.288957724085089396e+01
1.294999999999997087e+01, 2.293960682766811132e+01
1.304999999999997051e+01, 2.298939881743472924e+01
1.314999999999997016e+01, 2.303895789310276854e+01
1.324999999999996980e+01, 2.308828860176691933e+01
1.334999999999996945e+01, 2.313739536018391973e+01
1.344999999999996909e+01, 2.318628246000649540e+01
1.354999999999996874e+01, 2.323495407274968372e+01
1.364999999999996838e+01, 2.328341425450618019e+01
1.374999999999996803e+01, 2.333166695042599770e+01
1.384999999999996767e+01, 2.337971599897482022e+01
1.394999999999996732e+01, 2.342756513598424206e+01
1.404999999999996696e+01, 2.347521799850617441e+01
1.414999999999996660e+01, 2.352267812848303308e+01
1.424999999999996625e+01, 2.356994897624425178e+01
1.434999999999996589e+01, 2.361703390383914680e+01
1.444999999999996554e+01, 2.366393618821539135e+01
1.454999999999996518e+01, 2.371065902425186067e+01
1.464999999999996483e+01, 2.375720552765373483e+01
1.474999999999996447e+01, 2.380357873771772148e+01
1.484999999999996412e+01, 2.384978161997421253e+01
1.494999999999996376e+01, 2.389581706871318900e+01
1.504999999999996341e+01, 2.394168790939997749e+01
1.514999999999996305e+01, 2.398739690098675226e+01
1.524999999999996270e+01, 2.403294673812520443e+01
1.534999999999996234e+01, 2.407834005328546212e+01
1.544999999999996199e+01, 2.412357941878621048e+01
1.554999999999996163e+01, 2.416866734874039224e+01
1.564999999999996128e+01, 2.421360630092079802e+01
1.574999999999996092e+01, 2.425839867854958598e+01
1.584999999999996056e+01, 2.430304683201543625e+01
1.594999999999996021e+01, 2.434755306052190704e+01
1.604999999999996163e+01, 2.439191961367034978e+01
1.614999999999996305e+01, 2.443614869298058778e+01
1.624999999999996447e+01, 2.448024245335216520e+01
1.634999999999996589e+01, 2.452420300446917878e+01
1.644999999999996732e+01, 2.456803241215123990e+01
1.654999999999996874e+01, 2.461173269965303589e+01
1.664999999999997016e+01, 2.465530584891498123e+01
1.674999999999997158e+01, 2.469875380176705804e+01
1.684999999999997300e+01, 2.474207846108808795e+01
1.694999999999997442e+01, 2.478528169192239972e+01
1.704999999999997584e+01, 2.482836532255571882e+01
1.714999999999997726e+01, 2.487133114555223656e+01
1.724999999999997868e+01, 2.491418091875441476e+01
1.734999999999998010e+01, 2.495691636624725973e+01
1.744999999999998153e+01, 2.499953917928849734e+01
1.754999999999998295e+01, 2.504205101720624427e+01
1.764999999999998437e+01, 2.508445350826540121e+01
1.774999999999998579e+01, 2.512674825050425298e+01
1.784999999999998721e+01, 2.516893681254234494e+01
1.794999999999998863e+01, 2.521102073436100710e+01
1.804999999999999005e+01, 2.525300152805753839e+01
1.814999999999999147e+01, 2.529488067857414535e+01
1.824999999999999289e+01, 2.533665964440270812e+01
1.834999999999999432e+01, 2.537833985826632599e+01
1.844999999999999574e+01, 2.541992272777850914e+01
1.854999999999999716e+01, 2.546140963608102936e+01
1.864999999999999858e+01, 2.550280194246116494e+01
1.875000000000000000e+01, 2.554410098294920672e+01
1.885000000000000142e+01, 2.558530807089695713e+01
1.895000000000000284e+01, 2.562642449753796470e+01
1.905000000000000426e+01, 2.566745153253026146e+01
1.915000000000000568e+01, 2.570839042448210066e+01
1.925000000000000711e+01, 2.574924240146156862e+01
1.935000000000000853e+01, 2.579000867149048304e+01
1.945000000000000995e+01, 2.583069042302323481e+01
1.955000000000001137e+01, 2.587128882541117392e+01
1.965000000000001279e+01, 2.591180502935299401e+01
1.975000000000001421e+01, 2.595224016733170558e+01
1.985000000000001563e+01, 2.599259535403856347e+01
1.995000000000001705e+01, 2.603287168678461683e+01
2.005000000000001847e+01, 2.607307024590008382e+01
2.015000000000001990e+01, 2.611319209512222983e+01
2.025000000000002132e+01, 2.615323828197190181e+01
2.035000000000002274e+01, 2.619320983811937964e+01
2.045000000000002416e+01, 2.623310777973971497e+01
2.055000000000002558e+01, 2.627293310785798042e+01
2.065000000000002700e+01, 2.631268680868488374e+01
2.075000000000002842e+01, 2.635236985394285725e+01
2.085000000000002984e+01, 2.639198320118320140e+01
2.095000000000003126e+01, 2.643152779409436093e+01
2.105000000000003268e+01, 2.647100456280180225e+01
2.115000000000003411e+01, 2.651041442415964156e+01
2.125000000000003553e+01, 2.654975828203442134e+01
2.135000000000003695e+01, 2.658903702758115273e+01
2.145000000000003837e+01, 2.662825153951204271e+01
2.155000000000003979e+01, 2.666740268435798100e+01
2.165000000000004121e+01, 2.670649131672315590e+01
2.175000000000004263e+01, 2.674551827953289873e+01
2.185000000000004405e+01, 2.678448440427513333e+01
2.195000000000004547e+01, 2.682339051123545559e+01
2.205000000000004690e+01, 2.686223740972615204e+01
2.215000000000004832e+01, 2.690102589830932800e+01
2.225000000000004974e+01, 2.693975676501436922e+01
2.235000000000005116e+01, 2.697843078754979373e+01
2.245000000000005258e+01, 2.701704873350978531e+01
2.255000000000005400e+01, 2.705561136057556837e+01
2.265000000000005542e+01, 2.709411941671168478e+01
2.275000000000005684e+01, 2.713257364035740338e+01
2.285000000000005826e+01, 2.717097476061344352e+01
2.295000000000005969e+01, 2.720932349742404099e+01
2.305000000000006111e+01, 2.724762056175462277e+01
2.315000000000006253e+01, 2.728586665576508707e+01
2.325000000000006395e+01, 2.732406247297897650e+01
2.335000000000006537e+01, 2.736220869844851222e+01
2.345000000000006679e+01, 2.740030600891571311e+01
2.355000000000006821e+01, 2.743835507296967435e+01
2.365000000000006963e+01, 2.747635655120011222e+01
2.375000000000007105e+01, 2.751431109634732053e+01
2.385000000000007248e+01, 2.755221935344856021e+01
2.395000000000007390e+01, 2.759008195998111290e+01
2.405000000000007532e+01, 2.762789954600194875e+01
2.415000000000007674e+01, 2.766567273428422524e+01
2.425000000000007816e+01, 2.770340214045060989e+01
2.435000000000007958e+01, 2.774108837310361864e+01
2.445000000000008100e+01, 2.777873203395291668e+01
2.455000000000008242e+01, 2.781633371793983045e+01
2.465000000000008384e+01, 2.785389401335899962e+01
2.475000000000008527e+01, 2.789141350197732905e+01
2.485000000000008669e+01, 2.792889275915030467e+01
2.495000000000008811e+01, 2.796633235393569805e+01
2.505000000000008953e+01, 2.800373284920483741e+01
2.515000000000009095e+01, 2.804109480175135261e+01
2.525000000000009237e+01, 2.807841876239764645e+01
2.535000000000009379e+01, 2.811570527609892167e+01
2.545000000000009521e+01, 2.815295488204514385e+01
2.555000000000009663e+01, 2.819016811376061682e+01
2.565000000000009805e+01, 2.822734549920160063e+01
2.575000000000009948e+01, 2.826448756085173386e+01
2.585000000000010090e+01, 2.830159481581548775e+01
2.595000000000010232e+01, 2.833866777590963792e+01
2.605000000000010374e+01, 2.837570694775285318e+01
2.615000000000010516e+01, 2.841271283285332316e+01
2.625000000000010658e+01, 2.844968592769468785e+01
2.635000000000010800e+01, 2.848662672382008409e+01
2.645000000000010942e+01, 2.852353570791452242e+01
2.655000000000011084e+01, 2.856041336188557622e+01
2.665000000000011227e+01, 2.859726016294236928e+01
2.675000000000011369e+01, 2.863407658367305331e+01
2.685000000000011511e+01, 2.867086309212062289e+01
2.695000000000011653e+01, 2.870762015185728444e+01
2.705000000000011795e+01, 2.874434822205728324e+01
2.715000000000011937e+01, 2.878104775756832723e+01
2.725000000000012079e+01, 2.881771920898154349e+01
2.735000000000012221e+01, 2.885436302270008824e+01
2.745000000000012363e+01, 2.889097964100639615e+01
2.755000000000012506e+01, 2.892756950212813649e+01
2.765000000000012648e+01, 2.896413304030282987e+01
2.775000000000012790e+01, 2.900067068584128904e+01
2.785000000000012932e+01, 2.903718286518975589e+01
2.795000000000013074e+01, 2.907367000099091925e+01
2.805000000000013216e+01, 2.911013251214369646e+01
2.815000000000013358e+01, 2.914657081386194193e+01
2.825000000000013500e+01, 2.918298531773195847e+01
2.835000000000013642e+01, 2.921937643176903521e+01
2.845000000000013785e+01, 2.925574456047284144e+01
2.855000000000013927e+01, 2.929209010488176190e+01
2.865000000000014069e+01, 2.932841346262632598e+01
2.875000000000014211e+01, 2.936471502798153210e+01
2.885000000000014353e+01, 2.940099519191828392e+01
2.895000000000014495e+01, 2.943725434215383174e+01
2.905000000000014637e+01, 2.947349286320132578e+01
2.915000000000014779e+01, 2.950971113641843502e+01
2.925000000000014921e+01, 2.954590954005510639e+01
2.935000000000015064e+01, 2.958208844930044634e+01
2.945000000000015206e+01, 2.961824823632876047e+01
2.955000000000015348e+01, 2.965438927034478311e+01
2.965000000000015490e+01, 2.969051191762805786e+01
2.975000000000015632e+01, 2.972661654157660394e+01
2.985000000000015774e+01, 2.976270349759741407e+01
2.995000000000015916e+01, 2.979877098932756851e+01
3.005000000000016058e+01, 2.983481707834229724e+01
3.015000000000016200e+01, 2.987084002621831758e+01
3.025000000000016342e+01, 2.990683811074742593e+01
3.035000000000016485e+01, 2.994280962560764081e+01
3.045000000000016627e+01, 2.997875288004165029e+01
3.055000000000016769e+01, 3.001466619854230800e+01
3.065000000000016911e+01, 3.005054792054497170e+01
3.075000000000017053e+01, 3.008639640012655292e+01
3.085000000000017195e+01, 3.012221000571105378e+01
3.095000000000017337e+01, 3.015798711978141000e+01
3.105000000000017479e+01, 3.019372613859755816e+01
3.115000000000017621e+01, 3.022942547192041474e+01
3.125000000000017764e+01, 3.026508354274175971e+01
3.135000000000017906e+01, 3.030069878701975128e+01
3.145000000000018048e+01, 3.033626988385686474e+01
3.155000000000018190e+01, 3.037179672223493654e+01
3.165000000000018332e+01, 3.040727989182269297e+01
3.175000000000018474e+01, 3.044271997486069381e+01
3.185000000000018616e+01, 3.047811754630203751e+01
3.195000000000018758e+01, 3.051347317394975533e+01
3.205000000000018900e+01, 3.054878741859093694e+01
3.215000000000019043e+01, 3.058406083412766563e+01
3.225000000000019185e+01, 3.061929396770483791e+01
3.235000000000019327e+01, 3.065448735983505557e+01
3.245000000000019469e+01, 3.068964154452052284e+01
3.255000000000019611e+01, 3.072475704937220442e+01
3.265000000000019753e+01, 3.075983439572615197e+01
3.275000000000019895e+01, 3.079487409875720871e+01
3.285000000000020037e+01, 3.082987666759009215e+01
3.295000000000020179e+01, 3.086484260540797919e+01
3.305000000000020322e+01, 3.089977240955860793e+01
3.315000000000020464e+01, 3.093466657165799916e+01
3.325000000000020606e+01, 3.096952557769185432e+01
3.335000000000020748e+01, 3.100434990811471536e+01
3.345000000000020890e+01, 3.103914003794690757e+01
3.355000000000021032e+01, 3.107389643686931180e+01
3.365000000000021174e+01, 3.110861956931614003e+01
3.375000000000021316e+01, 3.114330989456560772e+01
3.385000000000021458e+01, 3.117796786682864862e+01
3.395000000000021600e+01, 3.121259393533574311e+01
3.405000000000021743e+01, 3.124718854442186711e+01
3.415000000000021885e+01, 3.128175213360957230e+01
3.425000000000022027e+01, 3.131628513769036815e+01
3.435000000000022169e+01, 3.135078798680433110e+01
3.445000000000022311e+01, 3.138526110651801915e+01
3.455000000000022453e+01, 3.141970491790081610e+01
3.465000000000022595e+01, 3.145411983759958119e+01
3.475000000000022737e+01, 3.148850627791183143e+01
3.485000000000022879e+01, 3.152286464685736433e+01
3.495000000000023022e+01, 3.155719534824838490e+01
3.505000000000023164e+01, 3.159149878175824711e+01
3.515000000000023306e+01, 3.162577534298871740e+01
3.525000000000023448e+01, 3.166002542353595572e+01
3.535000000000023590e+01, 3.169424941105508964e+01
3.545000000000023732e+01, 3.172844768932347748e+01
3.555000000000023874e+01, 3.176262063830278848e+01
3.565000000000024016e+01, 3.179676863419972577e+01
3.575000000000024158e+01, 3.183089204952566575e+01
3.585000000000024301e+01, 3.186499125315496528e+01
3.595000000000024443e+01, 3.189906661038228464e+01
3.605000000000024585e+01, 3.193311848297863875e+01
3.615000000000024727e+01, 3.196714722924645002e+01
3.625000000000024869e+01, 3.200115320407346786e+01
3.635000000000025011e+01, 3.203513675898569346e+01
3.645000000000025153e+01, 3.206909824219923166e+01
3.655000000000025295e+01, 3.210303799867119068e+01
3.665000000000025437e+01, 3.213695637014958351e+01
3.675000000000025580e+01, 3.217085369522227012e+01
3.685000000000025722e+01, 3.220473030936500436e+01
3.695000000000025864e+01, 3.223858654498853582e+01
3.705000000000026006e+01, 3.227242273148483065e+01
3.715000000000026148e+01, 3.230623919527246102e+01
3.725000000000026290e+01, 3.234003625984112062e+01
3.735000000000026432e+01, 3.237381424579529465e+01
3.745000000000026574e+01, 3.240757347089714102e+01
3.755000000000026716e+01, 3.244131425010861136e+01
3.765000000000026859e+01, 3.247503689563272644e+01
3.775000000000027001e+01, 3.250874171695418369e+01
3.785000000000027143e+01, 3.254242902087913336e+01
3.795000000000027285e+01, 3.257609911157433658e+01
3.805000000000027427e+01, 3.260975229060549907e+01
3.815000000000027569e+01, 3.264338885697500103e+01
3.825000000000027711e+01, 3.267700910715894480e+01
3.835000000000027853e+01, 3.271061333514349911e+01
3.845000000000027995e+01, 3.274420183246063232e+01
3.855000000000028137e+01, 3.277777488822319185e+01
3.865000000000028280e+01, 3.281133278915936557e+01
3.875000000000028422e+01, 3.284487581964658176e+01
3.885000000000028564e+01, 3.287840426174471986e+01
3.895000000000028706e+01, 3.291191839522888074e+01
3.905000000000028848e+01, 3.294541849762143215e+01
3.915000000000028990e+01, 3.297890484422362789e+01
3.925000000000029132e+01, 3.301237770814661587e+01
3.935000000000029274e+01, 3.304583736034193464e+01
3.945000000000029416e+01, 3.307928406963144141e+01
3.955000000000029559e+01, 3.311271810273686356e+01
3.965000000000029701e+01, 3.314613972430866795e+01
3.975000000000029843e+01, 3.317954919695456795e+01
3.985000000000029985e+01, 3.321294678126751876e+01
3.995000000000030127e+01, 3.324633273585322968e+01
4.005000000000030269e+01, 3.327970731735721444e+01
4.015000000000030411e+01, 3.331307078049143655e+01
4.025000000000030553e+01, 3.334642337806042889e+01
4.035000000000030695e+01, 3.337976536098707214e+01
4.045000000000030838e+01, 3.341309697833787595e+01
4.055000000000030980e+01, 3.344641847734789053e+01
4.065000000000031122e+01, 3.347973010344519196e+01
4.075000000000031264e+01, 3.351303210027498380e+01
4.085000000000031406e+01, 3.354632470972327951e+01
4.095000000000031548e+01, 3.357960817194020109e+01
4.105000000000031690e+01, 3.361288272536299360e+01
4.115000000000031832e+01, 3.364614860673849961e+01
4.125000000000031974e+01, 3.367940605114543473e+01
4.135000000000032117e+01, 3.371265529201622968e+01
4.145000000000032259e+01, 3.374589656115852421e+01
4.155000000000032401e+01, 3.377913008877634837e+01
4.165000000000032543e+01, 3.381235610349096277e+01
4.175000000000032685e+01, 3.384557483236133635e+01
4.185000000000032827e+01, 3.387878650090437560e+01
4.195000000000032969e+01, 3.391199133311476999e+01
4.205000000000033111e+01, 3.394518955148453898e+01
4.215000000000033253e+01, 3.397838137702233041e+01
4.225000000000033396e+01, 3.401156702927232089e+01
4.235000000000033538e+01, 3.404474672633295285e+01
4.245000000000033680e+01, 3.407792068487526649e+01
4.255000000000033822e+01, 3.411108912016104000e+01
4.265000000000033964e+01, 3.414425224606056020e+01
4.275000000000034106e+01, 3.417741027507022977e+01
4.285000000000034248e+01, 3.421056341832983350e+01
4.295000000000034390e+01, 3.424371188563954149e+01
4.305000000000034532e+01, 3.427685588547674200e+01
4.315000000000034674e+01, 3.430999562501251177e+01
4.325000000000034817e+01, 3.434313131012788745e+01
4.335000000000034959e+01, 3.437626314542992390e+01
4.345000000000035101e+01, 3.440939133426748242e+01
4.355000000000035243e+01, 3.444251607874677035e+01
4.365000000000035385e+01, 3.447563757974666743e+01
4.375000000000035527e+01, 3.450875603693388172e+01
4.385000000000035669e+01, 3.454187164877777860e+01
4.395000000000035811e+01, 3.457498461256504640e+01
4.405000000000035953e+01, 3.460809512441419145e+01
4.415000000000036096e+01, 3.464120337928974891e+01
4.425000000000036238e+01, 3.467430957101633027e+01
4.435000000000036380e+01, 3.470741389229245044e+01
4.445000000000036522e+01, 3.474051653470417023e+01
4.455000000000036664e+01, 3.477361768873852554e+01
4.465000000000036806e+01, 3.480671754379680749e+01
4.475000000000036948e+01, 3.483981628820757948e+01
4.485000000000037090e+01, 3.487291410923957358e+01
4.495000000000037232e+01, 3.490601119311438794e+01
4.505000000000037375e+01, 3.493910772501899231e+01
4.515000000000037517e+01, 3.497220388911806310e+01
4.525000000000037659e+01, 3.500529986856614073e+01
4.535000000000037801e+01, 3.503839584551966624e+01
4.545000000000037943e+01, 3.507149200114873366e+01
4.555000000000038085e+01, 3.510458851564882821e+01
4.565000000000038227e+01, 3.513768556825230149e+01
4.575000000000038369e+01, 3.517078333723968342e+01
4.585000000000038511e+01, 3.520388199995091583e+01
4.595000000000038654e+01, 3.523698173279635171e+01
4.605000000000038796e+01, 3.527008271126766203e+01
4.615000000000038938e+01, 3.530318510994855075e+01
4.625000000000039080e+01, 3.533628910252535604e+01
4.635000000000039222e+01, 3.536939486179748826e+01
4.645000000000039364e+01, 3.540250255968773985e+01
4.655000000000039506e+01, 3.543561236725241770e+01
4.665000000000039648e+01, 3.546872445469145418e+01
4.675000000000039790e+01, 3.550183899135817001e+01
4.685000000000039933e+01, 3.553495614576917205e+01
4.695000000000040075e+01, 3.556807608561388179e+01
4.705000000000040217e+01, 3.560119897776411335e+01
4.715000000000040359e+01, 3.563432498828336747e+01
4.725000000000040501e+01, 3.566745428243618221e+01
4.735000000000040643e+01, 3.570058702469717815e+01
4.745000000000040785e+01, 3.573372337876012494e+01
4.755000000000040927e+01, 3.576686350754680888e+01
4.765000000000041069e+01, 3.580000757321584359e+01
4.775000000000041211e+01, 3.583315573717125346e+01
4.785000000000041354e+01, 3.586630816007112088e+01
4.795000000000041496e+01, 3.589946500183597067e+01
4.805000000000041638e+01, 3.593262642165711185e+01
4.815000000000041780e+01, 3.596579257800485152e+01
4.825000000000041922e+01, 3.599896362863664478e+01
4.835000000000042064e+01, 3.603213973060505282e+01
4.845000000000042206e+01, 3.606532104026572227e+01
4.855000000000042348e+01, 3.609850771328513730e+01
4.865000000000042490e+01, 3.613169990464835735e+01
4.875000000000042633e+01, 3.616489776866663419e+01
4.885000000000042775e+01, 3.619810145898489395e+01
4.895000000000042917e+01, 3.623131112858921909e+01
4.905000000000043059e+01, 3.626452692981414572e+01
4.915000000000043201e+01, 3.629774901434986845e+01
4.925000000000043343e+01, 3.633097753324944534e+01
4.935000000000043485e+01, 3.636421263693580386e+01
4.945000000000043627e+01, 3.639745447520873967e+01
4.955000000000043769e+01, 3.643070319725181605e+01
4.965000000000043912e+01, 3.646395895163910694e+01
4.975000000000044054e+01, 3.649722188634196840e+01
4.985000000000044196e+01, 3.653049214873561112e+01
4.995000000000044338e+01, 3.656376988560571561e+01
5.005000000000044480e+01, 3.659705524315484126e+01
5.015000000000044622e+01, 3.663034836700886387e+01
5.025000000000044764e+01, 3.666364940222324975e+01
5.035000000000044906e+01, 3.669695849328930848e+01
5.045000000000045048e+01, 3.673027578414034622e+01
5.055000000000045191e+01, 3.676360141815777638e+01
5.065000000000045333e+01, 3.679693553817708818e+01
5.075000000000045475e+01, 3.683027828649380808e+01
5.085000000000045617e+01, 3.686362980486939023e+01
5.095000000000045759e+01, 3.689699023453694338e+01
5.105000000000045901e+01, 3.693035971620704316e+01
5.115000000000046043e+01, 3.696373839007333828e+01
5.125000000000046185e+01, 3.699712639581815665e+01
5.135000000000046327e+01, 3.703052387261802636e+01
5.145000000000046469e+01, 3.706393095914916103e+01
5.155000000000046612e+01, 3.709734779359280310e+01
5.165000000000046754e+01, 3.713077451364060977e+01
5.175000000000046896e+01, 3.716421125649986834e+01
5.185000000000047038e+01, 3.719765815889877558e+01
5.195000000000047180e+01, 3.723111535709151099e+01
5.205000000000047322e+01, 3.726458298686335269e+01
5.215000000000047464e+01, 3.729806118353570810e+01
5.225000000000047606e+01, 3.733155008197109481e+01
5.235000000000047748e+01, 3.736504981657799362e+01
5.245000000000047891e+01, 3.739856052131577258e+01
5.255000000000048033e+01, 3.743208232969944049e+01
5.265000000000048175e+01, 3.746561537480437920e+01
5.275000000000048317e+01, 3.749915978927111126e+01
5.285000000000048459e+01, 3.753271570530981194e+01
5.295000000000048601e+01, 3.756628325470496321e+01
5.305000000000048743e+01, 3.759986256881987288e+01
5.315000000000048885e+01, 3.763345377860115093e+01
5.325000000000049027e+01, 3.766705701458312205e+01
5.335000000000049170e+01, 3.770067240689220256e+01
5.345000000000049312e+01, 3.773430008525120627e+01
5.355000000000049454e+01, 3.776794017898370726e+01
5.365000000000049596e+01, 3.780159281701811125e+01
5.375000000000049738e+01, 3.783525812789199705e+01
5.385000000000049880e+01, 3.786893623975613821e+01
5.395000000000050022e+01, 3.790262728037862416e+01
5.405000000000050164e+01, 3.793633137714891745e+01
5.415000000000050306e+01, 3.797004865708183274e+01
5.425000000000050449e+01, 3.800377924682147324e+01
5.435000000000050591e+01, 3.803752327264515998e+01
5.445000000000050733e+01, 3.807128086046726168e+01
5.455000000000050875e+01, 3.810505213584307427e+01
5.465000000000051017e+01, 3.813883722397252996e+01
5.475000000000051159e+01, 3.817263624970396307e+01
5.485000000000051301e+01, 3.820644933753779071e+01
5.495000000000051443e+01, 3.824027661163020042e+01
5.505000000000051585e+01, 3.827411819579672425e+01
5.515000000000051728e+01, 3.830797421351582699e+01
5.525000000000051870e+01, 3.834184478793242334e+01
5.535000000000052012e+01, 3.837573004186140224e+01
5.545000000000052154e+01, 3.840963009779105164e+01
5.555000000000052296e+01, 3.844354507788650466e+01
5.565000000000052438e+01, 3.847747510399309334e+01
5.575000000000052580e+01, 3.851142029763970243e+01
5.585000000000052722e+01, 3.854538078004211599e+01
5.595000000000052864e+01, 3.857935667210618647e+01
5.605000000000053006e+01, 3.861334809443120974e+01
5.615000000000053149e+01, 3.864735516731300891e+01
5.625000000000053291e+01, 3.868137801074714588e+01
5.635000000000053433e+01, 3.871541674443207626e+01
5.645000000000053575e+01, 3.874947148777218331e+01
5.655000000000053717e+01, 3.878354235988092569e+01
5.665000000000053859e+01, 3.881762947958380749e+01
5.675000000000054001e+01, 3.885173296542139099e+01
5.685000000000054143e+01, 3.888585293565226664e+01
5.695000000000054285e+01, 3.891998950825599479e+01
5.705000000000054428e+01, 3.895414280093599046e+01
5.715000000000054570e+01, 3.898831293112245078e+01
5.725000000000054712e+01, 3.902250001597509055e+01
5.735000000000054854e+01, 3.905670417238606262e+01
5.745000000000054996e+01, 3.909092551698267926e+01
5.755000000000055138e+01, 3.912516416613016901e+01
5.765000000000055280e+01, 3.915942023593441945e+01
5.775000000000055422e+01, 3.919369384224466302e+01
5.785000000000055564e+01, 3.922798510065612732e+01
5.795000000000055707e+01, 3.926229412651268547e+01
5.805000000000055849e+01, 3.929662103490946379e+01
5.815000000000055991e+01, 3.933096594069539975e+01
5.825000000000056133e+01, 3.936532895847582836e+01
5.835000000000056275e+01, 3.939971020261502588e+01
5.845000000000056417e+01, 3.943410978723861859e+01
5.855000000000056559e+01, 3.946852782623616207e+01
5.865000000000056701e+01, 3.950296443326352147e+01
5.875000000000056843e+01, 3.953741972174531583e+01
5.885000000000056986e+01, 3.957189380487734098e+01
5.895000000000057128e+01, 3.960638679562885756e+01
5.905000000000057270e+01, 3.964089880674504229e+01
5.915000000000057412e+01, 3.967542995074921208e+01
5.925000000000057554e+01, 3.970998033994520426e+01
5.935000000000057696e+01, 3.974455008641958642e+01
5.945000000000057838e+01, 3.977913929365879397e+01
5.955000000000057980e+01, 3.981374780940034697e+01
5.965000000000058122e+01, 3.984837552864285470e+01
5.975000000000058265e+01, 3.988302235075936153e+01
5.985000000000058407e+01, 3.991768817517734647e+01
5.995000000000058549e+01, 3.995237290137492892e+01
6.005000000000058691e+01, 3.998707642887710989e+01
6.015000000000058833e+01, 4.002179865725201324e+01
6.025000000000058975e+01, 4.005653948610718373e+01
6.035000000000059117e+01, 4.009129881508589222e+01
6.045000000000059259e+01, 4.012607654386344080e+01
6.055000000000059401e+01, 4.016087257214358175e+01
6.065000000000059543e+01, 4.019568679965482971e+01
6.075000000000059686e+01, 4.023051912614695880e+01
6.085000000000059828e+01, 4.026536945138735746e+01
6.095000000000059970e+01, 4.030023767515749711e+01
6.105000000000060112e+01, 4.033512372803774326e+01
6.115000000000060254e+01, 4.037002768777879425e+01
6.125000000000060396e+01, 4.040494966640532226e+01
6.135000000000060538e+01, 4.043988977567355647e+01
6.145000000000060680e+01, 4.047484812707391200e+01
6.155000000000060822e+01, 4.050982483183341998e+01
6.165000000000060965e+01, 4.054482000091837079e+01
6.175000000000061107e+01, 4.057983374503670149e+01
6.185000000000061249e+01, 4.061486617464051108e+01
6.195000000000061391e+01, 4.064991739992849773e+01
6.205000000000061533e+01, 4.068498753084829644e+01
6.215000000000061675e+01, 4.072007667709893042e+01
6.225000000000061817e+01, 4.075518494813315584e+01
6.235000000000061959e+01, 4.079031245315974985e+01
6.245000000000062101e+01, 4.082545930114584110e+01
6.255000000000062244e+01, 4.086062560081922612e+01
6.265000000000062386e+01, 4.089581146067052941e+01
6.275000000000062528e+01, 4.093101698895551976e+01
6.285000000000062670e+01, 4.096624229369727743e+01
6.295000000000062812e+01, 4.100148748268837551e+01
6.305000000000062954e+01, 4.103675266349304707e+01
6.315000000000063096e+01, 4.107203794344929548e+01
6.325000000000063238e+01, 4.110734342967106159e+01
6.335000000000063380e+01, 4.114266922905023449e+01
6.345000000000063523e+01, 4.117801544825876192e+01
6.355000000000063665e+01, 4.121338219375072498e+01
6.365000000000063807e+01, 4.124876957176427794e+01
6.375000000000063949e+01, 4.128417768832371593e+01
6.385000000000064091e+01, 4.131960664924141469e+01
6.395000000000064233e+01, 4.135505656011981301e+01
6.405000000000063665e+01, 4.139052752635330279e+01
6.415000000000063096e+01, 4.142601965313020429e+01
6.425000000000062528e+01, 4.146153304543462070e+01
6.435000000000061959e+01, 4.149706780804832107e+01
6.445000000000061391e+01, 4.153262404555256637e+01
6.455000000000060822e+01, 4.156820186232998537e+01
6.465000000000060254e+01, 4.160380136256635808e+01
6.475000000000059686e+01, 4.163942265025242051e+01
6.485000000000059117e+01, 4.167506582918563396e+01
6.495000000000058549e+01, 4.171073100297191871e+01
6.505000000000057980e+01, 4.174641827502743752e+01
6.515000000000057412e+01, 4.178212774858025114e+01
6.525000000000056843e+01, 4.181785952667205208e+01
6.535000000000056275e+01, 4.185361371215986281e+01
6.545000000000055707e+01, 4.188939040771762734e+01
6.555000000000055138e+01, 4.192518971583793075e+01
6.565000000000054570e+01, 4.196101173883357660e+01
6.575000000000054001e+01, 4.199685657883919276e+01
6.585000000000053433e+01, 4.203272433781283013e+01
6.595000000000052864e+01, 4.206861511753757554e+01
6.605000000000052296e+01, 4.210452901962300132e+01
6.615000000000051728e+01, 4.214046614550682790e+01
6.625000000000051159e+01, 4.217642659645633074e+01
6.635000000000050591e+01, 4.221241047356995324e+01
6.645000000000050022e+01, 4.224841787777868518e+01
6.655000000000049454e+01, 4.228444890984761884e+01
6.665000000000048885e+01, 4.232050367037736294e+01
6.675000000000048317e+01, 4.235658225980545666e+01
6.685000000000047748e+01, 4.239268477840786176e+01
6.695000000000047180e+01, 4.242881132630032681e+01
6.705000000000046612e+01, 4.246496200343973015e+01
6.715000000000046043e+01, 4.250113690962559332e+01
6.725000000000045475e+01, 4.253733614450128186e+01
6.735000000000044906e+01, 4.257355980755544778e+01
6.745000000000044338e+01, 4.260980799812334396e+01
6.755000000000043769e+01, 4.264608081538809614e+01
6.765000000000043201e+01, 4.268237835838208838e+01
6.775000000000042633e+01, 4.271870072598815682e+01
6.785000000000042064e+01, 4.275504801694088997e+01
6.795000000000041496e+01, 4.279142032982793609e+01
6.805000000000040927e+01, 4.282781776309120403e+01
6.815000000000040359e+01, 4.286424041502805693e+01
6.825000000000039790e+01, 4.290068838379258409e+01
6.835000000000039222e+01, 4.293716176739678758e+01
6.845000000000038654e+01, 4.297366066371176174e+01
6.855000000000038085e+01, 4.301018517046885137e+01
6.865000000000037517e+01, 4.304673538526085252e+01
6.875000000000036948e+01, 4.308331140554311389e+01
6.885000000000036380e+01, 4.311991332863470916e+01
6.895000000000035811e+01, 4.315654125171952415e+01
6.905000000000035243e+01, 4.319319527184737950e+01
6.915000000000034674e+01, 4.322987548593513907e+01
6.925000000000034106e+01, 4.326658199076778288e+01
6.935000000000033538e+01, 4.330331488299945875e+01
6.945000000000032969e+01, 4.334007425915453382e+01
6.955000000000032401e+01, 4.337686021562868888e+01
6.965000000000031832e+01, 4.341367284868990595e+01
6.975000000000031264e+01, 4.345051225447949861e+01
6.985000000000030695e+01, 4.348737852901313516e+01
6.995000000000030127e+01, 4.352427176818178367e+01
7.005000000000029559e+01, 4.356119206775276353e+01
7.015000000000028990e+01, 4.359813952337069054e+01
7.025000000000028422e+01, 4.363511423055841476e+01
7.035000000000027853e+01, 4.367211628471798690e+01
7.045000000000027285e+01, 4.370914578113160331e+01
7.055000000000026716e+01, 4.374620281496252971e+01
7.065000000000026148e+01, 4.378328748125600356e+01
7.075000000000025580e+01, 4.382039987494013644e+01
7.085000000000025011e+01, 4.385754009082682359e+01
7.095000000000024443e+01, 4.389470822361260360e+01
7.105000000000023874e+01, 4.393190436787956088e+01
7.115000000000023306e+01, 4.396912861809613560e+01
7.125000000000022737e+01, 4.400638106861801191e+01
7.135000000000022169e+01, 4.404366181368897060e+01
7.145000000000021600e+01, 4.408097094744163513e+01
7.155000000000021032e+01, 4.411830856389838118e+01
7.165000000000020464e+01, 4.415567475697212529e+01
7.175000000000019895e+01, 4.419306962046703546e+01
7.185000000000019327e+01, 4.423049324807943350e+01
7.195000000000018758e+01, 4.426794573339850558e+01
7.205000000000018190e+01, 4.430542716990708385e+01
7.215000000000017621e+01, 4.434293765098236406e+01
7.225000000000017053e+01, 4.438047726989675112e+01
7.235000000000016485e+01, 4.441804611981846307e+01
7.245000000000015916e+01, 4.445564429381237659e+01
7.255000000000015348e+01, 4.449327188484064521e+01
7.265000000000014779e+01, 4.453092898576348091e+01
7.275000000000014211e+01, 4.456861568933980777e+01
7.285000000000013642e+01, 4.460633208822795837e+01
7.295000000000013074e+01, 4.464407827498635584e+01
7.305000000000012506e+01, 4.468185434207418183e+01
7.315000000000011937e+01, 4.471966038185205861e+01
7.325000000000011369e+01, 4.475749648658262458e+01
7.335000000000010800e+01, 4.479536274843125199e+01
7.345000000000010232e+01, 4.483325925946669344e+01
7.355000000000009663e+01, 4.487118611166160775e+01
7.365000000000009095e+01, 4.490914339689323498e+01
7.375000000000008527e+01, 4.494713120694402164e+01
7.385000000000007958e+01, 4.498514963350218920e+01
7.395000000000007390e+01, 4.502319876816230249e+01
7.405000000000006821e+01, 4.506127870242589495e+01
7.415000000000006253e+01, 4.509938952770198739e+01
7.425000000000005684e+01, 4.513753133530769901e+01
7.435000000000005116e+01, 4.517570421646875900e+01
7.445000000000004547e+01, 4.521390826232007498e+01
7.455000000000003979e+01, 4.525214356390628012e+01
7.465000000000003411e+01, 4.529041021218221630e+01
7.475000000000002842e+01, 4.532870829801347412e+01
7.485000000000002274e+01, 4.536703791217695425e+01
7.495000000000001705e+01, 4.540539914536127952e+01
7.505000000000001137e+01, 4.544379208816738469e+01
7.515000000000000568e+01, 4.548221683110890012e+01
7.525000000000000000e+01, 4.552067346461273445e+01
7.534999999999999432e+01, 4.555916207901946535e+01
7.544999999999998863e+01, 4.559768276458385117e+01
7.554999999999998295e+01, 4.563623561147526431e+01
7.564999999999997726e+01, 4.567482070977812469e+01
7.574999999999997158e+01, 4.571343814949241846e+01
7.584999999999996589e+01, 4.575208802053398927e+01
7.594999999999996021e+01, 4.579077041273511384e+01
7.604999999999995453e+01, 4.582948541584477908e+01
7.614999999999994884e+01, 4.586823311952921500e+01
7.624999999999994316e+01, 4.590701361337222153e+01
7.634999999999993747e+01, 4.594582698687559486e+01
7.644999999999993179e+01, 4.598467332945946850e+01
7.654999999999992610e+01, 4.602355273046275386e+01
7.664999999999992042e+01, 4.606246527914347411e+01
7.674999999999991473e+01, 4.610141106467913374e+01
7.684999999999990905e+01, 4.614039017616711646e+01
7.694999999999990337e+01, 4.617940270262495517e+01
7.704999999999989768e+01, 4.621844873299074408e+01
7.714999999999989200e+01, 4.625752835612343716e+01
7.724999999999988631e+01, 4.629664166080321763e+01
7.734999999999988063e+01, 4.633578873573177503e+01
7.744999999999987494e+01, 4.637496966953263922e+01
7.754999999999986926e+01, 4.641418455075150007e+01
7.764999999999986358e+01, 4.645343346785649885e+01
7.774999999999985789e+01, 4.649271650923849819e+01
7.784999999999985221e+01, 4.653203376321143026e+01
7.794999999999984652e+01, 4.657138531801252412e+01
7.804999999999984084e+01, 4.661077126180258290e+01
7.814999999999983515e+01, 4.665019168266629634e+01
7.824999999999982947e+01, 4.668964666861245405e+01
7.834999999999982379e+01, 4.672913630757422254e+01
7.844999999999981810e+01, 4.676866068740938687e+01
7.854999999999981242e+01, 4.680821989590059928e+01
7.864999999999980673e+01, 4.684781402075561374e+01
7.874999999999980105e+01, 4.688744314960746351e+01
7.884999999999979536e+01, 4.692710737001480936e+01
7.894999999999978968e+01, 4.696680676946201061e+01
7.904999999999978400e+01, 4.700654143535943064e+01
7.914999999999977831e+01, 4.704631145504360035e+01
7.924999999999977263e+01, 4.708611691577741709e+01
7.934999999999976694e+01, 4.712595790475035074e+01
7.944999999999976126e+01, 4.716583450907861419e+01
7.954999999999975557e+01, 4.720574681580535525e+01
7.964999999999974989e+01, 4.724569491190080583e+01
7.974999999999974420e+01, 4.728567888426248800e+01
7.984999999999973852e+01, 4.732569881971532055e+01
7.994999999999973284e+01, 4.736575480501181801e+01
8.004999999999972715e+01, 4.740584692683219714e+01
8.014999999999972147e+01, 4.744597527178459728e+01
8.024999999999971578e+01, 4.748613992640510872e+01
8.034999999999971010e+01, 4.752634097715797168e+01
8.044999999999970441e+01, 4.756657851043571839e+01
8.054999999999969873e+01, 4.760685261255921574e+01
8.064999999999969305e+01, 4.764716336977785005e+01
8.074999999999968736e+01, 4.768751086826959096e+01
8.084999999999968168e+01, 4.772789519414112647e+01
8.094999999999967599e+01, 4.776831643342791978e+01
8.104999999999967031e+01, 4.780877467209433718e+01
8.114999999999966462e+01, 4.784926999603369069e+01
8.124999999999965894e+01, 4.788980249106839437e+01
8.134999999999965326e+01, 4.793037224294991461e+01
8.144999999999964757e+01, 4.797097933735894060e+01
8.154999999999964189e+01, 4.801162385990542703e+01
8.164999999999963620e+01, 4.805230589612862246e+01
8.174999999999963052e+01, 4.809302553149713333e+01
8.184999999999962483e+01, 4.813378285140895940e+01
8.194999999999961915e+01, 4.817457794119157199e+01
8.204999999999961346e+01, 4.821541088610191395e+01
8.214999999999960778e+01, 4.825628177132643515e+01
8.224999999999960210e+01, 4.829719068198109966e+01
8.234999999999959641e+01, 4.833813770311144964e+01
8.244999999999959073e+01, 4.837912291969259115e+01
8.254999999999958504e+01, 4.842014641662918706e+01
8.264999999999957936e+01, 4.846120827875549963e+01
8.274999999999957367e+01, 4.850230859083534796e+01
8.284999999999956799e+01, 4.854344743756212921e+01
8.294999999999956231e+01, 4.858462490355880448e+01
8.304999999999955662e+01, 4.862584107337784900e+01
8.314999999999955094e+01, 4.866709603150126640e+01
8.324999999999954525e+01, 4.870838986234055312e+01
8.334999999999953957e+01, 4.874972265023667006e+01
8.344999999999953388e+01, 4.879109447945995726e+01
8.354999999999952820e+01, 4.883250543421017653e+01
8.364999999999952252e+01, 4.887395559861639072e+01
8.374999999999951683e+01, 4.891544505673692100e+01
8.384999999999951115e+01, 4.895697389255933984e+01
8.394999999999950546e+01, 4.899854219000035016e+01
8.404999999999949978e+01, 4.904015003290576402e+01
8.414999999999949409e+01, 4.908179750505037475e+01
8.424999999999948841e+01, 4.912348469013794272e+01
8.434999999999948272e+01, 4.916521167180106744e+01
8.444999999999947704e+01, 4.920697853360112362e+01
8.454999999999947136e+01, 4.924878535902816168e+01
8.464999999999946567e+01, 4.929063223150083672e+01
8.474999999999945999e+01, 4.933251923436622377e+01
8.484999999999945430e+01, 4.937444645089983197e+01
8.494999999999944862e+01, 4.941641396430542699e+01
8.504999999999944293e+01, 4.945842185771488886e+01
8.514999999999943725e+01, 4.950047021418815518e+01
8.524999999999943157e+01, 4.954255911671307899e+01
8.534999999999942588e+01, 4.958468864820527955e+01
8.544999999999942020e+01, 4.962685889150801444e+01
8.554999999999941451e+01, 4.966906992939205878e+01
8.564999999999940883e+01, 4.971132184455554182e+01
8.574999999999940314e+01, 4.975361490081348848e+01
8.584999999999939746e+01, 4.979594950930967912e+01
8.594999999999939178e+01, 4.983832602675371959e+01
8.604999999999938609e+01, 4.988074481015448924e+01
8.614999999999938041e+01, 4.992320621682264203e+01
8.624999999999937472e+01, 4.996571060437300105e+01
8.634999999999936904e+01, 5.000825833072702409e+01
8.644999999999936335e+01, 5.005084975411521953e+01
8.654999999999935767e+01, 5.009348523307951950e+01
8.664999999999935199e+01, 5.013616512647570289e+01
8.674999999999934630e+01, 5.017888979347573297e+01
8.684999999999934062e+01, 5.022165959357008092e+01
8.694999999999933493e+01, 5.026447488657011320e+01
8.704999999999932925e+01, 5.030733603261035825e+01
8.714999999999932356e+01, 5.035024339215085831e+01
8.724999999999931788e+01, 5.039319730804989206e+01
8.734999999999931219e+01, 5.043619801067918473e+01
8.744999999999930651e+01, 5.047924558774506920e+01
8.754999999999930083e+01, 5.052234012691938858e+01
8.764999999999929514e+01, 5.056548171583897755e+01
8.774999999999928946e+01, 5.060867044210530707e+01
8.784999999999928377e+01, 5.065190639328399413e+01
8.794999999999927809e+01, 5.069518965690437540e+01
8.804999999999927240e+01, 5.073852032045903826e+01
8.814999999999926672e+01, 5.078189847140344426e+01
8.824999999999926104e+01, 5.082532419715533933e+01
8.834999999999925535e+01, 5.086879758509444827e+01
8.844999999999924967e+01, 5.091231872256188495e+01
8.854999999999924398e+01, 5.095588769685976160e+01
8.864999999999923830e+01, 5.099950459525068425e+01
8.874999999999923261e+01, 5.104316950495729799e+01
8.884999999999922693e+01, 5.108688251316178963e+01
8.894999999999922125e+01, 5.113064370700543293e+01
8.904999999999921556e+01, 5.117445317358807699e+01
8.914999999999920988e+01, 5.121831099996767023e+01
8.924999999999920419e+01, 5.126221727315976295e+01
8.934999999999919851e+01, 5.130617208013703134e+01
8.944999999999919282e+01, 5.135017550782873030e+01
8.954999999999918714e+01, 5.139422764312026004e+01
8.964999999999918145e+01, 5.143832857285259053e+01
8.974999999999917577e+01, 5.148247838382179253e+01
8.984999999999917009e+01, 5.152667716277851184e+01
8.994999999999916440e+01, 5.157092499642743633e+01
9.004999999999915872e+01, 5.161522197142682700e+01
9.014999999999915303e+01, 5.165956817438789983e+01
9.024999999999914735e+01, 5.170396369187441366e+01
9.034999999999914166e+01, 5.174840861040203777e+01
9.044999999999913598e+01, 5.179290301643787586e+01
9.054999999999913030e+01, 5.183744699639988340e+01
9.064999999999912461e+01, 5.188204063665639154e+01
9.074999999999911893e+01, 5.192668402352544632e+01
9.084999999999911324e+01, 5.197137724327442498e+01
9.094999999999910756e+01, 5.201612038211933253e+01
9.104999999999910187e+01, 5.206091352622429014e+01
9.114999999999909619e+01, 5.210575676170102355e+01
9.124999999999909051e+01, 5.215065017460823782e+01
9.134999999999908482e+01, 5.219559385095109150e+01
9.144999999999907914e+01, 5.224058787668060688e+01
9.154999999999907345e+01, 5.228563233769308738e+01
9.164999999999906777e+01, 5.233072731982956327e+01
9.174999999999906208e+01, 5.237587290887521618e+01
9.184999999999905640e+01, 5.242106919055871828e+01
9.194999999999905071e+01, 5.246631625055179171e+01
9.204999999999904503e+01, 5.251161417446846258e+01
9.214999999999903935e+01, 5.255696304786457773e+01
9.224999999999903366e+01, 5.260236295623715108e+01
9.234999999999902798e+01, 5.264781398502378096e+01
9.244999999999902229e+01, 5.269331621960201062e+01
9.254999999999901661e+01, 5.273886974528880245e+01
9.264999999999901092e+01, 5.278447464733987005e+01
9.274999999999900524e+01, 5.283013101094904584e+01
9.284999999999899956e+01, 5.287583892124769847e+01
9.294999999999899387e+01, 5.292159846330412876e+01
9.304999999999898819e+01, 5.296740972212287346e+01
9.314999999999898250e+01, 5.301327278264419363e+01
9.324999999999897682e+01, 5.305918772974331432e+01
9.334999999999897113e+01, 5.310515464822989173e+01
9.344999999999896545e+01, 5.315117362284731684e+01
9.354999999999895977e+01, 5.319724473827213274e+01
9.364999999999895408e+01, 5.324336807911331704e+01
9.374999999999894840e+01, 5.328954372991170629e+01
9.384999999999894271e+01, 5.333577177513929257e+01
9.394999999999893703e+01, 5.338205229919861949e+01
9.404999999999893134e+01, 5.342838538642208590e+01
9.414999999999892566e+01, 5.347477112107131347e+01
9.424999999999891998e+01, 5.352120958733647882e+01
9.434999999999891429e+01, 5.356770086933566688e+01
9.444999999999890861e+01, 5.361424505111412486e+01
9.454999999999890292e+01, 5.366084221664372222e+01
9.464999999999889724e+01, 5.370749244982213355e+01
9.474999999999889155e+01, 5.375419583447231986e+01
9.484999999999888587e+01, 5.380095245434167595e+01
9.494999999999888018e+01, 5.384776239310149037e+01
9.504999999999887450e+01, 5.389462573434619941e+01
9.514999999999886882e+01, 5.394154256159268357e+01
9.524999999999886313e+01, 5.398851295827962105e+01
9.534999999999885745e+01, 5.403553700776676294e+01
9.544999999999885176e+01, 5.408261479333423694e+01
9.554999999999884608e+01, 5.412974639818183675e+01
9.564999999999884039e+01, 5.417693190542838266e+01
9.574999999999883471e+01, 5.422417139811093278e+01
9.584999999999882903e+01, 5.427146495918414359e+01
9.594999999999882334e+01, 5.431881267151947412e+01
9.604999999999881766e+01, 5.436621461790458198e+01
9.614999999999881197e+01, 5.441367088104252048e+01
9.624999999999880629e+01, 5.446118154355104224e+01
9.634999999999880060e+01, 5.450874668796191003e+01
9.644999999999879492e+01, 5.455636639672012222e+01
9.654999999999878924e+01, 5.460404075218320941e+01
9.664999999999878355e+01, 5.465176983662052379e+01
9.674999999999877787e+01, 5.469955373221245765e+01
9.684999999999877218e+01, 5.474739252104974696e+01
9.694999999999876650e+01, 5.479528628513272537e+01
9.704999999999876081e+01, 5.484323510637057808e+01
9.714999999999875513e+01, 5.489123906658058161e+01
9.724999999999874944e+01, 5.493929824748740742e+01
9.734999999999874376e+01, 5.498741273072231905e+01
9.744999999999873808e+01, 5.503558259782246154e+01
9.754999999999873239e+01, 5.508380793023005850e+01
9.764999999999872671e+01, 5.513208880929173006e+01
9.774999999999872102e+01, 5.518042531625765434e+01
9.784999999999871534e+01, 5.522881753228086410e+01
9.794999999999870965e+01, 5.527726553841646506e+01
9.804999999999870397e+01, 5.532576941562086148e+01
9.814999999999869829e+01, 5.537432924475099583e+01
9.824999999999869260e+01, 5.542294510656357431e+01
9.834999999999868692e+01, 5.547161708171429240e+01
9.844999999999868123e+01, 5.552034525075709581e+01
9.854999999999867555e+01, 5.556912969414330661e+01
9.864999999999866986e+01, 5.561797049222096234e+01
9.874999999999866418e+01, 5.566686772523398474e+01
9.884999999999865850e+01, 5.571582147332132706e+01
9.894999999999865281e+01, 5.576483181651632037e+01
9.904999999999864713e+01, 5.581389883474574987e+01
9.914999999999864144e+01, 5.586302260782918694e+01
9.924999999999863576e+01, 5.591220321547810101e+01
9.934999999999863007e+01, 5.596144073729509927e+01
9.944999999999862439e+01, 5.601073525277313792e+01
9.954999999999861870e+01, 5.606008684129472641e+01
9.964999999999861302e+01, 5.610949558213108901e+01
9.974999999999860734e+01, 5.615896155444138316e+01
9.984999999999860165e+01, 5.620848483727192502e+01
9.994999999999859597e+01, 5.625806550955531549e+01
1.000499999999985903e+02, 5.630770365010969414e+01
1.001499999999985846e+02, 5.635739933763789367e+01
1.002499999999985789e+02, 5.640715265072662277e+01
1.003499999999985732e+02, 5.645696366784566322e+01
1.004499999999985675e+02, 5.650683246734705278e+01
1.005499999999985619e+02, 5.655675912746424672e+01
1.006499999999985562e+02, 5.660674372631132201e+01
1.007499999999985505e+02, 5.665678634188215312e+01
1.008499999999985448e+02, 5.670688705204956648e+01
1.009499999999985391e+02, 5.675704593456450908e+01
1.010499999999985334e+02, 5.680726306705527406e+01
1.011499999999985278e+02, 5.685753852702656985e+01
1.012499999999985221e+02, 5.690787239185879542e+01
1.013499999999985164e+02, 5.695826473880715213e+01
1.014499999999985107e+02, 5.700871564500080524e+01
1.015499999999985050e+02, 5.705922518744207395e+01
1.016499999999984993e+02, 5.710979344300555027e+01
1.017499999999984936e+02, 5.716042048843730328e+01
1.018499999999984880e+02, 5.721110640035399086e+01
1.019499999999984823e+02, 5.726185125524210662e+01
1.020499999999984766e+02, 5.731265512945699214e+01
1.021499999999984709e+02, 5.736351809922211942e+01
1.022499999999984652e+02, 5.741444024062818841e+01
1.023499999999984595e+02, 5.746542162963226019e+01
1.024499999999984539e+02, 5.751646234205694697e+01
1.025499999999984482e+02, 5.756756245358953805e+01
1.026499999999984425e+02, 5.761872203978114726e+01
1.027499999999984368e+02, 5.766994117604584602e+01
1.028499999999984311e+02, 5.772121993765983916e+01
1.029499999999984254e+02, 5.777255839976058382e+01
1.030499999999984198e+02, 5.782395663734593683e+01
1.031499999999984141e+02, 5.787541472527328068e+01
1.032499999999984084e+02, 5.792693273825869937e+01
1.033499999999984027e+02, 5.797851075087605466e+01
1.034499999999983970e+02, 5.803014883755618314e+01
1.035499999999983913e+02, 5.808184707258600099e+01
1.036499999999983856e+02, 5.813360553010766552e+01
1.037499999999983800e+02, 5.818542428411764433e+01
1.038499999999983743e+02, 5.823730340846591247e+01
1.039499999999983686e+02, 5.828924297685506417e+01
1.040499999999983629e+02, 5.834124306283943184e+01
1.041499999999983572e+02, 5.839330373982421918e+01
1.042499999999983515e+02, 5.844542508106462719e+01
1.043499999999983459e+02, 5.849760715966501579e+01
1.044499999999983402e+02, 5.854985004857796582e+01
1.045499999999983345e+02, 5.860215382060344780e+01
1.046499999999983288e+02, 5.865451854838794077e+01
1.047499999999983231e+02, 5.870694430442355127e+01
1.048499999999983174e+02, 5.875943116104713937e+01
1.049499999999983118e+02, 5.881197919043943045e+01
1.050499999999983061e+02, 5.886458846462415551e+01
1.051499999999983004e+02, 5.891725905546715580e+01
1.052499999999982947e+02, 5.896999103467550896e+01
1.053499999999982890e+02, 5.902278447379664073e+01
1.054499999999982833e+02, 5.907563944421748658e+01
1.055499999999982776e+02, 5.912855601716351117e+01
1.056499999999982720e+02, 5.918153426369794090e+01
1.057499999999982663e+02, 5.923457425472081184e+01
1.058499999999982606e+02, 5.928767606096810994e+01
1.059499999999982549e+02, 5.934083975301087577e+01
1.060499999999982492e+02, 5.939406540125432343e+01
1.061499999999982435e+02, 5.944735307593696660e+01
1.062499999999982379e+02, 5.950070284712971613e+01
1.063499999999982322e+02, 5.955411478473503450e+01
1.064499999999982265e+02, 5.960758895848598371e+01
1.065499999999982208e+02, 5.966112547183031012e+01
1.066499999999982151e+02, 5.971472512952004053e+01
1.067499999999982094e+02, 5.976838857577511277e+01
1.068499999999982037e+02, 5.982211645083856411e+01
1.069499999999981981e+02, 5.987590939625621900e+01
1.070499999999981924e+02, 5.992976805487811731e+01
1.071499999999981867e+02, 5.998369307085984303e+01
1.072499999999981810e+02, 6.003768508966401640e+01
1.073499999999981753e+02, 6.009174475806145210e+01
1.074499999999981696e+02, 6.014587272413262298e+01
1.075499999999981640e+02, 6.020006963726884663e+01
1.076499999999981583e+02, 6.025433614817360706e+01
1.077499999999981526e+02, 6.030867290886371279e+01
1.078499999999981469e+02, 6.036308057267056171e+01
1.079499999999981412e+02, 6.041755979424129919e+01
1.080499999999981355e+02, 6.047211122953996920e+01
1.081499999999981299e+02, 6.052673544719817755e+01
1.082499999999981242e+02, 6.058143260105932626e+01
1.083499999999981185e+02, 6.063620278179217848e+01
1.084499999999981128e+02, 6.069104607991324940e+01
1.085499999999981071e+02, 6.074596258578547037e+01
1.086499999999981014e+02, 6.080095238961681758e+01
1.087499999999980957e+02, 6.085601558145906864e+01
1.088499999999980901e+02, 6.091115225120639565e+01
1.089499999999980844e+02, 6.096636248859413598e+01
1.090499999999980787e+02, 6.102164638319737122e+01
1.091499999999980730e+02, 6.107700402442964815e+01
1.092499999999980673e+02, 6.113243550154169270e+01
1.093499999999980616e+02, 6.118794090361996751e+01
1.094499999999980560e+02, 6.124352031958541431e+01
1.095499999999980503e+02, 6.129917383819215360e+01
1.096499999999980446e+02, 6.135490154802607066e+01
1.097499999999980389e+02, 6.141070353750352240e+01
1.098499999999980332e+02, 6.146657989487000862e+01
1.099499999999980275e+02, 6.152253070819880065e+01
1.100499999999980218e+02, 6.157855606538964821e+01
1.101499999999980162e+02, 6.163465605416741511e+01
1.102499999999980105e+02, 6.169083076208071503e+01
1.103499999999980048e+02, 6.174708027650063258e+01
1.104499999999979991e+02, 6.180340468461932346e+01
1.105499999999979934e+02, 6.185980407344868581e+01
1.106499999999979877e+02, 6.191627852981904567e+01
1.107499999999979821e+02, 6.197282814037780696e+01
1.108499999999979764e+02, 6.202945299158803039e+01
1.109499999999979707e+02, 6.208615316972721132e+01
1.110499999999979650e+02, 6.214292876088585871e+01
1.111499999999979593e+02, 6.219977985096614503e+01
1.112499999999979536e+02, 6.225670652568057051e+01
1.113499999999979480e+02, 6.231370887055066277e+01
1.114499999999979423e+02, 6.237078697090555579e+01
1.115499999999979366e+02, 6.242794091188067540e+01
1.116499999999979309e+02, 6.248517077841639633e+01
1.117499999999979252e+02, 6.254247665525669930e+01
1.118499999999979195e+02, 6.259985862694777836e+01
1.119499999999979138e+02, 6.265731677783676190e+01
1.120499999999979082e+02, 6.271485119207029157e+01
1.121499999999979025e+02, 6.277246195359322201e+01
1.122499999999978968e+02, 6.283014914614726365e+01
1.123499999999978911e+02, 6.288791285326960434e+01
1.124499999999978854e+02, 6.294575315829159479e+01
1.125499999999978797e+02, 6.300367014433739143e+01
1.126499999999978741e+02, 6.306166389432259933e+01
1.127499999999978684e+02, 6.311973449095290079e+01
1.128499999999978627e+02, 6.317788201672276927e+01
1.129499999999978570e+02, 6.323610655391405544e+01
1.130499999999978513e+02, 6.329440818459468687e+01
1.131499999999978456e+02, 6.335278699061731089e+01
1.132499999999978400e+02, 6.341124305361790192e+01
1.133499999999978343e+02, 6.346977645501446119e+01
1.134499999999978286e+02, 6.352838727600569513e+01
1.135499999999978229e+02, 6.358707559756960137e+01
1.136499999999978172e+02, 6.364584150046216138e+01
1.137499999999978115e+02, 6.370468506521599750e+01
1.138499999999978058e+02, 6.376360637213902294e+01
1.139499999999978002e+02, 6.382260550131314147e+01
1.140499999999977945e+02, 6.388168253259276952e+01
1.141499999999977888e+02, 6.394083754560369215e+01
1.142499999999977831e+02, 6.400007061974156386e+01
1.143499999999977774e+02, 6.405938183417062248e+01
1.144499999999977717e+02, 6.411877126782239600e+01
1.145499999999977661e+02, 6.417823899939430987e+01
1.146499999999977604e+02, 6.423778510734835834e+01
1.147499999999977547e+02, 6.429740966990976858e+01
