0.000000000000000000e+00, 0.000000000000000000e+00
1.000000000000000021e-03, 5.423765118947810545e-07
2.000000000000000042e-03, 1.084756429400028247e-06
3.000000000000000062e-03, 1.627139755683307787e-06
4.000000000000000083e-03, 2.169526493909262773e-06
5.000000000000000104e-03, 2.711916647239622405e-06
6.000000000000000125e-03, 3.254310218833205054e-06
7.000000000000000146e-03, 3.796707211845929696e-06
8.000000000000000167e-03, 4.339107629430814645e-06
9.000000000000001055e-03, 4.881511474737994913e-06
1.000000000000000194e-02, 5.423918750914717978e-06
1.100000000000000283e-02, 5.966329461105356486e-06
1.200000000000000372e-02, 6.508743608451413338e-06
1.300000000000000461e-02, 7.051161196091530156e-06
1.400000000000000550e-02, 7.593582227161485592e-06
1.500000000000000638e-02, 8.136006704794213960e-06
1.600000000000000727e-02, 8.678434632119800155e-06
1.700000000000000816e-02, 9.220866012265491513e-06
1.800000000000000905e-02, 9.763300848355706279e-06
1.900000000000000994e-02, 1.030573914351203361e-05
2.000000000000001082e-02, 1.084818090085324881e-05
2.100000000000001171e-02, 1.139062612349530828e-05
2.200000000000001260e-02, 1.193307481455136133e-05
2.300000000000001349e-02, 1.247552697713176207e-05
2.400000000000001438e-02, 1.301798261434406601e-05
2.500000000000001527e-02, 1.356044172929303685e-05
2.600000000000001615e-02, 1.410290432508066339e-05
2.700000000000001704e-02, 1.464537040480615111e-05
2.800000000000001793e-02, 1.518783997156593736e-05
2.900000000000001882e-02, 1.573031302845370326e-05
3.000000000000001971e-02, 1.627278957856034995e-05
3.100000000000002059e-02, 1.681526962497405792e-05
3.200000000000002148e-02, 1.735775317078023277e-05
3.300000000000002237e-02, 1.790024021906155266e-05
3.400000000000002326e-02, 1.844273077289795813e-05
3.500000000000002415e-02, 1.898522483536666905e-05
3.600000000000002504e-02, 1.952772240954217108e-05
3.700000000000002592e-02, 2.007022349849623259e-05
3.800000000000002681e-02, 2.061272810529792500e-05
3.900000000000002770e-02, 2.115523623301360584e-05
4.000000000000002859e-02, 2.169774788470693228e-05
4.100000000000002948e-02, 2.224026306343886456e-05
4.200000000000003036e-02, 2.278278177226767952e-05
4.300000000000003125e-02, 2.332530401424897734e-05
4.400000000000003214e-02, 2.386782979243566808e-05
4.500000000000003303e-02, 2.441035910987800545e-05
4.600000000000003392e-02, 2.495289196962356657e-05
4.700000000000003481e-02, 2.549542837471727904e-05
4.800000000000003569e-02, 2.603796832820141414e-05
4.900000000000003658e-02, 2.658051183311558688e-05
5.000000000000003747e-02, 2.712305889249677629e-05
1.500000000000000500e-01, 8.141761711280705955e-05
2.500000000000000555e-01, 1.357543594633947614e-04
3.500000000000000888e-01, 1.901355449439314459e-04
4.500000000000000666e-01, 2.445629806264235226e-04
5.500000000000000444e-01, 2.685409790430131108e-04
6.500000000000000222e-01, 2.687682268143718758e-04
7.500000000000000000e-01, 2.690048497638108460e-04
8.499999999999999778e-01, 2.692502593422637681e-04
9.499999999999999556e-01, 2.695037904267958318e-04
1.050000000000000044e+00, 2.697647516904484667e-04
1.150000000000000133e+00, 2.700325522952675360e-04
1.250000000000000222e+00, 2.703066485958731326e-04
1.350000000000000311e+00, 2.705866313456225516e-04
1.450000000000000400e+00, 2.708722825097257549e-04
1.550000000000000488e+00, 2.711634656824860002e-04
1.650000000000000577e+00, 2.714600493567453682e-04
1.750000000000000666e+00, 2.717619076335838261e-04
1.850000000000000755e+00, 2.720687147192022630e-04
1.950000000000000844e+00, 2.723801325495010697e-04
2.050000000000000711e+00, 2.726958632691890336e-04
2.150000000000000799e+00, 2.730156243633424275e-04
2.250000000000000888e+00, 2.733392150961760523e-04
2.350000000000000977e+00, 2.736665491695646326e-04
2.450000000000001066e+00, 2.739975834342987023e-04
2.550000000000001155e+00, 2.743322745355265433e-04
2.650000000000001243e+00, 2.746705793527552480e-04
2.750000000000001332e+00, 2.750124553097669827e-04
2.850000000000001421e+00, 2.753578605909169966e-04
2.950000000000001510e+00, 2.757067542894989362e-04
3.050000000000001599e+00, 2.760590965064985331e-04
3.150000000000001688e+00, 2.764147252279907795e-04
3.250000000000001776e+00, 2.767734477217469527e-04
3.350000000000001865e+00, 2.771350967704998389e-04
3.450000000000001954e+00, 2.774995109740057905e-04
3.550000000000002043e+00, 2.778665742361334013e-04
3.650000000000002132e+00, 2.782362446537608568e-04
3.750000000000002220e+00, 2.786085117312824162e-04
3.850000000000002309e+00, 2.789833643578706521e-04
3.950000000000002398e+00, 2.793607909654778295e-04
4.050000000000002487e+00, 2.797407796581104266e-04
4.150000000000002132e+00, 2.801233183178223111e-04
4.250000000000001776e+00, 2.805083946917460340e-04
4.350000000000001421e+00, 2.808959964636103287e-04
4.450000000000001066e+00, 2.812861113125118373e-04
4.550000000000000711e+00, 2.816787269611785872e-04
4.650000000000000355e+00, 2.820738312155366486e-04
4.750000000000000000e+00, 2.824714119970614802e-04
4.849999999999999645e+00, 2.828714573691251807e-04
4.949999999999999289e+00, 2.832738986097406647e-04
5.049999999999998934e+00, 2.836786092516033132e-04
5.149999999999998579e+00, 2.840854870956048463e-04
5.249999999999998224e+00, 2.844944324054008637e-04
5.349999999999997868e+00, 2.849053648482900453e-04
5.449999999999997513e+00, 2.853182556597659895e-04
5.549999999999997158e+00, 2.857331048971993082e-04
5.649999999999996803e+00, 2.861499122396356383e-04
5.749999999999996447e+00, 2.865686770384666968e-04
5.849999999999996092e+00, 2.869893983619658910e-04
5.949999999999995737e+00, 2.874120750344990325e-04
6.049999999999995381e+00, 2.878367056710982429e-04
6.149999999999995026e+00, 2.882632887079932503e-04
6.249999999999994671e+00, 2.886918224296056374e-04
6.349999999999994316e+00, 2.891223049924431941e-04
6.449999999999993960e+00, 2.895547344462730309e-04
6.549999999999993605e+00, 2.899891087528989300e-04
6.649999999999993250e+00, 2.904254258028266173e-04
6.749999999999992895e+00, 2.908636834300646398e-04
6.849999999999992539e+00, 2.913038794252742741e-04
6.949999999999992184e+00, 2.917460115474581478e-04
7.049999999999991829e+00, 2.921900775343508534e-04
7.149999999999991473e+00, 2.926360751116570012e-04
7.249999999999991118e+00, 2.930840020012624248e-04
7.349999999999990763e+00, 2.935349914081904861e-04
7.449999999999990408e+00, 2.939881003969229442e-04
7.549999999999990052e+00, 2.944429529463915129e-04
7.649999999999989697e+00, 2.948991873623731173e-04
7.749999999999989342e+00, 2.953560119821701212e-04
7.849999999999988987e+00, 2.958129687713046112e-04
7.949999999999988631e+00, 2.962701224323900260e-04
8.049999999999988276e+00, 2.967275335340747154e-04
8.149999999999987921e+00, 2.971852588819660435e-04
8.249999999999987566e+00, 2.976433518485590191e-04
8.349999999999987210e+00, 2.981018626675466070e-04
8.449999999999986855e+00, 2.985608386970797366e-04
8.549999999999986500e+00, 2.990203246558653357e-04
8.649999999999986144e+00, 2.994803628354337078e-04
8.749999999999985789e+00, 2.999409932914328335e-04
8.849999999999985434e+00, 3.004022540164132788e-04
8.949999999999985079e+00, 3.008641810962319483e-04
9.049999999999984723e+00, 3.013268088519224330e-04
9.149999999999984368e+00, 3.017901699686377655e-04
9.249999999999984013e+00, 3.022542956130669129e-04
9.349999999999983658e+00, 3.027192155405506444e-04
9.449999999999983302e+00, 3.031849581929725200e-04
9.549999999999982947e+00, 3.036515507883700421e-04
9.649999999999982592e+00, 3.041190194031003218e-04
9.749999999999982236e+00, 3.045873890472953994e-04
9.849999999999981881e+00, 3.050566837342617551e-04
9.949999999999981526e+00, 3.055269265444004773e-04
1.004999999999998117e+01, 3.059981396841652017e-04
1.014999999999998082e+01, 3.064703445405155685e-04
1.024999999999998046e+01, 3.069435617312768418e-04
1.034999999999998010e+01, 3.074178111517714986e-04
1.044999999999997975e+01, 3.078931120180533631e-04
1.054999999999997939e+01, 3.083694829070364766e-04
1.064999999999997904e+01, 3.088469417937880204e-04
1.074999999999997868e+01, 3.093255060862212130e-04
1.084999999999997833e+01, 3.098051926574056734e-04
1.094999999999997797e+01, 3.102860178756903522e-04
1.104999999999997762e+01, 3.107679976328154843e-04
1.114999999999997726e+01, 3.112511473701732125e-04
1.124999999999997691e+01, 3.117354821033633031e-04
1.134999999999997655e+01, 3.122210164451749248e-04
1.144999999999997620e+01, 3.127077646271158684e-04
1.154999999999997584e+01, 3.131957405195977349e-04
1.164999999999997549e+01, 3.136849576508784652e-04
1.174999999999997513e+01, 3.141754292248525259e-04
1.184999999999997478e+01, 3.146671681377730470e-04
1.194999999999997442e+01, 3.151601869939819152e-04
1.204999999999997407e+01, 3.156544981207193247e-04
1.214999999999997371e+01, 3.161501135820753454e-04
1.224999999999997335e+01, 3.166470451921448727e-04
1.234999999999997300e+01, 3.171453045274390866e-04
1.244999999999997264e+01, 3.176449029386035623e-04
1.254999999999997229e+01, 3.181458515614907939e-04
1.264999999999997193e+01, 3.186481613276280576e-04
1.274999999999997158e+01, 3.191518429741205145e-04
1.284999999999997122e+01, 3.196569070530275538e-04
1.294999999999997087e+01, 3.201633639402436007e-04
1.304999999999997051e+01, 3.206712238439161878e-04
1.314999999999997016e+01, 3.211804968124308329e-04
1.324999999999996980e+01, 3.216911927419870100e-04
1.334999999999996945e+01, 3.222033213837934571e-04
1.344999999999996909e+01, 3.227168923509032036e-04
1.354999999999996874e+01, 3.232319151247117902e-04
1.364999999999996838e+01, 3.237483990611373296e-04
1.374999999999996803e+01, 3.242663533965019240e-04
1.384999999999996767e+01, 3.247857872531318942e-04
1.394999999999996732e+01, 3.253067096446923801e-04
1.404999999999996696e+01, 3.258291294812718690e-04
1.414999999999996660e+01, 3.263530555742310190e-04
1.424999999999996625e+01, 3.268784966408286243e-04
1.434999999999996589e+01, 3.274054613086369199e-04
1.444999999999996554e+01, 3.279339581197589660e-04
1.454999999999996518e+01, 3.284639955348569464e-04
1.464999999999996483e+01, 3.289955819370034718e-04
1.474999999999996447e+01, 3.295287256353643434e-04
1.484999999999996412e+01, 3.300634348687219929e-04
1.494999999999996376e+01, 3.305997178088477314e-04
1.504999999999996341e+01, 3.311375825637314784e-04
1.514999999999996305e+01, 3.316770371806752079e-04
1.524999999999996270e+01, 3.322180896492579164e-04
1.534999999999996234e+01, 3.327607479041786711e-04
1.544999999999996199e+01, 3.333050198279828374e-04
1.554999999999996163e+01, 3.338509132536791250e-04
1.564999999999996128e+01, 3.343984359672511975e-04
1.574999999999996092e+01, 3.349475957100698587e-04
1.584999999999996056e+01, 3.354984001812105353e-04
1.594999999999996021e+01, 3.360508570396808785e-04
1.604999999999996163e+01, 3.366049739065618465e-04
1.614999999999996305e+01, 3.371607583670680679e-04
1.624999999999996447e+01, 3.377182179725294925e-04
1.634999999999996589e+01, 3.382773602422996413e-04
1.644999999999996732e+01, 3.388381926655921906e-04
1.654999999999996874e+01, 3.394007227032512031e-04
1.664999999999997016e+01, 3.399649577894561445e-04
1.674999999999997158e+01, 3.405309053333662383e-04
1.684999999999997300e+01, 3.410985727207052447e-04
1.694999999999997442e+01, 3.416679673152912150e-04
1.704999999999997584e+01, 3.422390964605123622e-04
1.714999999999997726e+01, 3.428119674807519738e-04
1.724999999999997868e+01, 3.433865876827637761e-04
1.734999999999998010e+01, 3.439629643570020880e-04
1.744999999999998153e+01, 3.445411047789054076e-04
1.754999999999998295e+01, 3.451210162101388539e-04
1.764999999999998437e+01, 3.457027058997950834e-04
1.774999999999998579e+01, 3.462861810855555789e-04
1.784999999999998721e+01, 3.468714489948151840e-04
1.794999999999998863e+01, 3.474585168457705337e-04
1.804999999999999005e+01, 3.480473918484737364e-04
1.814999999999999147e+01, 3.486380812058532041e-04
1.824999999999999289e+01, 3.492305921147030958e-04
1.834999999999999432e+01, 3.498249317666422939e-04
1.844999999999999574e+01, 3.504211073490439451e-04
1.854999999999999716e+01, 3.510191260459381130e-04
1.864999999999999858e+01, 3.516189950388859159e-04
1.875000000000000000e+01, 3.522207215078302462e-04
1.885000000000000142e+01, 3.528243126319194930e-04
1.895000000000000284e+01, 3.534297755903094721e-04
1.905000000000000426e+01, 3.540371175629410702e-04
1.915000000000000568e+01, 3.546463457312975056e-04
1.925000000000000711e+01, 3.552574672791393093e-04
1.935000000000000853e+01, 3.558704893932197353e-04
1.945000000000000995e+01, 3.564854192639806021e-04
1.955000000000001137e+01, 3.571022640862300812e-04
1.965000000000001279e+01, 3.577210310598009707e-04
1.975000000000001421e+01, 3.583417273901934102e-04
1.985000000000001563e+01, 3.589643602892001947e-04
1.995000000000001705e+01, 3.595889369755163128e-04
2.005000000000001847e+01, 3.602154646753324930e-04
2.015000000000001990e+01, 3.608439506229149272e-04
2.025000000000002132e+01, 3.614744020611701395e-04
2.035000000000002274e+01, 3.621068262421961404e-04
2.045000000000002416e+01, 3.627412304278204627e-04
2.055000000000002558e+01, 3.633776218901256191e-04
2.065000000000002700e+01, 3.640160079119620393e-04
2.075000000000002842e+01, 3.646563957874491332e-04
2.085000000000002984e+01, 3.652987928224652424e-04
2.095000000000003126e+01, 3.659432063351266947e-04
2.105000000000003268e+01, 3.665896436562554204e-04
2.115000000000003411e+01, 3.672381121298378412e-04
2.125000000000003553e+01, 3.678886191134723201e-04
2.135000000000003695e+01, 3.685411719788081551e-04
2.145000000000003837e+01, 3.691957781119755192e-04
2.155000000000003979e+01, 3.698524449140054267e-04
2.165000000000004121e+01, 3.705111798012425970e-04
2.175000000000004263e+01, 3.711719902057491029e-04
2.185000000000004405e+01, 3.718348835757006470e-04
2.195000000000004547e+01, 3.724998673757747058e-04
2.205000000000004690e+01, 3.731669490875316807e-04
2.215000000000004832e+01, 3.738361362097891109e-04
2.225000000000004974e+01, 3.745074362589881334e-04
2.235000000000005116e+01, 3.751808567695540347e-04
2.245000000000005258e+01, 3.758564052942506761e-04
2.255000000000005400e+01, 3.765340894045276013e-04
2.265000000000005542e+01, 3.772139166908619937e-04
2.275000000000005684e+01, 3.778958947630948876e-04
2.285000000000005826e+01, 3.785800312507615244e-04
2.295000000000005969e+01, 3.792663338034161797e-04
2.305000000000006111e+01, 3.799548100909522740e-04
2.315000000000006253e+01, 3.806454678039168996e-04
2.325000000000006395e+01, 3.813383146538212279e-04
2.335000000000006537e+01, 3.820333583734450075e-04
2.345000000000006679e+01, 3.827306067171379182e-04
2.355000000000006821e+01, 3.834300674611161000e-04
2.365000000000006963e+01, 3.841317484037533704e-04
2.375000000000007105e+01, 3.848356573658698928e-04
2.385000000000007248e+01, 3.855418021910164000e-04
2.395000000000007390e+01, 3.862501907457542441e-04
2.405000000000007532e+01, 3.869608309199315966e-04
2.415000000000007674e+01, 3.876737306269571011e-04
2.425000000000007816e+01, 3.883888978040690265e-04
2.435000000000007958e+01, 3.891063404126017642e-04
2.445000000000008100e+01, 3.898260664382487465e-04
2.455000000000008242e+01, 3.905480838913223305e-04
2.465000000000008384e+01, 3.912724008070108620e-04
2.475000000000008527e+01, 3.919990252456326501e-04
2.485000000000008669e+01, 3.927279652928874478e-04
2.495000000000008811e+01, 3.934592290601045175e-04
2.505000000000008953e+01, 3.941928246844889072e-04
2.515000000000009095e+01, 3.949287603293649630e-04
2.525000000000009237e+01, 3.956670441844168588e-04
2.535000000000009379e+01, 3.964076844659277172e-04
2.545000000000009521e+01, 3.971506894170158028e-04
2.555000000000009663e+01, 3.978960673078683853e-04
2.565000000000009805e+01, 3.986438264359742998e-04
2.575000000000009948e+01, 3.993939751263535817e-04
2.585000000000010090e+01, 4.001465217317858535e-04
2.595000000000010232e+01, 4.009014746330357305e-04
2.605000000000010374e+01, 4.016588422390782805e-04
2.615000000000010516e+01, 4.024186329873204724e-04
2.625000000000010658e+01, 4.031808553438225701e-04
2.635000000000010800e+01, 4.039455178035171413e-04
2.645000000000010942e+01, 4.047126288904267111e-04
2.655000000000011084e+01, 4.054821971578799521e-04
2.665000000000011227e+01, 4.062542311887258140e-04
2.675000000000011369e+01, 4.070287395955472201e-04
2.685000000000011511e+01, 4.078057310208726494e-04
2.695000000000011653e+01, 4.085852141373865257e-04
2.705000000000011795e+01, 4.093671976481386317e-04
2.715000000000011937e+01, 4.101516902867518959e-04
2.725000000000012079e+01, 4.109387008176293129e-04
2.735000000000012221e+01, 4.117282380361598874e-04
2.745000000000012363e+01, 4.125203107689225730e-04
2.755000000000012506e+01, 4.133149278738906980e-04
2.765000000000012648e+01, 4.141120982406337899e-04
2.775000000000012790e+01, 4.149118307905198333e-04
2.785000000000012932e+01, 4.157141344769152511e-04
2.795000000000013074e+01, 4.165190182853853191e-04
2.805000000000013216e+01, 4.173264912338927376e-04
2.815000000000013358e+01, 4.181365623729960406e-04
2.825000000000013500e+01, 4.189492407860468661e-04
2.835000000000013642e+01, 4.197645355893864141e-04
2.845000000000013785e+01, 4.205824559325416320e-04
2.855000000000013927e+01, 4.214030109984202095e-04
2.865000000000014069e+01, 4.222262100035054089e-04
2.875000000000014211e+01, 4.230520621980497038e-04
2.885000000000014353e+01, 4.238805768662687974e-04
2.895000000000014495e+01, 4.247117633265338511e-04
2.905000000000014637e+01, 4.255456309315634972e-04
2.915000000000014779e+01, 4.263821890686169888e-04
2.925000000000014921e+01, 4.272214471596838818e-04
2.935000000000015064e+01, 4.280634146616761550e-04
2.945000000000015206e+01, 4.289081010666178371e-04
2.955000000000015348e+01, 4.297555159018356637e-04
2.965000000000015490e+01, 4.306056687301482166e-04
2.975000000000015632e+01, 4.314585691500556048e-04
2.985000000000015774e+01, 4.323142263874170540e-04
2.995000000000015916e+01, 4.331724789059332534e-04
3.005000000000016058e+01, 4.340331520375372465e-04
3.015000000000016200e+01, 4.348960853402157882e-04
3.025000000000016342e+01, 4.357611181110180405e-04
3.035000000000016485e+01, 4.366281463034335552e-04
3.045000000000016627e+01, 4.374971484353179269e-04
3.055000000000016769e+01, 4.383681328763826008e-04
3.065000000000016911e+01, 4.392411079793916411e-04
3.075000000000017053e+01, 4.401160820809451213e-04
3.085000000000017195e+01, 4.409930635022431072e-04
3.095000000000017337e+01, 4.418720605498328889e-04
3.105000000000017479e+01, 4.427530815163375653e-04
3.115000000000017621e+01, 4.436361346811687435e-04
3.125000000000017764e+01, 4.445212283112212961e-04
3.135000000000017906e+01, 4.454083706615540776e-04
3.145000000000018048e+01, 4.462975699760534558e-04
3.155000000000018190e+01, 4.471888344880828575e-04
3.165000000000018332e+01, 4.480821724211172434e-04
3.175000000000018474e+01, 4.489775919893641398e-04
3.185000000000018616e+01, 4.498751013983697065e-04
3.195000000000018758e+01, 4.507747088456129348e-04
3.205000000000018900e+01, 4.516764225210858578e-04
3.215000000000019043e+01, 4.525802506078619976e-04
3.225000000000019185e+01, 4.534862012826516939e-04
3.235000000000019327e+01, 4.543942827163466986e-04
3.245000000000019469e+01, 4.553045030745521936e-04
3.255000000000019611e+01, 4.562168705181086177e-04
3.265000000000019753e+01, 4.571313932036022171e-04
3.275000000000019895e+01, 4.580480792838646461e-04
3.285000000000020037e+01, 4.589669369084629718e-04
3.295000000000020179e+01, 4.598879742241794881e-04
3.305000000000020322e+01, 4.608111993754816630e-04
3.315000000000020464e+01, 4.617366205049831416e-04
3.325000000000020606e+01, 4.626642457538947197e-04
3.335000000000020748e+01, 4.635940832624678366e-04
3.345000000000020890e+01, 4.645261411704277145e-04
3.355000000000021032e+01, 4.654604276173994492e-04
3.365000000000021174e+01, 4.663969507433251031e-04
3.375000000000021316e+01, 4.673357186888733167e-04
3.385000000000021458e+01, 4.682767395958408428e-04
3.395000000000021600e+01, 4.692200216075467626e-04
3.405000000000021743e+01, 4.701655728692187325e-04
3.415000000000021885e+01, 4.711134015283734307e-04
3.425000000000022027e+01, 4.720635157351886556e-04
3.435000000000022169e+01, 4.730159236428689183e-04
3.445000000000022311e+01, 4.739706334080053441e-04
3.455000000000022453e+01, 4.749276531909280919e-04
3.465000000000022595e+01, 4.758869911560529198e-04
3.475000000000022737e+01, 4.768486554722216244e-04
3.485000000000022879e+01, 4.778126543130368424e-04
3.495000000000023022e+01, 4.787789958571904555e-04
3.505000000000023164e+01, 4.797476882887866285e-04
3.515000000000023306e+01, 4.807187397976598600e-04
3.525000000000023448e+01, 4.816921585796864733e-04
3.535000000000023590e+01, 4.826679528370924222e-04
3.545000000000023732e+01, 4.836461307787544273e-04
3.555000000000023874e+01, 4.846267006204974274e-04
3.565000000000024016e+01, 4.856096705853866092e-04
3.575000000000024158e+01, 4.865950489040145040e-04
3.585000000000024301e+01, 4.875828438147840728e-04
3.595000000000024443e+01, 4.885730635641868588e-04
3.605000000000024585e+01, 4.895657164070769648e-04
3.615000000000024727e+01, 4.905608106069405316e-04
3.625000000000024869e+01, 4.915583544361614224e-04
3.635000000000025011e+01, 4.925583561762824063e-04
3.645000000000025153e+01, 4.935608241182625486e-04
3.655000000000025295e+01, 4.945657665627314556e-04
3.665000000000025437e+01, 4.955731918202378825e-04
3.675000000000025580e+01, 4.965831082114966063e-04
3.685000000000025722e+01, 4.975955240676311784e-04
3.695000000000025864e+01, 4.986104477304119072e-04
3.705000000000026006e+01, 4.996278875524921056e-04
3.715000000000026148e+01, 5.006478518976404356e-04
3.725000000000026290e+01, 5.016703491409692413e-04
3.735000000000026432e+01, 5.026953876691607134e-04
3.745000000000026574e+01, 5.037229758806891508e-04
3.755000000000026716e+01, 5.047531221860407282e-04
3.765000000000026859e+01, 5.057858350079302281e-04
3.775000000000027001e+01, 5.068211227815143036e-04
3.785000000000027143e+01, 5.078589939546023554e-04
3.795000000000027285e+01, 5.088994569878651326e-04
3.805000000000027427e+01, 5.099425203550391047e-04
3.815000000000027569e+01, 5.109881925431299663e-04
3.825000000000027711e+01, 5.120364820526122386e-04
3.835000000000027853e+01, 5.130873973976269199e-04
3.845000000000027995e+01, 5.141409471061766413e-04
3.855000000000028137e+01, 5.151971397203182219e-04
3.865000000000028280e+01, 5.162559837963530537e-04
3.875000000000028422e+01, 5.173174879050148863e-04
3.885000000000028564e+01, 5.183816606316552248e-04
3.895000000000028706e+01, 5.194485105764278616e-04
3.905000000000028848e+01, 5.205180463544689618e-04
3.915000000000028990e+01, 5.215902765960768244e-04
3.925000000000029132e+01, 5.226652099468891491e-04
3.935000000000029274e+01, 5.237428550680575928e-04
3.945000000000029416e+01, 5.248232206364213505e-04
3.955000000000029559e+01, 5.259063153446780258e-04
3.965000000000029701e+01, 5.269921479015533079e-04
3.975000000000029843e+01, 5.280807270319676141e-04
3.985000000000029985e+01, 5.291720614772022976e-04
3.995000000000030127e+01, 5.302661599950634708e-04
4.005000000000030269e+01, 5.313630313600436594e-04
4.015000000000030411e+01, 5.324626843634822646e-04
4.025000000000030553e+01, 5.335651278137245072e-04
4.035000000000030695e+01, 5.346703705362780947e-04
4.045000000000030838e+01, 5.357784213739688042e-04
4.055000000000030980e+01, 5.368892891870947646e-04
4.065000000000031122e+01, 5.380029828535779195e-04
4.075000000000031264e+01, 5.391195112691157072e-04
4.085000000000031406e+01, 5.402388833473298129e-04
4.095000000000031548e+01, 5.413611080199143798e-04
4.105000000000031690e+01, 5.424861942367824839e-04
4.115000000000031832e+01, 5.436141509662109845e-04
4.125000000000031974e+01, 5.447449871949846135e-04
4.135000000000032117e+01, 5.458787119285382237e-04
4.145000000000032259e+01, 5.470153341910980599e-04
4.155000000000032401e+01, 5.481548630258210788e-04
4.165000000000032543e+01, 5.492973074949341608e-04
4.175000000000032685e+01, 5.504426766798710445e-04
4.185000000000032827e+01, 5.515909796814088282e-04
4.195000000000032969e+01, 5.527422256198024101e-04
4.205000000000033111e+01, 5.538964236349188221e-04
4.215000000000033253e+01, 5.550535828863697183e-04
4.225000000000033396e+01, 5.562137125536424555e-04
4.235000000000033538e+01, 5.573768218362316071e-04
4.245000000000033680e+01, 5.585429199537672237e-04
4.255000000000033822e+01, 5.597120161461436368e-04
4.265000000000033964e+01, 5.608841196736470691e-04
4.275000000000034106e+01, 5.620592398170814021e-04
4.285000000000034248e+01, 5.632373858778936182e-04
4.295000000000034390e+01, 5.644185671782987008e-04
4.305000000000034532e+01, 5.656027930614016073e-04
4.315000000000034674e+01, 5.667900728913217350e-04
4.325000000000034817e+01, 5.679804160533120753e-04
4.335000000000034959e+01, 5.691738319538819455e-04
4.345000000000035101e+01, 5.703703300209148411e-04
4.355000000000035243e+01, 5.715699197037891078e-04
4.365000000000035385e+01, 5.727726104734941681e-04
4.375000000000035527e+01, 5.739784118227488074e-04
4.385000000000035669e+01, 5.751873332661170757e-04
4.395000000000035811e+01, 5.763993843401237546e-04
4.405000000000035953e+01, 5.776145746033690661e-04
4.415000000000036096e+01, 5.788329136366426224e-04
4.425000000000036238e+01, 5.800544110430363998e-04
4.435000000000036380e+01, 5.812790764480574952e-04
4.445000000000036522e+01, 5.825069194997391491e-04
4.455000000000036664e+01, 5.837379498687520927e-04
4.465000000000036806e+01, 5.849721772485147030e-04
4.475000000000036948e+01, 5.862096113553020736e-04
4.485000000000037090e+01, 5.874502619283554104e-04
4.495000000000037232e+01, 5.886941387299894765e-04
4.505000000000037375e+01, 5.899412515457001446e-04
4.515000000000037517e+01, 5.911916101842716251e-04
4.525000000000037659e+01, 5.924452244778816330e-04
4.535000000000037801e+01, 5.937021042822077490e-04
4.545000000000037943e+01, 5.949622594765317189e-04
4.555000000000038085e+01, 5.962256999638431039e-04
4.565000000000038227e+01, 5.974924356709445565e-04
4.575000000000038369e+01, 5.987624765485528681e-04
4.585000000000038511e+01, 6.000358325714025103e-04
4.595000000000038654e+01, 6.013125137383466823e-04
4.605000000000038796e+01, 6.025925300724591181e-04
4.615000000000038938e+01, 6.038758916211345914e-04
4.625000000000039080e+01, 6.051626084561882290e-04
4.635000000000039222e+01, 6.064526906739563412e-04
4.645000000000039364e+01, 6.077461483953945426e-04
4.655000000000039506e+01, 6.090429917661759800e-04
4.665000000000039648e+01, 6.103432309567897790e-04
4.675000000000039790e+01, 6.116468761626380791e-04
4.685000000000039933e+01, 6.129539376041332876e-04
4.695000000000040075e+01, 6.142644255267938136e-04
4.705000000000040217e+01, 6.155783502013406714e-04
4.715000000000040359e+01, 6.168957219237922391e-04
4.725000000000040501e+01, 6.182165510155590181e-04
4.735000000000040643e+01, 6.195408478235388261e-04
4.745000000000040785e+01, 6.208686227202098217e-04
4.755000000000040927e+01, 6.221998861037241792e-04
4.765000000000041069e+01, 6.235346483980014386e-04
4.775000000000041211e+01, 6.248729200528207713e-04
4.785000000000041354e+01, 6.262147115439128118e-04
4.795000000000041496e+01, 6.275600333730513812e-04
4.805000000000041638e+01, 6.289088960681446690e-04
4.815000000000041780e+01, 6.302613101833263055e-04
4.825000000000041922e+01, 6.316172862990448089e-04
4.835000000000042064e+01, 6.329768350221547666e-04
4.845000000000042206e+01, 6.343399669860042217e-04
4.855000000000042348e+01, 6.357066928505260717e-04
4.865000000000042490e+01, 6.370770233023246958e-04
4.875000000000042633e+01, 6.384509690547652931e-04
4.885000000000042775e+01, 6.398285408480612699e-04
4.895000000000042917e+01, 6.412097494493614091e-04
4.905000000000043059e+01, 6.425946056528371482e-04
4.915000000000043201e+01, 6.439831202797692078e-04
4.925000000000043343e+01, 6.453753041786334599e-04
4.935000000000043485e+01, 6.467711682251869052e-04
4.945000000000043627e+01, 6.481707233225529998e-04
4.955000000000043769e+01, 6.495739804013067652e-04
4.965000000000043912e+01, 6.509809504195594645e-04
4.975000000000044054e+01, 6.523916443630425194e-04
4.985000000000044196e+01, 6.538060732451918614e-04
4.995000000000044338e+01, 6.552242481072310899e-04
5.005000000000044480e+01, 6.566461800182550644e-04
5.015000000000044622e+01, 6.580718800753121954e-04
5.025000000000044764e+01, 6.595013594034871687e-04
5.035000000000044906e+01, 6.609346291559826947e-04
5.045000000000045048e+01, 6.623717005142015822e-04
5.055000000000045191e+01, 6.638125846878281623e-04
5.065000000000045333e+01, 6.652572929149088441e-04
5.075000000000045475e+01, 6.667058364619327798e-04
5.085000000000045617e+01, 6.681582266239126378e-04
5.095000000000045759e+01, 6.696144747244642910e-04
5.105000000000045901e+01, 6.710745921158861810e-04
5.115000000000046043e+01, 6.725385901792387900e-04
5.125000000000046185e+01, 6.740064803244238956e-04
5.135000000000046327e+01, 6.754782739902625253e-04
5.145000000000046469e+01, 6.769539826445731276e-04
5.155000000000046612e+01, 6.784336177842506099e-04
5.165000000000046754e+01, 6.799171909353424496e-04
5.175000000000046896e+01, 6.814047136531264318e-04
5.185000000000047038e+01, 6.828961975221884946e-04
5.195000000000047180e+01, 6.843916541564976476e-04
5.205000000000047322e+01, 6.858910951994831671e-04
5.215000000000047464e+01, 6.873945323241105985e-04
5.225000000000047606e+01, 6.889019772329567836e-04
5.235000000000047748e+01, 6.904134416582855373e-04
5.245000000000047891e+01, 6.919289373621222410e-04
5.255000000000048033e+01, 6.934484761363286526e-04
5.265000000000048175e+01, 6.949720698026771743e-04
5.275000000000048317e+01, 6.964997302129241445e-04
5.285000000000048459e+01, 6.980314692488844312e-04
5.295000000000048601e+01, 6.995672988225039649e-04
5.305000000000048743e+01, 7.011072308759329222e-04
5.315000000000048885e+01, 7.026512773815988015e-04
5.325000000000049027e+01, 7.041994503422776544e-04
5.335000000000049170e+01, 7.057517617911670529e-04
5.345000000000049312e+01, 7.073082237919572132e-04
5.355000000000049454e+01, 7.088688484389025525e-04
5.365000000000049596e+01, 7.104336478568923797e-04
5.375000000000049738e+01, 7.120026342015220184e-04
5.385000000000049880e+01, 7.135758196591630636e-04
5.395000000000050022e+01, 7.151532164470328790e-04
5.405000000000050164e+01, 7.167348368132647448e-04
5.415000000000050306e+01, 7.183206930369773549e-04
5.425000000000050449e+01, 7.199107974283434474e-04
5.435000000000050591e+01, 7.215051623286588677e-04
5.445000000000050733e+01, 7.231038001104107653e-04
5.455000000000050875e+01, 7.247067231773455728e-04
5.465000000000051017e+01, 7.263139439645375280e-04
5.475000000000051159e+01, 7.279254749384544846e-04
5.485000000000051301e+01, 7.295413285970268674e-04
5.495000000000051443e+01, 7.311615174697129417e-04
5.505000000000051585e+01, 7.327860541175659249e-04
5.515000000000051728e+01, 7.344149511332999066e-04
5.525000000000051870e+01, 7.360482211413558757e-04
5.535000000000052012e+01, 7.376858767979667733e-04
5.545000000000052154e+01, 7.393279307912225444e-04
5.555000000000052296e+01, 7.409743958411354071e-04
5.565000000000052438e+01, 7.426252846997039286e-04
5.575000000000052580e+01, 7.442806101509766683e-04
5.585000000000052722e+01, 7.459403850111170128e-04
5.595000000000052864e+01, 7.476046221284653008e-04
5.605000000000053006e+01, 7.492733343836028995e-04
5.615000000000053149e+01, 7.509465346894144376e-04
5.625000000000053291e+01, 7.526242359911502556e-04
5.635000000000053433e+01, 7.543064512664885302e-04
5.645000000000053575e+01, 7.559931935255969661e-04
5.655000000000053717e+01, 7.576844758111937273e-04
5.665000000000053859e+01, 7.593803111986092372e-04
5.675000000000054001e+01, 7.610807127958459182e-04
5.685000000000054143e+01, 7.627856937436395569e-04
5.695000000000054285e+01, 7.644952672155176350e-04
5.705000000000054428e+01, 7.662094464178606946e-04
5.715000000000054570e+01, 7.679282445899602346e-04
5.725000000000054712e+01, 7.696516750040786675e-04
5.735000000000054854e+01, 7.713797509655063479e-04
5.745000000000054996e+01, 7.731124858126212042e-04
5.755000000000055138e+01, 7.748498929169458753e-04
5.765000000000055280e+01, 7.765919856832048489e-04
5.775000000000055422e+01, 7.783387775493819235e-04
5.785000000000055564e+01, 7.800902819867768043e-04
5.795000000000055707e+01, 7.818465125000614814e-04
5.805000000000055849e+01, 7.836074826273357408e-04
5.815000000000055991e+01, 7.853732059401831098e-04
5.825000000000056133e+01, 7.871436960437260422e-04
5.835000000000056275e+01, 7.889189665766805628e-04
5.845000000000056417e+01, 7.906990312114103685e-04
5.855000000000056559e+01, 7.924839036539816891e-04
5.865000000000056701e+01, 7.942735976442163049e-04
5.875000000000056843e+01, 7.960681269557443474e-04
5.885000000000056986e+01, 7.978675053960586176e-04
5.895000000000057128e+01, 7.996717468065655436e-04
5.905000000000057270e+01, 8.014808650626378730e-04
5.915000000000057412e+01, 8.032948740736667141e-04
5.925000000000057554e+01, 8.051137877831120605e-04
5.935000000000057696e+01, 8.069376201685539646e-04
5.945000000000057838e+01, 8.087663837737962044e-04
5.955000000000057980e+01, 8.106000463633323064e-04
5.965000000000058122e+01, 8.124385837549397485e-04
5.975000000000058265e+01, 8.142819723648224818e-04
5.985000000000058407e+01, 8.161301884530584774e-04
5.995000000000058549e+01, 8.179832249050906362e-04
6.005000000000058691e+01, 8.198410917739262132e-04
6.015000000000058833e+01, 8.217038023660615210e-04
6.025000000000058975e+01, 8.235713700171635489e-04
6.035000000000059117e+01, 8.254438080921083429e-04
6.045000000000059259e+01, 8.273211299850190617e-04
6.055000000000059401e+01, 8.292033491193042489e-04
6.065000000000059543e+01, 8.310904789476955632e-04
6.075000000000059686e+01, 8.329825329522842076e-04
6.085000000000059828e+01, 8.348795246445570332e-04
6.095000000000059970e+01, 8.367814675654331857e-04
6.105000000000060112e+01, 8.386883752852987992e-04
6.115000000000060254e+01, 8.406002614040424502e-04
6.125000000000060396e+01, 8.425171395510887675e-04
6.135000000000060538e+01, 8.444390233854334521e-04
6.145000000000060680e+01, 8.463659265956755863e-04
6.155000000000060822e+01, 8.482978629000513526e-04
6.165000000000060965e+01, 8.502348460464652586e-04
6.175000000000061107e+01, 8.521768898125238554e-04
6.185000000000061249e+01, 8.541240080055646864e-04
6.195000000000061391e+01, 8.560762144626890297e-04
6.205000000000061533e+01, 8.580335230507913887e-04
6.215000000000061675e+01, 8.599959476665895242e-04
6.225000000000061817e+01, 8.619635022366534029e-04
6.235000000000061959e+01, 8.639362007174343624e-04
6.245000000000062101e+01, 8.659140570952931918e-04
6.255000000000062244e+01, 8.678970853865276705e-04
6.265000000000062386e+01, 8.698852996373995653e-04
6.275000000000062528e+01, 8.718787139241621683e-04
6.285000000000062670e+01, 8.738773423530853427e-04
6.295000000000062812e+01, 8.758811990604817603e-04
6.305000000000062954e+01, 8.778902982127317293e-04
6.315000000000063096e+01, 8.799046540063075895e-04
6.325000000000063238e+01, 8.819242806677978896e-04
6.335000000000063380e+01, 8.839491924539304808e-04
6.345000000000063523e+01, 8.859794036515964777e-04
6.355000000000063665e+01, 8.880149285778708582e-04
6.365000000000063807e+01, 8.900557815800353399e-04
6.375000000000063949e+01, 8.921019770355997393e-04
6.385000000000064091e+01, 8.941535293523219206e-04
6.395000000000064233e+01, 8.962104529682288299e-04
6.405000000000063665e+01, 8.982727623516347090e-04
6.415000000000063096e+01, 9.003404720011619128e-04
6.425000000000062528e+01, 9.024135964457574970e-04
6.435000000000061959e+01, 9.044921502447127344e-04
6.445000000000061391e+01, 9.065761479876789436e-04
6.455000000000060822e+01, 9.086656042946854870e-04
6.465000000000060254e+01, 9.107605338161552750e-04
6.475000000000059686e+01, 9.128609512329202702e-04
6.485000000000059117e+01, 9.149668712562367742e-04
6.495000000000058549e+01, 9.170783086277997393e-04
6.505000000000057980e+01, 9.191952781197567550e-04
6.515000000000057412e+01, 9.213177945347207328e-04
6.525000000000056843e+01, 9.234458727057835671e-04
6.535000000000056275e+01, 9.255795274965271944e-04
6.545000000000055707e+01, 9.277187738010358444e-04
6.555000000000055138e+01, 9.298636265439066658e-04
6.565000000000054570e+01, 9.320141006802597000e-04
6.575000000000054001e+01, 9.341702111957477482e-04
6.585000000000053433e+01, 9.363319731065656952e-04
6.595000000000052864e+01, 9.384994014594586409e-04
6.605000000000052296e+01, 9.406725113317298149e-04
6.615000000000051728e+01, 9.428513178312483830e-04
6.625000000000051159e+01, 9.450358360964544345e-04
6.635000000000050591e+01, 9.472260812963672217e-04
6.645000000000050022e+01, 9.494220686305888468e-04
6.655000000000049454e+01, 9.516238133293096826e-04
6.665000000000048885e+01, 9.538313306533122756e-04
6.675000000000048317e+01, 9.560446358939748155e-04
6.685000000000047748e+01, 9.582637443732743877e-04
6.695000000000047180e+01, 9.604886714437889253e-04
6.705000000000046612e+01, 9.627194324886981843e-04
6.715000000000046043e+01, 9.649560429217856955e-04
6.725000000000045475e+01, 9.671985181874384390e-04
6.735000000000044906e+01, 9.694468737606466279e-04
6.745000000000044338e+01, 9.717011251470020813e-04
6.755000000000043769e+01, 9.739612878826980078e-04
6.765000000000043201e+01, 9.762273775345247772e-04
6.775000000000042633e+01, 9.784994096998680772e-04
6.785000000000042064e+01, 9.807774000067056609e-04
6.795000000000041496e+01, 9.830613641136011667e-04
6.805000000000040927e+01, 9.853513177097011910e-04
6.815000000000040359e+01, 9.876472765147283495e-04
6.825000000000039790e+01, 9.899492562789749886e-04
6.835000000000039222e+01, 9.922572727832962465e-04
6.845000000000038654e+01, 9.945713418391026808e-04
6.855000000000038085e+01, 9.968914792883507275e-04
6.865000000000037517e+01, 9.992177010035355449e-04
6.875000000000036948e+01, 1.001550022887679088e-03
6.885000000000036380e+01, 1.003888460874320133e-03
6.895000000000035811e+01, 1.006233030927504088e-03
6.905000000000035243e+01, 1.008583749041769544e-03
6.915000000000034674e+01, 1.010940631242137223e-03
6.925000000000034106e+01, 1.013303693584095009e-03
6.935000000000033538e+01, 1.015672952153584508e-03
6.945000000000032969e+01, 1.018048423066986521e-03
6.955000000000032401e+01, 1.020430122471105427e-03
6.965000000000031832e+01, 1.022818066543152056e-03
6.975000000000031264e+01, 1.025212271490728291e-03
6.985000000000030695e+01, 1.027612753551807555e-03
6.995000000000030127e+01, 1.030019528994718112e-03
7.005000000000029559e+01, 1.032432614118121818e-03
7.015000000000028990e+01, 1.034852025250996123e-03
7.025000000000028422e+01, 1.037277778752611736e-03
7.035000000000027853e+01, 1.039709891012513326e-03
7.045000000000027285e+01, 1.042148378450494153e-03
7.055000000000026716e+01, 1.044593257516576116e-03
7.065000000000026148e+01, 1.047044544690983736e-03
7.075000000000025580e+01, 1.049502256484121385e-03
7.085000000000025011e+01, 1.051966409436547048e-03
7.095000000000024443e+01, 1.054437020118946088e-03
7.105000000000023874e+01, 1.056914105132105439e-03
7.115000000000023306e+01, 1.059397681106884767e-03
7.125000000000022737e+01, 1.061887764704188284e-03
7.135000000000022169e+01, 1.064384372614936985e-03
7.145000000000021600e+01, 1.066887521560036566e-03
7.155000000000021032e+01, 1.069397228290347923e-03
7.165000000000020464e+01, 1.071913509586655718e-03
7.175000000000019895e+01, 1.074436382259634981e-03
7.185000000000019327e+01, 1.076965863149818587e-03
7.195000000000018758e+01, 1.079501969127563210e-03
7.205000000000018190e+01, 1.082044717093014847e-03
7.215000000000017621e+01, 1.084594123976071736e-03
7.225000000000017053e+01, 1.087150206736350096e-03
7.235000000000016485e+01, 1.089712982363144882e-03
7.245000000000015916e+01, 1.092282467875392701e-03
7.255000000000015348e+01, 1.094858680321632565e-03
7.265000000000014779e+01, 1.097441636779966428e-03
7.275000000000014211e+01, 1.100031354358017334e-03
7.285000000000013642e+01, 1.102627850192890169e-03
7.295000000000013074e+01, 1.105231141451127209e-03
7.305000000000012506e+01, 1.107841245328665836e-03
7.315000000000011937e+01, 1.110458179050794955e-03
7.325000000000011369e+01, 1.113081959872109020e-03
7.335000000000010800e+01, 1.115712605076463583e-03
7.345000000000010232e+01, 1.118350131976926726e-03
7.355000000000009663e+01, 1.120994557915734385e-03
7.365000000000009095e+01, 1.123645900264238964e-03
7.375000000000008527e+01, 1.126304176422862277e-03
7.385000000000007958e+01, 1.128969403821044378e-03
7.395000000000007390e+01, 1.131641599917193033e-03
7.405000000000006821e+01, 1.134320782198631463e-03
7.415000000000006253e+01, 1.137006968181545436e-03
7.425000000000005684e+01, 1.139700175410930574e-03
7.435000000000005116e+01, 1.142400421460536622e-03
7.445000000000004547e+01, 1.145107723932811943e-03
7.455000000000003979e+01, 1.147822100458848436e-03
7.465000000000003411e+01, 1.150543568698322340e-03
7.475000000000002842e+01, 1.153272146339437421e-03
7.485000000000002274e+01, 1.156007851098865558e-03
7.495000000000001705e+01, 1.158750700721685812e-03
7.505000000000001137e+01, 1.161500712981325010e-03
7.515000000000000568e+01, 1.164257905679493563e-03
7.525000000000000000e+01, 1.167022296646125614e-03
7.534999999999999432e+01, 1.169793903739311603e-03
7.544999999999998863e+01, 1.172572744845237335e-03
7.554999999999998295e+01, 1.175358837878114158e-03
7.564999999999997726e+01, 1.178152200780116943e-03
7.574999999999997158e+01, 1.180952851521312316e-03
7.584999999999996589e+01, 1.183760808099592948e-03
7.594999999999996021e+01, 1.186576088540606221e-03
7.604999999999995453e+01, 1.189398710897684834e-03
7.614999999999994884e+01, 1.192228693251775034e-03
7.624999999999994316e+01, 1.195066053711364186e-03
7.634999999999993747e+01, 1.197910810412407268e-03
7.644999999999993179e+01, 1.200762981518252275e-03
7.654999999999992610e+01, 1.203622585219566062e-03
7.664999999999992042e+01, 1.206489639734256280e-03
7.674999999999991473e+01, 1.209364163307394833e-03
7.684999999999990905e+01, 1.212246174211140679e-03
7.694999999999990337e+01, 1.215135690744658520e-03
7.704999999999989768e+01, 1.218032731234039868e-03
7.714999999999989200e+01, 1.220937314032220647e-03
7.724999999999988631e+01, 1.223849457518900096e-03
7.734999999999988063e+01, 1.226769180100456200e-03
7.744999999999987494e+01, 1.229696500209862854e-03
7.754999999999986926e+01, 1.232631436306602917e-03
7.764999999999986358e+01, 1.235574006876582337e-03
7.774999999999985789e+01, 1.238524230432043634e-03
7.784999999999985221e+01, 1.241482125511475911e-03
7.794999999999984652e+01, 1.244447710679526167e-03
7.804999999999984084e+01, 1.247421004526909089e-03
7.814999999999983515e+01, 1.250402025670314899e-03
7.824999999999982947e+01, 1.253390792752317193e-03
7.834999999999982379e+01, 1.256387324441279050e-03
7.844999999999981810e+01, 1.259391639431258056e-03
7.854999999999981242e+01, 1.262403756441911546e-03
7.864999999999980673e+01, 1.265423694218398157e-03
7.874999999999980105e+01, 1.268451471531281986e-03
7.884999999999979536e+01, 1.271487107176431756e-03
7.894999999999978968e+01, 1.274530619974922592e-03
7.904999999999978400e+01, 1.277582028772932367e-03
7.914999999999977831e+01, 1.280641352441643259e-03
7.924999999999977263e+01, 1.283708609877135280e-03
7.934999999999976694e+01, 1.286783820000283280e-03
7.944999999999976126e+01, 1.289867001756651995e-03
7.954999999999975557e+01, 1.292958174116388493e-03
7.964999999999974989e+01, 1.296057356074115704e-03
7.974999999999974420e+01, 1.299164566648822921e-03
7.984999999999973852e+01, 1.302279824883756723e-03
7.994999999999973284e+01, 1.305403149846309091e-03
8.004999999999972715e+01, 1.308534560627907031e-03
8.014999999999972147e+01, 1.311674076343898520e-03
8.024999999999971578e+01, 1.314821716133438446e-03
8.034999999999971010e+01, 1.317977499159373464e-03
8.044999999999970441e+01, 1.321141444608124908e-03
8.054999999999969873e+01, 1.324313571689572991e-03
8.064999999999969305e+01, 1.327493899636936247e-03
8.074999999999968736e+01, 1.330682447706653350e-03
8.084999999999968168e+01, 1.333879235178261468e-03
8.094999999999967599e+01, 1.337084281354274182e-03
8.104999999999967031e+01, 1.340297605560057887e-03
8.114999999999966462e+01, 1.343519227143710141e-03
8.124999999999965894e+01, 1.346749165475930651e-03
8.134999999999965326e+01, 1.349987439949896150e-03
8.144999999999964757e+01, 1.353234069981134420e-03
8.154999999999964189e+01, 1.356489075007392877e-03
8.164999999999963620e+01, 1.359752474488509777e-03
8.174999999999963052e+01, 1.363024287906283672e-03
8.184999999999962483e+01, 1.366304534764339624e-03
8.194999999999961915e+01, 1.369593234587997361e-03
8.204999999999961346e+01, 1.372890406924135104e-03
8.214999999999960778e+01, 1.376196071341055779e-03
8.224999999999960210e+01, 1.379510247428347150e-03
8.234999999999959641e+01, 1.382832954796746946e-03
8.244999999999959073e+01, 1.386164213078002350e-03
8.254999999999958504e+01, 1.389504041924727535e-03
8.264999999999957936e+01, 1.392852461010264881e-03
8.274999999999957367e+01, 1.396209490028542085e-03
8.284999999999956799e+01, 1.399575148693925786e-03
8.294999999999956231e+01, 1.402949456741078241e-03
8.304999999999955662e+01, 1.406332433924811168e-03
8.314999999999955094e+01, 1.409724100019936997e-03
8.324999999999954525e+01, 1.413124474821120984e-03
8.334999999999953957e+01, 1.416533578142731807e-03
8.344999999999953388e+01, 1.419951429818689130e-03
8.354999999999952820e+01, 1.423378049702311810e-03
8.364999999999952252e+01, 1.426813457666164598e-03
8.374999999999951683e+01, 1.430257673601903739e-03
8.384999999999951115e+01, 1.433710717420121289e-03
8.394999999999950546e+01, 1.437172609050186602e-03
8.404999999999949978e+01, 1.440643368440088683e-03
8.414999999999949409e+01, 1.444123015556277902e-03
8.424999999999948841e+01, 1.447611570383504007e-03
8.434999999999948272e+01, 1.451109052924653932e-03
8.444999999999947704e+01, 1.454615483200589598e-03
8.454999999999947136e+01, 1.458130881249983550e-03
8.464999999999946567e+01, 1.461655267129151987e-03
8.474999999999945999e+01, 1.465188660911889533e-03
8.484999999999945430e+01, 1.468731082689301182e-03
8.494999999999944862e+01, 1.472282552569630998e-03
8.504999999999944293e+01, 1.475843090678094927e-03
8.514999999999943725e+01, 1.479412717156706461e-03
8.524999999999943157e+01, 1.482991452164104679e-03
8.534999999999942588e+01, 1.486579315875380348e-03
8.544999999999942020e+01, 1.490176328481900058e-03
8.554999999999941451e+01, 1.493782510191129934e-03
8.564999999999940883e+01, 1.497397881226457611e-03
8.574999999999940314e+01, 1.501022513038573506e-03
8.584999999999939746e+01, 1.504656519084430436e-03
8.594999999999939178e+01, 1.508299997882517340e-03
8.604999999999938609e+01, 1.511953048436905219e-03
8.614999999999938041e+01, 1.515615754483608506e-03
8.624999999999937472e+01, 1.519288160144995070e-03
8.634999999999936904e+01, 1.522970288081661183e-03
8.644999999999936335e+01, 1.526662160977088241e-03
8.654999999999935767e+01, 1.530363801537448472e-03
8.664999999999935199e+01, 1.534075232491407832e-03
8.674999999999934630e+01, 1.537796476589932361e-03
8.684999999999934062e+01, 1.541527556606085876e-03
8.694999999999933493e+01, 1.545268495334831777e-03
8.704999999999932925e+01, 1.549019315592830301e-03
8.714999999999932356e+01, 1.552780040218235342e-03
8.724999999999931788e+01, 1.556550692070489753e-03
8.734999999999931219e+01, 1.560331294030118266e-03
8.744999999999930651e+01, 1.564121868998519758e-03
8.754999999999930083e+01, 1.567922439897757999e-03
8.764999999999929514e+01, 1.571733029670349798e-03
8.774999999999928946e+01, 1.575553661279052503e-03
8.784999999999928377e+01, 1.579384357706650624e-03
8.794999999999927809e+01, 1.583225141955737917e-03
8.804999999999927240e+01, 1.587076037048501618e-03
8.814999999999926672e+01, 1.590937066026502358e-03
8.824999999999926104e+01, 1.594808251950455367e-03
8.834999999999925535e+01, 1.598689617900006261e-03
8.844999999999924967e+01, 1.602581186973507481e-03
8.854999999999924398e+01, 1.606482982287794296e-03
8.864999999999923830e+01, 1.610395026977956253e-03
8.874999999999923261e+01, 1.614317344197110362e-03
8.884999999999922693e+01, 1.618249957116169729e-03
8.894999999999922125e+01, 1.622192888923611968e-03
8.904999999999921556e+01, 1.626146162825247181e-03
8.914999999999920988e+01, 1.630109802043981605e-03
8.924999999999920419e+01, 1.634083829819581689e-03
8.934999999999919851e+01, 1.638068269408435567e-03
8.944999999999919282e+01, 1.642063144083315837e-03
8.954999999999918714e+01, 1.646068477133133881e-03
8.964999999999918145e+01, 1.650084291862701554e-03
8.974999999999917577e+01, 1.654110611592483990e-03
8.984999999999917009e+01, 1.658147459658354788e-03
8.994999999999916440e+01, 1.662194859411347076e-03
9.004999999999915872e+01, 1.666252834217406970e-03
9.014999999999915303e+01, 1.670321407457139428e-03
9.024999999999914735e+01, 1.674400602525558243e-03
9.034999999999914166e+01, 1.678490442831831030e-03
9.044999999999913598e+01, 1.682590951799023578e-03
9.054999999999913030e+01, 1.686702152863844405e-03
9.064999999999912461e+01, 1.690824069476381955e-03
9.074999999999911893e+01, 1.694956725099848720e-03
9.084999999999911324e+01, 1.699100143210316482e-03
9.094999999999910756e+01, 1.703254347296453064e-03
9.104999999999910187e+01, 1.707419360859257574e-03
9.114999999999909619e+01, 1.711595207411793903e-03
9.124999999999909051e+01, 1.715781910478921196e-03
9.134999999999908482e+01, 1.719979493597025618e-03
9.144999999999907914e+01, 1.724187980313746484e-03
9.154999999999907345e+01, 1.728407394187704126e-03
9.164999999999906777e+01, 1.732637758788226241e-03
9.174999999999906208e+01, 1.736879097695068815e-03
9.184999999999905640e+01, 1.741131434498140954e-03
9.194999999999905071e+01, 1.745394792797223425e-03
9.204999999999904503e+01, 1.749669196201688714e-03
9.214999999999903935e+01, 1.753954668330216316e-03
9.224999999999903366e+01, 1.758251232810510408e-03
9.234999999999902798e+01, 1.762558913279012752e-03
9.244999999999902229e+01, 1.766877733380615382e-03
9.254999999999901661e+01, 1.771207716768371338e-03
9.264999999999901092e+01, 1.775548887103204536e-03
9.274999999999900524e+01, 1.779901268053615945e-03
9.284999999999899956e+01, 1.784264883295391940e-03
9.294999999999899387e+01, 1.788639756511305710e-03
9.304999999999898819e+01, 1.793025911390823662e-03
9.314999999999898250e+01, 1.797423371629804003e-03
9.324999999999897682e+01, 1.801832160930197727e-03
9.334999999999897113e+01, 1.806252302999746765e-03
9.344999999999896545e+01, 1.810683821551680199e-03
9.354999999999895977e+01, 1.815126740304409594e-03
9.364999999999895408e+01, 1.819581082981222390e-03
9.374999999999894840e+01, 1.824046873309973556e-03
9.384999999999894271e+01, 1.828524135022777022e-03
9.394999999999893703e+01, 1.833012891855691912e-03
9.404999999999893134e+01, 1.837513167548412898e-03
9.414999999999892566e+01, 1.842024985843953178e-03
9.424999999999891998e+01, 1.846548370488330926e-03
9.434999999999891429e+01, 1.851083345230250098e-03
9.444999999999890861e+01, 1.855629933820782335e-03
9.454999999999890292e+01, 1.860188160013045381e-03
9.464999999999889724e+01, 1.864758047561882598e-03
9.474999999999889155e+01, 1.869339620223537919e-03
9.484999999999888587e+01, 1.873932901755332326e-03
9.494999999999888018e+01, 1.878537915915334897e-03
9.504999999999887450e+01, 1.883154686462036684e-03
9.514999999999886882e+01, 1.887783237154019595e-03
9.524999999999886313e+01, 1.892423591749626361e-03
9.534999999999885745e+01, 1.897075774006626823e-03
9.544999999999885176e+01, 1.901739807681884211e-03
9.554999999999884608e+01, 1.906415716531018826e-03
9.564999999999884039e+01, 1.911103524308071285e-03
9.574999999999883471e+01, 1.915803254765164254e-03
9.584999999999882903e+01, 1.920514931652160919e-03
9.594999999999882334e+01, 1.925238578716323250e-03
9.604999999999881766e+01, 1.929974219701970908e-03
9.614999999999881197e+01, 1.934721878350134303e-03
9.624999999999880629e+01, 1.939481578398208513e-03
9.634999999999880060e+01, 1.944253343579607426e-03
9.644999999999879492e+01, 1.949037197623412678e-03
9.654999999999878924e+01, 1.953833164254024316e-03
9.664999999999878355e+01, 1.958641267190808222e-03
9.674999999999877787e+01, 1.963461530147743092e-03
9.684999999999877218e+01, 1.968293976833065256e-03
9.694999999999876650e+01, 1.973138630948912189e-03
9.704999999999876081e+01, 1.977995516190965159e-03
9.714999999999875513e+01, 1.982864656248089271e-03
9.724999999999874944e+01, 1.987746074801973514e-03
9.734999999999874376e+01, 1.992639795526769935e-03
9.744999999999873808e+01, 1.997545842088727184e-03
9.754999999999873239e+01, 2.002464238145828385e-03
9.764999999999872671e+01, 2.007395007347424678e-03
9.774999999999872102e+01, 2.012338173333865290e-03
9.784999999999871534e+01, 2.017293759736131942e-03
9.794999999999870965e+01, 2.022261790175465881e-03
9.804999999999870397e+01, 2.027242288262997520e-03
9.814999999999869829e+01, 2.032235277599372600e-03
9.824999999999869260e+01, 2.037240781774379665e-03
9.834999999999868692e+01, 2.042258824366571020e-03
9.844999999999868123e+01, 2.047289428942888467e-03
9.854999999999867555e+01, 2.052332619058283830e-03
9.864999999999866986e+01, 2.057388418255339056e-03
9.874999999999866418e+01, 2.062456850063885440e-03
9.884999999999865850e+01, 2.067537938000621987e-03
9.894999999999865281e+01, 2.072631705568730737e-03
9.904999999999864713e+01, 2.077738176257492523e-03
9.914999999999864144e+01, 2.082857373541899693e-03
9.924999999999863576e+01, 2.087989320882270138e-03
9.934999999999863007e+01, 2.093134041723857842e-03
9.944999999999862439e+01, 2.098291559496462573e-03
9.954999999999861870e+01, 2.103461897614038265e-03
9.964999999999861302e+01, 2.108645079474302710e-03
9.974999999999860734e+01, 2.113841128458342038e-03
9.984999999999860165e+01, 2.119050067930216066e-03
9.994999999999859597e+01, 2.124271921236561920e-03
1.000499999999985903e+02, 2.129506711706197642e-03
1.001499999999985846e+02, 2.134754462649722344e-03
1.002499999999985789e+02, 2.140015197359118951e-03
1.003499999999985732e+02, 2.145288939107349146e-03
1.004499999999985675e+02, 2.150575711147956551e-03
1.005499999999985619e+02, 2.155875536714659500e-03
1.006499999999985562e+02, 2.161188439020947285e-03
1.007499999999985505e+02, 2.166514441259677695e-03
1.008499999999985448e+02, 2.171853566602667627e-03
1.009499999999985391e+02, 2.177205838200285421e-03
1.010499999999985334e+02, 2.182571279181042337e-03
1.011499999999985278e+02, 2.187949912651184457e-03
1.012499999999985221e+02, 2.193341761694279392e-03
1.013499999999985164e+02, 2.198746849370806448e-03
1.014499999999985107e+02, 2.204165198717740731e-03
1.015499999999985050e+02, 2.209596832748141580e-03
1.016499999999984993e+02, 2.215041774450737105e-03
1.017499999999984936e+02, 2.220500046789505681e-03
1.018499999999984880e+02, 2.225971672703262651e-03
1.019499999999984823e+02, 2.231456675105237923e-03
1.020499999999984766e+02, 2.236955076882660067e-03
1.021499999999984709e+02, 2.242466900896334780e-03
1.022499999999984652e+02, 2.247992169980223345e-03
1.023499999999984595e+02, 2.253530906941021532e-03
1.024499999999984539e+02, 2.259083134557736319e-03
1.025499999999984482e+02, 2.264648875581262190e-03
1.026499999999984425e+02, 2.270228152733954393e-03
1.027499999999984368e+02, 2.275820988709206967e-03
1.028499999999984311e+02, 2.281427406171020796e-03
1.029499999999984254e+02, 2.287047427753581639e-03
1.030499999999984198e+02, 2.292681076060827314e-03
1.031499999999984141e+02, 2.298328373666022259e-03
1.032499999999984084e+02, 2.303989343111323418e-03
1.033499999999984027e+02, 2.309664006907352629e-03
1.034499999999983970e+02, 2.315352387532762946e-03
1.035499999999983913e+02, 2.321054507433807992e-03
1.036499999999983856e+02, 2.326770389023904376e-03
1.037499999999983800e+02, 2.332500054683204083e-03
1.038499999999983743e+02, 2.338243526758154289e-03
1.039499999999983686e+02, 2.344000827561064110e-03
1.040499999999983629e+02, 2.349771979369667026e-03
1.041499999999983572e+02, 2.355557004426684590e-03
1.042499999999983515e+02, 2.361355924939389714e-03
1.043499999999983459e+02, 2.367168763079166051e-03
1.044499999999983402e+02, 2.372995540981070409e-03
1.045499999999983345e+02, 2.378836280743391266e-03
1.046499999999983288e+02, 2.384691004427211616e-03
1.047499999999983231e+02, 2.390559734055964017e-03
1.048499999999983174e+02, 2.396442491614990400e-03
1.049499999999983118e+02, 2.402339299051102755e-03
1.050499999999983061e+02, 2.408250178272134702e-03
1.051499999999983004e+02, 2.414175151146502173e-03
1.052499999999982947e+02, 2.420114239502757156e-03
1.053499999999982890e+02, 2.426067465129145770e-03
1.054499999999982833e+02, 2.432034849773159410e-03
1.055499999999982776e+02, 2.438016415141093258e-03
1.056499999999982720e+02, 2.444012182897596121e-03
1.057499999999982663e+02, 2.450022174665227211e-03
1.058499999999982606e+02, 2.456046412024008585e-03
1.059499999999982549e+02, 2.462084916510974986e-03
1.060499999999982492e+02, 2.468137709619729319e-03
1.061499999999982435e+02, 2.474204812799992489e-03
1.062499999999982379e+02, 2.480286247457154543e-03
1.063499999999982322e+02, 2.486382034951826678e-03
1.064499999999982265e+02, 2.492492196599390645e-03
1.065499999999982208e+02, 2.498616766432981695e-03
1.066499999999982151e+02, 2.504756042944318150e-03
1.067499999999982094e+02, 2.510910265126091532e-03
1.068499999999982037e+02, 2.517079671256849775e-03
1.069499999999981981e+02, 2.523264500888472081e-03
1.070499999999981924e+02, 2.529464890934579515e-03
1.071499999999981867e+02, 2.535680881576197251e-03
1.072499999999981810e+02, 2.541912500286107150e-03
1.073499999999981753e+02, 2.548159774501632894e-03
1.074499999999981696e+02, 2.554422731624070558e-03
1.075499999999981640e+02, 2.560701399018122659e-03
1.076499999999981583e+02, 2.566995804011328736e-03
1.077499999999981526e+02, 2.573305973893495486e-03
1.078499999999981469e+02, 2.579631935916125180e-03
1.079499999999981412e+02, 2.585973717291842333e-03
1.080499999999981355e+02, 2.592331345193822981e-03
1.081499999999981299e+02, 2.598704846755214848e-03
1.082499999999981242e+02, 2.605094249068565758e-03
1.083499999999981185e+02, 2.611499579185245536e-03
1.084499999999981128e+02, 2.617920864114864441e-03
1.085499999999981071e+02, 2.624358130824696808e-03
1.086499999999981014e+02, 2.630811406239100345e-03
1.087499999999980957e+02, 2.637280717238934570e-03
1.088499999999980901e+02, 2.643766090660976641e-03
1.089499999999980844e+02, 2.650267553297338055e-03
1.090499999999980787e+02, 2.656785131894881784e-03
1.091499999999980730e+02, 2.663318853154635936e-03
1.092499999999980673e+02, 2.669868743731204381e-03
1.093499999999980616e+02, 2.676434830232184755e-03
1.094499999999980560e+02, 2.683017139217574749e-03
1.095499999999980503e+02, 2.689615697199185338e-03
1.096499999999980446e+02, 2.696230530640051845e-03
1.097499999999980389e+02, 2.702861665953839795e-03
1.098499999999980332e+02, 2.709509129504254678e-03
1.099499999999980275e+02, 2.716172947604450407e-03
1.100499999999980218e+02, 2.722853146516433873e-03
1.101499999999980162e+02, 2.729549752450472107e-03
1.102499999999980105e+02, 2.736262791564496831e-03
1.103499999999980048e+02, 2.742992289963510320e-03
1.104499999999979991e+02, 2.749738273698986487e-03
1.105499999999979934e+02, 2.756500768768275437e-03
1.106499999999979877e+02, 2.763279801114005858e-03
1.107499999999979821e+02, 2.770075396623487406e-03
1.108499999999979764e+02, 2.776887581128109628e-03
1.109499999999979707e+02, 2.783716380402745643e-03
1.110499999999979650e+02, 2.790561820165151502e-03
1.111499999999979593e+02, 2.797423926075362065e-03
1.112499999999979536e+02, 2.804302723735095995e-03
1.113499999999979480e+02, 2.811198238687150769e-03
1.114499999999979423e+02, 2.818110496414799864e-03
1.115499999999979366e+02, 2.825039522341194712e-03
1.116499999999979309e+02, 2.831985341828757979e-03
1.117499999999979252e+02, 2.838947980178582915e-03
1.118499999999979195e+02, 2.845927462629828809e-03
1.119499999999979138e+02, 2.852923814359116864e-03
1.120499999999979082e+02, 2.859937060479929120e-03
1.121499999999979025e+02, 2.866967226042000001e-03
1.122499999999978968e+02, 2.874014336030716096e-03
1.123499999999978911e+02, 2.881078415366507706e-03
1.124499999999978854e+02, 2.888159488904246900e-03
1.125499999999978797e+02, 2.895257581432641222e-03
1.126499999999978741e+02, 2.902372717673627409e-03
1.127499999999978684e+02, 2.909504922281769008e-03
1.128499999999978627e+02, 2.916654219843647922e-03
1.129499999999978570e+02, 2.923820634877261591e-03
1.130499999999978513e+02, 2.931004191831414543e-03
1.131499999999978456e+02, 2.938204915085116872e-03
1.132499999999978400e+02, 2.945422828946975356e-03
1.133499999999978343e+02, 2.952657957654589767e-03
1.134499999999978286e+02, 2.959910325373947895e-03
1.135499999999978229e+02, 2.967179956198819253e-03
1.136499999999978172e+02, 2.974466874150148796e-03
1.137499999999978115e+02, 2.981771103175458876e-03
1.138499999999978058e+02, 2.989092667148234277e-03
1.139499999999978002e+02, 2.996431589867325045e-03
1.140499999999977945e+02, 3.003787895056341493e-03
1.141499999999977888e+02, 3.011161606363047492e-03
1.142499999999977831e+02, 3.018552747358758080e-03
1.143499999999977774e+02, 3.025961341537738818e-03
1.144499999999977717e+02, 3.033387412316598201e-03
1.145499999999977661e+02, 3.040830983033688747e-03
1.146499999999977604e+02, 3.048292076948502880e-03
1.147499999999977547e+02, 3.055770717241072711e-03
1.148499999999977490e+02, 3.063266927011368962e-03
1.149499999999977433e+02, 3.070780729278698579e-03
1.150499999999977376e+02, 3.078312146981105821e-03
1.151499999999977319e+02, 3.085861202974772045e-03
1.152499999999977263e+02, 3.093427920033418529e-03
1.153499999999977206e+02, 3.101012320847703653e-03
1.154499999999977149e+02, 3.108614428024632659e-03
1.155499999999977092e+02, 3.116234264086954406e-03
1.156499999999977035e+02, 3.123871851472565919e-03
1.157499999999976978e+02, 3.131527212533918251e-03
1.158499999999976922e+02, 3.139200369537425376e-03
1.159499999999976865e+02, 3.146891344662860503e-03
1.160499999999976808e+02, 3.154600160002772342e-03
1.161499999999976751e+02, 3.162326837561888794e-03
1.162499999999976694e+02, 3.170071399256525410e-03
1.163499999999976637e+02, 3.177833866913996018e-03
1.164499999999976581e+02, 3.185614262272022917e-03
1.165499999999976524e+02, 3.193412606978147938e-03
1.166499999999976467e+02, 3.201228922589146979e-03
1.167499999999976410e+02, 3.209063230570438890e-03
1.168499999999976353e+02, 3.216915552295505649e-03
1.169499999999976296e+02, 3.224785909045304287e-03
1.170499999999976239e+02, 3.232674322007686625e-03
1.171499999999976183e+02, 3.240580812276814670e-03
1.172499999999976126e+02, 3.248505400852581652e-03
1.173499999999976069e+02, 3.256448108640032195e-03
1.174499999999976012e+02, 3.264408956448782480e-03
1.175499999999975955e+02, 3.272387964992446927e-03
1.176499999999975898e+02, 3.280385154888057486e-03
1.177499999999975842e+02, 3.288400546655494659e-03
1.178499999999975785e+02, 3.296434160716910696e-03
1.179499999999975728e+02, 3.304486017396160175e-03
1.180499999999975671e+02, 3.312556136918227978e-03
1.181499999999975614e+02, 3.320644539408664636e-03
1.182499999999975557e+02, 3.328751244893015174e-03
1.183499999999975500e+02, 3.336876273296254455e-03
1.184499999999975444e+02, 3.345019644442225135e-03
1.185499999999975387e+02, 3.353181378053075607e-03
1.186499999999975330e+02, 3.361361493748694050e-03
1.187499999999975273e+02, 3.369560011046157221e-03
1.188499999999975216e+02, 3.377776949359166236e-03
1.189499999999975159e+02, 3.386012327997495359e-03
1.190499999999975103e+02, 3.394266166166437330e-03
1.191499999999975046e+02, 3.402538482966248248e-03
1.192499999999974989e+02, 3.410829297391601567e-03
1.193499999999974932e+02, 3.419138628331037759e-03
1.194499999999974875e+02, 3.427466494566417440e-03
1.195499999999974818e+02, 3.435812914772376665e-03
1.196499999999974762e+02, 3.444177907515786567e-03
1.197499999999974705e+02, 3.452561491255208646e-03
1.198499999999974648e+02, 3.460963684340360048e-03
1.199499999999974591e+02, 3.469384505011574495e-03
1.200499999999974534e+02, 3.477823971399269295e-03
1.201499999999974477e+02, 3.486282101523409740e-03
1.202499999999974420e+02, 3.494758913292985228e-03
1.203499999999974364e+02, 3.503254424505471490e-03
1.204499999999974307e+02, 3.511768652846313215e-03
1.205499999999974250e+02, 3.520301615888396692e-03
1.206499999999974193e+02, 3.528853331091529391e-03
1.207499999999974136e+02, 3.537423815801916515e-03
1.208499999999974079e+02, 3.546013087251649685e-03
1.209499999999974023e+02, 3.554621162558190862e-03
1.210499999999973966e+02, 3.563248058723858004e-03
1.211499999999973909e+02, 3.571893792635316787e-03
1.212499999999973852e+02, 3.580558381063072768e-03
1.213499999999973795e+02, 3.589241840660967013e-03
1.214499999999973738e+02, 3.597944187965673463e-03
1.215499999999973681e+02, 3.606665439396196729e-03
1.216499999999973625e+02, 3.615405611253379430e-03
1.217499999999973568e+02, 3.624164719719403464e-03
1.218499999999973511e+02, 3.632942780857299075e-03
1.219499999999973454e+02, 3.641739810610456970e-03
1.220499999999973397e+02, 3.650555824802137386e-03
1.221499999999973340e+02, 3.659390839134989137e-03
1.222499999999973284e+02, 3.668244869190568670e-03
1.223499999999973227e+02, 3.677117930428857803e-03
1.224499999999973170e+02, 3.686010038187792319e-03
1.225499999999973113e+02, 3.694921207682784915e-03
1.226499999999973056e+02, 3.703851454006258995e-03
1.227499999999972999e+02, 3.712800792127176827e-03
1.228499999999972943e+02, 3.721769236890578106e-03
1.229499999999972886e+02, 3.730756803017118949e-03
1.230499999999972829e+02, 3.739763505102609593e-03
1.231499999999972772e+02, 3.748789441320999043e-03
1.232499999999972715e+02, 3.757835111867485495e-03
1.233499999999972658e+02, 3.766900895453193475e-03
1.234499999999972601e+02, 3.775987172792984094e-03
1.235499999999972545e+02, 3.785094311238144330e-03
1.236499999999972488e+02, 3.794222480515745122e-03
1.237499999999972431e+02, 3.803371704863063585e-03
1.238499999999972374e+02, 3.812542008397333971e-03
1.239499999999972317e+02, 3.821733415115031226e-03
1.240499999999972260e+02, 3.830945948891143274e-03
1.241499999999972204e+02, 3.840179633478461949e-03
1.242499999999972147e+02, 3.849434492506857014e-03
1.243499999999972090e+02, 3.858710549482572728e-03
1.244499999999972033e+02, 3.868007827787507073e-03
1.245499999999971976e+02, 3.877326350678504847e-03
1.246499999999971919e+02, 3.886666141286652509e-03
1.247499999999971863e+02, 3.896027222616569967e-03
1.248499999999971806e+02, 3.905409617545708024e-03
1.249499999999971749e+02, 3.914813348823648412e-03
1.250499999999971692e+02, 3.924238439071405134e-03
1.251499999999971635e+02, 3.933684910780726671e-03
1.252499999999971578e+02, 3.943152786313405996e-03
1.253499999999971521e+02, 3.952642087900587985e-03
1.254499999999971465e+02, 3.962152837642078998e-03
1.255499999999971408e+02, 3.971685057505664265e-03
1.256499999999971351e+02, 3.981238769326423538e-03
1.257499999999971294e+02, 3.990813994806047607e-03
1.258499999999971237e+02, 4.000410755512166100e-03
1.259499999999971180e+02, 4.010029072877667466e-03
1.260499999999971124e+02, 4.019668968200029377e-03
1.261499999999971067e+02, 4.029330462640646517e-03
1.262499999999971010e+02, 4.039013577224168788e-03
1.263499999999970953e+02, 4.048718332837831710e-03
1.264499999999970896e+02, 4.058444750230799820e-03
1.265499999999970839e+02, 4.068192850013509221e-03
1.266499999999970782e+02, 4.077962652657009246e-03
1.267499999999970726e+02, 4.087754178492317148e-03
1.268499999999970669e+02, 4.097567447709762369e-03
1.269499999999970612e+02, 4.107402480358343828e-03
1.270499999999970555e+02, 4.117259296345094147e-03
1.271499999999970498e+02, 4.127137915434431724e-03
1.272499999999970441e+02, 4.137038357247527567e-03
1.273499999999970385e+02, 4.146960641261679924e-03
1.274499999999970328e+02, 4.156904786809675033e-03
1.275499999999970271e+02, 4.166870813079173903e-03
1.276499999999970214e+02, 4.176858739112077404e-03
1.277499999999970157e+02, 4.186868583803917375e-03
1.278499999999970100e+02, 4.196900365903238200e-03
1.279499999999970044e+02, 4.206954104010987051e-03
1.280499999999969987e+02, 4.217029816579903265e-03
1.281499999999969930e+02, 4.227127521913918995e-03
1.282499999999969873e+02, 4.237247238167556398e-03
1.283499999999969816e+02, 4.247388983345330889e-03
1.284499999999969759e+02, 4.257552775301158728e-03
1.285499999999969702e+02, 4.267738631737769822e-03
1.286499999999969646e+02, 4.277946570206120520e-03
1.287499999999969589e+02, 4.288176608104815081e-03
1.288499999999969532e+02, 4.298428762679522806e-03
1.289499999999969475e+02, 4.308703051022415124e-03
1.290499999999969418e+02, 4.318999490071586192e-03
1.291499999999969361e+02, 4.329318096610493445e-03
1.292499999999969305e+02, 4.339658887267394682e-03
1.293499999999969248e+02, 4.350021878514793820e-03
1.294499999999969191e+02, 4.360407086668883180e-03
1.295499999999969134e+02, 4.370814527889002252e-03
1.296499999999969077e+02, 4.381244218177085190e-03
1.297499999999969020e+02, 4.391696173377129982e-03
1.298499999999968963e+02, 4.402170409174654617e-03
1.299499999999968907e+02, 4.412666941096170595e-03
1.300499999999968850e+02, 4.423185784508656439e-03
1.301499999999968793e+02, 4.433726954619031206e-03
1.302499999999968736e+02, 4.444290466473641010e-03
1.303499999999968679e+02, 4.454876334957745543e-03
1.304499999999968622e+02, 4.465484574795004595e-03
1.305499999999968566e+02, 4.476115200546978458e-03
1.306499999999968509e+02, 4.486768226612627454e-03
1.307499999999968452e+02, 4.497443667227815807e-03
1.308499999999968395e+02, 4.508141536464820714e-03
1.309499999999968338e+02, 4.518861848231850963e-03
1.310499999999968281e+02, 4.529604616272558601e-03
1.311499999999968225e+02, 4.540369854165572303e-03
1.312499999999968168e+02, 4.551157575324015978e-03
1.313499999999968111e+02, 4.561967792995053408e-03
1.314499999999968054e+02, 4.572800520259416406e-03
1.315499999999967997e+02, 4.583655770030954646e-03
1.316499999999967940e+02, 4.594533555056184645e-03
1.317499999999967883e+02, 4.605433887913836129e-03
1.318499999999967827e+02, 4.616356781014420083e-03
1.319499999999967770e+02, 4.627302246599784667e-03
1.320499999999967713e+02, 4.638270296742685872e-03
1.321499999999967656e+02, 4.649260943346365110e-03
1.322499999999967599e+02, 4.660274198144119875e-03
1.323499999999967542e+02, 4.671310072698896948e-03
1.324499999999967486e+02, 4.682368578402874328e-03
1.325499999999967429e+02, 4.693449726477062246e-03
1.326499999999967372e+02, 4.704553527970894641e-03
1.327499999999967315e+02, 4.715679993761840577e-03
1.328499999999967258e+02, 4.726829134555013065e-03
1.329499999999967201e+02, 4.738000960882782220e-03
1.330499999999967145e+02, 4.749195483104401427e-03
1.331499999999967088e+02, 4.760412711405628307e-03
1.332499999999967031e+02, 4.771652655798359552e-03
1.333499999999966974e+02, 4.782915326120267506e-03
1.334499999999966917e+02, 4.794200732034442809e-03
1.335499999999966860e+02, 4.805508883029044852e-03
1.336499999999966803e+02, 4.816839788416948757e-03
1.337499999999966747e+02, 4.828193457335415786e-03
1.338499999999966690e+02, 4.839569898745748992e-03
1.339499999999966633e+02, 4.850969121432967095e-03
1.340499999999966576e+02, 4.862391134005482687e-03
1.341499999999966519e+02, 4.873835944894783050e-03
1.342499999999966462e+02, 4.885303562355111824e-03
1.343499999999966406e+02, 4.896793994463174114e-03
1.344499999999966349e+02, 4.908307249117824234e-03
1.345499999999966292e+02, 4.919843334039776875e-03
1.346499999999966235e+02, 4.931402256771319145e-03
1.347499999999966178e+02, 4.942984024676018266e-03
1.348499999999966121e+02, 4.954588644938453558e-03
1.349499999999966064e+02, 4.966216124563939752e-03
1.350499999999966008e+02, 4.977866470378259842e-03
1.351499999999965951e+02, 4.989539689027410081e-03
1.352499999999965894e+02, 5.001235786977337172e-03
1.353499999999965837e+02, 5.012954770513699740e-03
1.354499999999965780e+02, 5.024696645741618534e-03
1.355499999999965723e+02, 5.036461418585443973e-03
1.356499999999965667e+02, 5.048249094788523697e-03
1.357499999999965610e+02, 5.060059679912977913e-03
1.358499999999965553e+02, 5.071893179339481694e-03
1.359499999999965496e+02, 5.083749598267053339e-03
1.360499999999965439e+02, 5.095628941712848810e-03
1.361499999999965382e+02, 5.107531214511954430e-03
1.362499999999965326e+02, 5.119456421317204742e-03
1.363499999999965269e+02, 5.131404566598980407e-03
1.364499999999965212e+02, 5.143375654645038209e-03
1.365499999999965155e+02, 5.155369689560331502e-03
1.366499999999965098e+02, 5.167386682143663978e-03
1.367499999999965041e+02, 5.179427110627524838e-03
1.368499999999964984e+02, 5.191491414589312868e-03
1.369499999999964928e+02, 5.203580017074216357e-03
1.370499999999964871e+02, 5.215693343225819706e-03
1.371499999999964814e+02, 5.227831655788175123e-03
1.372499999999964757e+02, 5.239995021954985469e-03
1.373499999999964700e+02, 5.252183455628304729e-03
1.374499999999964643e+02, 5.264396970522463789e-03
1.375499999999964587e+02, 5.276635580163589051e-03
1.376499999999964530e+02, 5.288899297889142724e-03
1.377499999999964473e+02, 5.301188136847458793e-03
1.378499999999964416e+02, 5.313502109997286782e-03
1.379499999999964359e+02, 5.325841230107347668e-03
1.380499999999964302e+02, 5.338205509755886320e-03
1.381499999999964245e+02, 5.350594961330239555e-03
1.382499999999964189e+02, 5.363009597026401586e-03
1.383499999999964132e+02, 5.375449428848601621e-03
1.384499999999964075e+02, 5.387914468608885794e-03
1.385499999999964018e+02, 5.400404727926702564e-03
1.386499999999963961e+02, 5.412920218228501126e-03
1.387499999999963904e+02, 5.425460950747331562e-03
1.388499999999963848e+02, 5.438026936522444114e-03
1.389499999999963791e+02, 5.450618186398915356e-03
1.390499999999963734e+02, 5.463234711027254407e-03
1.391499999999963677e+02, 5.475876520863040380e-03
1.392499999999963620e+02, 5.488543626166542469e-03
1.393499999999963563e+02, 5.501236037002373881e-03
1.394499999999963507e+02, 5.513953763239122334e-03
1.395499999999963450e+02, 5.526696814549012654e-03
1.396499999999963393e+02, 5.539465200407556363e-03
1.397499999999963336e+02, 5.552258930093224680e-03
1.398499999999963279e+02, 5.565078012687113725e-03
1.399499999999963222e+02, 5.577922457072629660e-03
1.400499999999963165e+02, 5.590792271935160831e-03
1.401499999999963109e+02, 5.603687465761785468e-03
1.402499999999963052e+02, 5.616608046840955958e-03
1.403499999999962995e+02, 5.629554023262210889e-03
1.404499999999962938e+02, 5.642525402915884482e-03
1.405499999999962881e+02, 5.655522193492822092e-03
1.406499999999962824e+02, 5.668544402484110463e-03
1.407499999999962768e+02, 5.681592037180808845e-03
1.408499999999962711e+02, 5.694665104673682712e-03
1.409499999999962654e+02, 5.707763611852952230e-03
1.410499999999962597e+02, 5.720887565408045924e-03
1.411499999999962540e+02, 5.734036971827356083e-03
1.412499999999962483e+02, 5.747211837398011509e-03
1.413499999999962427e+02, 5.760412168205640733e-03
1.414499999999962370e+02, 5.773637970134161239e-03
1.415499999999962313e+02, 5.786889248865559159e-03
1.416499999999962256e+02, 5.800166009879691512e-03
1.417499999999962199e+02, 5.813468258454075437e-03
1.418499999999962142e+02, 5.826795999663707780e-03
1.419499999999962085e+02, 5.840149238380869939e-03
1.420499999999962029e+02, 5.853527979274956126e-03
1.421499999999961972e+02, 5.866932226812303364e-03
1.422499999999961915e+02, 5.880361985256018879e-03
1.423499999999961858e+02, 5.893817258665831789e-03
1.424499999999961801e+02, 5.907298050897938704e-03
1.425499999999961744e+02, 5.920804365604866691e-03
1.426499999999961688e+02, 5.934336206235327552e-03
1.427499999999961631e+02, 5.947893576034097261e-03
1.428499999999961574e+02, 5.961476478041891069e-03
1.429499999999961517e+02, 5.975084915095253343e-03
1.430499999999961460e+02, 5.988718889826445679e-03
1.431499999999961403e+02, 6.002378404663343686e-03
1.432499999999961346e+02, 6.016063461829357188e-03
1.433499999999961290e+02, 6.029774063343332213e-03
1.434499999999961233e+02, 6.043510211019477267e-03
1.435499999999961176e+02, 6.057271906467292209e-03
1.436499999999961119e+02, 6.071059151091500600e-03
1.437499999999961062e+02, 6.084871946092000258e-03
1.438499999999961005e+02, 6.098710292463805152e-03
1.439499999999960949e+02, 6.112574190997010701e-03
1.440499999999960892e+02, 6.126463642276748674e-03
1.441499999999960835e+02, 6.140378646683173312e-03
1.442499999999960778e+02, 6.154319204391425768e-03
1.443499999999960721e+02, 6.168285315371628032e-03
1.444499999999960664e+02, 6.182276979388879462e-03
1.445499999999960608e+02, 6.196294196003249849e-03
1.446499999999960551e+02, 6.210336964569795025e-03
1.447499999999960494e+02, 6.224405284238565539e-03
1.448499999999960437e+02, 6.238499153954634412e-03
1.449499999999960380e+02, 6.252618572458124892e-03
1.450499999999960323e+02, 6.266763538284246884e-03
1.451499999999960266e+02, 6.280934049763342922e-03
1.452499999999960210e+02, 6.295130105020936735e-03
1.453499999999960153e+02, 6.309351701977797440e-03
1.454499999999960096e+02, 6.323598838349997649e-03
1.455499999999960039e+02, 6.337871511648992401e-03
1.456499999999959982e+02, 6.352169719181700695e-03
1.457499999999959925e+02, 6.366493458050583552e-03
1.458499999999959869e+02, 6.380842725153752434e-03
1.459499999999959812e+02, 6.395217517185062053e-03
1.460499999999959755e+02, 6.409617830634218791e-03
1.461499999999959698e+02, 6.424043661786902129e-03
1.462499999999959641e+02, 6.438495006724886949e-03
1.463499999999959584e+02, 6.452971861326170164e-03
1.464499999999959527e+02, 6.467474221265113836e-03
1.465499999999959471e+02, 6.482002082012586555e-03
1.466499999999959414e+02, 6.496555438836116095e-03
1.467499999999959357e+02, 6.511134286800048139e-03
1.468499999999959300e+02, 6.525738620765713684e-03
1.469499999999959243e+02, 6.540368435391604243e-03
1.470499999999959186e+02, 6.555023725133547925e-03
1.471499999999959130e+02, 6.569704484244899383e-03
1.472499999999959073e+02, 6.584410706776734970e-03
1.473499999999959016e+02, 6.599142386578051370e-03
1.474499999999958959e+02, 6.613899517295979830e-03
1.475499999999958902e+02, 6.628682092375993463e-03
1.476499999999958845e+02, 6.643490105062141438e-03
1.477499999999958789e+02, 6.658323548397266679e-03
1.478499999999958732e+02, 6.673182415223247871e-03
1.479499999999958675e+02, 6.688066698181244912e-03
1.480499999999958618e+02, 6.702976441938621362e-03
1.481499999999958561e+02, 6.717912290224753447e-03
1.482499999999958504e+02, 6.732874712796581979e-03
1.483499999999958447e+02, 6.747864181590777256e-03
1.484499999999958391e+02, 6.762881170754280608e-03
1.485499999999958334e+02, 6.777925894551296501e-03
1.486499999999958277e+02, 6.792998359466442468e-03
1.487499999999958220e+02, 6.808098568431355212e-03
1.488499999999958163e+02, 6.823226524166426353e-03
1.489499999999958106e+02, 6.838382229180746917e-03
1.490499999999958050e+02, 6.853565685772060496e-03
1.491499999999957993e+02, 6.868776896026720750e-03
1.492499999999957936e+02, 6.884015861819670588e-03
1.493499999999957879e+02, 6.899282584814399669e-03
1.494499999999957822e+02, 6.914577066462945266e-03
1.495499999999957765e+02, 6.929899308005873192e-03
1.496499999999957708e+02, 6.945249310472276921e-03
1.497499999999957652e+02, 6.960627074679783671e-03
1.498499999999957595e+02, 6.976032601234567407e-03
1.499499999999957538e+02, 6.991465890531366190e-03
1.500499999999957481e+02, 7.006926942753513403e-03
1.501499999999957424e+02, 7.022415757872970711e-03
1.502499999999957367e+02, 7.037932335650367958e-03
1.503499999999957311e+02, 7.053476675635055211e-03
1.504499999999957254e+02, 7.069048777165164339e-03
1.505499999999957197e+02, 7.084648639367657590e-03
1.506499999999957140e+02, 7.100276261158420393e-03
1.507499999999957083e+02, 7.115931641242322081e-03
1.508499999999957026e+02, 7.131614778113313027e-03
1.509499999999956970e+02, 7.147325670054514857e-03
1.510499999999956913e+02, 7.163064315138321925e-03
1.511499999999956856e+02, 7.178830711226506268e-03
1.512499999999956799e+02, 7.194624855970341640e-03
1.513499999999956742e+02, 7.210446746810717129e-03
1.514499999999956685e+02, 7.226296380978272475e-03
1.515499999999956628e+02, 7.242173755493539443e-03
1.516499999999956572e+02, 7.258078867167078001e-03
1.517499999999956515e+02, 7.274011712599632445e-03
1.518499999999956458e+02, 7.289972288182292731e-03
1.519499999999956401e+02, 7.305960590096658401e-03
1.520499999999956344e+02, 7.321976614315016396e-03
1.521499999999956287e+02, 7.338020356600517130e-03
1.522499999999956231e+02, 7.354091812507367910e-03
1.523499999999956174e+02, 7.370190977381024626e-03
1.524499999999956117e+02, 7.386317846358394709e-03
1.525499999999956060e+02, 7.402472414368048773e-03
1.526499999999956003e+02, 7.418654676130441786e-03
1.527499999999955946e+02, 7.434864626158129049e-03
1.528499999999955890e+02, 7.451102258755999512e-03
1.529499999999955833e+02, 7.467367568021520373e-03
1.530499999999955776e+02, 7.483660547844979069e-03
1.531499999999955719e+02, 7.499981191909731344e-03
1.532499999999955662e+02, 7.516329493692467528e-03
1.533499999999955605e+02, 7.532705446463478817e-03
1.534499999999955548e+02, 7.549109043286924420e-03
1.535499999999955492e+02, 7.565540277021120391e-03
1.536499999999955435e+02, 7.581999140318821523e-03
1.537499999999955378e+02, 7.598485625627520584e-03
1.538499999999955321e+02, 7.614999725189744093e-03
1.539499999999955264e+02, 7.631541431043368032e-03
1.540499999999955207e+02, 7.648110735021928369e-03
1.541499999999955151e+02, 7.664707628754943713e-03
1.542499999999955094e+02, 7.681332103668244912e-03
1.543499999999955037e+02, 7.697984150984309853e-03
1.544499999999954980e+02, 7.714663761722609543e-03
1.545499999999954923e+02, 7.731370926699954182e-03
1.546499999999954866e+02, 7.748105636530848786e-03
1.547499999999954809e+02, 7.764867881627857474e-03
1.548499999999954753e+02, 7.781657652201977304e-03
1.549499999999954696e+02, 7.798474938263002566e-03
1.550499999999954639e+02, 7.815319729619924632e-03
1.551499999999954582e+02, 7.832192015881297986e-03
1.552499999999954525e+02, 7.849091786455663494e-03
1.553499999999954468e+02, 7.866019030551929178e-03
1.554499999999954412e+02, 7.882973737179787416e-03
1.555499999999954355e+02, 7.899955895150133009e-03
1.556499999999954298e+02, 7.916965493075479518e-03
1.557499999999954241e+02, 7.934002519370391207e-03
1.558499999999954184e+02, 7.951066962251914991e-03
1.559499999999954127e+02, 7.968158809740022788e-03
1.560499999999954071e+02, 7.985278049658059082e-03
1.561499999999954014e+02, 8.002424669633195417e-03
1.562499999999953957e+02, 8.019598657096888364e-03
1.563499999999953900e+02, 8.036799999285342694e-03
1.564499999999953843e+02, 8.054028683239995365e-03
1.565499999999953786e+02, 8.071284695807973489e-03
1.566499999999953729e+02, 8.088568023642604340e-03
1.567499999999953673e+02, 8.105878653203878528e-03
1.568499999999953616e+02, 8.123216570758970412e-03
1.569499999999953559e+02, 8.140581762382727293e-03
1.570499999999953502e+02, 8.157974213958181162e-03
1.571499999999953445e+02, 8.175393911177060435e-03
1.572499999999953388e+02, 8.192840839540317319e-03
1.573499999999953332e+02, 8.210314984358646484e-03
1.574499999999953275e+02, 8.227816330753022836e-03
1.575499999999953218e+02, 8.245344863655232337e-03
1.576499999999953161e+02, 8.262900567808425384e-03
1.577499999999953104e+02, 8.280483427767658042e-03
1.578499999999953047e+02, 8.298093545754467101e-03
1.579499999999952990e+02, 8.315731918927982136e-03
1.580499999999952934e+02, 8.333399276891556573e-03
1.581499999999952877e+02, 8.351096352742058346e-03
1.582499999999952820e+02, 8.368823871675711706e-03
1.583499999999952763e+02, 8.386582149029694899e-03
1.584499999999952706e+02, 8.404371186209772318e-03
1.585499999999952649e+02, 8.422190984420032875e-03
1.586499999999952593e+02, 8.440041544663006226e-03
1.587499999999952536e+02, 8.457922867739791142e-03
1.588499999999952479e+02, 8.475834954250178674e-03
1.589499999999952422e+02, 8.493777804592789193e-03
1.590499999999952365e+02, 8.511751418965228522e-03
1.591499999999952308e+02, 8.529755797364219766e-03
1.592499999999952252e+02, 8.547790939585769854e-03
1.593499999999952195e+02, 8.565856845225332597e-03
1.594499999999952138e+02, 8.583953513677973490e-03
1.595499999999952081e+02, 8.602080944138550123e-03
1.596499999999952024e+02, 8.620239135601889119e-03
1.597499999999951967e+02, 8.638428086862982164e-03
1.598499999999951910e+02, 8.656647796517175086e-03
1.599499999999951854e+02, 8.674898262960372558e-03
1.600499999999951797e+02, 8.693179484389244524e-03
1.601499999999951740e+02, 8.711491458801437840e-03
1.602499999999951683e+02, 8.729834183995810459e-03
1.603499999999951626e+02, 8.748207657572634396e-03
1.604499999999951569e+02, 8.766611876933850730e-03
1.605499999999951513e+02, 8.785046839283303793e-03
1.606499999999951456e+02, 8.803512541626978827e-03
1.607499999999951399e+02, 8.822008980773262191e-03
1.608499999999951342e+02, 8.840536153333201572e-03
1.609499999999951285e+02, 8.859094055720764457e-03
1.610499999999951228e+02, 8.877682684153108753e-03
1.611499999999951172e+02, 8.896302034650869009e-03
1.612499999999951115e+02, 8.914952103038428777e-03
1.613499999999951058e+02, 8.933632884944218977e-03
1.614499999999951001e+02, 8.952344375800998927e-03
1.615499999999950944e+02, 8.971086570846184202e-03
1.616499999999950887e+02, 8.989859465122120724e-03
1.617499999999950830e+02, 9.008663053476431704e-03
1.618499999999950774e+02, 9.027497330562314279e-03
1.619499999999950717e+02, 9.046362290838865644e-03
1.620499999999950660e+02, 9.065257928571438667e-03
1.621499999999950603e+02, 9.084184237831952405e-03
1.622499999999950546e+02, 9.103141212499237314e-03
1.623499999999950489e+02, 9.122128846259411686e-03
1.624499999999950433e+02, 9.141147132606202569e-03
1.625499999999950376e+02, 9.160196064841330879e-03
1.626499999999950319e+02, 9.179275636074870487e-03
1.627499999999950262e+02, 9.198385839225617713e-03
1.628499999999950205e+02, 9.217526667021469500e-03
1.629499999999950148e+02, 9.236698111999820660e-03
1.630499999999950091e+02, 9.255900166507931640e-03
1.631499999999950035e+02, 9.275132822703346588e-03
1.632499999999949978e+02, 9.294396072554276730e-03
1.633499999999949921e+02, 9.313689907840018434e-03
1.634499999999949864e+02, 9.333014320151360871e-03
1.635499999999949807e+02, 9.352369300891000617e-03
1.636499999999949750e+02, 9.371754841273978801e-03
1.637499999999949694e+02, 9.391170932328090498e-03
1.638499999999949637e+02, 9.410617564894334028e-03
1.639499999999949580e+02, 9.430094729627339425e-03
1.640499999999949523e+02, 9.449602416995826412e-03
1.641499999999949466e+02, 9.469140617283041544e-03
1.642499999999949409e+02, 9.488709320587224855e-03
1.643499999999949353e+02, 9.508308516822066084e-03
1.644499999999949296e+02, 9.527938195717164382e-03
1.645499999999949239e+02, 9.547598346818512299e-03
1.646499999999949182e+02, 9.567288959488964156e-03
1.647499999999949125e+02, 9.587010022908723506e-03
1.648499999999949068e+02, 9.606761526075818444e-03
1.649499999999949011e+02, 9.626543457806609888e-03
1.650499999999948955e+02, 9.646355806736275559e-03
1.651499999999948898e+02, 9.666198561319318261e-03
1.652499999999948841e+02, 9.686071709830068946e-03
1.653499999999948784e+02, 9.705975240363203665e-03
1.654499999999948727e+02, 9.725909140834253577e-03
1.655499999999948670e+02, 9.745873398980130567e-03
1.656499999999948614e+02, 9.765868002359654604e-03
1.657499999999948557e+02, 9.785892938354086301e-03
1.658499999999948500e+02, 9.805948194167652537e-03
1.659499999999948443e+02, 9.826033756828099833e-03
1.660499999999948386e+02, 9.846149613187233848e-03
1.661499999999948329e+02, 9.866295749921462355e-03
1.662499999999948272e+02, 9.886472153532365956e-03
1.663499999999948216e+02, 9.906678810347242792e-03
