0.000000000000000000e+00, 0.000000000000000000e+00
1.000000000000000021e-03, -5.470632558533024625e-06
2.000000000000000042e-03, -1.094129946745381107e-05
3.000000000000000062e-03, -1.641200075871173907e-05
4.000000000000000083e-03, -2.188273646422670484e-05
5.000000000000000104e-03, -2.735350661588918712e-05
6.000000000000000125e-03, -3.282431124556035396e-05
7.000000000000000146e-03, -3.829515038507207619e-05
8.000000000000000167e-03, -4.376602406622703254e-05
9.000000000000001055e-03, -4.923693232079874344e-05
1.000000000000000194e-02, -5.470787518053165917e-05
1.100000000000000283e-02, -6.017885267714121405e-05
1.200000000000000372e-02, -6.564986484231388742e-05
1.300000000000000461e-02, -7.112091170770730528e-05
1.400000000000000550e-02, -7.659199330495025388e-05
1.500000000000000638e-02, -8.206310966564276776e-05
1.600000000000000727e-02, -8.753426082135619076e-05
1.700000000000000816e-02, -9.300544680363320314e-05
1.800000000000000905e-02, -9.847666764398798418e-05
1.900000000000000994e-02, -1.039479233739061580e-04
2.000000000000001082e-02, -1.094192140248449833e-04
2.100000000000001171e-02, -1.148905396282332719e-04
2.200000000000001260e-02, -1.203619002154715381e-04
2.300000000000001349e-02, -1.258332958179320799e-04
2.400000000000001438e-02, -1.313047264669589651e-04
2.500000000000001527e-02, -1.367761921938681808e-04
2.600000000000001615e-02, -1.422476930299475793e-04
2.700000000000001704e-02, -1.477192290064570943e-04
2.800000000000001793e-02, -1.531908001546286602e-04
2.900000000000001882e-02, -1.586624065056663202e-04
3.000000000000001971e-02, -1.641340480907463621e-04
3.100000000000002059e-02, -1.696057249410171824e-04
3.200000000000002148e-02, -1.750774370875996389e-04
3.300000000000002237e-02, -1.805491845615868883e-04
3.400000000000002326e-02, -1.860209673940444396e-04
3.500000000000002415e-02, -1.914927856160103449e-04
3.600000000000002504e-02, -1.969646392584951716e-04
3.700000000000002592e-02, -2.024365283524821109e-04
3.800000000000002681e-02, -2.079084529289270051e-04
3.900000000000002770e-02, -2.133804130187583745e-04
4.000000000000002859e-02, -2.188524086528775532e-04
4.100000000000002948e-02, -2.243244398621586076e-04
4.200000000000003036e-02, -2.297965066774487427e-04
4.300000000000003125e-02, -2.352686091295678149e-04
4.400000000000003214e-02, -2.407407472493087921e-04
4.500000000000003303e-02, -2.462129210674378083e-04
4.600000000000003392e-02, -2.516851306146940010e-04
4.700000000000003481e-02, -2.571573759217896191e-04
4.800000000000003569e-02, -2.626296570194104033e-04
4.900000000000003658e-02, -2.681019739382150971e-04
5.000000000000003747e-02, -2.735743267088359900e-04
1.500000000000000500e-01, -8.212115702788860393e-04
2.500000000000000555e-01, -1.369274300335699204e-03
3.500000000000000888e-01, -1.917785302079006750e-03
4.500000000000000666e-01, -2.466762802380248129e-03
5.500000000000000444e-01, -2.685455128968250362e-03
6.500000000000000222e-01, -2.687729840557973732e-03
7.500000000000000000e-01, -2.690098049701684316e-03
8.499999999999999778e-01, -2.692554035910309663e-03
9.499999999999999556e-01, -2.695091129483932844e-03
1.050000000000000044e+00, -2.697702394410474505e-03
1.150000000000000133e+00, -2.700381905384040271e-03
1.250000000000000222e+00, -2.703124210161168741e-03
1.350000000000000311e+00, -2.705925279857966746e-03
1.450000000000000400e+00, -2.708783003645603114e-03
1.550000000000000488e+00, -2.711696018119648562e-03
1.650000000000000577e+00, -2.714663009243419804e-03
1.750000000000000666e+00, -2.717682719236814114e-03
1.850000000000000755e+00, -2.720751873649678628e-03
1.950000000000000844e+00, -2.723867073756516561e-03
2.050000000000000711e+00, -2.727025325860265963e-03
2.150000000000000799e+00, -2.730223790460659539e-03
2.250000000000000888e+00, -2.733460503860793422e-03
2.350000000000000977e+00, -2.736734641705689669e-03
2.450000000000001066e+00, -2.740045772295519617e-03
2.550000000000001155e+00, -2.743393462015353279e-03
2.650000000000001243e+00, -2.746777279693926599e-03
2.750000000000001332e+00, -2.750196799673403341e-03
2.850000000000001421e+00, -2.753651603951210412e-03
2.950000000000001510e+00, -2.757141283648316486e-03
3.050000000000001599e+00, -2.760665439985553020e-03
3.150000000000001688e+00, -2.764222442404777082e-03
3.250000000000001776e+00, -2.767810350423499568e-03
3.350000000000001865e+00, -2.771427480820884762e-03
3.450000000000001954e+00, -2.775072208952836326e-03
3.550000000000002043e+00, -2.778743397307162615e-03
3.650000000000002132e+00, -2.782440655210808959e-03
3.750000000000002220e+00, -2.786163877524004337e-03
3.850000000000002309e+00, -2.789912952998030177e-03
3.950000000000002398e+00, -2.793687765847255831e-03
4.050000000000002487e+00, -2.797488197035464218e-03
4.150000000000002132e+00, -2.801314125330583646e-03
4.250000000000001776e+00, -2.805165428170765859e-03
4.350000000000001421e+00, -2.809041982376100574e-03
4.450000000000001066e+00, -2.812943664733494852e-03
4.550000000000000711e+00, -2.816870352476957308e-03
4.650000000000000355e+00, -2.820821923681333943e-03
4.750000000000000000e+00, -2.824798257584211665e-03
4.849999999999999645e+00, -2.828799234848055396e-03
4.949999999999999289e+00, -2.832824163365534921e-03
5.049999999999998934e+00, -2.836871768574576735e-03
5.149999999999998579e+00, -2.840941020678434265e-03
5.249999999999998224e+00, -2.845030914705548846e-03
5.349999999999997868e+00, -2.849140654339293692e-03
5.449999999999997513e+00, -2.853269977792898156e-03
5.549999999999997158e+00, -2.857418885543686581e-03
5.649999999999996803e+00, -2.861587374298454715e-03
5.749999999999996447e+00, -2.865775437498614252e-03
5.849999999999996092e+00, -2.869983065764197469e-03
5.949999999999995737e+00, -2.874210247284784102e-03
6.049999999999995381e+00, -2.878456968164226030e-03
6.149999999999995026e+00, -2.882723212725061754e-03
6.249999999999994671e+00, -2.887008963777682163e-03
6.349999999999994316e+00, -2.891314202858593068e-03
6.449999999999993960e+00, -2.895638910441547531e-03
6.549999999999993605e+00, -2.899983066124787144e-03
6.649999999999993250e+00, -2.904346648797239815e-03
6.749999999999992895e+00, -2.908729636786105271e-03
6.849999999999992539e+00, -2.913132007988006224e-03
6.949999999999992184e+00, -2.917553739985542707e-03
7.049999999999991829e+00, -2.921994810150917513e-03
7.149999999999991473e+00, -2.926455195738063026e-03
7.249999999999991118e+00, -2.930934873964527974e-03
7.349999999999990763e+00, -2.935445274999072627e-03
7.449999999999990408e+00, -2.939976888203674199e-03
7.549999999999990052e+00, -2.944525921072518090e-03
7.649999999999989697e+00, -2.949088725605556859e-03
7.749999999999989342e+00, -2.953656980256342060e-03
7.849999999999988987e+00, -2.958226571601617165e-03
7.949999999999988631e+00, -2.962798145673765579e-03
8.049999999999988276e+00, -2.967372307257363888e-03
8.149999999999987921e+00, -2.971949623587980503e-03
8.249999999999987566e+00, -2.976530627642403563e-03
8.349999999999987210e+00, -2.981115821073901037e-03
8.449999999999986855e+00, -2.985705676837974946e-03
8.549999999999986500e+00, -2.990300641547362533e-03
8.649999999999986144e+00, -2.994901137589470533e-03
8.749999999999985789e+00, -2.999507565034701100e-03
8.849999999999985434e+00, -3.004120303360239153e-03
8.949999999999985079e+00, -3.008739713010488183e-03
9.049999999999984723e+00, -3.013366136812591599e-03
9.149999999999984368e+00, -3.017999901263013381e-03
9.249999999999984013e+00, -3.022641317699185492e-03
9.349999999999983658e+00, -3.027290683368406322e-03
9.449999999999983302e+00, -3.031948282404728530e-03
9.549999999999982947e+00, -3.036614386723261467e-03
9.649999999999982592e+00, -3.041289256840196652e-03
9.749999999999982236e+00, -3.045973142625895032e-03
9.849999999999981881e+00, -3.050666283997557297e-03
9.949999999999981526e+00, -3.055368911557229152e-03
1.004999999999998117e+01, -3.060081247180296282e-03
1.014999999999998082e+01, -3.064803504559036537e-03
1.024999999999998046e+01, -3.069535889705321107e-03
1.034999999999998010e+01, -3.074278601416122365e-03
1.044999999999997975e+01, -3.079031831705102661e-03
1.054999999999997939e+01, -3.083795766203243499e-03
1.064999999999997904e+01, -3.088570584531141923e-03
1.074999999999997868e+01, -3.093356460645378843e-03
1.084999999999997833e+01, -3.098153563161104747e-03
1.094999999999997797e+01, -3.102962055652793913e-03
1.104999999999997762e+01, -3.107782096934920066e-03
1.114999999999997726e+01, -3.112613841324169371e-03
1.124999999999997691e+01, -3.117457438884618445e-03
1.134999999999997655e+01, -3.122313035657213985e-03
1.144999999999997620e+01, -3.127180773874750110e-03
1.154999999999997584e+01, -3.132060792163426314e-03
1.164999999999997549e+01, -3.136953225732003019e-03
1.174999999999997513e+01, -3.141858206549453733e-03
1.184999999999997478e+01, -3.146775863511953875e-03
1.194999999999997442e+01, -3.151706322599969086e-03
1.204999999999997407e+01, -3.156649707026146050e-03
1.214999999999997371e+01, -3.161606137374648948e-03
1.224999999999997335e+01, -3.166575731732528768e-03
1.234999999999997300e+01, -3.171558605813681875e-03
1.244999999999997264e+01, -3.176554873075878790e-03
1.254999999999997229e+01, -3.181564644831350649e-03
1.264999999999997193e+01, -3.186588030351334040e-03
1.274999999999997158e+01, -3.191625136964985378e-03
1.284999999999997122e+01, -3.196676070153023873e-03
1.294999999999997087e+01, -3.201740933636434885e-03
1.304999999999997051e+01, -3.206819829460554137e-03
1.314999999999997016e+01, -3.211912858074815122e-03
1.324999999999996980e+01, -3.217020118408426849e-03
1.334999999999996945e+01, -3.222141707942242136e-03
1.344999999999996909e+01, -3.227277722777030251e-03
1.354999999999996874e+01, -3.232428257698385932e-03
1.364999999999996838e+01, -3.237593406238459953e-03
1.374999999999996803e+01, -3.242773260734712476e-03
1.384999999999996767e+01, -3.247967912385851374e-03
1.394999999999996732e+01, -3.253177451305120770e-03
1.404999999999996696e+01, -3.258401966571094609e-03
1.414999999999996660e+01, -3.263641546276112738e-03
1.424999999999996625e+01, -3.268896277572490468e-03
1.434999999999996589e+01, -3.274166246716631729e-03
1.444999999999996554e+01, -3.279451539111150754e-03
1.454999999999996518e+01, -3.284752239345125908e-03
1.464999999999996483e+01, -3.290068431232563706e-03
1.474999999999996447e+01, -3.295400197849197507e-03
1.484999999999996412e+01, -3.300747621567685051e-03
1.494999999999996376e+01, -3.306110784091296356e-03
1.504999999999996341e+01, -3.311489766486184344e-03
1.514999999999996305e+01, -3.316884649212286339e-03
1.524999999999996270e+01, -3.322295512152947938e-03
1.534999999999996234e+01, -3.327722434643323474e-03
1.544999999999996199e+01, -3.333165495497622012e-03
1.554999999999996163e+01, -3.338624773035244863e-03
1.564999999999996128e+01, -3.344100345105882697e-03
1.574999999999996092e+01, -3.349592289113616922e-03
1.584999999999996056e+01, -3.355100682040072606e-03
1.594999999999996021e+01, -3.360625600466674977e-03
1.604999999999996163e+01, -3.366167120596043338e-03
1.614999999999996305e+01, -3.371725318272575725e-03
1.624999999999996447e+01, -3.377300269002248174e-03
1.634999999999996589e+01, -3.382892047971683240e-03
1.644999999999996732e+01, -3.388500730066499027e-03
1.654999999999996874e+01, -3.394126389888997737e-03
1.664999999999997016e+01, -3.399769101775200648e-03
1.674999999999997158e+01, -3.405428939811278987e-03
1.684999999999997300e+01, -3.411105977849391516e-03
1.694999999999997442e+01, -3.416800289522967885e-03
1.704999999999997584e+01, -3.422511948261455078e-03
1.714999999999997726e+01, -3.428241027304554725e-03
1.724999999999997868e+01, -3.433987599715971652e-03
1.734999999999998010e+01, -3.439751738396699260e-03
1.744999999999998153e+01, -3.445533516097849542e-03
1.754999999999998295e+01, -3.451333005433065027e-03
1.764999999999998437e+01, -3.457150278890522635e-03
1.774999999999998579e+01, -3.462985408844537240e-03
1.784999999999998721e+01, -3.468838467566796608e-03
1.794999999999998863e+01, -3.474709527237241150e-03
1.804999999999999005e+01, -3.480598659954589353e-03
1.814999999999999147e+01, -3.486505937746544898e-03
1.824999999999999289e+01, -3.492431432579678943e-03
1.834999999999999432e+01, -3.498375216369014468e-03
1.844999999999999574e+01, -3.504337360987320928e-03
1.854999999999999716e+01, -3.510317938274121804e-03
1.864999999999999858e+01, -3.516317020044446712e-03
1.875000000000000000e+01, -3.522334678097321144e-03
1.885000000000000142e+01, -3.528370984224002936e-03
1.895000000000000284e+01, -3.534426010215992783e-03
1.905000000000000426e+01, -3.540499827872815343e-03
1.915000000000000568e+01, -3.546592509009573093e-03
1.925000000000000711e+01, -3.552704125464305890e-03
1.935000000000000853e+01, -3.558834749105127624e-03
1.945000000000000995e+01, -3.564984451837192869e-03
1.955000000000001137e+01, -3.571153305609456666e-03
1.965000000000001279e+01, -3.577341382421270373e-03
1.975000000000001421e+01, -3.583548754328789304e-03
1.985000000000001563e+01, -3.589775493451233777e-03
1.995000000000001705e+01, -3.596021671976972790e-03
2.005000000000001847e+01, -3.602287362169460678e-03
2.015000000000001990e+01, -3.608572636373033691e-03
2.025000000000002132e+01, -3.614877567018545679e-03
2.035000000000002274e+01, -3.621202226628890148e-03
2.045000000000002416e+01, -3.627546687824364461e-03
2.055000000000002558e+01, -3.633911023327934288e-03
2.065000000000002700e+01, -3.640295305970348005e-03
2.075000000000002842e+01, -3.646699608695155685e-03
2.085000000000002984e+01, -3.653124004563598846e-03
2.095000000000003126e+01, -3.659568566759402626e-03
2.105000000000003268e+01, -3.666033368593447396e-03
2.115000000000003411e+01, -3.672518483508355365e-03
2.125000000000003553e+01, -3.679023985082965735e-03
2.135000000000003695e+01, -3.685549947036720515e-03
2.145000000000003837e+01, -3.692096443233959698e-03
2.155000000000003979e+01, -3.698663547688125358e-03
2.165000000000004121e+01, -3.705251334565882061e-03
2.175000000000004263e+01, -3.711859878191153556e-03
2.185000000000004405e+01, -3.718489253049085327e-03
2.195000000000004547e+01, -3.725139533789926464e-03
2.205000000000004690e+01, -3.731810795232832177e-03
2.215000000000004832e+01, -3.738503112369611671e-03
2.225000000000004974e+01, -3.745216560368384504e-03
2.235000000000005116e+01, -3.751951214577197054e-03
2.245000000000005258e+01, -3.758707150527545310e-03
2.255000000000005400e+01, -3.765484443937865133e-03
2.265000000000005542e+01, -3.772283170716938822e-03
2.275000000000005684e+01, -3.779103406967259174e-03
2.285000000000005826e+01, -3.785945228988330229e-03
2.295000000000005969e+01, -3.792808713279916845e-03
2.305000000000006111e+01, -3.799693936545245256e-03
2.315000000000006253e+01, -3.806600975694141194e-03
2.325000000000006395e+01, -3.813529907846138507e-03
2.335000000000006537e+01, -3.820480810333527072e-03
2.345000000000006679e+01, -3.827453760704355168e-03
2.355000000000006821e+01, -3.834448836725397151e-03
2.365000000000006963e+01, -3.841466116385069528e-03
2.375000000000007105e+01, -3.848505677896315799e-03
2.385000000000007248e+01, -3.855567599699441430e-03
2.395000000000007390e+01, -3.862651960464918034e-03
2.405000000000007532e+01, -3.869758839096146784e-03
2.415000000000007674e+01, -3.876888314732190605e-03
2.425000000000007816e+01, -3.884040466750466464e-03
2.435000000000007958e+01, -3.891215374769408167e-03
2.445000000000008100e+01, -3.898413118651095771e-03
2.455000000000008242e+01, -3.905633778503856367e-03
2.465000000000008384e+01, -3.912877434684830166e-03
2.475000000000008527e+01, -3.920144167802509273e-03
2.485000000000008669e+01, -3.927434058719256500e-03
2.495000000000008811e+01, -3.934747188553779952e-03
2.505000000000008953e+01, -3.942083638683601537e-03
2.515000000000009095e+01, -3.949443490747484714e-03
2.525000000000009237e+01, -3.956826826647844020e-03
2.535000000000009379e+01, -3.964233728553132920e-03
2.545000000000009521e+01, -3.971664278900208234e-03
2.555000000000009663e+01, -3.979118560396667677e-03
2.565000000000009805e+01, -3.986596656023169184e-03
2.575000000000009948e+01, -3.994098649035737227e-03
2.585000000000010090e+01, -4.001624622968035297e-03
2.595000000000010232e+01, -4.009174661633630593e-03
2.605000000000010374e+01, -4.016748849128237014e-03
2.615000000000010516e+01, -4.024347269831939078e-03
2.625000000000010658e+01, -4.031970008411398486e-03
2.635000000000010800e+01, -4.039617149822048552e-03
2.645000000000010942e+01, -4.047288779310267808e-03
2.655000000000011084e+01, -4.054984982415540604e-03
2.665000000000011227e+01, -4.062705844972600358e-03
2.675000000000011369e+01, -4.070451453113568471e-03
2.685000000000011511e+01, -4.078221893270062015e-03
2.695000000000011653e+01, -4.086017252175306626e-03
2.705000000000011795e+01, -4.093837616866222509e-03
2.715000000000011937e+01, -4.101683074685506976e-03
2.725000000000012079e+01, -4.109553713283704834e-03
2.735000000000012221e+01, -4.117449620621257099e-03
2.745000000000012363e+01, -4.125370884970557504e-03
2.755000000000012506e+01, -4.133317594917977796e-03
2.765000000000012648e+01, -4.141289839365903426e-03
2.775000000000012790e+01, -4.149287707534737163e-03
2.785000000000012932e+01, -4.157311288964916571e-03
2.795000000000013074e+01, -4.165360673518908943e-03
2.805000000000013216e+01, -4.173435951383195827e-03
2.815000000000013358e+01, -4.181537213070261882e-03
2.825000000000013500e+01, -4.189664549420559457e-03
2.835000000000013642e+01, -4.197818051604484436e-03
2.845000000000013785e+01, -4.205997811124328675e-03
2.855000000000013927e+01, -4.214203919816233296e-03
2.865000000000014069e+01, -4.222436469852136783e-03
2.875000000000014211e+01, -4.230695553741711801e-03
2.885000000000014353e+01, -4.238981264334302015e-03
2.895000000000014495e+01, -4.247293694820845900e-03
2.905000000000014637e+01, -4.255632938735804012e-03
2.915000000000014779e+01, -4.263999089959075867e-03
2.925000000000014921e+01, -4.272392242717908996e-03
2.935000000000015064e+01, -4.280812491588814085e-03
2.945000000000015206e+01, -4.289259931499466230e-03
2.955000000000015348e+01, -4.297734657730601857e-03
2.965000000000015490e+01, -4.306236765917919110e-03
2.975000000000015632e+01, -4.314766352053972173e-03
2.985000000000015774e+01, -4.323323508369648037e-03
2.995000000000015916e+01, -4.331906604715394897e-03
3.005000000000016058e+01, -4.340513878486160389e-03
3.015000000000016200e+01, -4.349143710563614651e-03
3.025000000000016342e+01, -4.357794479194378526e-03
3.035000000000016485e+01, -4.366465177313058263e-03
3.045000000000016627e+01, -4.375155616606319318e-03
3.055000000000016769e+01, -4.383865880767454440e-03
3.065000000000016911e+01, -4.392596053320455170e-03
3.075000000000017053e+01, -4.401346217627834581e-03
3.085000000000017195e+01, -4.410116456898277408e-03
3.095000000000017337e+01, -4.418906854194094153e-03
3.105000000000017479e+01, -4.427717492438514729e-03
3.115000000000017621e+01, -4.436548454422798229e-03
3.125000000000017764e+01, -4.445399822813194367e-03
3.135000000000017906e+01, -4.454271680157732317e-03
3.145000000000018048e+01, -4.463164108892857772e-03
3.155000000000018190e+01, -4.472077191349927740e-03
3.165000000000018332e+01, -4.481011009761552699e-03
3.175000000000018474e+01, -4.489965646267795631e-03
3.185000000000018616e+01, -4.498941182922239213e-03
3.195000000000018758e+01, -4.507937701697921178e-03
3.205000000000018900e+01, -4.516955284493133493e-03
3.215000000000019043e+01, -4.525994013137101847e-03
3.225000000000019185e+01, -4.535053969395542832e-03
3.235000000000019327e+01, -4.544135234976098836e-03
3.245000000000019469e+01, -4.553237891533666246e-03
3.255000000000019611e+01, -4.562362020675600482e-03
3.265000000000019753e+01, -4.571507703966823030e-03
3.275000000000019895e+01, -4.580675022934822642e-03
3.285000000000020037e+01, -4.589864059074540321e-03
3.295000000000020179e+01, -4.599074893853175375e-03
3.305000000000020322e+01, -4.608307608714878705e-03
3.315000000000020464e+01, -4.617562285085358501e-03
3.325000000000020606e+01, -4.626839004376396593e-03
3.335000000000020748e+01, -4.636137847990269394e-03
3.345000000000020890e+01, -4.645458897324087309e-03
3.355000000000021032e+01, -4.654802233774050883e-03
3.365000000000021174e+01, -4.664167938739616735e-03
3.375000000000021316e+01, -4.673556093627597580e-03
3.385000000000021458e+01, -4.682966779856170304e-03
3.395000000000021600e+01, -4.692400078858819865e-03
3.405000000000021743e+01, -4.701856072088203380e-03
3.415000000000021885e+01, -4.711334841019942238e-03
3.425000000000022027e+01, -4.720836467156353487e-03
3.435000000000022169e+01, -4.730361032030098827e-03
3.445000000000022311e+01, -4.739908617207780686e-03
3.455000000000022453e+01, -4.749479304293468054e-03
3.465000000000022595e+01, -4.759073174932161587e-03
3.475000000000022737e+01, -4.768690310813192799e-03
3.485000000000022879e+01, -4.778330793673572947e-03
3.495000000000023022e+01, -4.787994705301278596e-03
3.505000000000023164e+01, -4.797682127538473867e-03
3.515000000000023306e+01, -4.807393142284697128e-03
3.525000000000023448e+01, -4.817127831499970481e-03
3.535000000000023590e+01, -4.826886277207878030e-03
3.545000000000023732e+01, -4.836668561498574763e-03
3.555000000000023874e+01, -4.846474766531764199e-03
3.565000000000024016e+01, -4.856304974539610991e-03
3.575000000000024158e+01, -4.866159267829616233e-03
3.585000000000024301e+01, -4.876037728787446790e-03
3.595000000000024443e+01, -4.885940439879712591e-03
3.605000000000024585e+01, -4.895867483656707493e-03
3.615000000000024727e+01, -4.905818942755105910e-03
3.625000000000024869e+01, -4.915794899900611734e-03
3.635000000000025011e+01, -4.925795437910577765e-03
3.645000000000025153e+01, -4.935820639696574842e-03
3.655000000000025295e+01, -4.945870588266928006e-03
3.665000000000025437e+01, -4.955945366729211030e-03
3.675000000000025580e+01, -4.966045058292711464e-03
3.685000000000025722e+01, -4.976169746270854045e-03
3.695000000000025864e+01, -4.986319514083581601e-03
3.705000000000026006e+01, -4.996494445259719482e-03
3.715000000000026148e+01, -5.006694623439294015e-03
3.725000000000026290e+01, -5.016920132375818006e-03
3.735000000000026432e+01, -5.027171055938549349e-03
3.745000000000026574e+01, -5.037447478114715806e-03
3.755000000000026716e+01, -5.047749483011713771e-03
3.765000000000026859e+01, -5.058077154859263666e-03
3.775000000000027001e+01, -5.068430578011559259e-03
3.785000000000027143e+01, -5.078809836949362347e-03
3.795000000000027285e+01, -5.089215016282087889e-03
3.805000000000027427e+01, -5.099646200749861392e-03
3.815000000000027569e+01, -5.110103475225538129e-03
3.825000000000027711e+01, -5.120586924716703271e-03
3.835000000000027853e+01, -5.131096634367650344e-03
3.845000000000027995e+01, -5.141632689461335393e-03
3.855000000000028137e+01, -5.152195175421290380e-03
3.865000000000028280e+01, -5.162784177813534853e-03
3.875000000000028422e+01, -5.173399782348452047e-03
3.885000000000028564e+01, -5.184042074882650245e-03
3.895000000000028706e+01, -5.194711141420787701e-03
3.905000000000028848e+01, -5.205407068117388902e-03
3.915000000000028990e+01, -5.216129941278643475e-03
3.925000000000029132e+01, -5.226879847364165194e-03
3.935000000000029274e+01, -5.237656872988748387e-03
3.945000000000029416e+01, -5.248461104924100062e-03
3.955000000000029559e+01, -5.259292630100546873e-03
3.965000000000029701e+01, -5.270151535608731674e-03
3.975000000000029843e+01, -5.281037908701279732e-03
3.985000000000029985e+01, -5.291951836794464917e-03
3.995000000000030127e+01, -5.302893407469840351e-03
4.005000000000030269e+01, -5.313862708475855165e-03
4.015000000000030411e+01, -5.324859827729466061e-03
4.025000000000030553e+01, -5.335884853317719376e-03
4.035000000000030695e+01, -5.346937873499321009e-03
4.045000000000030838e+01, -5.358018976706191601e-03
4.055000000000030980e+01, -5.369128251545003498e-03
4.065000000000031122e+01, -5.380265786798704708e-03
4.075000000000031264e+01, -5.391431671428023771e-03
4.085000000000031406e+01, -5.402625994572972899e-03
4.095000000000031548e+01, -5.413848845554312950e-03
4.105000000000031690e+01, -5.425100313875027939e-03
4.115000000000031832e+01, -5.436380489221770071e-03
4.125000000000031974e+01, -5.447689461466299551e-03
4.135000000000032117e+01, -5.459027320666913138e-03
4.145000000000032259e+01, -5.470394157069844061e-03
4.155000000000032401e+01, -5.481790061110667148e-03
4.165000000000032543e+01, -5.493215123415685734e-03
4.175000000000032685e+01, -5.504669434803302099e-03
4.185000000000032827e+01, -5.516153086285374013e-03
4.195000000000032969e+01, -5.527666169068575636e-03
4.205000000000033111e+01, -5.539208774555725440e-03
4.215000000000033253e+01, -5.550780994347116748e-03
4.225000000000033396e+01, -5.562382920241828316e-03
4.235000000000033538e+01, -5.574014644239040986e-03
4.245000000000033680e+01, -5.585676258539312711e-03
4.255000000000033822e+01, -5.597367855545876125e-03
4.265000000000033964e+01, -5.609089527865908364e-03
4.275000000000034106e+01, -5.620841368311792208e-03
4.285000000000034248e+01, -5.632623469902362477e-03
4.295000000000034390e+01, -5.644435925864165447e-03
4.305000000000034532e+01, -5.656278829632674018e-03
4.315000000000034674e+01, -5.668152274853521973e-03
4.325000000000034817e+01, -5.680056355383722617e-03
4.335000000000034959e+01, -5.691991165292857070e-03
4.345000000000035101e+01, -5.703956798864292903e-03
4.355000000000035243e+01, -5.715953350596358548e-03
4.365000000000035385e+01, -5.727980915203523780e-03
4.375000000000035527e+01, -5.740039587617575857e-03
4.385000000000035669e+01, -5.752129462988779182e-03
4.395000000000035811e+01, -5.764250636687028896e-03
4.405000000000035953e+01, -5.776403204303001866e-03
4.415000000000036096e+01, -5.788587261649288593e-03
4.425000000000036238e+01, -5.800802904761535525e-03
4.435000000000036380e+01, -5.813050229899552682e-03
4.445000000000036522e+01, -5.825329333548442956e-03
4.455000000000036664e+01, -5.837640312419708870e-03
4.465000000000036806e+01, -5.849983263452348051e-03
4.475000000000036948e+01, -5.862358283813949578e-03
4.485000000000037090e+01, -5.874765470901788592e-03
4.495000000000037232e+01, -5.887204922343897487e-03
4.505000000000037375e+01, -5.899676736000144910e-03
4.515000000000037517e+01, -5.912181009963299143e-03
4.525000000000037659e+01, -5.924717842560094094e-03
4.535000000000037801e+01, -5.937287332352280539e-03
4.545000000000037943e+01, -5.949889578137671289e-03
4.555000000000038085e+01, -5.962524678951188102e-03
4.565000000000038227e+01, -5.975192734065892970e-03
4.575000000000038369e+01, -5.987893842994020284e-03
4.585000000000038511e+01, -6.000628105488000318e-03
4.595000000000038654e+01, -6.013395621541470573e-03
4.605000000000038796e+01, -6.026196491390299267e-03
4.615000000000038938e+01, -6.039030815513583665e-03
4.625000000000039080e+01, -6.051898694634648412e-03
4.635000000000039222e+01, -6.064800229722045605e-03
4.645000000000039364e+01, -6.077735521990545314e-03
4.655000000000039506e+01, -6.090704672902114841e-03
4.665000000000039648e+01, -6.103707784166899700e-03
4.675000000000039790e+01, -6.116744957744198533e-03
4.685000000000039933e+01, -6.129816295843431954e-03
4.695000000000040075e+01, -6.142921900925100119e-03
4.705000000000040217e+01, -6.156061875701749828e-03
4.715000000000040359e+01, -6.169236323138923422e-03
4.725000000000040501e+01, -6.182445346456103344e-03
4.735000000000040643e+01, -6.195689049127666229e-03
4.745000000000040785e+01, -6.208967534883808384e-03
4.755000000000040927e+01, -6.222280907711492948e-03
4.765000000000041069e+01, -6.235629271855372760e-03
4.775000000000041211e+01, -6.249012731818713237e-03
4.785000000000041354e+01, -6.262431392364317846e-03
4.795000000000041496e+01, -6.275885358515443171e-03
4.805000000000041638e+01, -6.289374735556706175e-03
4.815000000000041780e+01, -6.302899629034995795e-03
4.825000000000041922e+01, -6.316460144760373263e-03
4.835000000000042064e+01, -6.330056388806973300e-03
4.845000000000042206e+01, -6.343688467513893155e-03
4.855000000000042348e+01, -6.357356487486089461e-03
4.865000000000042490e+01, -6.371060555595257739e-03
4.875000000000042633e+01, -6.384800778980716240e-03
4.885000000000042775e+01, -6.398577265050286317e-03
4.895000000000042917e+01, -6.412390121481162386e-03
4.905000000000043059e+01, -6.426239456220781895e-03
4.915000000000043201e+01, -6.440125377487694418e-03
4.925000000000043343e+01, -6.454047993772419473e-03
4.935000000000043485e+01, -6.468007413838305214e-03
4.945000000000043627e+01, -6.482003746722385384e-03
4.955000000000043769e+01, -6.496037101736225859e-03
4.965000000000043912e+01, -6.510107588466768590e-03
4.975000000000044054e+01, -6.524215316777181618e-03
4.985000000000044196e+01, -6.538360396807690877e-03
4.995000000000044338e+01, -6.552542938976419797e-03
5.005000000000044480e+01, -6.566763053980221969e-03
5.015000000000044622e+01, -6.581020852795504278e-03
5.025000000000044764e+01, -6.595316446679048289e-03
5.035000000000044906e+01, -6.609649947168842049e-03
5.045000000000045048e+01, -6.624021466084887601e-03
5.055000000000045191e+01, -6.638431115530018037e-03
5.065000000000045333e+01, -6.652879007890705014e-03
5.075000000000045475e+01, -6.667365255837868002e-03
5.085000000000045617e+01, -6.681889972327676591e-03
5.095000000000045759e+01, -6.696453270602346734e-03
5.105000000000045901e+01, -6.711055264190941318e-03
5.115000000000046043e+01, -6.725696066910157728e-03
5.125000000000046185e+01, -6.740375792865124088e-03
5.135000000000046327e+01, -6.755094556450175550e-03
5.145000000000046469e+01, -6.769852472349644455e-03
5.155000000000046612e+01, -6.784649655538637497e-03
5.165000000000046754e+01, -6.799486221283802465e-03
5.175000000000046896e+01, -6.814362285144118410e-03
5.185000000000047038e+01, -6.829277962971647652e-03
5.195000000000047180e+01, -6.844233370912304257e-03
5.205000000000047322e+01, -6.859228625406629462e-03
5.215000000000047464e+01, -6.874263843190529799e-03
5.225000000000047606e+01, -6.889339141296052516e-03
5.235000000000047748e+01, -6.904454637052122833e-03
5.245000000000047891e+01, -6.919610448085302019e-03
5.255000000000048033e+01, -6.934806692320525517e-03
5.265000000000048175e+01, -6.950043487981857546e-03
5.275000000000048317e+01, -6.965320953593216215e-03
5.285000000000048459e+01, -6.980639207979114254e-03
5.295000000000048601e+01, -6.995998370265398003e-03
5.305000000000048743e+01, -7.011398559879972528e-03
5.315000000000048885e+01, -7.026839896553519794e-03
5.325000000000049027e+01, -7.042322500320236794e-03
5.335000000000049170e+01, -7.057846491518542445e-03
5.345000000000049312e+01, -7.073411990791802703e-03
5.355000000000049454e+01, -7.089019119089032261e-03
5.365000000000049596e+01, -7.104667997665622264e-03
5.375000000000049738e+01, -7.120358748084027259e-03
5.385000000000049880e+01, -7.136091492214488574e-03
5.395000000000050022e+01, -7.151866352235709129e-03
5.405000000000050164e+01, -7.167683450635580281e-03
5.415000000000050306e+01, -7.183542910211850561e-03
5.425000000000050449e+01, -7.199444854072826507e-03
5.435000000000050591e+01, -7.215389405638063941e-03
5.445000000000050733e+01, -7.231376688639042788e-03
5.455000000000050875e+01, -7.247406827119853151e-03
5.465000000000051017e+01, -7.263479945437870990e-03
5.475000000000051159e+01, -7.279596168264431191e-03
5.485000000000051301e+01, -7.295755620585504114e-03
5.495000000000051443e+01, -7.311958427702351312e-03
5.505000000000051585e+01, -7.328204715232201211e-03
5.515000000000051728e+01, -7.344494609108907432e-03
5.525000000000051870e+01, -7.360828235583594982e-03
5.535000000000052012e+01, -7.377205721225337659e-03
5.545000000000052154e+01, -7.393627192921784289e-03
5.555000000000052296e+01, -7.410092777879817051e-03
5.565000000000052438e+01, -7.426602603626207208e-03
5.575000000000052580e+01, -7.443156798008225723e-03
5.585000000000052722e+01, -7.459755489194313735e-03
5.595000000000052864e+01, -7.476398805674694045e-03
5.605000000000053006e+01, -7.493086876262013835e-03
5.615000000000053149e+01, -7.509819830091962224e-03
5.625000000000053291e+01, -7.526597796623904317e-03
5.635000000000053433e+01, -7.543420905641493555e-03
5.645000000000053575e+01, -7.560289287253285813e-03
5.655000000000053717e+01, -7.577203071893370834e-03
5.665000000000053859e+01, -7.594162390321957702e-03
5.675000000000054001e+01, -7.611167373625998475e-03
5.685000000000054143e+01, -7.628218153219781458e-03
5.695000000000054285e+01, -7.645314860845538359e-03
5.705000000000054428e+01, -7.662457628574032356e-03
5.715000000000054570e+01, -7.679646588805155716e-03
5.725000000000054712e+01, -7.696881874268515257e-03
5.735000000000054854e+01, -7.714163618024022159e-03
5.745000000000054996e+01, -7.731491953462460952e-03
5.755000000000055138e+01, -7.748867014306083656e-03
5.765000000000055280e+01, -7.766288934609173571e-03
5.775000000000055422e+01, -7.783757848758616864e-03
5.785000000000055564e+01, -7.801273891474471561e-03
5.795000000000055707e+01, -7.818837197810528730e-03
5.805000000000055849e+01, -7.836447903154870193e-03
5.815000000000055991e+01, -7.854106143230432310e-03
5.825000000000056133e+01, -7.871812054095542882e-03
5.835000000000056275e+01, -7.889565772144483194e-03
5.845000000000056417e+01, -7.907367434108022314e-03
5.855000000000056559e+01, -7.925217177053966999e-03
5.865000000000056701e+01, -7.943115138387683849e-03
5.875000000000056843e+01, -7.961061455852645741e-03
5.885000000000056986e+01, -7.979056267530955718e-03
5.895000000000057128e+01, -7.997099711843862202e-03
5.905000000000057270e+01, -8.015191927552298493e-03
5.915000000000057412e+01, -8.033333053757382367e-03
5.925000000000057554e+01, -8.051523229900931292e-03
5.935000000000057696e+01, -8.069762595765981109e-03
5.945000000000057838e+01, -8.088051276670962797e-03
5.955000000000057980e+01, -8.106388946268829748e-03
5.965000000000058122e+01, -8.124775359438301051e-03
5.975000000000058265e+01, -8.143210277091141383e-03
5.985000000000058407e+01, -8.161693458561380954e-03
5.995000000000058549e+01, -8.180224843614910396e-03
6.005000000000058691e+01, -8.198804535649894740e-03
6.015000000000058833e+01, -8.217432667737473162e-03
6.025000000000058975e+01, -8.236109373240494205e-03
6.035000000000059117e+01, -8.254834785813907824e-03
6.045000000000059259e+01, -8.273609039405150495e-03
6.055000000000059401e+01, -8.292432268254511241e-03
6.065000000000059543e+01, -8.311304606895525415e-03
6.075000000000059686e+01, -8.330226190155325117e-03
6.085000000000059828e+01, -8.349197153155013887e-03
6.095000000000059970e+01, -8.368217631310017127e-03
6.105000000000060112e+01, -8.387287760330441183e-03
6.115000000000060254e+01, -8.406407676221430703e-03
6.125000000000060396e+01, -8.425577515283493024e-03
6.135000000000060538e+01, -8.444797414112850328e-03
6.145000000000060680e+01, -8.464067509601767500e-03
6.155000000000060822e+01, -8.483387938938892134e-03
6.165000000000060965e+01, -8.502758839609559846e-03
6.175000000000061107e+01, -8.522180349396122137e-03
6.185000000000061249e+01, -8.541652606378269050e-03
6.195000000000061391e+01, -8.561175748933318869e-03
6.205000000000061533e+01, -8.580749915736528635e-03
6.215000000000061675e+01, -8.600375245761402929e-03
6.225000000000061817e+01, -8.620051878279966218e-03
6.235000000000061959e+01, -8.639779952863069906e-03
6.245000000000062101e+01, -8.659559609380657746e-03
6.255000000000062244e+01, -8.679390988002055538e-03
6.265000000000062386e+01, -8.699274229196238273e-03
6.275000000000062528e+01, -8.719209473732090349e-03
6.285000000000062670e+01, -8.739196862678674446e-03
6.295000000000062812e+01, -8.759236537405488271e-03
6.305000000000062954e+01, -8.779328639582707414e-03
6.315000000000063096e+01, -8.799473311181438620e-03
6.325000000000063238e+01, -8.819670694473947040e-03
6.335000000000063380e+01, -8.839920932033906026e-03
6.345000000000063523e+01, -8.860224166736615711e-03
6.355000000000063665e+01, -8.880580541759226787e-03
6.365000000000063807e+01, -8.900990200580964282e-03
6.375000000000063949e+01, -8.921453286983328790e-03
6.385000000000064091e+01, -8.941969945050318516e-03
6.395000000000064233e+01, -8.962540319168613157e-03
6.405000000000063665e+01, -8.983164554027783799e-03
6.415000000000063096e+01, -9.003842794620475071e-03
6.425000000000062528e+01, -9.024575186242585548e-03
6.435000000000061959e+01, -9.045361874493465515e-03
6.445000000000061391e+01, -9.066203005276062682e-03
6.455000000000060822e+01, -9.087098724797109534e-03
6.465000000000060254e+01, -9.108049179567284659e-03
6.475000000000059686e+01, -9.129054516401348060e-03
6.485000000000059117e+01, -9.150114882418319828e-03
6.495000000000058549e+01, -9.171230425041599840e-03
6.505000000000057980e+01, -9.192401291999122148e-03
6.515000000000057412e+01, -9.213627631323472941e-03
6.525000000000056843e+01, -9.234909591352034527e-03
6.535000000000056275e+01, -9.256247320727092887e-03
6.545000000000055707e+01, -9.277640968395957366e-03
6.555000000000055138e+01, -9.299090683611066499e-03
6.565000000000054570e+01, -9.320596615930095558e-03
6.575000000000054001e+01, -9.342158915216046758e-03
6.585000000000053433e+01, -9.363777731637342935e-03
6.595000000000052864e+01, -9.385453215667914281e-03
6.605000000000052296e+01, -9.407185518087271200e-03
6.615000000000051728e+01, -9.428974789980585844e-03
6.625000000000051159e+01, -9.450821182738747619e-03
6.635000000000050591e+01, -9.472724848058423908e-03
6.645000000000050022e+01, -9.494685937942125981e-03
6.655000000000049454e+01, -9.516704604698243697e-03
6.665000000000048885e+01, -9.538781000941090604e-03
6.675000000000048317e+01, -9.560915279590936899e-03
6.685000000000047748e+01, -9.583107593874037183e-03
6.695000000000047180e+01, -9.605358097322661687e-03
6.705000000000046612e+01, -9.627666943775099739e-03
6.715000000000046043e+01, -9.650034287375673647e-03
6.725000000000045475e+01, -9.672460282574745633e-03
6.735000000000044906e+01, -9.694945084128703955e-03
6.745000000000044338e+01, -9.717488847099961177e-03
6.755000000000043769e+01, -9.740091726856933349e-03
6.765000000000043201e+01, -9.762753879074015720e-03
6.775000000000042633e+01, -9.785475459731554984e-03
6.785000000000042064e+01, -9.808256625115811117e-03
6.795000000000041496e+01, -9.831097531818912272e-03
6.805000000000040927e+01, -9.853998336738809677e-03
6.815000000000040359e+01, -9.876959197079208247e-03
6.825000000000039790e+01, -9.899980270349519745e-03
6.835000000000039222e+01, -9.923061714364777783e-03
6.845000000000038654e+01, -9.946203687245561489e-03
6.855000000000038085e+01, -9.969406347417922656e-03
6.865000000000037517e+01, -9.992669853613283387e-03
6.875000000000036948e+01, -1.001599436486833375e-02
6.885000000000036380e+01, -1.003938004052494504e-02
6.895000000000035811e+01, -1.006282704023003446e-02
6.905000000000035243e+01, -1.008633552393545588e-02
6.915000000000034674e+01, -1.010990565189788006e-02
6.925000000000034106e+01, -1.013353758467864900e-02
6.935000000000033538e+01, -1.015723148314363715e-02
6.945000000000032969e+01, -1.018098750846310914e-02
6.955000000000032401e+01, -1.020480582211156020e-02
6.965000000000031832e+01, -1.022868658586755138e-02
6.975000000000031264e+01, -1.025262996181354469e-02
6.985000000000030695e+01, -1.027663611233572104e-02
6.995000000000030127e+01, -1.030070520012378935e-02
7.005000000000029559e+01, -1.032483738817081484e-02
7.015000000000028990e+01, -1.034903283977299353e-02
7.025000000000028422e+01, -1.037329171852946832e-02
7.035000000000027853e+01, -1.039761418834209486e-02
7.045000000000027285e+01, -1.042200041341522984e-02
7.055000000000026716e+01, -1.044645055825550034e-02
7.065000000000026148e+01, -1.047096478767156093e-02
7.075000000000025580e+01, -1.049554326677385775e-02
7.085000000000025011e+01, -1.052018616097436139e-02
7.095000000000024443e+01, -1.054489363598632226e-02
7.105000000000023874e+01, -1.056966585782399132e-02
7.115000000000023306e+01, -1.059450299280234424e-02
7.125000000000022737e+01, -1.061940520753680214e-02
7.135000000000022169e+01, -1.064437266894293493e-02
7.145000000000021600e+01, -1.066940554423616294e-02
7.155000000000021032e+01, -1.069450400093145508e-02
7.165000000000020464e+01, -1.071966820684299750e-02
7.175000000000019895e+01, -1.074489833008388483e-02
7.185000000000019327e+01, -1.077019453906578363e-02
7.195000000000018758e+01, -1.079555700249858197e-02
7.205000000000018190e+01, -1.082098588939005637e-02
7.215000000000017621e+01, -1.084648136904551446e-02
7.225000000000017053e+01, -1.087204361106740985e-02
7.235000000000016485e+01, -1.089767278535499519e-02
7.245000000000015916e+01, -1.092336906210392318e-02
7.255000000000015348e+01, -1.094913261180586669e-02
7.265000000000014779e+01, -1.097496360524811108e-02
7.275000000000014211e+01, -1.100086221351315868e-02
7.285000000000013642e+01, -1.102682860797830379e-02
7.295000000000013074e+01, -1.105286296031521981e-02
7.305000000000012506e+01, -1.107896544248952210e-02
7.315000000000011937e+01, -1.110513622676031868e-02
7.325000000000011369e+01, -1.113137548567977829e-02
7.335000000000010800e+01, -1.115768339209266026e-02
7.345000000000010232e+01, -1.118406011913584616e-02
7.355000000000009663e+01, -1.121050584023787836e-02
7.365000000000009095e+01, -1.123702072911847080e-02
7.375000000000008527e+01, -1.126360495978800252e-02
7.385000000000007958e+01, -1.129025870654702668e-02
7.395000000000007390e+01, -1.131698214398577443e-02
7.405000000000006821e+01, -1.134377544698361023e-02
7.415000000000006253e+01, -1.137063879070852532e-02
7.425000000000005684e+01, -1.139757235061657388e-02
7.435000000000005116e+01, -1.142457630245136482e-02
7.445000000000004547e+01, -1.145165082224347194e-02
7.455000000000003979e+01, -1.147879608630988750e-02
7.465000000000003411e+01, -1.150601227125344107e-02
7.475000000000002842e+01, -1.153329955396222885e-02
7.485000000000002274e+01, -1.156065811160900472e-02
7.495000000000001705e+01, -1.158808812165059571e-02
7.505000000000001137e+01, -1.161558976182727396e-02
7.515000000000000568e+01, -1.164316321016215655e-02
7.525000000000000000e+01, -1.167080864496057059e-02
7.534999999999999432e+01, -1.169852624480939747e-02
7.544999999999998863e+01, -1.172631618857645011e-02
7.554999999999998295e+01, -1.175417865540980336e-02
7.564999999999997726e+01, -1.178211382473712959e-02
7.574999999999997158e+01, -1.181012187626502216e-02
7.584999999999996589e+01, -1.183820298997830672e-02
7.594999999999996021e+01, -1.186635734613935601e-02
7.604999999999995453e+01, -1.189458512528736994e-02
7.614999999999994884e+01, -1.192288650823766782e-02
7.624999999999994316e+01, -1.195126167608096847e-02
7.634999999999993747e+01, -1.197971081018265986e-02
7.644999999999993179e+01, -1.200823409218203068e-02
7.654999999999992610e+01, -1.203683170399154692e-02
7.664999999999992042e+01, -1.206550382779607127e-02
7.674999999999991473e+01, -1.209425064605209113e-02
7.684999999999990905e+01, -1.212307234148693805e-02
7.694999999999990337e+01, -1.215196909709799836e-02
7.704999999999989768e+01, -1.218094109615189789e-02
7.714999999999989200e+01, -1.220998852218369880e-02
7.724999999999988631e+01, -1.223911155899607209e-02
7.734999999999988063e+01, -1.226831039065846840e-02
7.744999999999987494e+01, -1.229758520150626457e-02
7.754999999999986926e+01, -1.232693617613991877e-02
7.764999999999986358e+01, -1.235636349942409971e-02
7.774999999999985789e+01, -1.238586735648682449e-02
7.784999999999985221e+01, -1.241544793271855303e-02
7.794999999999984652e+01, -1.244510541377131727e-02
7.804999999999984084e+01, -1.247483998555780002e-02
7.814999999999983515e+01, -1.250465183425040344e-02
7.824999999999982947e+01, -1.253454114628037470e-02
7.834999999999982379e+01, -1.256450810833681375e-02
7.844999999999981810e+01, -1.259455290736575216e-02
7.854999999999981242e+01, -1.262467573056919729e-02
7.864999999999980673e+01, -1.265487676540415218e-02
7.874999999999980105e+01, -1.268515619958165801e-02
7.884999999999979536e+01, -1.271551422106576706e-02
7.894999999999978968e+01, -1.274595101807258352e-02
7.904999999999978400e+01, -1.277646677906922254e-02
7.914999999999977831e+01, -1.280706169277281634e-02
7.924999999999977263e+01, -1.283773594814944727e-02
7.934999999999976694e+01, -1.286848973441313132e-02
7.944999999999976126e+01, -1.289932324102475991e-02
7.954999999999975557e+01, -1.293023665769102090e-02
7.964999999999974989e+01, -1.296123017436334908e-02
7.974999999999974420e+01, -1.299230398123680380e-02
7.984999999999973852e+01, -1.302345826874900907e-02
7.994999999999973284e+01, -1.305469322757901382e-02
8.004999999999972715e+01, -1.308600904864619385e-02
8.014999999999972147e+01, -1.311740592310910516e-02
8.024999999999971578e+01, -1.314888404236435465e-02
8.034999999999971010e+01, -1.318044359804543784e-02
8.044999999999970441e+01, -1.321208478202158532e-02
8.054999999999969873e+01, -1.324380778639657787e-02
8.064999999999969305e+01, -1.327561280350755823e-02
8.074999999999968736e+01, -1.330750002592384629e-02
8.084999999999968168e+01, -1.333946964644571777e-02
8.094999999999967599e+01, -1.337152185810318999e-02
8.104999999999967031e+01, -1.340365685415479541e-02
8.114999999999966462e+01, -1.343587482808632216e-02
8.124999999999965894e+01, -1.346817597360957554e-02
8.134999999999965326e+01, -1.350056048466110291e-02
8.144999999999964757e+01, -1.353302855540092567e-02
8.154999999999964189e+01, -1.356558038021123819e-02
8.164999999999963620e+01, -1.359821615369512758e-02
8.174999999999963052e+01, -1.363093607067523277e-02
8.184999999999962483e+01, -1.366374032619245213e-02
8.194999999999961915e+01, -1.369662911550458689e-02
8.204999999999961346e+01, -1.372960263408500720e-02
8.214999999999960778e+01, -1.376266107762128682e-02
8.224999999999960210e+01, -1.379580464201383624e-02
8.234999999999959641e+01, -1.382903352337452353e-02
8.244999999999959073e+01, -1.386234791802527962e-02
8.254999999999958504e+01, -1.389574802249669665e-02
8.264999999999957936e+01, -1.392923403352660031e-02
8.274999999999957367e+01, -1.396280614805863254e-02
8.284999999999956799e+01, -1.399646456324081696e-02
8.294999999999956231e+01, -1.403020947642408429e-02
8.304999999999955662e+01, -1.406404108516083086e-02
8.314999999999955094e+01, -1.409795958720344404e-02
8.324999999999954525e+01, -1.413196518050279307e-02
8.334999999999953957e+01, -1.416605806320675107e-02
8.344999999999953388e+01, -1.420023843365867192e-02
8.354999999999952820e+01, -1.423450649039587242e-02
8.364999999999952252e+01, -1.426886243214809703e-02
8.374999999999951683e+01, -1.430330645783596186e-02
8.384999999999951115e+01, -1.433783876656940896e-02
8.394999999999950546e+01, -1.437245955764612781e-02
8.404999999999949978e+01, -1.440716903054998360e-02
8.414999999999949409e+01, -1.444196738494938834e-02
8.424999999999948841e+01, -1.447685482069574307e-02
8.434999999999948272e+01, -1.451183153782177084e-02
8.444999999999947704e+01, -1.454689773653991547e-02
8.454999999999947136e+01, -1.458205361724069019e-02
8.464999999999946567e+01, -1.461729938049101049e-02
8.474999999999945999e+01, -1.465263522703254447e-02
8.484999999999945430e+01, -1.468806135778001967e-02
8.494999999999944862e+01, -1.472357797381953527e-02
8.504999999999944293e+01, -1.475918527640684985e-02
8.514999999999943725e+01, -1.479488346696567272e-02
8.524999999999943157e+01, -1.483067274708594480e-02
8.534999999999942588e+01, -1.486655331852206746e-02
8.544999999999942020e+01, -1.490252538319116783e-02
8.554999999999941451e+01, -1.493858914317133975e-02
8.564999999999940883e+01, -1.497474480069985181e-02
8.574999999999940314e+01, -1.501099307471220716e-02
8.584999999999939746e+01, -1.504733510783497902e-02
8.594999999999939178e+01, -1.508377189201787205e-02
8.604999999999938609e+01, -1.512030442410702835e-02
8.614999999999938041e+01, -1.515693353498297896e-02
8.624999999999937472e+01, -1.519365964680451965e-02
8.634999999999936904e+01, -1.523048298618252111e-02
8.644999999999936335e+01, -1.526740377995665365e-02
8.654999999999935767e+01, -1.530442225519347034e-02
8.664999999999935199e+01, -1.534153863918442592e-02
8.674999999999934630e+01, -1.537875315944391141e-02
8.684999999999934062e+01, -1.541606604370727128e-02
8.694999999999933493e+01, -1.545347751992879812e-02
8.704999999999932925e+01, -1.549098781627970822e-02
8.714999999999932356e+01, -1.552859716114611544e-02
8.724999999999931788e+01, -1.556630578312697896e-02
8.734999999999931219e+01, -1.560411391103202691e-02
8.744999999999930651e+01, -1.564202177387969198e-02
8.754999999999930083e+01, -1.568002960089501241e-02
8.764999999999929514e+01, -1.571813762150750873e-02
8.774999999999928946e+01, -1.575634606534906390e-02
8.784999999999928377e+01, -1.579465516225177918e-02
8.794999999999927809e+01, -1.583306514224580575e-02
8.804999999999927240e+01, -1.587157623555720057e-02
8.814999999999926672e+01, -1.591018867260569208e-02
8.824999999999926104e+01, -1.594890268400250138e-02
8.834999999999925535e+01, -1.598771850054812177e-02
8.844999999999924967e+01, -1.602663635323005667e-02
8.854999999999924398e+01, -1.606565647322059920e-02
8.864999999999923830e+01, -1.610477909187453191e-02
8.874999999999923261e+01, -1.614400444072686472e-02
8.884999999999922693e+01, -1.618333275149051731e-02
8.894999999999922125e+01, -1.622276425605400849e-02
8.904999999999921556e+01, -1.626229918647913858e-02
8.914999999999920988e+01, -1.630193777499859900e-02
8.924999999999920419e+01, -1.634168025401365812e-02
8.934999999999919851e+01, -1.638152685609173959e-02
8.944999999999919282e+01, -1.642147781396404924e-02
8.954999999999918714e+01, -1.646153336052316035e-02
8.964999999999918145e+01, -1.650169372882056423e-02
8.974999999999917577e+01, -1.654195915206425893e-02
8.984999999999917009e+01, -1.658232986361626513e-02
8.994999999999916440e+01, -1.662280609699014894e-02
9.004999999999915872e+01, -1.666338808584853781e-02
9.014999999999915303e+01, -1.670407606400062597e-02
9.024999999999914735e+01, -1.674487026539961745e-02
9.034999999999914166e+01, -1.678577092414021074e-02
9.044999999999913598e+01, -1.682677827445603486e-02
9.054999999999913030e+01, -1.686789255071707155e-02
9.064999999999912461e+01, -1.690911398742707752e-02
9.074999999999911893e+01, -1.695044281922097190e-02
9.084999999999911324e+01, -1.699187928086222377e-02
9.094999999999910756e+01, -1.703342360724019455e-02
9.104999999999910187e+01, -1.707507603336751861e-02
9.114999999999909619e+01, -1.711683679437740399e-02
9.124999999999909051e+01, -1.715870612552097482e-02
9.134999999999908482e+01, -1.720068426216454435e-02
9.144999999999907914e+01, -1.724277143978692264e-02
9.154999999999907345e+01, -1.728496789397665143e-02
9.164999999999906777e+01, -1.732727386042930834e-02
9.174999999999906208e+01, -1.736968957494467933e-02
9.184999999999905640e+01, -1.741221527342403513e-02
9.194999999999905071e+01, -1.745485119186729328e-02
9.204999999999904503e+01, -1.749759756637022518e-02
9.214999999999903935e+01, -1.754045463312163544e-02
9.224999999999903366e+01, -1.758342262840048922e-02
9.234999999999902798e+01, -1.762650178857308458e-02
9.244999999999902229e+01, -1.766969235009015204e-02
9.254999999999901661e+01, -1.771299454948397495e-02
9.264999999999901092e+01, -1.775640862336548206e-02
9.274999999999900524e+01, -1.779993480842131243e-02
9.284999999999899956e+01, -1.784357334141089407e-02
9.294999999999899387e+01, -1.788732445916347072e-02
9.304999999999898819e+01, -1.793118839857513538e-02
9.314999999999898250e+01, -1.797516539660585361e-02
9.324999999999897682e+01, -1.801925569027645196e-02
9.334999999999897113e+01, -1.806345951666559618e-02
9.344999999999896545e+01, -1.810777711290676578e-02
9.354999999999895977e+01, -1.815220871618519402e-02
9.364999999999895408e+01, -1.819675456373481826e-02
9.374999999999894840e+01, -1.824141489283517825e-02
9.384999999999894271e+01, -1.828618994080832838e-02
9.394999999999893703e+01, -1.833107994501573246e-02
9.404999999999893134e+01, -1.837608514285512043e-02
9.414999999999892566e+01, -1.842120577175736240e-02
9.424999999999891998e+01, -1.846644206918330103e-02
9.434999999999891429e+01, -1.851179427262055616e-02
9.444999999999890861e+01, -1.855726261958037457e-02
9.454999999999890292e+01, -1.860284734759439992e-02
9.464999999999889724e+01, -1.864854869421144618e-02
9.474999999999889155e+01, -1.869436689699427792e-02
9.484999999999888587e+01, -1.874030219351635607e-02
9.494999999999888018e+01, -1.878635482135855225e-02
9.504999999999887450e+01, -1.883252501810589105e-02
9.514999999999886882e+01, -1.887881302134424358e-02
9.524999999999886313e+01, -1.892521906865700029e-02
9.534999999999885745e+01, -1.897174339762176809e-02
9.544999999999885176e+01, -1.901838624580700493e-02
9.554999999999884608e+01, -1.906514785076867877e-02
9.564999999999884039e+01, -1.911202845004689871e-02
9.574999999999883471e+01, -1.915902828116249068e-02
9.584999999999882903e+01, -1.920614758161363206e-02
9.594999999999882334e+01, -1.925338658887243426e-02
9.604999999999881766e+01, -1.930074554038148024e-02
9.614999999999881197e+01, -1.934822467355040709e-02
9.624999999999880629e+01, -1.939582422575242271e-02
9.634999999999880060e+01, -1.944354443432083634e-02
9.644999999999879492e+01, -1.949138553654558570e-02
9.654999999999878924e+01, -1.953934776966969461e-02
9.664999999999878355e+01, -1.958743137088578626e-02
9.674999999999877787e+01, -1.963563657733253046e-02
9.684999999999877218e+01, -1.968396362609109787e-02
9.694999999999876650e+01, -1.973241275418159343e-02
9.704999999999876081e+01, -1.978098419855948975e-02
9.714999999999875513e+01, -1.982967819611201193e-02
9.724999999999874944e+01, -1.987849498365456755e-02
9.734999999999874376e+01, -1.992743479792710021e-02
9.744999999999873808e+01, -1.997649787559043627e-02
9.754999999999873239e+01, -2.002568445322270088e-02
9.764999999999872671e+01, -2.007499476731559179e-02
9.774999999999872102e+01, -2.012442905427071563e-02
9.784999999999871534e+01, -2.017398755039593455e-02
9.794999999999870965e+01, -2.022367049190162275e-02
9.804999999999870397e+01, -2.027347811489696797e-02
9.814999999999869829e+01, -2.032341065538623495e-02
9.824999999999869260e+01, -2.037346834926502190e-02
9.834999999999868692e+01, -2.042365143231651692e-02
9.844999999999868123e+01, -2.047396014020768859e-02
9.854999999999867555e+01, -2.052439470848553896e-02
9.864999999999866986e+01, -2.057495537257329754e-02
9.874999999999866418e+01, -2.062564236776660495e-02
9.884999999999865850e+01, -2.067645592922968956e-02
9.894999999999865281e+01, -2.072739629199153721e-02
9.904999999999864713e+01, -2.077846369094203671e-02
9.914999999999864144e+01, -2.082965836082810093e-02
9.924999999999863576e+01, -2.088098053624984352e-02
9.934999999999863007e+01, -2.093243045165661328e-02
9.944999999999862439e+01, -2.098400834134318133e-02
9.954999999999861870e+01, -2.103571443944575459e-02
9.964999999999861302e+01, -2.108754897993808664e-02
9.974999999999860734e+01, -2.113951219662754330e-02
9.984999999999860165e+01, -2.119160432315114057e-02
9.994999999999859597e+01, -2.124382559297158246e-02
1.000499999999985903e+02, -2.129617623937330936e-02
1.001499999999985846e+02, -2.134865649545847691e-02
1.002499999999985789e+02, -2.140126659414298346e-02
1.003499999999985732e+02, -2.145400676815245600e-02
1.004499999999985675e+02, -2.150687725001823591e-02
1.005499999999985619e+02, -2.155987827207332674e-02
1.006499999999985562e+02, -2.161301006644837999e-02
1.007499999999985505e+02, -2.166627286506760466e-02
1.008499999999985448e+02, -2.171966689964475658e-02
1.009499999999985391e+02, -2.177319240167898545e-02
1.010499999999985334e+02, -2.182684960245080685e-02
1.011499999999985278e+02, -2.188063873301800133e-02
1.012499999999985221e+02, -2.193456002421144760e-02
1.013499999999985164e+02, -2.198861370663108411e-02
1.014499999999985107e+02, -2.204280001064170755e-02
1.015499999999985050e+02, -2.209711916636885806e-02
1.016499999999984993e+02, -2.215157140369469757e-02
1.017499999999984936e+02, -2.220615695225379785e-02
1.018499999999984880e+02, -2.226087604142899801e-02
1.019499999999984823e+02, -2.231572890034720646e-02
1.020499999999984766e+02, -2.237071575787521679e-02
1.021499999999984709e+02, -2.242583684261553051e-02
1.022499999999984652e+02, -2.248109238290207923e-02
1.023499999999984595e+02, -2.253648260679608911e-02
1.024499999999984539e+02, -2.259200774208177873e-02
1.025499999999984482e+02, -2.264766801626216103e-02
1.026499999999984425e+02, -2.270346365655477941e-02
1.027499999999984368e+02, -2.275939488988744375e-02
1.028499999999984311e+02, -2.281546194289398033e-02
1.029499999999984254e+02, -2.287166504190994709e-02
1.030499999999984198e+02, -2.292800441296834885e-02
1.031499999999984141e+02, -2.298448028179533170e-02
1.032499999999984084e+02, -2.304109287380592952e-02
1.033499999999984027e+02, -2.309784241409969241e-02
1.034499999999983970e+02, -2.315472912745641237e-02
1.035499999999983913e+02, -2.321175323833176568e-02
1.036499999999983856e+02, -2.326891497085301075e-02
1.037499999999983800e+02, -2.332621454881462705e-02
1.038499999999983743e+02, -2.338365219567398179e-02
1.039499999999983686e+02, -2.344122813454694795e-02
1.040499999999983629e+02, -2.349894258820357448e-02
1.041499999999983572e+02, -2.355679577906368005e-02
1.042499999999983515e+02, -2.361478792919250586e-02
1.043499999999983459e+02, -2.367291926029630594e-02
1.044499999999983402e+02, -2.373118999371798959e-02
1.045499999999983345e+02, -2.378960035043267002e-02
1.046499999999983288e+02, -2.384815055104331366e-02
1.047499999999983231e+02, -2.390684081577629932e-02
1.048499999999983174e+02, -2.396567136447701196e-02
1.049499999999983118e+02, -2.402464241660541913e-02
1.050499999999983061e+02, -2.408375419123162664e-02
1.051499999999983004e+02, -2.414300690703146887e-02
1.052499999999982947e+02, -2.420240078228205055e-02
1.053499999999982890e+02, -2.426193603485730932e-02
1.054499999999982833e+02, -2.432161288222355749e-02
1.055499999999982776e+02, -2.438143154143503424e-02
1.056499999999982720e+02, -2.444139222912943693e-02
1.057499999999982663e+02, -2.450149516152346635e-02
1.058499999999982606e+02, -2.456174055440834419e-02
1.059499999999982549e+02, -2.462212862314534789e-02
1.060499999999982492e+02, -2.468265958266133153e-02
1.061499999999982435e+02, -2.474333364744421213e-02
1.062499999999982379e+02, -2.480415103153853565e-02
1.063499999999982322e+02, -2.486511194854095635e-02
1.064499999999982265e+02, -2.492621661159572649e-02
1.065499999999982208e+02, -2.498746536212744646e-02
1.066499999999982151e+02, -2.504886120900264718e-02
1.067499999999982094e+02, -2.511040656096012041e-02
1.068499999999982037e+02, -2.517210381953950346e-02
1.069499999999981981e+02, -2.523395539912776098e-02
1.070499999999981924e+02, -2.529596259995267257e-02
1.071499999999981867e+02, -2.535812581256843487e-02
1.072499999999981810e+02, -2.542044531169553381e-02
1.073499999999981753e+02, -2.548292137169972174e-02
1.074499999999981696e+02, -2.554555426658635178e-02
1.075499999999981640e+02, -2.560834426999473307e-02
1.076499999999981583e+02, -2.567129165519243389e-02
1.077499999999981526e+02, -2.573439669506955019e-02
1.078499999999981469e+02, -2.579765966213302258e-02
1.079499999999981412e+02, -2.586108082850091180e-02
1.080499999999981355e+02, -2.592466046589662551e-02
1.081499999999981299e+02, -2.598839884564322494e-02
1.082499999999981242e+02, -2.605229623865760319e-02
1.083499999999981185e+02, -2.611635291544476753e-02
1.084499999999981128e+02, -2.618056914609202118e-02
1.085499999999981071e+02, -2.624494520026316585e-02
1.086499999999981014e+02, -2.630948134719271816e-02
1.087499999999980957e+02, -2.637417785568009487e-02
1.088499999999980901e+02, -2.643903499408375296e-02
1.089499999999980844e+02, -2.650405303031539220e-02
1.090499999999980787e+02, -2.656923223183408483e-02
1.091499999999980730e+02, -2.663457286564042958e-02
1.092499999999980673e+02, -2.670007519827067438e-02
1.093499999999980616e+02, -2.676573949579086689e-02
1.094499999999980560e+02, -2.683156602379092870e-02
1.095499999999980503e+02, -2.689755504737879888e-02
1.096499999999980446e+02, -2.696370683117452205e-02
1.097499999999980389e+02, -2.703002163930433993e-02
1.098499999999980332e+02, -2.709649973539475509e-02
1.099499999999980275e+02, -2.716314138256662250e-02
1.100499999999980218e+02, -2.722994684342921676e-02
1.101499999999980162e+02, -2.729691638007427507e-02
1.102499999999980105e+02, -2.736405025407006447e-02
1.103499999999980048e+02, -2.743134872645541789e-02
1.104499999999979991e+02, -2.749881205773377357e-02
1.105499999999979934e+02, -2.756644050786720423e-02
1.106499999999979877e+02, -2.763423433627042874e-02
1.107499999999979821e+02, -2.770219380180485511e-02
1.108499999999979764e+02, -2.777031916277257831e-02
1.109499999999979707e+02, -2.783861067691037472e-02
1.110499999999979650e+02, -2.790706860138373810e-02
1.111499999999979593e+02, -2.797569319278082542e-02
1.112499999999979536e+02, -2.804448470710650676e-02
1.113499999999979480e+02, -2.811344339977629031e-02
1.114499999999979423e+02, -2.818256952561035145e-02
1.115499999999979366e+02, -2.825186333882747855e-02
1.116499999999979309e+02, -2.832132509303908474e-02
1.117499999999979252e+02, -2.839095504124312941e-02
1.118499999999979195e+02, -2.846075343581810912e-02
1.119499999999979138e+02, -2.853072052851704163e-02
1.120499999999979082e+02, -2.860085657046138041e-02
1.121499999999979025e+02, -2.867116181213501952e-02
1.122499999999978968e+02, -2.874163650337819426e-02
1.123499999999978911e+02, -2.881228089338150680e-02
1.124499999999978854e+02, -2.888309523067979917e-02
1.125499999999978797e+02, -2.895407976314615800e-02
1.126499999999978741e+02, -2.902523473798585690e-02
1.127499999999978684e+02, -2.909656040173026759e-02
1.128499999999978627e+02, -2.916805700023085771e-02
1.129499999999978570e+02, -2.923972477865308464e-02
1.130499999999978513e+02, -2.931156398147037601e-02
1.131499999999978456e+02, -2.938357485245806505e-02
1.132499999999978400e+02, -2.945575763468734343e-02
1.133499999999978343e+02, -2.952811257051920699e-02
1.134499999999978286e+02, -2.960063990159836692e-02
1.135499999999978229e+02, -2.967333986884725452e-02
1.136499999999978172e+02, -2.974621271245994278e-02
1.137499999999978115e+02, -2.981925867189610946e-02
1.138499999999978058e+02, -2.989247798587494828e-02
1.139499999999978002e+02, -2.996587089236918411e-02
1.140499999999977945e+02, -3.003943762859899447e-02
1.141499999999977888e+02, -3.011317843102599354e-02
1.142499999999977831e+02, -3.018709353534717102e-02
1.143499999999977774e+02, -3.026118317648887265e-02
1.144499999999977717e+02, -3.033544758860075991e-02
1.145499999999977661e+02, -3.040988700504980088e-02
1.146499999999977604e+02, -3.048450165841426820e-02
1.147499999999977547e+02, -3.055929178047765704e-02
1.148499999999977490e+02, -3.063425760222273850e-02
1.149499999999977433e+02, -3.070939935382553665e-02
1.150499999999977376e+02, -3.078471726464928476e-02
1.151499999999977319e+02, -3.086021156323849601e-02
1.152499999999977263e+02, -3.093588247731293706e-02
1.153499999999977206e+02, -3.101173023376162588e-02
1.154499999999977149e+02, -3.108775505863690600e-02
1.155499999999977092e+02, -3.116395717714845470e-02
1.156499999999977035e+02, -3.124033681365728093e-02
1.157499999999976978e+02, -3.131689419166984456e-02
1.158499999999976922e+02, -3.139362953383205423e-02
1.159499999999976865e+02, -3.147054306192332424e-02
1.160499999999976808e+02, -3.154763499685069722e-02
1.161499999999976751e+02, -3.162490555864284902e-02
1.162499999999976694e+02, -3.170235496644425999e-02
1.163499999999976637e+02, -3.177998343850921975e-02
1.164499999999976581e+02, -3.185779119219600553e-02
1.165499999999976524e+02, -3.193577844396094934e-02
1.166499999999976467e+02, -3.201394540935259547e-02
1.167499999999976410e+02, -3.209229230300581631e-02
1.168499999999976353e+02, -3.217081933863597670e-02
1.169499999999976296e+02, -3.224952672903307754e-02
1.170499999999976239e+02, -3.232841468605591323e-02
1.171499999999976183e+02, -3.240748342062629156e-02
1.172499999999976126e+02, -3.248673314272320506e-02
1.173499999999976069e+02, -3.256616406137700925e-02
1.174499999999976012e+02, -3.264577638466369114e-02
1.175499999999975955e+02, -3.272557031969907521e-02
1.176499999999975898e+02, -3.280554607263303640e-02
1.177499999999975842e+02, -3.288570384864382412e-02
1.178499999999975785e+02, -3.296604385193226822e-02
1.179499999999975728e+02, -3.304656628571613075e-02
1.180499999999975671e+02, -3.312727135222432590e-02
1.181499999999975614e+02, -3.320815925269131330e-02
1.182499999999975557e+02, -3.328923018735136657e-02
1.183499999999975500e+02, -3.337048435543297359e-02
1.184499999999975444e+02, -3.345192195515313965e-02
1.185499999999975387e+02, -3.353354318371182946e-02
1.186499999999975330e+02, -3.361534823728627719e-02
1.187499999999975273e+02, -3.369733731102549090e-02
1.188499999999975216e+02, -3.377951059904461817e-02
1.189499999999975159e+02, -3.386186829441938106e-02
1.190499999999975103e+02, -3.394441058918058751e-02
1.191499999999975046e+02, -3.402713767430858710e-02
1.192499999999974989e+02, -3.411004973972775467e-02
1.193499999999974932e+02, -3.419314697430103633e-02
1.194499999999974875e+02, -3.427642956582442613e-02
1.195499999999974818e+02, -3.435989770102162999e-02
1.196499999999974762e+02, -3.444355156553850772e-02
1.197499999999974705e+02, -3.452739134393776471e-02
1.198499999999974648e+02, -3.461141721969353963e-02
1.199499999999974591e+02, -3.469562937518599899e-02
1.200499999999974534e+02, -3.478002799169604975e-02
1.201499999999974477e+02, -3.486461324939996165e-02
1.202499999999974420e+02, -3.494938532736412834e-02
1.203499999999974364e+02, -3.503434440353970364e-02
1.204499999999974307e+02, -3.511949065475742510e-02
1.205499999999974250e+02, -3.520482425672231269e-02
1.206499999999974193e+02, -3.529034538400849935e-02
1.207499999999974136e+02, -3.537605421005398515e-02
1.208499999999974079e+02, -3.546195090715554415e-02
1.209499999999974023e+02, -3.554803564646350639e-02
1.210499999999973966e+02, -3.563430859797667161e-02
1.211499999999973909e+02, -3.572076993053721616e-02
1.212499999999973852e+02, -3.580741981182559291e-02
1.213499999999973795e+02, -3.589425840835551440e-02
1.214499999999973738e+02, -3.598128588546890133e-02
1.215499999999973681e+02, -3.606850240733090740e-02
1.216499999999973625e+02, -3.615590813692491634e-02
1.217499999999973568e+02, -3.624350323604762919e-02
1.218499999999973511e+02, -3.633128786530410992e-02
1.219499999999973454e+02, -3.641926218410294208e-02
1.220499999999973397e+02, -3.650742635065128139e-02
1.221499999999973340e+02, -3.659578052195007480e-02
1.222499999999973284e+02, -3.668432485378923802e-02
1.223499999999973227e+02, -3.677305950074285373e-02
1.224499999999973170e+02, -3.686198461616442545e-02
1.225499999999973113e+02, -3.695110035218214517e-02
1.226499999999973056e+02, -3.704040685969418184e-02
1.227499999999972999e+02, -3.712990428836403234e-02
1.228499999999972943e+02, -3.721959278661583770e-02
1.229499999999972886e+02, -3.730947250162980344e-02
1.230499999999972829e+02, -3.739954357933761991e-02
1.231499999999972772e+02, -3.748980700868512900e-02
1.232499999999972715e+02, -3.758026783358065642e-02
1.233499999999972658e+02, -3.767092987260496628e-02
1.234499999999972601e+02, -3.776179696456019586e-02
1.235499999999972545e+02, -3.785287280179804037e-02
1.236499999999972488e+02, -3.794415895253405030e-02
1.237499999999972431e+02, -3.803565565911572188e-02
1.238499999999972374e+02, -3.812736316269002557e-02
1.239499999999972317e+02, -3.821928170319612017e-02
1.240499999999972260e+02, -3.831141151935821970e-02
1.241499999999972204e+02, -3.840375284867833527e-02
1.242499999999972147e+02, -3.849630592742919050e-02
1.243499999999972090e+02, -3.858907099064703278e-02
1.244499999999972033e+02, -3.868204827212454178e-02
1.245499999999971976e+02, -3.877523800440370316e-02
1.246499999999971919e+02, -3.886864041876875175e-02
1.247499999999971863e+02, -3.896225574523913548e-02
1.248499999999971806e+02, -3.905608421256243773e-02
1.249499999999971749e+02, -3.915012604820741066e-02
1.250499999999971692e+02, -3.924438147835697388e-02
1.251499999999971635e+02, -3.933885072790126863e-02
1.252499999999971578e+02, -3.943353402043069805e-02
1.253499999999971521e+02, -3.952843157822906461e-02
1.254499999999971465e+02, -3.962354362226665205e-02
1.255499999999971408e+02, -3.971887037219332811e-02
1.256499999999971351e+02, -3.981441204633182074e-02
1.257499999999971294e+02, -3.991016886167082778e-02
1.258499999999971237e+02, -4.000614103385820991e-02
1.259499999999971180e+02, -4.010232877719435707e-02
1.260499999999971124e+02, -4.019873230462538832e-02
1.261499999999971067e+02, -4.029535182773642810e-02
1.262499999999971010e+02, -4.039218755674502809e-02
1.263499999999970953e+02, -4.048923970049445736e-02
1.264499999999970896e+02, -4.058650846644712429e-02
1.265499999999970839e+02, -4.068399406067803314e-02
1.266499999999970782e+02, -4.078169668786816443e-02
1.267499999999970726e+02, -4.087961655129801475e-02
1.268499999999970669e+02, -4.097775385284111588e-02
1.269499999999970612e+02, -4.107610879295755385e-02
1.270499999999970555e+02, -4.117468157068755741e-02
1.271499999999970498e+02, -4.127347238364512116e-02
1.272499999999970441e+02, -4.137248142801164263e-02
1.273499999999970385e+02, -4.147170889852964254e-02
1.274499999999970328e+02, -4.157115498849637408e-02
1.275499999999970271e+02, -4.167081988975770979e-02
1.276499999999970214e+02, -4.177070379270181322e-02
1.277499999999970157e+02, -4.187080688625299113e-02
1.278499999999970100e+02, -4.197112935786556642e-02
1.279499999999970044e+02, -4.207167139351775109e-02
1.280499999999969987e+02, -4.217243317770558858e-02
1.281499999999969930e+02, -4.227341489343685449e-02
1.282499999999969873e+02, -4.237461672222514464e-02
1.283499999999969816e+02, -4.247603884408383129e-02
1.284499999999969759e+02, -4.257768143752019979e-02
1.285499999999969702e+02, -4.267954467952952968e-02
1.286499999999969646e+02, -4.278162874558923828e-02
1.287499999999969589e+02, -4.288393380965308671e-02
1.288499999999969532e+02, -4.298646004414542060e-02
1.289499999999969475e+02, -4.308920761995541082e-02
1.290499999999969418e+02, -4.319217670643137746e-02
1.291499999999969361e+02, -4.329536747137513464e-02
1.292499999999969305e+02, -4.339878008103641854e-02
1.293499999999969248e+02, -4.350241470010725309e-02
1.294499999999969191e+02, -4.360627149171646122e-02
1.295499999999969134e+02, -4.371035061742421790e-02
1.296499999999969077e+02, -4.381465223721653368e-02
1.297499999999969020e+02, -4.391917650949991175e-02
1.298499999999968963e+02, -4.402392359109598419e-02
1.299499999999968907e+02, -4.412889363723618286e-02
1.300499999999968850e+02, -4.423408680155649364e-02
1.301499999999968793e+02, -4.433950323609222449e-02
1.302499999999968736e+02, -4.444514309127280127e-02
1.303499999999968679e+02, -4.455100651591668848e-02
1.304499999999968622e+02, -4.465709365722628221e-02
1.305499999999968566e+02, -4.476340466078283092e-02
1.306499999999968509e+02, -4.486993967054149490e-02
1.307499999999968452e+02, -4.497669882882637804e-02
1.308499999999968395e+02, -4.508368227632558733e-02
1.309499999999968338e+02, -4.519089015208644505e-02
1.310499999999968281e+02, -4.529832259351064538e-02
1.311499999999968225e+02, -4.540597973634945272e-02
1.312499999999968168e+02, -4.551386171469912201e-02
1.313499999999968111e+02, -4.562196866099606229e-02
1.314499999999968054e+02, -4.573030070601237507e-02
1.315499999999967997e+02, -4.583885797885118435e-02
1.316499999999967940e+02, -4.594764060694220276e-02
1.317499999999967883e+02, -4.605664871603718652e-02
1.318499999999967827e+02, -4.616588243020560561e-02
1.319499999999967770e+02, -4.627534187183020287e-02
1.320499999999967713e+02, -4.638502716160271960e-02
1.321499999999967656e+02, -4.649493841851963516e-02
1.322499999999967599e+02, -4.660507575987793416e-02
1.323499999999967542e+02, -4.671543930127099870e-02
1.324499999999967486e+02, -4.682602915658440335e-02
1.325499999999967429e+02, -4.693684543799199471e-02
1.326499999999967372e+02, -4.704788825595174195e-02
1.327499999999967315e+02, -4.715915771920192040e-02
1.328499999999967258e+02, -4.727065393475712168e-02
1.329499999999967201e+02, -4.738237700790445817e-02
1.330499999999967145e+02, -4.749432704219976042e-02
1.331499999999967088e+02, -4.760650413946386494e-02
1.332499999999967031e+02, -4.771890839977887405e-02
1.333499999999966974e+02, -4.783153992148461708e-02
1.334499999999966917e+02, -4.794439880117497971e-02
1.335499999999966860e+02, -4.805748513369448999e-02
1.336499999999966803e+02, -4.817079901213475179e-02
1.337499999999966747e+02, -4.828434052783118352e-02
1.338499999999966690e+02, -4.839810977035951395e-02
1.339499999999966633e+02, -4.851210682753256953e-02
1.340499999999966576e+02, -4.862633178539704781e-02
1.341499999999966519e+02, -4.874078472823031166e-02
1.342499999999966462e+02, -4.885546573853726676e-02
1.343499999999966406e+02, -4.897037489704731544e-02
1.344499999999966349e+02, -4.908551228271131051e-02
1.345499999999966292e+02, -4.920087797269864782e-02
1.346499999999966235e+02, -4.931647204239437976e-02
1.347499999999966178e+02, -4.943229456539629391e-02
1.348499999999966121e+02, -4.954834561351227629e-02
1.349499999999966064e+02, -4.966462525675744560e-02
1.350499999999966008e+02, -4.978113356335159279e-02
1.351499999999965951e+02, -4.989787059971656502e-02
1.352499999999965894e+02, -5.001483643047369837e-02
1.353499999999965837e+02, -5.013203111844132670e-02
1.354499999999965780e+02, -5.024945472463240859e-02
1.355499999999965723e+02, -5.036710730825212645e-02
1.356499999999965667e+02, -5.048498892669558979e-02
1.357499999999965610e+02, -5.060309963554558699e-02
1.358499999999965553e+02, -5.072143948857042034e-02
1.359499999999965496e+02, -5.084000853772174811e-02
1.360499999999965439e+02, -5.095880683313257220e-02
1.361499999999965382e+02, -5.107783442311518429e-02
1.362499999999965326e+02, -5.119709135415927842e-02
1.363499999999965269e+02, -5.131657767093001504e-02
1.364499999999965212e+02, -5.143629341626620305e-02
1.365499999999965155e+02, -5.155623863117864136e-02
1.366499999999965098e+02, -5.167641342421082362e-02
1.367499999999965041e+02, -5.179682261865040105e-02
1.368499999999964984e+02, -5.191747064790971228e-02
1.369499999999964928e+02, -5.203836177866622004e-02
1.370499999999964871e+02, -5.215950029877854111e-02
1.371499999999964814e+02, -5.228088873317458807e-02
1.372499999999964757e+02, -5.240252770661666532e-02
1.373499999999964700e+02, -5.252441735808564133e-02
1.374499999999964643e+02, -5.264655782468502521e-02
1.375499999999964587e+02, -5.276894924163622047e-02
1.376499999999964530e+02, -5.289159174227388294e-02
1.377499999999964473e+02, -5.301448545804124390e-02
1.378499999999964416e+02, -5.313763051848566926e-02
1.379499999999964359e+02, -5.326102705125409370e-02
1.380499999999964302e+02, -5.338467518208860757e-02
1.381499999999964245e+02, -5.350857503482211314e-02
1.382499999999964189e+02, -5.363272673137402247e-02
1.383499999999964132e+02, -5.375713039174598307e-02
1.384499999999964075e+02, -5.388178613401773537e-02
1.385499999999964018e+02, -5.400669407434297020e-02
1.386499999999963961e+02, -5.413185432694525567e-02
1.387499999999963904e+02, -5.425726700411410974e-02
1.388499999999963848e+02, -5.438293221620097567e-02
1.389499999999963791e+02, -5.450885007161548196e-02
1.390499999999963734e+02, -5.463502067682146635e-02
1.391499999999963677e+02, -5.476144413633341618e-02
1.392499999999963620e+02, -5.488812055271265200e-02
1.393499999999963563e+02, -5.501505002656381649e-02
1.394499999999963507e+02, -5.514223265653125927e-02
1.395499999999963450e+02, -5.526966853929560219e-02
1.396499999999963393e+02, -5.539735776957029068e-02
1.397499999999963336e+02, -5.552530044009824917e-02
1.398499999999963279e+02, -5.565349664164862681e-02
1.399499999999963222e+02, -5.578194646301358472e-02
1.400499999999963165e+02, -5.591064999100503474e-02
1.401499999999963109e+02, -5.603960731045172505e-02
1.402499999999963052e+02, -5.616881850419607608e-02
1.403499999999962995e+02, -5.629828365309132165e-02
1.404499999999962938e+02, -5.642800283599858080e-02
1.405499999999962881e+02, -5.655797612978402666e-02
1.406499999999962824e+02, -5.668820360931620117e-02
1.407499999999962768e+02, -5.681868534746326027e-02
1.408499999999962711e+02, -5.694942141509042044e-02
1.409499999999962654e+02, -5.708041188105739128e-02
1.410499999999962597e+02, -5.721165681221587057e-02
1.411499999999962540e+02, -5.734315627340719201e-02
1.412499999999962483e+02, -5.747491032745995210e-02
1.413499999999962427e+02, -5.760691903518776191e-02
1.414499999999962370e+02, -5.773918245538699895e-02
1.415499999999962313e+02, -5.787170064483475318e-02
1.416499999999962256e+02, -5.800447365828671764e-02
1.417499999999962199e+02, -5.813750154847516921e-02
1.418499999999962142e+02, -5.827078436610715756e-02
1.419499999999962085e+02, -5.840432215986252062e-02
1.420499999999962029e+02, -5.853811497639220540e-02
1.421499999999961972e+02, -5.867216286031647771e-02
1.422499999999961915e+02, -5.880646585422337480e-02
1.423499999999961858e+02, -5.894102399866707476e-02
1.424499999999961801e+02, -5.907583733216640459e-02
1.425499999999961744e+02, -5.921090589120339004e-02
1.426499999999961688e+02, -5.934622971022197879e-02
1.427499999999961631e+02, -5.948180882162669436e-02
1.428499999999961574e+02, -5.961764325578142870e-02
1.429499999999961517e+02, -5.975373304100833199e-02
1.430499999999961460e+02, -5.989007820358668160e-02
1.431499999999961403e+02, -6.002667876775197309e-02
1.432499999999961346e+02, -6.016353475569485854e-02
1.433499999999961290e+02, -6.030064618756049433e-02
1.434499999999961233e+02, -6.043801308144754886e-02
1.435499999999961176e+02, -6.057563545340759886e-02
1.436499999999961119e+02, -6.071351331744450491e-02
1.437499999999961062e+02, -6.085164668551376610e-02
1.438499999999961005e+02, -6.099003556752209676e-02
1.439499999999960949e+02, -6.112867997132698239e-02
1.440499999999960892e+02, -6.126757990273634658e-02
1.441499999999960835e+02, -6.140673536550817629e-02
1.442499999999960778e+02, -6.154614636135046640e-02
1.443499999999960721e+02, -6.168581288992094208e-02
1.444499999999960664e+02, -6.182573494882713516e-02
1.445499999999960608e+02, -6.196591253362624535e-02
1.446499999999960551e+02, -6.210634563782534839e-02
1.447499999999960494e+02, -6.224703425288150016e-02
1.448499999999960437e+02, -6.238797836820195175e-02
1.449499999999960380e+02, -6.252917797114447562e-02
1.450499999999960323e+02, -6.267063304701769866e-02
1.451499999999960266e+02, -6.281234357908162258e-02
1.452499999999960210e+02, -6.295430954854802641e-02
1.453499999999960153e+02, -6.309653093458117423e-02
1.454499999999960096e+02, -6.323900771429839807e-02
1.455499999999960039e+02, -6.338173986277084726e-02
1.456499999999959982e+02, -6.352472735302429341e-02
1.457499999999959925e+02, -6.366797015604006016e-02
1.458499999999959869e+02, -6.381146824075586976e-02
1.459499999999959812e+02, -6.395522157406693942e-02
1.460499999999959755e+02, -6.409923012082704985e-02
1.461499999999959698e+02, -6.424349384384972494e-02
1.462499999999959641e+02, -6.438801270390945297e-02
1.463499999999959584e+02, -6.453278665974299111e-02
1.464499999999959527e+02, -6.467781566805076710e-02
1.465499999999959471e+02, -6.482309968349828089e-02
1.466499999999959414e+02, -6.496863865871770061e-02
1.467499999999959357e+02, -6.511443254430938909e-02
1.468499999999959300e+02, -6.526048128884356925e-02
1.469499999999959243e+02, -6.540678483886216976e-02
1.470499999999959186e+02, -6.555334313888044884e-02
1.471499999999959130e+02, -6.570015613138899258e-02
1.472499999999959073e+02, -6.584722375685568563e-02
1.473499999999959016e+02, -6.599454595372761245e-02
1.474499999999958959e+02, -6.614212265843325000e-02
1.475499999999958902e+02, -6.628995380538457716e-02
1.476499999999958845e+02, -6.643803932697935066e-02
1.477499999999958789e+02, -6.658637915360327009e-02
1.478499999999958732e+02, -6.673497321363254520e-02
1.479499999999958675e+02, -6.688382143343617192e-02
1.480499999999958618e+02, -6.703292426415824456e-02
1.481499999999958561e+02, -6.718228819934597695e-02
1.482499999999958504e+02, -6.733191797780649357e-02
1.483499999999958447e+02, -6.748181836034977676e-02
1.484499999999958391e+02, -6.763199413009687855e-02
1.485499999999958334e+02, -6.778244724987196601e-02
1.486499999999958277e+02, -6.793317778151028441e-02
1.487499999999958220e+02, -6.808418575428343278e-02
1.488499999999958163e+02, -6.823547119535051941e-02
1.489499999999958106e+02, -6.838703412975767615e-02
1.490499999999958050e+02, -6.853887458043750325e-02
1.491499999999957993e+02, -6.869099256820872246e-02
1.492499999999957936e+02, -6.884338811177591333e-02
1.493499999999957879e+02, -6.899606122772916628e-02
1.494499999999957822e+02, -6.914901193054398543e-02
1.495499999999957765e+02, -6.930224023258121924e-02
1.496499999999957708e+02, -6.945574614408690783e-02
1.497499999999957652e+02, -6.960952967319251894e-02
1.498499999999957595e+02, -6.976359082591492011e-02
1.499499999999957538e+02, -6.991792960615669794e-02
1.500499999999957481e+02, -7.007254601570632457e-02
1.501499999999957424e+02, -7.022744005423857405e-02
1.502499999999957367e+02, -7.038261171931495253e-02
1.503499999999957311e+02, -7.053806100638417009e-02
1.504499999999957254e+02, -7.069378790878268204e-02
1.505499999999957197e+02, -7.084979241773542435e-02
1.506499999999957140e+02, -7.100607452235638273e-02
1.507499999999957083e+02, -7.116263420964956399e-02
1.508499999999957026e+02, -7.131947146450973163e-02
1.509499999999956970e+02, -7.147658626972334950e-02
1.510499999999956913e+02, -7.163397860596967814e-02
1.511499999999956856e+02, -7.179164845182181565e-02
1.512499999999956799e+02, -7.194959578374779396e-02
1.513499999999956742e+02, -7.210782057611189733e-02
1.514499999999956685e+02, -7.226632280117592511e-02
1.515499999999956628e+02, -7.242510242910066287e-02
1.516499999999956572e+02, -7.258415942794713138e-02
1.517499999999956515e+02, -7.274349376367827968e-02
1.518499999999956458e+02, -7.290310540016053942e-02
1.519499999999956401e+02, -7.306299429916549015e-02
1.520499999999956344e+02, -7.322316042037155248e-02
1.521499999999956287e+02, -7.338360372136591703e-02
1.522499999999956231e+02, -7.354432415764630693e-02
1.523499999999956174e+02, -7.370532168262300399e-02
1.524499999999956117e+02, -7.386659624762084708e-02
1.525499999999956060e+02, -7.402814780188135546e-02
1.526499999999956003e+02, -7.418997629256489368e-02
1.527499999999955946e+02, -7.435208166475296143e-02
1.528499999999955890e+02, -7.451446386145034462e-02
1.529499999999955833e+02, -7.467712282358775211e-02
1.530499999999955776e+02, -7.484005849002409172e-02
1.531499999999955719e+02, -7.500327079754900983e-02
1.532499999999955662e+02, -7.516675968088558368e-02
1.533499999999955605e+02, -7.533052507269291653e-02
1.534499999999955548e+02, -7.549456690356888544e-02
1.535499999999955492e+02, -7.565888510205294459e-02
1.536499999999955435e+02, -7.582347959462908127e-02
1.537499999999955378e+02, -7.598835030572863303e-02
1.538499999999955321e+02, -7.615349715773341022e-02
1.539499999999955264e+02, -7.631892007097873520e-02
1.540499999999955207e+02, -7.648461896375660651e-02
1.541499999999955151e+02, -7.665059375231891847e-02
1.542499999999955094e+02, -7.681684435088076413e-02
1.543499999999955037e+02, -7.698337067162380754e-02
1.544499999999954980e+02, -7.715017262469964221e-02
1.545499999999954923e+02, -7.731725011823338545e-02
1.546499999999954866e+02, -7.748460305832714778e-02
1.547499999999954809e+02, -7.765223134906373836e-02
1.548499999999954753e+02, -7.782013489251035643e-02
1.549499999999954696e+02, -7.798831358872224118e-02
1.550499999999954639e+02, -7.815676733574668245e-02
1.551499999999954582e+02, -7.832549602962673996e-02
1.552499999999954525e+02, -7.849449956440532339e-02
1.553499999999954468e+02, -7.866377783212917529e-02
1.554499999999954412e+02, -7.883333072285293730e-02
1.555499999999954355e+02, -7.900315812464336895e-02
1.556499999999954298e+02, -7.917325992358351106e-02
1.557499999999954241e+02, -7.934363600377698778e-02
1.558499999999954184e+02, -7.951428624735235040e-02
1.559499999999954127e+02, -7.968521053446753211e-02
1.560499999999954071e+02, -7.985640874331421946e-02
1.561499999999954014e+02, -8.002788075012245983e-02
1.562499999999953957e+02, -8.019962642916533824e-02
1.563499999999953900e+02, -8.037164565276341821e-02
1.564499999999953843e+02, -8.054393829128979332e-02
1.565499999999953786e+02, -8.071650421317444479e-02
1.566499999999953729e+02, -8.088934328490948733e-02
1.567499999999953673e+02, -8.106245537105385979e-02
1.568499999999953616e+02, -8.123584033423836281e-02
1.569499999999953559e+02, -8.140949803517061323e-02
1.570499999999953502e+02, -8.158342833264023430e-02
1.571499999999953445e+02, -8.175763108352392117e-02
1.572499999999953388e+02, -8.193210614279067272e-02
1.573499999999953332e+02, -8.210685336350707908e-02
1.574499999999953275e+02, -8.228187259684259514e-02
1.575499999999953218e+02, -8.245716369207496677e-02
1.576499999999953161e+02, -8.263272649659558766e-02
1.577499999999953104e+02, -8.280856085591510596e-02
1.578499999999953047e+02, -8.298466780239306673e-02
1.579499999999952990e+02, -8.316105739511374384e-02
1.580499999999952934e+02, -8.333773699450021388e-02
1.581499999999952877e+02, -8.351471399622859004e-02
1.582499999999952820e+02, -8.369199570765177565e-02
1.583499999999952763e+02, -8.386958500363392299e-02
1.584499999999952706e+02, -8.404748189818990467e-02
1.585499999999952649e+02, -8.422568640331781764e-02
1.586499999999952593e+02, -8.440419852900021835e-02
1.587499999999952536e+02, -8.458301828320537175e-02
1.588499999999952479e+02, -8.476214567188844473e-02
1.589499999999952422e+02, -8.494158069899304664e-02
1.590499999999952365e+02, -8.512132336645256148e-02
1.591499999999952308e+02, -8.530137367419157735e-02
1.592499999999952252e+02, -8.548173162012762116e-02
1.593499999999952195e+02, -8.566239720017268522e-02
1.594499999999952138e+02, -8.584337040823489251e-02
1.595499999999952081e+02, -8.602465123622039800e-02
1.596499999999952024e+02, -8.620623967403504007e-02
1.597499999999951967e+02, -8.638813570958628341e-02
1.598499999999951910e+02, -8.657033932878527294e-02
1.599499999999951854e+02, -8.675285051554876281e-02
1.600499999999951797e+02, -8.693566925180115645e-02
1.601499999999951740e+02, -8.711879551747674089e-02
1.602499999999951683e+02, -8.730222929052186553e-02
1.603499999999951626e+02, -8.748597054689714880e-02
1.604499999999951569e+02, -8.767001926057993444e-02
1.605499999999951513e+02, -8.785437540356663688e-02
1.606499999999951456e+02, -8.803903894587514212e-02
1.607499999999951399e+02, -8.822400985554737507e-02
1.608499999999951342e+02, -8.840928809865195026e-02
1.609499999999951285e+02, -8.859487363928672532e-02
1.610499999999951228e+02, -8.878076643958154879e-02
1.611499999999951172e+02, -8.896696645970104955e-02
1.612499999999951115e+02, -8.915347365784742628e-02
1.613499999999951058e+02, -8.934028799026340339e-02
1.614499999999951001e+02, -8.952740941123510376e-02
1.615499999999950944e+02, -8.971483787309514346e-02
1.616499999999950887e+02, -8.990257332622572650e-02
1.617499999999950830e+02, -9.009061571906167021e-02
1.618499999999950774e+02, -9.027896499809368036e-02
1.619499999999950717e+02, -9.046762110787164024e-02
1.620499999999950660e+02, -9.065658399100787190e-02
1.621499999999950603e+02, -9.084585358818052236e-02
1.622499999999950546e+02, -9.103542983813704692e-02
1.623499999999950489e+02, -9.122531267769759533e-02
1.624499999999950433e+02, -9.141550204175868943e-02
1.625499999999950376e+02, -9.160599786329678973e-02
1.626499999999950319e+02, -9.179680007337193137e-02
1.627499999999950262e+02, -9.198790860113148504e-02
1.628499999999950205e+02, -9.217932337381400110e-02
1.629499999999950148e+02, -9.237104431675288718e-02
1.630499999999950091e+02, -9.256307135338046055e-02
1.631499999999950035e+02, -9.275540440523187546e-02
1.632499999999949978e+02, -9.294804339194909226e-02
1.633499999999949921e+02, -9.314098823128495741e-02
1.634499999999949864e+02, -9.333423883910736685e-02
1.635499999999949807e+02, -9.352779512940340156e-02
1.636499999999949750e+02, -9.372165701428360196e-02
1.637499999999949694e+02, -9.391582440398617282e-02
1.638499999999949637e+02, -9.411029720688149358e-02
1.639499999999949580e+02, -9.430507532947629556e-02
1.640499999999949523e+02, -9.450015867641831102e-02
1.641499999999949466e+02, -9.469554715050068627e-02
1.642499999999949409e+02, -9.489124065266647812e-02
1.643499999999949353e+02, -9.508723908201345554e-02
1.644499999999949296e+02, -9.528354233579854060e-02
1.645499999999949239e+02, -9.548015030944267956e-02
1.646499999999949182e+02, -9.567706289653554741e-02
1.647499999999949125e+02, -9.587427998884041902e-02
1.648499999999949068e+02, -9.607180147629890143e-02
1.649499999999949011e+02, -9.626962724703602703e-02
1.650499999999948955e+02, -9.646775718736516625e-02
1.651499999999948898e+02, -9.666619118179292647e-02
1.652499999999948841e+02, -9.686492911302441167e-02
1.653499999999948784e+02, -9.706397086196826007e-02
1.654499999999948727e+02, -9.726331630774172343e-02
1.655499999999948670e+02, -9.746296532767603771e-02
1.656499999999948614e+02, -9.766291779732158562e-02
1.657499999999948557e+02, -9.786317359045325348e-02
1.658499999999948500e+02, -9.806373257907576024e-02
1.659499999999948443e+02, -9.826459463342908374e-02
1.660499999999948386e+02, -9.846575962199392851e-02
1.661499999999948329e+02, -9.866722741149720755e-02
1.662499999999948272e+02, -9.886899786691752401e-02
1.663499999999948216e+02, -9.907107085149091663e-02
