0.000000000000000000e+00, 9.149999999999998579e+00
1.000000000000000021e-03, 9.155157306137011730e+00
2.000000000000000042e-03, 9.157732695877992768e+00
3.000000000000000062e-03, 9.160305916845985053e+00
4.000000000000000083e-03, 9.162876974099365412e+00
5.000000000000000104e-03, 9.165445872676144745e+00
6.000000000000000125e-03, 9.168012617594079927e+00
7.000000000000000146e-03, 9.170577213850794607e+00
8.000000000000000167e-03, 9.173139666423892891e+00
9.000000000000001055e-03, 9.175699980271081913e+00
1.000000000000000194e-02, 9.178258160330283744e+00
1.100000000000000283e-02, 9.180814211519747303e+00
1.200000000000000372e-02, 9.183368138738162045e+00
1.300000000000000461e-02, 9.185919946864773422e+00
1.400000000000000550e-02, 9.188469640759493018e+00
1.500000000000000638e-02, 9.191017225263012236e+00
1.600000000000000727e-02, 9.193562705196901774e+00
1.700000000000000816e-02, 9.196106085363735971e+00
1.800000000000000905e-02, 9.198647370547188729e+00
1.900000000000000994e-02, 9.201186565512150750e+00
2.000000000000001082e-02, 9.203723675004823690e+00
2.100000000000001171e-02, 9.206258703752840944e+00
2.200000000000001260e-02, 9.208791656465363573e+00
2.300000000000001349e-02, 9.211322537833183333e+00
2.400000000000001438e-02, 9.213851352528832805e+00
2.500000000000001527e-02, 9.216378105206683102e+00
2.600000000000001615e-02, 9.218902800503050443e+00
2.700000000000001704e-02, 9.221425443036288527e+00
2.800000000000001793e-02, 9.223946037406898668e+00
2.900000000000001882e-02, 9.226464588197632821e+00
3.000000000000001971e-02, 9.228981099973569968e+00
3.100000000000002059e-02, 9.231495577282245790e+00
3.200000000000002148e-02, 9.234008024653725499e+00
3.300000000000002237e-02, 9.236518446600715748e+00
3.400000000000002326e-02, 9.239026847618648119e+00
3.500000000000002415e-02, 9.241533232185789259e+00
3.600000000000002504e-02, 9.244037604763320815e+00
3.700000000000002592e-02, 9.246539969795446012e+00
3.800000000000002681e-02, 9.249040331709473151e+00
3.900000000000002770e-02, 9.251538694915916849e+00
4.000000000000002859e-02, 9.254035063808583317e+00
4.100000000000002948e-02, 9.256529442764664495e+00
4.200000000000003036e-02, 9.259021836144833983e+00
4.300000000000003125e-02, 9.261512248293321647e+00
4.400000000000003214e-02, 9.264000683538021974e+00
4.500000000000003303e-02, 9.266487146190572233e+00
4.600000000000003392e-02, 9.268971640546439517e+00
4.700000000000003481e-02, 9.271454170885016666e+00
4.800000000000003569e-02, 9.273934741469698650e+00
4.900000000000003658e-02, 9.276413356547978495e+00
5.000000000000003747e-02, 9.278890020351523660e+00
1.500000000000000500e-01, 9.703412594715837614e+00
2.500000000000000555e-01, 9.959596443678227828e+00
3.500000000000000888e-01, 1.018013559616800023e+01
4.500000000000000666e-01, 1.038114374982965238e+01
5.500000000000000444e-01, 1.067116278986694233e+01
6.500000000000000222e-01, 1.103444546026160822e+01
7.500000000000000000e-01, 1.136854580673654347e+01
8.499999999999999778e-01, 1.167870019275611071e+01
9.499999999999999556e-01, 1.196868693231327718e+01
1.050000000000000044e+00, 1.224126564238326331e+01
1.150000000000000133e+00, 1.249861396622382870e+01
1.250000000000000222e+00, 1.274246547650850125e+01
1.350000000000000311e+00, 1.297431900367117485e+01
1.450000000000000400e+00, 1.319555309116277542e+01
1.550000000000000488e+00, 1.340736054788796139e+01
1.650000000000000577e+00, 1.361072753697061088e+01
1.750000000000000666e+00, 1.380648081542255845e+01
1.850000000000000755e+00, 1.399520823331316777e+01
1.950000000000000844e+00, 1.417740452540155616e+01
2.050000000000000711e+00, 1.435351444794831011e+01
2.150000000000000799e+00, 1.452392989170338922e+01
2.250000000000000888e+00, 1.468903627853179117e+01
2.350000000000000977e+00, 1.484923208945438944e+01
2.450000000000001066e+00, 1.500488969367083669e+01
2.550000000000001155e+00, 1.515633729869708901e+01
2.650000000000001243e+00, 1.530386597401300897e+01
2.750000000000001332e+00, 1.544773529405130397e+01
2.850000000000001421e+00, 1.558817791989863188e+01
2.950000000000001510e+00, 1.572540335492407060e+01
3.050000000000001599e+00, 1.585960105008292764e+01
3.150000000000001688e+00, 1.599090037970347034e+01
3.250000000000001776e+00, 1.611940864608433444e+01
3.350000000000001865e+00, 1.624523180165518710e+01
3.450000000000001954e+00, 1.636846828823900424e+01
3.550000000000002043e+00, 1.648922364764809601e+01
3.650000000000002132e+00, 1.660761980984598551e+01
3.750000000000002220e+00, 1.672377925501755769e+01
3.850000000000002309e+00, 1.683781444685907402e+01
3.950000000000002398e+00, 1.694982894318274091e+01
4.050000000000002487e+00, 1.705991835269470158e+01
4.150000000000002132e+00, 1.716817116327668558e+01
4.250000000000001776e+00, 1.727466946230297040e+01
4.350000000000001421e+00, 1.737948956574766157e+01
4.450000000000001066e+00, 1.748270256984198312e+01
4.550000000000000711e+00, 1.758437483664816625e+01
4.650000000000000355e+00, 1.768456842299255172e+01
4.750000000000000000e+00, 1.778334146064316812e+01
4.849999999999999645e+00, 1.788074849434948632e+01
4.949999999999999289e+00, 1.797682774597467414e+01
5.049999999999998934e+00, 1.807160218729097068e+01
5.149999999999998579e+00, 1.816509876514314925e+01
5.249999999999998224e+00, 1.825734332741168586e+01
5.349999999999997868e+00, 1.834836460569742300e+01
5.449999999999997513e+00, 1.843820131632651993e+01
5.549999999999997158e+00, 1.852689647544092821e+01
5.649999999999996803e+00, 1.861449063768097290e+01
5.749999999999996447e+00, 1.870102208859046655e+01
5.849999999999996092e+00, 1.878652701809275882e+01
5.949999999999995737e+00, 1.887103967726807596e+01
6.049999999999995381e+00, 1.895459252035805164e+01
6.149999999999995026e+00, 1.903721633366597743e+01
6.249999999999994671e+00, 1.911894035280253235e+01
6.349999999999994316e+00, 1.919979236954108970e+01
6.449999999999993960e+00, 1.927979882938715761e+01
6.549999999999993605e+00, 1.935898492083064681e+01
6.649999999999993250e+00, 1.943737465713198986e+01
6.749999999999992895e+00, 1.951499095139218909e+01
6.849999999999992539e+00, 1.959185568556931045e+01
6.949999999999992184e+00, 1.966798977402783777e+01
7.049999999999991829e+00, 1.974341322214150907e+01
7.149999999999991473e+00, 1.981814518041243289e+01
7.249999999999991118e+00, 1.989220399451894394e+01
7.349999999999990763e+00, 1.996578748880733301e+01
7.449999999999990408e+00, 2.003875999052341683e+01
7.549999999999990052e+00, 2.011107950243548359e+01
7.649999999999989697e+00, 2.018270768523730752e+01
7.749999999999989342e+00, 2.025353909888133330e+01
7.849999999999988987e+00, 2.032352369219307775e+01
7.949999999999988631e+00, 2.039269507585904151e+01
8.049999999999988276e+00, 2.046108475159467233e+01
8.149999999999987921e+00, 2.052872229340150412e+01
8.249999999999987566e+00, 2.059563550923662589e+01
8.349999999999987210e+00, 2.066185058562586008e+01
8.449999999999986855e+00, 2.072739221737348814e+01
8.549999999999986500e+00, 2.079228372420704574e+01
8.649999999999986144e+00, 2.085654715593291897e+01
8.749999999999985789e+00, 2.092020338745856733e+01
8.849999999999985434e+00, 2.098327220485163380e+01
8.949999999999985079e+00, 2.104577238344960222e+01
9.049999999999984723e+00, 2.110772175890071622e+01
9.149999999999984368e+00, 2.116913729190368443e+01
9.249999999999984013e+00, 2.123003512731698450e+01
9.349999999999983658e+00, 2.129043064822566578e+01
9.449999999999983302e+00, 2.135033852548228239e+01
9.549999999999982947e+00, 2.140977276317708800e+01
9.649999999999982592e+00, 2.146874674043946740e+01
9.749999999999982236e+00, 2.152727324992640945e+01
9.849999999999981881e+00, 2.158536453331376848e+01
9.949999999999981526e+00, 2.164303231407092554e+01
1.004999999999998117e+01, 2.170028782776915222e+01
1.014999999999998082e+01, 2.175714185014686919e+01
1.024999999999998046e+01, 2.181360472313164678e+01
1.034999999999998010e+01, 2.186968637899805756e+01
1.044999999999997975e+01, 2.192539636282215909e+01
1.054999999999997939e+01, 2.198074385337726255e+01
1.064999999999997904e+01, 2.203573768260136845e+01
1.074999999999997868e+01, 2.209038635375381787e+01
1.084999999999997833e+01, 2.214469805836765559e+01
1.094999999999997797e+01, 2.219868069209386618e+01
1.104999999999997762e+01, 2.225234186952487292e+01
1.114999999999997726e+01, 2.230568893807660302e+01
1.124999999999997691e+01, 2.235872899100119326e+01
1.134999999999997655e+01, 2.241146887959599709e+01
1.144999999999997620e+01, 2.246391522466885604e+01
1.154999999999997584e+01, 2.251607442731422637e+01
1.164999999999997549e+01, 2.256795267905015123e+01
1.174999999999997513e+01, 2.261955597136192608e+01
1.184999999999997478e+01, 2.267089010469427990e+01
1.194999999999997442e+01, 2.272196069693055165e+01
1.204999999999997407e+01, 2.277277319139431455e+01
1.214999999999997371e+01, 2.282333286440579911e+01
1.224999999999997335e+01, 2.287364483242308211e+01
1.234999999999997300e+01, 2.292371405879567448e+01
1.244999999999997264e+01, 2.297354536015580351e+01
1.254999999999997229e+01, 2.302314341247096507e+01
1.264999999999997193e+01, 2.307251275677942814e+01
1.274999999999997158e+01, 2.312165780462873244e+01
1.284999999999997122e+01, 2.317058284323579187e+01
1.294999999999997087e+01, 2.321929204038585937e+01
1.304999999999997051e+01, 2.326778944908625490e+01
1.314999999999997016e+01, 2.331607901198980670e+01
1.324999999999996980e+01, 2.336416456560169763e+01
1.334999999999996945e+01, 2.341204984428257063e+01
1.344999999999996909e+01, 2.345973848405989060e+01
1.354999999999996874e+01, 2.350723402625852998e+01
1.364999999999996838e+01, 2.355453992096114035e+01
1.374999999999996803e+01, 2.360165953030780628e+01
1.384999999999996767e+01, 2.364859613164408003e+01
1.394999999999996732e+01, 2.369535292052584552e+01
1.404999999999996696e+01, 2.374193301358886998e+01
1.414999999999996660e+01, 2.378833945129039762e+01
1.424999999999996625e+01, 2.383457520052973067e+01
1.434999999999996589e+01, 2.388064315715426744e+01
1.444999999999996554e+01, 2.392654614835700144e+01
1.454999999999996518e+01, 2.397228693497125107e+01
1.464999999999996483e+01, 2.401786821366789937e+01
1.474999999999996447e+01, 2.406329261906017436e+01
1.484999999999996412e+01, 2.410856272572070225e+01
1.494999999999996376e+01, 2.415368105011522815e+01
1.504999999999996341e+01, 2.419865005245722500e+01
1.514999999999996305e+01, 2.424347213848722404e+01
1.524999999999996270e+01, 2.428814966118068597e+01
1.534999999999996234e+01, 2.433268492238780212e+01
1.544999999999996199e+01, 2.437708017440852615e+01
1.554999999999996163e+01, 2.442133762150596610e+01
1.564999999999996128e+01, 2.446545942136107143e+01
1.574999999999996092e+01, 2.450944768647128313e+01
1.584999999999996056e+01, 2.455330448549591793e+01
1.594999999999996021e+01, 2.459703184455054981e+01
1.604999999999996163e+01, 2.464063174845296089e+01
1.614999999999996305e+01, 2.468410614192261576e+01
1.624999999999996447e+01, 2.472745693073600037e+01
1.634999999999996589e+01, 2.477068598283958067e+01
1.644999999999996732e+01, 2.481379512942242016e+01
1.654999999999996874e+01, 2.485678616595016166e+01
1.664999999999997016e+01, 2.489966085316205024e+01
1.674999999999997158e+01, 2.494242091803266348e+01
1.684999999999997300e+01, 2.498506805469977010e+01
1.694999999999997442e+01, 2.502760392535987677e+01
1.704999999999997584e+01, 2.507003016113271343e+01
1.714999999999997726e+01, 2.511234836289605354e+01
1.724999999999997868e+01, 2.515456010209205928e+01
1.734999999999998010e+01, 2.519666692150632770e+01
1.744999999999998153e+01, 2.523867033602081023e+01
1.754999999999998295e+01, 2.528057183334157187e+01
1.764999999999998437e+01, 2.532237287470254827e+01
1.774999999999998579e+01, 2.536407489554608574e+01
1.784999999999998721e+01, 2.540567930618140480e+01
1.794999999999998863e+01, 2.544718749242162659e+01
1.804999999999999005e+01, 2.548860081620040674e+01
1.814999999999999147e+01, 2.552992061616887298e+01
1.824999999999999289e+01, 2.557114820827361612e+01
1.834999999999999432e+01, 2.561228488631651956e+01
1.844999999999999574e+01, 2.565333192249708105e+01
1.854999999999999716e+01, 2.569429056793793720e+01
1.864999999999999858e+01, 2.573516205319412364e+01
1.875000000000000000e+01, 2.577594758874683478e+01
1.885000000000000142e+01, 2.581664836548208442e+01
1.895000000000000284e+01, 2.585726555515499570e+01
1.905000000000000426e+01, 2.589780031084009693e+01
1.915000000000000568e+01, 2.593825376736822008e+01
1.925000000000000711e+01, 2.597862704175052073e+01
1.935000000000000853e+01, 2.601892123358991782e+01
1.945000000000000995e+01, 2.605913742548063539e+01
1.955000000000001137e+01, 2.609927668339605589e+01
1.965000000000001279e+01, 2.613934005706544639e+01
1.975000000000001421e+01, 2.617932858033985966e+01
1.985000000000001563e+01, 2.621924327154762224e+01
1.995000000000001705e+01, 2.625908513383977549e+01
2.005000000000001847e+01, 2.629885515552578923e+01
2.015000000000001990e+01, 2.633855431039993178e+01
2.025000000000002132e+01, 2.637818355805851311e+01
2.035000000000002274e+01, 2.641774384420844157e+01
2.045000000000002416e+01, 2.645723610096727185e+01
2.055000000000002558e+01, 2.649666124715511017e+01
2.065000000000002700e+01, 2.653602018857857914e+01
2.075000000000002842e+01, 2.657531381830714423e+01
2.085000000000002984e+01, 2.661454301694205782e+01
2.095000000000003126e+01, 2.665370865287813729e+01
2.105000000000003268e+01, 2.669281158255860475e+01
2.115000000000003411e+01, 2.673185265072325123e+01
2.125000000000003553e+01, 2.677083269065010640e+01
2.135000000000003695e+01, 2.680975252439077750e+01
2.145000000000003837e+01, 2.684861296299983024e+01
2.155000000000003979e+01, 2.688741480675810536e+01
2.165000000000004121e+01, 2.692615884539048210e+01
2.175000000000004263e+01, 2.696484585827803926e+01
2.185000000000004405e+01, 2.700347661466486571e+01
2.195000000000004547e+01, 2.704205187385966269e+01
2.205000000000004690e+01, 2.708057238543235101e+01
2.215000000000004832e+01, 2.711903888940577190e+01
2.225000000000004974e+01, 2.715745211644263790e+01
2.235000000000005116e+01, 2.719581278802795410e+01
2.245000000000005258e+01, 2.723412161664686693e+01
2.255000000000005400e+01, 2.727237930595833859e+01
2.265000000000005542e+01, 2.731058655096450849e+01
2.275000000000005684e+01, 2.734874403817604360e+01
2.285000000000005826e+01, 2.738685244577351341e+01
2.295000000000005969e+01, 2.742491244376493498e+01
2.305000000000006111e+01, 2.746292469413961967e+01
2.315000000000006253e+01, 2.750088985101834282e+01
2.325000000000006395e+01, 2.753880856080004591e+01
2.335000000000006537e+01, 2.757668146230511041e+01
2.345000000000006679e+01, 2.761450918691533118e+01
2.355000000000006821e+01, 2.765229235871062485e+01
2.365000000000006963e+01, 2.769003159460262964e+01
2.375000000000007105e+01, 2.772772750446529244e+01
2.385000000000007248e+01, 2.776538069126241126e+01
2.395000000000007390e+01, 2.780299175117241717e+01
2.405000000000007532e+01, 2.784056127371021461e+01
2.415000000000007674e+01, 2.787808984184643180e+01
2.425000000000007816e+01, 2.791557803212393196e+01
2.435000000000007958e+01, 2.795302641477178085e+01
2.445000000000008100e+01, 2.799043555381672377e+01
2.455000000000008242e+01, 2.802780600719217574e+01
2.465000000000008384e+01, 2.806513832684489884e+01
2.475000000000008527e+01, 2.810243305883929565e+01
2.485000000000008669e+01, 2.813969074345950716e+01
2.495000000000008811e+01, 2.817691191530930439e+01
2.505000000000008953e+01, 2.821409710340983423e+01
2.515000000000009095e+01, 2.825124683129529402e+01
2.525000000000009237e+01, 2.828836161710659525e+01
2.535000000000009379e+01, 2.832544197368303074e+01
2.545000000000009521e+01, 2.836248840865204102e+01
2.555000000000009663e+01, 2.839950142451709070e+01
2.565000000000009805e+01, 2.843648151874374364e+01
2.575000000000009948e+01, 2.847342918384392618e+01
2.585000000000010090e+01, 2.851034490745849581e+01
2.595000000000010232e+01, 2.854722917243810087e+01
2.605000000000010374e+01, 2.858408245692237060e+01
2.615000000000010516e+01, 2.862090523441756673e+01
2.625000000000010658e+01, 2.865769797387256901e+01
2.635000000000010800e+01, 2.869446113975343593e+01
2.645000000000010942e+01, 2.873119519211638107e+01
2.655000000000011084e+01, 2.876790058667939221e+01
2.665000000000011227e+01, 2.880457777489232640e+01
2.675000000000011369e+01, 2.884122720400574025e+01
2.685000000000011511e+01, 2.887784931713823866e+01
2.695000000000011653e+01, 2.891444455334260866e+01
2.705000000000011795e+01, 2.895101334767064216e+01
2.715000000000011937e+01, 2.898755613123665142e+01
2.725000000000012079e+01, 2.902407333127982270e+01
2.735000000000012221e+01, 2.906056537122536199e+01
2.745000000000012363e+01, 2.909703267074440802e+01
2.755000000000012506e+01, 2.913347564581291493e+01
2.765000000000012648e+01, 2.916989470876931989e+01
2.775000000000012790e+01, 2.920629026837116271e+01
2.785000000000012932e+01, 2.924266272985065029e+01
2.795000000000013074e+01, 2.927901249496917302e+01
2.805000000000013216e+01, 2.931533996207077664e+01
2.815000000000013358e+01, 2.935164552613471756e+01
2.825000000000013500e+01, 2.938792957882695234e+01
2.835000000000013642e+01, 2.942419250855075319e+01
2.845000000000013785e+01, 2.946043470049635715e+01
2.855000000000013927e+01, 2.949665653668974485e+01
2.865000000000014069e+01, 2.953285839604046714e+01
2.875000000000014211e+01, 2.956904065438872564e+01
2.885000000000014353e+01, 2.960520368455145857e+01
2.895000000000014495e+01, 2.964134785636770175e+01
2.905000000000014637e+01, 2.967747353674313970e+01
2.915000000000014779e+01, 2.971358108969381462e+01
2.925000000000014921e+01, 2.974967087638905028e+01
2.935000000000015064e+01, 2.978574325519371513e+01
2.945000000000015206e+01, 2.982179858170965403e+01
2.955000000000015348e+01, 2.985783720881640946e+01
2.965000000000015490e+01, 2.989385948671125703e+01
2.975000000000015632e+01, 2.992986576294854473e+01
2.985000000000015774e+01, 2.996585636545112052e+01
2.995000000000015916e+01, 3.000182451769947889e+01
3.005000000000016058e+01, 3.003776298026793512e+01
3.015000000000016200e+01, 3.007366518117003551e+01
3.025000000000016342e+01, 3.010952460838968037e+01
3.035000000000016485e+01, 3.014533717678052938e+01
3.045000000000016627e+01, 3.018110227356507025e+01
3.055000000000016769e+01, 3.021682052918176353e+01
3.065000000000016911e+01, 3.025249256586424451e+01
3.075000000000017053e+01, 3.028811899780080452e+01
3.085000000000017195e+01, 3.032370043128988257e+01
3.095000000000017337e+01, 3.035923746489182662e+01
3.105000000000017479e+01, 3.039473068957690316e+01
3.115000000000017621e+01, 3.043018068886976835e+01
3.125000000000017764e+01, 3.046558803899046808e+01
3.135000000000017906e+01, 3.050095330899203461e+01
3.145000000000018048e+01, 3.053627706089485017e+01
3.155000000000018190e+01, 3.057155984981779184e+01
3.165000000000018332e+01, 3.060680222410633533e+01
3.175000000000018474e+01, 3.064200472545762111e+01
3.185000000000018616e+01, 3.067716788904260028e+01
3.195000000000018758e+01, 3.071229224362539867e+01
3.205000000000018900e+01, 3.074737831167988134e+01
3.215000000000019043e+01, 3.078242660950354903e+01
3.225000000000019185e+01, 3.081743764732888025e+01
3.235000000000019327e+01, 3.085241192943210464e+01
3.245000000000019469e+01, 3.088734995423947893e+01
3.255000000000019611e+01, 3.092225221443126770e+01
3.265000000000019753e+01, 3.095711919704334392e+01
3.275000000000019895e+01, 3.099195138356652990e+01
3.285000000000020037e+01, 3.102674925004372852e+01
3.295000000000020179e+01, 3.106151326716495120e+01
3.305000000000020322e+01, 3.109624390036021069e+01
3.315000000000020464e+01, 3.113094160989045278e+01
3.325000000000020606e+01, 3.116560685093642746e+01
3.335000000000020748e+01, 3.120024007368571262e+01
3.345000000000020890e+01, 3.123484172341782994e+01
3.355000000000021032e+01, 3.126941224058756674e+01
3.365000000000021174e+01, 3.130395206090645743e+01
3.375000000000021316e+01, 3.133846161542261299e+01
3.385000000000021458e+01, 3.137294133059883450e+01
3.395000000000021600e+01, 3.140739162838906751e+01
3.405000000000021743e+01, 3.144181292631328262e+01
3.415000000000021885e+01, 3.147620563753077505e+01
3.425000000000022027e+01, 3.151057017091200052e+01
3.435000000000022169e+01, 3.154490693110881594e+01
3.445000000000022311e+01, 3.157921631862341982e+01
3.455000000000022453e+01, 3.161349872987576859e+01
3.465000000000022595e+01, 3.164775455726968545e+01
3.475000000000022737e+01, 3.168198418925758375e+01
3.485000000000022879e+01, 3.171618801040396107e+01
3.495000000000023022e+01, 3.175036640144752553e+01
3.505000000000023164e+01, 3.178451973936213193e+01
3.515000000000023306e+01, 3.181864839741650286e+01
3.525000000000023448e+01, 3.185275274523277744e+01
3.535000000000023590e+01, 3.188683314884385211e+01
3.545000000000023732e+01, 3.192088997074968049e+01
3.555000000000023874e+01, 3.195492356997236527e+01
3.565000000000024016e+01, 3.198893430211028388e+01
3.575000000000024158e+01, 3.202292251939113044e+01
3.585000000000024301e+01, 3.205688857072384934e+01
3.595000000000024443e+01, 3.209083280174971975e+01
3.605000000000024585e+01, 3.212475555489234580e+01
3.615000000000024727e+01, 3.215865716940675156e+01
3.625000000000024869e+01, 3.219253798142749901e+01
3.635000000000025011e+01, 3.222639832401597459e+01
3.645000000000025153e+01, 3.226023852720668827e+01
3.655000000000025295e+01, 3.229405891805276951e+01
3.665000000000025437e+01, 3.232785982067063202e+01
3.675000000000025580e+01, 3.236164155628371475e+01
3.685000000000025722e+01, 3.239540444326550528e+01
3.695000000000025864e+01, 3.242914879718176735e+01
3.705000000000026006e+01, 3.246287493083189446e+01
3.715000000000026148e+01, 3.249658315428965949e+01
3.725000000000026290e+01, 3.253027377494306904e+01
3.735000000000026432e+01, 3.256394709753361383e+01
3.745000000000026574e+01, 3.259760342419473034e+01
3.755000000000026716e+01, 3.263124305448964435e+01
3.765000000000026859e+01, 3.266486628544844706e+01
3.775000000000027001e+01, 3.269847341160461696e+01
3.785000000000027143e+01, 3.273206472503076014e+01
3.795000000000027285e+01, 3.276564051537386035e+01
3.805000000000027427e+01, 3.279920106988980422e+01
3.815000000000027569e+01, 3.283274667347732390e+01
3.825000000000027711e+01, 3.286627760871141390e+01
3.835000000000027853e+01, 3.289979415587602318e+01
3.845000000000027995e+01, 3.293329659299634926e+01
3.855000000000028137e+01, 3.296678519587041478e+01
3.865000000000028280e+01, 3.300026023810024611e+01
3.875000000000028422e+01, 3.303372199112238405e+01
3.885000000000028564e+01, 3.306717072423796111e+01
3.895000000000028706e+01, 3.310060670464226007e+01
3.905000000000028848e+01, 3.313403019745371836e+01
3.915000000000028990e+01, 3.316744146574247054e+01
3.925000000000029132e+01, 3.320084077055843608e+01
3.935000000000029274e+01, 3.323422837095893101e+01
3.945000000000029416e+01, 3.326760452403576807e+01
3.955000000000029559e+01, 3.330096948494190201e+01
3.965000000000029701e+01, 3.333432350691779078e+01
3.975000000000029843e+01, 3.336766684131706029e+01
3.985000000000029985e+01, 3.340099973763197028e+01
3.995000000000030127e+01, 3.343432244351836857e+01
4.005000000000030269e+01, 3.346763520482021903e+01
4.015000000000030411e+01, 3.350093826559376708e+01
4.025000000000030553e+01, 3.353423186813132162e+01
4.035000000000030695e+01, 3.356751625298463892e+01
4.045000000000030838e+01, 3.360079165898784481e+01
4.055000000000030980e+01, 3.363405832328019329e+01
4.065000000000031122e+01, 3.366731648132824972e+01
4.075000000000031264e+01, 3.370056636694781815e+01
4.085000000000031406e+01, 3.373380821232553473e+01
4.095000000000031548e+01, 3.376704224804007737e+01
4.105000000000031690e+01, 3.380026870308306286e+01
4.115000000000031832e+01, 3.383348780487960283e+01
4.125000000000031974e+01, 3.386669977930856135e+01
4.135000000000032117e+01, 3.389990485072242166e+01
4.145000000000032259e+01, 3.393310324196700378e+01
4.155000000000032401e+01, 3.396629517440069179e+01
4.165000000000032543e+01, 3.399948086791345503e+01
4.175000000000032685e+01, 3.403266054094560644e+01
4.185000000000032827e+01, 3.406583441050619143e+01
4.195000000000032969e+01, 3.409900269219119195e+01
4.205000000000033111e+01, 3.413216560020132562e+01
4.215000000000033253e+01, 3.416532334735972398e+01
4.225000000000033396e+01, 3.419847614512920586e+01
4.235000000000033538e+01, 3.423162420362940139e+01
4.245000000000033680e+01, 3.426476773165352085e+01
4.255000000000033822e+01, 3.429790693668496715e+01
4.265000000000033964e+01, 3.433104202491362145e+01
4.275000000000034106e+01, 3.436417320125193697e+01
4.285000000000034248e+01, 3.439730066935074149e+01
4.295000000000034390e+01, 3.443042463161489053e+01
4.305000000000034532e+01, 3.446354528921861515e+01
4.315000000000034674e+01, 3.449666284212064227e+01
4.325000000000034817e+01, 3.452977748907914446e+01
4.335000000000034959e+01, 3.456288942766646954e+01
4.345000000000035101e+01, 3.459599885428357169e+01
4.355000000000035243e+01, 3.462910596417436437e+01
4.365000000000035385e+01, 3.466221095143972519e+01
4.375000000000035527e+01, 3.469531400905142249e+01
4.385000000000035669e+01, 3.472841532886575777e+01
4.395000000000035811e+01, 3.476151510163706604e+01
4.405000000000035953e+01, 3.479461351703098160e+01
4.415000000000036096e+01, 3.482771076363753338e+01
4.425000000000036238e+01, 3.486080702898406258e+01
4.435000000000036380e+01, 3.489390249954796275e+01
4.445000000000036522e+01, 3.492699736076918526e+01
4.455000000000036664e+01, 3.496009179706266679e+01
4.465000000000036806e+01, 3.499318599183048661e+01
4.475000000000036948e+01, 3.502628012747390329e+01
4.485000000000037090e+01, 3.505937438540520645e+01
4.495000000000037232e+01, 3.509246894605945499e+01
4.505000000000037375e+01, 3.512556398890595233e+01
4.515000000000037517e+01, 3.515865969245965061e+01
4.525000000000037659e+01, 3.519175623429237021e+01
4.535000000000037801e+01, 3.522485379104384151e+01
4.545000000000037943e+01, 3.525795253843264021e+01
4.555000000000038085e+01, 3.529105265126694491e+01
4.565000000000038227e+01, 3.532415430345514551e+01
4.575000000000038369e+01, 3.535725766801632375e+01
4.585000000000038511e+01, 3.539036291709059157e+01
4.595000000000038654e+01, 3.542347022194925898e+01
4.605000000000038796e+01, 3.545657975300491671e+01
4.615000000000038938e+01, 3.548969167982131978e+01
4.625000000000039080e+01, 3.552280617112323569e+01
4.635000000000039222e+01, 3.555592339480603670e+01
4.645000000000039364e+01, 3.558904351794527798e+01
4.655000000000039506e+01, 3.562216670680606256e+01
4.665000000000039648e+01, 3.565529312685234231e+01
4.675000000000039790e+01, 3.568842294275605553e+01
4.685000000000039933e+01, 3.572155631840621481e+01
4.695000000000040075e+01, 3.575469341691773906e+01
4.705000000000040217e+01, 3.578783440064033528e+01
4.715000000000040359e+01, 3.582097943116713168e+01
4.725000000000040501e+01, 3.585412866934327525e+01
4.735000000000040643e+01, 3.588728227527439429e+01
4.745000000000040785e+01, 3.592044040833493312e+01
4.755000000000040927e+01, 3.595360322717642276e+01
4.765000000000041069e+01, 3.598677088973561666e+01
4.775000000000041211e+01, 3.601994355324247721e+01
4.785000000000041354e+01, 3.605312137422820484e+01
4.795000000000041496e+01, 3.608630450853297589e+01
4.805000000000041638e+01, 3.611949311131371587e+01
4.815000000000041780e+01, 3.615268733705173787e+01
4.825000000000041922e+01, 3.618588733956026715e+01
4.835000000000042064e+01, 3.621909327199189477e+01
4.845000000000042206e+01, 3.625230528684589615e+01
4.855000000000042348e+01, 3.628552353597553548e+01
4.865000000000042490e+01, 3.631874817059518534e+01
4.875000000000042633e+01, 3.635197934128743924e+01
4.885000000000042775e+01, 3.638521719801008203e+01
4.895000000000042917e+01, 3.641846189010296087e+01
4.905000000000043059e+01, 3.645171356629487747e+01
4.915000000000043201e+01, 3.648497237471025301e+01
4.925000000000043343e+01, 3.651823846287580011e+01
4.935000000000043485e+01, 3.655151197772708116e+01
4.945000000000043627e+01, 3.658479306561502398e+01
4.955000000000043769e+01, 3.661808187231228118e+01
4.965000000000043912e+01, 3.665137854301959663e+01
4.975000000000044054e+01, 3.668468322237202983e+01
4.985000000000044196e+01, 3.671799605444518733e+01
4.995000000000044338e+01, 3.675131718276122683e+01
5.005000000000044480e+01, 3.678464675029499631e+01
5.015000000000044622e+01, 3.681798489947989594e+01
5.025000000000044764e+01, 3.685133177221380407e+01
5.035000000000044906e+01, 3.688468750986489653e+01
5.045000000000045048e+01, 3.691805225327736650e+01
5.055000000000045191e+01, 3.695142614277711601e+01
5.065000000000045333e+01, 3.698480931817736206e+01
5.075000000000045475e+01, 3.701820191878415045e+01
5.085000000000045617e+01, 3.705160408340186962e+01
5.095000000000045759e+01, 3.708501595033865073e+01
5.105000000000045901e+01, 3.711843765741166834e+01
5.115000000000046043e+01, 3.715186934195247659e+01
5.125000000000046185e+01, 3.718531114081222455e+01
5.135000000000046327e+01, 3.721876319036680059e+01
5.145000000000046469e+01, 3.725222562652191272e+01
5.155000000000046612e+01, 3.728569858471817611e+01
5.165000000000046754e+01, 3.731918219993606556e+01
5.175000000000046896e+01, 3.735267660670081824e+01
5.185000000000047038e+01, 3.738618193908734355e+01
5.195000000000047180e+01, 3.741969833072499085e+01
5.205000000000047322e+01, 3.745322591480236696e+01
5.215000000000047464e+01, 3.748676482407193333e+01
5.225000000000047606e+01, 3.752031519085475253e+01
5.235000000000047748e+01, 3.755387714704501434e+01
5.245000000000047891e+01, 3.758745082411461880e+01
5.255000000000048033e+01, 3.762103635311764549e+01
5.265000000000048175e+01, 3.765463386469476603e+01
5.275000000000048317e+01, 3.768824348907763522e+01
5.285000000000048459e+01, 3.772186535609331060e+01
5.295000000000048601e+01, 3.775549959516840914e+01
5.305000000000048743e+01, 3.778914633533342737e+01
5.315000000000048885e+01, 3.782280570522691932e+01
5.325000000000049027e+01, 3.785647783309962477e+01
5.335000000000049170e+01, 3.789016284681857627e+01
5.345000000000049312e+01, 3.792386087387112070e+01
5.355000000000049454e+01, 3.795757204136901208e+01
5.365000000000049596e+01, 3.799129647605225557e+01
5.375000000000049738e+01, 3.802503430429307230e+01
5.385000000000049880e+01, 3.805878565209982867e+01
5.395000000000050022e+01, 3.809255064512076672e+01
5.405000000000050164e+01, 3.812632940864785525e+01
5.415000000000050306e+01, 3.816012206762051306e+01
5.425000000000050449e+01, 3.819392874662931092e+01
5.435000000000050591e+01, 3.822774956991966633e+01
5.445000000000050733e+01, 3.826158466139538206e+01
5.455000000000050875e+01, 3.829543414462234097e+01
5.465000000000051017e+01, 3.832929814283195213e+01
5.475000000000051159e+01, 3.836317677892470357e+01
5.485000000000051301e+01, 3.839707017547364387e+01
5.495000000000051443e+01, 3.843097845472773599e+01
5.505000000000051585e+01, 3.846490173861532469e+01
5.515000000000051728e+01, 3.849884014874743343e+01
5.525000000000051870e+01, 3.853279380642114660e+01
5.535000000000052012e+01, 3.856676283262279270e+01
5.545000000000052154e+01, 3.860074734803129815e+01
5.555000000000052296e+01, 3.863474747302129941e+01
5.565000000000052438e+01, 3.866876332766639024e+01
5.575000000000052580e+01, 3.870279503174219826e+01
5.585000000000052722e+01, 3.873684270472958247e+01
5.595000000000052864e+01, 3.877090646581758193e+01
5.605000000000053006e+01, 3.880498643390655644e+01
5.615000000000053149e+01, 3.883908272761117786e+01
5.625000000000053291e+01, 3.887319546526332914e+01
5.635000000000053433e+01, 3.890732476491516678e+01
5.645000000000053575e+01, 3.894147074434192035e+01
5.655000000000053717e+01, 3.897563352104483414e+01
5.665000000000053859e+01, 3.900981321225402354e+01
5.675000000000054001e+01, 3.904400993493126037e+01
5.685000000000054143e+01, 3.907822380577275112e+01
5.695000000000054285e+01, 3.911245494121195065e+01
5.705000000000054428e+01, 3.914670345742224100e+01
5.715000000000054570e+01, 3.918096947031965982e+01
5.725000000000054712e+01, 3.921525309556555783e+01
5.735000000000054854e+01, 3.924955444856926334e+01
5.745000000000054996e+01, 3.928387364449063313e+01
5.755000000000055138e+01, 3.931821079824275955e+01
5.765000000000055280e+01, 3.935256602449439356e+01
5.775000000000055422e+01, 3.938693943767258077e+01
5.785000000000055564e+01, 3.942133115196513415e+01
5.795000000000055707e+01, 3.945574128132307834e+01
5.805000000000055849e+01, 3.949016993946316489e+01
5.815000000000055991e+01, 3.952461723987027398e+01
5.825000000000056133e+01, 3.955908329579977334e+01
5.835000000000056275e+01, 3.959356822027998390e+01
5.845000000000056417e+01, 3.962807212611447483e+01
5.855000000000056559e+01, 3.966259512588435854e+01
5.865000000000056701e+01, 3.969713733195067107e+01
5.875000000000056843e+01, 3.973169885645663157e+01
5.885000000000056986e+01, 3.976627981132981660e+01
5.895000000000057128e+01, 3.980088030828451906e+01
5.905000000000057270e+01, 3.983550045882386570e+01
5.915000000000057412e+01, 3.987014037424199842e+01
5.925000000000057554e+01, 3.990480016562631249e+01
5.935000000000057696e+01, 3.993947994385950295e+01
5.945000000000057838e+01, 3.997417979191077109e+01
5.955000000000057980e+01, 4.000889894805892766e+01
5.965000000000058122e+01, 4.004363680726779506e+01
5.975000000000058265e+01, 4.007839277945002010e+01
5.985000000000058407e+01, 4.011316627518540656e+01
5.995000000000058549e+01, 4.014795702209831774e+01
6.005000000000058691e+01, 4.018276507291107436e+01
6.015000000000058833e+01, 4.021759054110617626e+01
6.025000000000058975e+01, 4.025243353988375361e+01
6.035000000000059117e+01, 4.028729418216421010e+01
6.045000000000059259e+01, 4.032217258059099407e+01
6.055000000000059401e+01, 4.035706884753317780e+01
6.065000000000059543e+01, 4.039198309508821438e+01
6.075000000000059686e+01, 4.042691543508438912e+01
6.085000000000059828e+01, 4.046186597908351956e+01
6.095000000000059970e+01, 4.049683483838345666e+01
6.105000000000060112e+01, 4.053182212402059292e+01
6.115000000000060254e+01, 4.056682794677238491e+01
6.125000000000060396e+01, 4.060185241715980453e+01
6.135000000000060538e+01, 4.063689564544978339e+01
6.145000000000060680e+01, 4.067195774165760724e+01
6.155000000000060822e+01, 4.070703881554934611e+01
6.165000000000060965e+01, 4.074213897664417061e+01
6.175000000000061107e+01, 4.077725833421668256e+01
6.185000000000061249e+01, 4.081239699729929526e+01
6.195000000000061391e+01, 4.084755507468442204e+01
6.205000000000061533e+01, 4.088273267492680674e+01
6.215000000000061675e+01, 4.091792990634573357e+01
6.225000000000061817e+01, 4.095314687702723688e+01
6.235000000000061959e+01, 4.098838369482627542e+01
6.245000000000062101e+01, 4.102364046736894210e+01
6.255000000000062244e+01, 4.105891730205454593e+01
6.265000000000062386e+01, 4.109421430605777203e+01
6.275000000000062528e+01, 4.112953158633074935e+01
6.285000000000062670e+01, 4.116486924960514671e+01
6.295000000000062812e+01, 4.120022740239417658e+01
6.305000000000062954e+01, 4.123560615099469118e+01
6.315000000000063096e+01, 4.127100560148911512e+01
6.325000000000063238e+01, 4.130642585974747050e+01
6.335000000000063380e+01, 4.134186703142933084e+01
6.345000000000063523e+01, 4.137732922198576802e+01
6.355000000000063665e+01, 4.141281253666124940e+01
6.365000000000063807e+01, 4.144831708049554209e+01
6.375000000000063949e+01, 4.148384295832561008e+01
6.385000000000064091e+01, 4.151939027478745459e+01
6.395000000000064233e+01, 4.155495913431795429e+01
6.405000000000063665e+01, 4.159054964115669151e+01
6.415000000000063096e+01, 4.162616189934772848e+01
6.425000000000062528e+01, 4.166179601274141220e+01
6.435000000000061959e+01, 4.169745208499610101e+01
6.445000000000061391e+01, 4.173313021957994096e+01
6.455000000000060822e+01, 4.176883051977255690e+01
6.465000000000060254e+01, 4.180455308866676489e+01
6.475000000000059686e+01, 4.184029802917027752e+01
6.485000000000059117e+01, 4.187606544400732389e+01
6.495000000000058549e+01, 4.191185543572032657e+01
6.505000000000057980e+01, 4.194766810667152157e+01
6.515000000000057412e+01, 4.198350355904457842e+01
6.525000000000056843e+01, 4.201936189484617756e+01
6.535000000000056275e+01, 4.205524321590760906e+01
6.545000000000055707e+01, 4.209114762388631448e+01
6.555000000000055138e+01, 4.212707522026741458e+01
6.565000000000054570e+01, 4.216302610636527959e+01
6.575000000000054001e+01, 4.219900038332498582e+01
6.585000000000053433e+01, 4.223499815212384334e+01
6.595000000000052864e+01, 4.227101951357285259e+01
6.605000000000052296e+01, 4.230706456831817519e+01
6.615000000000051728e+01, 4.234313341684255505e+01
6.625000000000051159e+01, 4.237922615946676075e+01
6.635000000000050591e+01, 4.241534289635102795e+01
6.645000000000050022e+01, 4.245148372749635968e+01
6.655000000000049454e+01, 4.248764875274604691e+01
6.665000000000048885e+01, 4.252383807178687647e+01
6.675000000000048317e+01, 4.256005178415060186e+01
6.685000000000047748e+01, 4.259628998921520804e+01
6.695000000000047180e+01, 4.263255278620628985e+01
6.705000000000046612e+01, 4.266884027419828840e+01
6.715000000000046043e+01, 4.270515255211582684e+01
6.725000000000045475e+01, 4.274148971873496805e+01
6.735000000000044906e+01, 4.277785187268449363e+01
6.745000000000044338e+01, 4.281423911244711178e+01
6.755000000000043769e+01, 4.285065153636072210e+01
6.765000000000043201e+01, 4.288708924261964484e+01
6.775000000000042633e+01, 4.292355232927578612e+01
6.785000000000042064e+01, 4.296004089423985306e+01
6.795000000000041496e+01, 4.299655503528254030e+01
6.805000000000040927e+01, 4.303309485003564561e+01
6.815000000000040359e+01, 4.306966043599331329e+01
6.825000000000039790e+01, 4.310625189051307160e+01
6.835000000000039222e+01, 4.314286931081698384e+01
6.845000000000038654e+01, 4.317951279399281361e+01
6.855000000000038085e+01, 4.321618243699506934e+01
6.865000000000037517e+01, 4.325287833664609849e+01
6.875000000000036948e+01, 4.328960058963716051e+01
6.885000000000036380e+01, 4.332634929252949973e+01
6.895000000000035811e+01, 4.336312454175539699e+01
6.905000000000035243e+01, 4.339992643361917146e+01
6.915000000000034674e+01, 4.343675506429823230e+01
6.925000000000034106e+01, 4.347361052984409469e+01
6.935000000000033538e+01, 4.351049292618333908e+01
6.945000000000032969e+01, 4.354740234911864860e+01
6.955000000000032401e+01, 4.358433889432976827e+01
6.965000000000031832e+01, 4.362130265737444290e+01
6.975000000000031264e+01, 4.365829373368939770e+01
6.985000000000030695e+01, 4.369531221859126191e+01
6.995000000000030127e+01, 4.373235820727751388e+01
7.005000000000029559e+01, 4.376943179482738344e+01
7.015000000000028990e+01, 4.380653307620275427e+01
7.025000000000028422e+01, 4.384366214624910896e+01
7.035000000000027853e+01, 4.388081909969630345e+01
7.045000000000027285e+01, 4.391800403115958318e+01
7.055000000000026716e+01, 4.395521703514032907e+01
7.065000000000026148e+01, 4.399245820602696710e+01
7.075000000000025580e+01, 4.402972763809579249e+01
7.085000000000025011e+01, 4.406702542551179391e+01
7.095000000000024443e+01, 4.410435166232949911e+01
7.105000000000023874e+01, 4.414170644249374931e+01
7.115000000000023306e+01, 4.417908985984052350e+01
7.125000000000022737e+01, 4.421650200809772002e+01
7.135000000000022169e+01, 4.425394298088590972e+01
7.145000000000021600e+01, 4.429141287171917440e+01
7.155000000000021032e+01, 4.432891177400577476e+01
7.165000000000020464e+01, 4.436643978104896746e+01
7.175000000000019895e+01, 4.440399698604771572e+01
7.185000000000019327e+01, 4.444158348209741405e+01
7.195000000000018758e+01, 4.447919936219061299e+01
7.205000000000018190e+01, 4.451684471921772257e+01
7.215000000000017621e+01, 4.455451964596775127e+01
7.225000000000017053e+01, 4.459222423512893130e+01
7.235000000000016485e+01, 4.462995857928942911e+01
7.245000000000015916e+01, 4.466772277093804888e+01
7.255000000000015348e+01, 4.470551690246483645e+01
7.265000000000014779e+01, 4.474334106616176854e+01
7.275000000000014211e+01, 4.478119535422339936e+01
7.285000000000013642e+01, 4.481907985874746458e+01
7.295000000000013074e+01, 4.485699467173552790e+01
7.305000000000012506e+01, 4.489493988509360634e+01
7.315000000000011937e+01, 4.493291559063276708e+01
7.325000000000011369e+01, 4.497092188006971725e+01
7.335000000000010800e+01, 4.500895884502741495e+01
7.345000000000010232e+01, 4.504702657703560220e+01
7.355000000000009663e+01, 4.508512516753145860e+01
7.365000000000009095e+01, 4.512325470786009163e+01
7.375000000000008527e+01, 4.516141528927514770e+01
7.385000000000007958e+01, 4.519960700293927403e+01
7.395000000000007390e+01, 4.523782993992477941e+01
7.405000000000006821e+01, 4.527608419121406058e+01
7.415000000000006253e+01, 4.531436984770018483e+01
7.425000000000005684e+01, 4.535268700018735899e+01
7.435000000000005116e+01, 4.539103573939149783e+01
7.445000000000004547e+01, 4.542941615594060778e+01
7.455000000000003979e+01, 4.546782834037543353e+01
7.465000000000003411e+01, 4.550627238314981327e+01
7.475000000000002842e+01, 4.554474837463117609e+01
7.485000000000002274e+01, 4.558325640510108201e+01
7.495000000000001705e+01, 4.562179656475554879e+01
7.505000000000001137e+01, 4.566036894370564880e+01
7.515000000000000568e+01, 4.569897363197782880e+01
7.525000000000000000e+01, 4.573761071951440726e+01
7.534999999999999432e+01, 4.577628029617399363e+01
7.544999999999998863e+01, 4.581498245173187200e+01
7.554999999999998295e+01, 4.585371727588049140e+01
7.564999999999997726e+01, 4.589248485822977841e+01
7.574999999999997158e+01, 4.593128528830757062e+01
7.584999999999996589e+01, 4.597011865556005006e+01
7.594999999999996021e+01, 4.600898504935204869e+01
7.604999999999995453e+01, 4.604788455896747479e+01
7.614999999999994884e+01, 4.608681727360963265e+01
7.624999999999994316e+01, 4.612578328240166314e+01
7.634999999999993747e+01, 4.616478267438680660e+01
7.644999999999993179e+01, 4.620381553852879364e+01
7.654999999999992610e+01, 4.624288196371220039e+01
7.664999999999992042e+01, 4.628198203874273986e+01
7.674999999999991473e+01, 4.632111585234759588e+01
7.684999999999990905e+01, 4.636028349317575703e+01
7.694999999999990337e+01, 4.639948504979834354e+01
7.704999999999989768e+01, 4.643872061070882751e+01
7.714999999999989200e+01, 4.647799026432345215e+01
7.724999999999988631e+01, 4.651729409898142364e+01
7.734999999999988063e+01, 4.655663220294520954e+01
7.744999999999987494e+01, 4.659600466440087274e+01
7.754999999999986926e+01, 4.663541157145828464e+01
7.764999999999986358e+01, 4.667485301215140225e+01
7.774999999999985789e+01, 4.671432907443855953e+01
7.784999999999985221e+01, 4.675383984620261657e+01
7.794999999999984652e+01, 4.679338541525135042e+01
7.804999999999984084e+01, 4.683296586931756877e+01
7.814999999999983515e+01, 4.687258129605940127e+01
7.824999999999982947e+01, 4.691223178306050556e+01
7.834999999999982379e+01, 4.695191741783027339e+01
7.844999999999981810e+01, 4.699163828780410768e+01
7.854999999999981242e+01, 4.703139448034350067e+01
7.864999999999980673e+01, 4.707118608273637506e+01
7.874999999999980105e+01, 4.711101318219716916e+01
7.884999999999979536e+01, 4.715087586586708568e+01
7.894999999999978968e+01, 4.719077422081425510e+01
7.904999999999978400e+01, 4.723070833403387070e+01
7.914999999999977831e+01, 4.727067829244843722e+01
7.924999999999977263e+01, 4.731068418290784905e+01
7.934999999999976694e+01, 4.735072609218960338e+01
7.944999999999976126e+01, 4.739080410699894230e+01
7.954999999999975557e+01, 4.743091831396895230e+01
7.964999999999974989e+01, 4.747106879966077031e+01
7.974999999999974420e+01, 4.751125565056364763e+01
7.984999999999973852e+01, 4.755147895309514183e+01
7.994999999999973284e+01, 4.759173879360116644e+01
8.004999999999972715e+01, 4.763203525835619701e+01
8.014999999999972147e+01, 4.767236843356327824e+01
8.024999999999971578e+01, 4.771273840535420163e+01
8.034999999999971010e+01, 4.775314525978955515e+01
8.044999999999970441e+01, 4.779358908285887253e+01
8.054999999999969873e+01, 4.783406996048064741e+01
8.064999999999969305e+01, 4.787458797850248260e+01
8.074999999999968736e+01, 4.791514322270109005e+01
8.084999999999968168e+01, 4.795573577878245430e+01
8.094999999999967599e+01, 4.799636573238181114e+01
8.104999999999967031e+01, 4.803703316906374710e+01
8.114999999999966462e+01, 4.807773817432224206e+01
8.124999999999965894e+01, 4.811848083358071904e+01
8.134999999999965326e+01, 4.815926123219209387e+01
8.144999999999964757e+01, 4.820007945543881078e+01
8.154999999999964189e+01, 4.824093558853284236e+01
8.164999999999963620e+01, 4.828182971661575351e+01
8.174999999999963052e+01, 4.832276192475870147e+01
8.184999999999962483e+01, 4.836373229796249262e+01
8.194999999999961915e+01, 4.840474092115749727e+01
8.204999999999961346e+01, 4.844578787920375618e+01
8.214999999999960778e+01, 4.848687325689093797e+01
8.224999999999960210e+01, 4.852799713893833200e+01
8.234999999999959641e+01, 4.856915960999480575e+01
8.244999999999959073e+01, 4.861036075463888295e+01
8.254999999999958504e+01, 4.865160065737862283e+01
8.264999999999957936e+01, 4.869287940265162717e+01
8.274999999999957367e+01, 4.873419707482504748e+01
8.284999999999956799e+01, 4.877555375819549965e+01
8.294999999999956231e+01, 4.881694953698902850e+01
8.304999999999955662e+01, 4.885838449536109351e+01
8.314999999999955094e+01, 4.889985871739650491e+01
8.324999999999954525e+01, 4.894137228710931709e+01
8.334999999999953957e+01, 4.898292528844286409e+01
8.344999999999953388e+01, 4.902451780526961045e+01
8.354999999999952820e+01, 4.906614992139110853e+01
8.364999999999952252e+01, 4.910782172053794170e+01
8.374999999999951683e+01, 4.914953328636961061e+01
8.384999999999951115e+01, 4.919128470247447638e+01
8.394999999999950546e+01, 4.923307605236965401e+01
8.404999999999949978e+01, 4.927490741950094133e+01
8.414999999999949409e+01, 4.931677888724265557e+01
8.424999999999948841e+01, 4.935869053889764047e+01
8.434999999999948272e+01, 4.940064245769701756e+01
8.444999999999947704e+01, 4.944263472680022176e+01
8.454999999999947136e+01, 4.948466742929475259e+01
8.464999999999946567e+01, 4.952674064819612454e+01
8.474999999999945999e+01, 4.956885446644775328e+01
8.484999999999945430e+01, 4.961100896692073547e+01
8.494999999999944862e+01, 4.965320423241383452e+01
8.504999999999944293e+01, 4.969544034565325319e+01
8.514999999999943725e+01, 4.973771738929247022e+01
8.524999999999943157e+01, 4.978003544591218343e+01
8.534999999999942588e+01, 4.982239459802009662e+01
8.544999999999942020e+01, 4.986479492805076319e+01
8.554999999999941451e+01, 4.990723651836540853e+01
8.564999999999940883e+01, 4.994971945125180213e+01
8.574999999999940314e+01, 4.999224440771541111e+01
8.584999999999939746e+01, 5.003481255581742460e+01
8.594999999999939178e+01, 5.007742488389389024e+01
8.604999999999938609e+01, 5.012008238143774719e+01
8.614999999999938041e+01, 5.016278585485535046e+01
8.624999999999937472e+01, 5.020553564411459746e+01
8.634999999999936904e+01, 5.024833183710398288e+01
8.644999999999936335e+01, 5.029117452167979962e+01
8.654999999999935767e+01, 5.033406378566565564e+01
8.664999999999935199e+01, 5.037699971685210443e+01
8.674999999999934630e+01, 5.041998240299622580e+01
8.684999999999934062e+01, 5.046301193182119249e+01
8.694999999999933493e+01, 5.050608839101582248e+01
8.704999999999932925e+01, 5.054921186823420243e+01
8.714999999999932356e+01, 5.059238245109519738e+01
8.724999999999931788e+01, 5.063560022718203157e+01
8.734999999999931219e+01, 5.067886528404186919e+01
8.744999999999930651e+01, 5.072217770918530988e+01
8.754999999999930083e+01, 5.076553759008600508e+01
8.764999999999929514e+01, 5.080894501418015352e+01
8.774999999999928946e+01, 5.085240006886610331e+01
8.784999999999928377e+01, 5.089590284150379063e+01
8.794999999999927809e+01, 5.093945341941437732e+01
8.804999999999927240e+01, 5.098305188987973224e+01
8.814999999999926672e+01, 5.102669834014196226e+01
8.824999999999926104e+01, 5.107039285740292200e+01
8.834999999999925535e+01, 5.111413552882379463e+01
8.844999999999924967e+01, 5.115792644152451629e+01
8.854999999999924398e+01, 5.120176568258337113e+01
8.864999999999923830e+01, 5.124565333903644415e+01
8.874999999999923261e+01, 5.128958949787715937e+01
8.884999999999922693e+01, 5.133357424605578245e+01
8.894999999999922125e+01, 5.137760767047887356e+01
8.904999999999921556e+01, 5.142168985800884684e+01
8.914999999999920988e+01, 5.146582089546339489e+01
8.924999999999920419e+01, 5.151000086961505531e+01
8.934999999999919851e+01, 5.155422986719062806e+01
8.944999999999919282e+01, 5.159850797487065677e+01
8.954999999999918714e+01, 5.164283527928894557e+01
8.964999999999918145e+01, 5.168721186703200487e+01
8.974999999999917577e+01, 5.173163782463852556e+01
8.984999999999917009e+01, 5.177611323859885317e+01
8.994999999999916440e+01, 5.182063819535444082e+01
9.004999999999915872e+01, 5.186521278129727364e+01
9.014999999999915303e+01, 5.190983708276942821e+01
9.024999999999914735e+01, 5.195451118606239760e+01
9.034999999999914166e+01, 5.199923517741662238e+01
9.044999999999913598e+01, 5.204400914302090086e+01
9.054999999999913030e+01, 5.208883316901182781e+01
9.064999999999912461e+01, 5.213370734147328989e+01
9.074999999999911893e+01, 5.217863174643581203e+01
9.084999999999911324e+01, 5.222360646987602451e+01
9.094999999999910756e+01, 5.226863159771613709e+01
9.104999999999910187e+01, 5.231370721582327121e+01
9.114999999999909619e+01, 5.235883341000896252e+01
9.124999999999909051e+01, 5.240401026602854273e+01
9.134999999999908482e+01, 5.244923786958055700e+01
9.144999999999907914e+01, 5.249451630630615995e+01
9.154999999999907345e+01, 5.253984566178855431e+01
9.164999999999906777e+01, 5.258522602155235859e+01
9.174999999999906208e+01, 5.263065747106304570e+01
9.184999999999905640e+01, 5.267614009572631772e+01
9.194999999999905071e+01, 5.272167398088748058e+01
9.204999999999904503e+01, 5.276725921183088985e+01
9.214999999999903935e+01, 5.281289587377928285e+01
9.224999999999903366e+01, 5.285858405189317466e+01
9.234999999999902798e+01, 5.290432383127027549e+01
9.244999999999902229e+01, 5.295011529694481567e+01
9.254999999999901661e+01, 5.299595853388696298e+01
9.264999999999901092e+01, 5.304185362700216189e+01
9.274999999999900524e+01, 5.308780066113053664e+01
9.284999999999899956e+01, 5.313379972104619497e+01
9.294999999999899387e+01, 5.317985089145668098e+01
9.304999999999898819e+01, 5.322595425700222904e+01
9.314999999999898250e+01, 5.327210990225520248e+01
9.324999999999897682e+01, 5.331831791171940438e+01
9.334999999999897113e+01, 5.336457836982944514e+01
9.344999999999896545e+01, 5.341089136095007461e+01
9.354999999999895977e+01, 5.345725696937552129e+01
9.364999999999895408e+01, 5.350367527932884570e+01
9.374999999999894840e+01, 5.355014637496125829e+01
9.384999999999894271e+01, 5.359667034035150834e+01
9.394999999999893703e+01, 5.364324725950511663e+01
9.404999999999893134e+01, 5.368987721635380694e+01
9.414999999999892566e+01, 5.373656029475474583e+01
9.424999999999891998e+01, 5.378329657848991729e+01
9.434999999999891429e+01, 5.383008615126543361e+01
9.444999999999890861e+01, 5.387692909671078922e+01
9.454999999999890292e+01, 5.392382549837829941e+01
9.464999999999889724e+01, 5.397077543974231872e+01
9.474999999999889155e+01, 5.401777900419849487e+01
9.484999999999888587e+01, 5.406483627506325718e+01
9.494999999999888018e+01, 5.411194733557287861e+01
9.504999999999887450e+01, 5.415911226888301400e+01
9.514999999999886882e+01, 5.420633115806782598e+01
9.524999999999886313e+01, 5.425360408611928875e+01
9.534999999999885745e+01, 5.430093113594661958e+01
9.544999999999885176e+01, 5.434831239037538353e+01
9.554999999999884608e+01, 5.439574793214688953e+01
9.564999999999884039e+01, 5.444323784391747978e+01
9.574999999999883471e+01, 5.449078220825769847e+01
9.584999999999882903e+01, 5.453838110765168778e+01
9.594999999999882334e+01, 5.458603462449642763e+01
9.604999999999881766e+01, 5.463374284110094692e+01
9.614999999999881197e+01, 5.468150583968565570e+01
9.624999999999880629e+01, 5.472932370238161326e+01
9.634999999999880060e+01, 5.477719651122976074e+01
9.644999999999879492e+01, 5.482512434818016089e+01
9.654999999999878924e+01, 5.487310729509130880e+01
9.664999999999878355e+01, 5.492114543372938584e+01
9.674999999999877787e+01, 5.496923884576742836e+01
9.684999999999877218e+01, 5.501738761278468814e+01
9.694999999999876650e+01, 5.506559181626580823e+01
9.704999999999876081e+01, 5.511385153760007682e+01
9.714999999999875513e+01, 5.516216685808071674e+01
9.724999999999874944e+01, 5.521053785890403276e+01
9.734999999999874376e+01, 5.525896462116877217e+01
9.744999999999873808e+01, 5.530744722587524365e+01
9.754999999999873239e+01, 5.535598575392460674e+01
9.764999999999872671e+01, 5.540458028611810448e+01
9.774999999999872102e+01, 5.545323090315628178e+01
9.784999999999871534e+01, 5.550193768563818963e+01
9.794999999999870965e+01, 5.555070071406065324e+01
9.804999999999870397e+01, 5.559952006881744069e+01
9.814999999999869829e+01, 5.564839583019853819e+01
9.824999999999869260e+01, 5.569732807838928323e+01
9.834999999999868692e+01, 5.574631689346970376e+01
9.844999999999868123e+01, 5.579536235541360867e+01
9.854999999999867555e+01, 5.584446454408783467e+01
9.864999999999866986e+01, 5.589362353925151439e+01
9.874999999999866418e+01, 5.594283942055516690e+01
9.884999999999865850e+01, 5.599211226754000847e+01
9.894999999999865281e+01, 5.604144215963713549e+01
9.904999999999864713e+01, 5.609082917616662201e+01
9.914999999999864144e+01, 5.614027339633684477e+01
9.924999999999863576e+01, 5.618977489924361635e+01
9.934999999999863007e+01, 5.623933376386938221e+01
9.944999999999862439e+01, 5.628895006908241072e+01
9.954999999999861870e+01, 5.633862389363599732e+01
9.964999999999861302e+01, 5.638835531616763319e+01
9.974999999999860734e+01, 5.643814441519820235e+01
9.984999999999860165e+01, 5.648799126913114321e+01
9.994999999999859597e+01, 5.653789595625165987e+01
1.000499999999985903e+02, 5.658785855472588366e+01
1.001499999999985846e+02, 5.663787914260007028e+01
1.002499999999985789e+02, 5.668795779779972577e+01
1.003499999999985732e+02, 5.673809459812879652e+01
1.004499999999985675e+02, 5.678828962126893032e+01
1.005499999999985619e+02, 5.683854294477851710e+01
1.006499999999985562e+02, 5.688885464609192155e+01
1.007499999999985505e+02, 5.693922480251860208e+01
1.008499999999985448e+02, 5.698965349124242863e+01
1.009499999999985391e+02, 5.704014078932059562e+01
1.010499999999985334e+02, 5.709068677368300371e+01
1.011499999999985278e+02, 5.714129152113130061e+01
1.012499999999985221e+02, 5.719195510833809948e+01
1.013499999999985164e+02, 5.724267761184609782e+01
1.014499999999985107e+02, 5.729345910806722486e+01
1.015499999999985050e+02, 5.734429967328183864e+01
1.016499999999984993e+02, 5.739519938363785911e+01
1.017499999999984936e+02, 5.744615831514989424e+01
1.018499999999984880e+02, 5.749717654369842279e+01
1.019499999999984823e+02, 5.754825414502894176e+01
1.020499999999984766e+02, 5.759939119475105684e+01
1.021499999999984709e+02, 5.765058776833772214e+01
1.022499999999984652e+02, 5.770184394112430226e+01
1.023499999999984595e+02, 5.775315978830776942e+01
1.024499999999984539e+02, 5.780453538494577970e+01
1.025499999999984482e+02, 5.785597080595589858e+01
1.026499999999984425e+02, 5.790746612611467725e+01
1.027499999999984368e+02, 5.795902142005682833e+01
1.028499999999984311e+02, 5.801063676227428090e+01
1.029499999999984254e+02, 5.806231222711544859e+01
1.030499999999984198e+02, 5.811404788878426331e+01
1.031499999999984141e+02, 5.816584382133932252e+01
1.032499999999984084e+02, 5.821770009869307216e+01
1.033499999999984027e+02, 5.826961679461085453e+01
1.034499999999983970e+02, 5.832159398271013373e+01
1.035499999999983913e+02, 5.837363173645954362e+01
1.036499999999983856e+02, 5.842573012917807063e+01
1.037499999999983800e+02, 5.847788923403415140e+01
1.038499999999983743e+02, 5.853010912404477750e+01
1.039499999999983686e+02, 5.858238987207469251e+01
1.040499999999983629e+02, 5.863473155083546118e+01
1.041499999999983572e+02, 5.868713423288457420e+01
1.042499999999983515e+02, 5.873959799062464526e+01
1.043499999999983459e+02, 5.879212289630248733e+01
1.044499999999983402e+02, 5.884470902200817477e+01
1.045499999999983345e+02, 5.889735643967433276e+01
1.046499999999983288e+02, 5.895006522107504310e+01
1.047499999999983231e+02, 5.900283543782515494e+01
1.048499999999983174e+02, 5.905566716137927585e+01
1.049499999999983118e+02, 5.910856046303093336e+01
1.050499999999983061e+02, 5.916151541391169388e+01
1.051499999999983004e+02, 5.921453208499033849e+01
1.052499999999982947e+02, 5.926761054707181842e+01
1.053499999999982890e+02, 5.932075087079655873e+01
1.054499999999982833e+02, 5.937395312663944225e+01
1.055499999999982776e+02, 5.942721738490897110e+01
1.056499999999982720e+02, 5.948054371574643540e+01
1.057499999999982663e+02, 5.953393218912491847e+01
1.058499999999982606e+02, 5.958738287484847973e+01
1.059499999999982549e+02, 5.964089584255126653e+01
1.060499999999982492e+02, 5.969447116169660461e+01
1.061499999999982435e+02, 5.974810890157613130e+01
1.062499999999982379e+02, 5.980180913130893572e+01
1.063499999999982322e+02, 5.985557191984057113e+01
1.064499999999982265e+02, 5.990939733594227334e+01
1.065499999999982208e+02, 5.996328556019214773e+01
1.066499999999982151e+02, 6.001723909121142952e+01
1.067499999999982094e+02, 6.007125989749025763e+01
1.068499999999982037e+02, 6.012534993476953815e+01
1.069499999999981981e+02, 6.017951116349106400e+01
1.070499999999981924e+02, 6.023374463778976207e+01
1.071499999999981867e+02, 6.028805056065685619e+01
1.072499999999981810e+02, 6.034242902356893268e+01
1.073499999999981753e+02, 6.039688011785736421e+01
1.074499999999981696e+02, 6.045140393470699536e+01
1.075499999999981640e+02, 6.050600056515486358e+01
1.076499999999981583e+02, 6.056067010008884210e+01
1.077499999999981526e+02, 6.061541263024629700e+01
1.078499999999981469e+02, 6.067022824621292898e+01
1.079499999999981412e+02, 6.072511703842122444e+01
1.080499999999981355e+02, 6.078007909714933277e+01
1.081499999999981299e+02, 6.083511451251960978e+01
1.082499999999981242e+02, 6.089022337449738842e+01
1.083499999999981185e+02, 6.094540577288960037e+01
1.084499999999981128e+02, 6.100066179734348282e+01
1.085499999999981071e+02, 6.105599153734519291e+01
1.086499999999981014e+02, 6.111139508221853589e+01
1.087499999999980957e+02, 6.116687252112363637e+01
1.088499999999980901e+02, 6.122242394305555280e+01
1.089499999999980844e+02, 6.127804943684301264e+01
1.090499999999980787e+02, 6.133374909114702689e+01
1.091499999999980730e+02, 6.138952299445955418e+01
1.092499999999980673e+02, 6.144537123510225030e+01
1.093499999999980616e+02, 6.150129390122495465e+01
1.094499999999980560e+02, 6.155729108080460321e+01
1.095499999999980503e+02, 6.161336286164360132e+01
1.096499999999980446e+02, 6.166950933136874369e+01
1.097499999999980389e+02, 6.172573057742972225e+01
1.098499999999980332e+02, 6.178202668709776191e+01
1.099499999999980275e+02, 6.183839774746443396e+01
1.100499999999980218e+02, 6.189484384544015683e+01
1.101499999999980162e+02, 6.195136506775294549e+01
1.102499999999980105e+02, 6.200796150094697623e+01
1.103499999999980048e+02, 6.206463323138135735e+01
1.104499999999979991e+02, 6.212138034522872232e+01
1.105499999999979934e+02, 6.217820292847380870e+01
1.106499999999979877e+02, 6.223510106691228572e+01
1.107499999999979821e+02, 6.229207484614922663e+01
1.108499999999979764e+02, 6.234912435159787947e+01
1.109499999999979707e+02, 6.240624966847828148e+01
1.110499999999979650e+02, 6.246345088181590910e+01
1.111499999999979593e+02, 6.252072807644029950e+01
1.112499999999979536e+02, 6.257808133698375030e+01
1.113499999999979480e+02, 6.263551074787996953e+01
1.114499999999979423e+02, 6.269301639336269005e+01
1.115499999999979366e+02, 6.275059835746429115e+01
1.116499999999979309e+02, 6.280825672401458348e+01
1.117499999999979252e+02, 6.286599157663931692e+01
1.118499999999979195e+02, 6.292380299875887317e+01
1.119499999999979138e+02, 6.298169107358695129e+01
1.120499999999979082e+02, 6.303965588412919629e+01
1.121499999999979025e+02, 6.309769751318182074e+01
1.122499999999978968e+02, 6.315581604333031152e+01
1.123499999999978911e+02, 6.321401155694803720e+01
1.124499999999978854e+02, 6.327228413619489800e+01
1.125499999999978797e+02, 6.333063386301602549e+01
1.126499999999978741e+02, 6.338906081914039703e+01
1.127499999999978684e+02, 6.344756508607947154e+01
1.128499999999978627e+02, 6.350614674512589630e+01
1.129499999999978570e+02, 6.356480587735207166e+01
1.130499999999978513e+02, 6.362354256360894311e+01
1.131499999999978456e+02, 6.368235688452453758e+01
1.132499999999978400e+02, 6.374124892050266311e+01
1.133499999999978343e+02, 6.380021875172150914e+01
1.134499999999978286e+02, 6.385926645813247404e+01
1.135499999999978229e+02, 6.391839211945860200e+01
1.136499999999978172e+02, 6.397759581519338212e+01
1.137499999999978115e+02, 6.403687762459937005e+01
1.138499999999978058e+02, 6.409623762670685210e+01
1.139499999999978002e+02, 6.415567590031250234e+01
1.140499999999977945e+02, 6.421519252397806099e+01
1.141499999999977888e+02, 6.427478757602895598e+01
1.142499999999977831e+02, 6.433446113455300974e+01
1.143499999999977774e+02, 6.439421327739917444e+01
1.144499999999977717e+02, 6.445404408217598302e+01
1.145499999999977661e+02, 6.451395362625048335e+01
1.146499999999977604e+02, 6.457394198674668928e+01
1.147499999999977547e+02, 6.463400924054445795e+01
1.148499999999977490e+02, 6.469415546427788399e+01
1.149499999999977433e+02, 6.475438073433433317e+01
1.150499999999977376e+02, 6.481468512685280814e+01
1.151499999999977319e+02, 6.487506871772279737e+01
1.152499999999977263e+02, 6.493553158258286828e+01
1.153499999999977206e+02, 6.499607379681944508e+01
1.154499999999977149e+02, 6.505669543556540191e+01
1.155499999999977092e+02, 6.511739657369878387e+01
1.156499999999977035e+02, 6.517817728584151382e+01
1.157499999999976978e+02, 6.523903764635804237e+01
1.158499999999976922e+02, 6.529997772935409728e+01
1.159499999999976865e+02, 6.536099760867527664e+01
1.160499999999976808e+02, 6.542209735790588354e+01
1.161499999999976751e+02, 6.548327705036749080e+01
1.162499999999976694e+02, 6.554453675911776145e+01
1.163499999999976637e+02, 6.560587655694901343e+01
1.164499999999976581e+02, 6.566729651638708276e+01
1.165499999999976524e+02, 6.572879670968990240e+01
1.166499999999976467e+02, 6.579037720884626594e+01
1.167499999999976410e+02, 6.585203808557457705e+01
1.168499999999976353e+02, 6.591377941132142837e+01
1.169499999999976296e+02, 6.597560125726053570e+01
1.170499999999976239e+02, 6.603750369429126010e+01
1.171499999999976183e+02, 6.609948679303739993e+01
1.172499999999976126e+02, 6.616155062384599717e+01
1.173499999999976069e+02, 6.622369525678588786e+01
1.174499999999976012e+02, 6.628592076164665059e+01
1.175499999999975955e+02, 6.634822720793715689e+01
1.176499999999975898e+02, 6.641061466488439180e+01
1.177499999999975842e+02, 6.647308320143220328e+01
1.178499999999975785e+02, 6.653563288624002325e+01
1.179499999999975728e+02, 6.659826378768160282e+01
1.180499999999975671e+02, 6.666097597384380435e+01
1.181499999999975614e+02, 6.672376951252527988e+01
1.182499999999975557e+02, 6.678664447123533421e+01
1.183499999999975500e+02, 6.684960091719258912e+01
1.184499999999975444e+02, 6.691263891732378966e+01
1.185499999999975387e+02, 6.697575853826256775e+01
1.186499999999975330e+02, 6.703895984634824856e+01
1.187499999999975273e+02, 6.710224290762448618e+01
1.188499999999975216e+02, 6.716560778783824048e+01
1.189499999999975159e+02, 6.722905455243841288e+01
1.190499999999975103e+02, 6.729258326657469524e+01
1.191499999999975046e+02, 6.735619399509630512e+01
1.192499999999974989e+02, 6.741988680255086308e+01
1.193499999999974932e+02, 6.748366175318308535e+01
1.194499999999974875e+02, 6.754751891093368954e+01
1.195499999999974818e+02, 6.761145833943810146e+01
1.196499999999974762e+02, 6.767548010202533249e+01
1.197499999999974705e+02, 6.773958426171680003e+01
1.198499999999974648e+02, 6.780377088122504858e+01
1.199499999999974591e+02, 6.786804002295266969e+01
1.200499999999974534e+02, 6.793239174899107979e+01
1.201499999999974477e+02, 6.799682612111941182e+01
1.202499999999974420e+02, 6.806134320080320776e+01
1.203499999999974364e+02, 6.812594304919342392e+01
1.204499999999974307e+02, 6.819062572712516612e+01
1.205499999999974250e+02, 6.825539129511656711e+01
1.206499999999974193e+02, 6.832023981336766383e+01
1.207499999999974136e+02, 6.838517134175921797e+01
1.208499999999974079e+02, 6.845018593985156485e+01
1.209499999999974023e+02, 6.851528366688350502e+01
1.210499999999973966e+02, 6.858046458177123839e+01
1.211499999999973909e+02, 6.864572874310708528e+01
1.212499999999973852e+02, 6.871107620915849168e+01
1.213499999999973795e+02, 6.877650703786690656e+01
1.214499999999973738e+02, 6.884202128684660238e+01
1.215499999999973681e+02, 6.890761901338362350e+01
1.216499999999973625e+02, 6.897330027443467770e+01
1.217499999999973568e+02, 6.903906512662607042e+01
1.218499999999973511e+02, 6.910491362625249678e+01
1.219499999999973454e+02, 6.917084582927613212e+01
1.220499999999973397e+02, 6.923686179132540985e+01
1.221499999999973340e+02, 6.930296156769402671e+01
1.222499999999973284e+02, 6.936914521333986272e+01
1.223499999999973227e+02, 6.943541278288387275e+01
1.224499999999973170e+02, 6.950176433060909176e+01
1.225499999999973113e+02, 6.956819991045954055e+01
1.226499999999973056e+02, 6.963471957603918838e+01
1.227499999999972999e+02, 6.970132338061090138e+01
1.228499999999972943e+02, 6.976801137709549039e+01
1.229499999999972886e+02, 6.983478361807055990e+01
1.230499999999972829e+02, 6.990164015576954171e+01
1.231499999999972772e+02, 6.996858166167714899e+01
1.232499999999972715e+02, 7.003561177968418860e+01
1.233499999999972658e+02, 7.010273324656745331e+01
1.234499999999972601e+02, 7.016994880763714093e+01
1.235499999999972545e+02, 7.023726110295744718e+01
1.236499999999972488e+02, 7.030467130464084846e+01
1.237499999999972431e+02, 7.037217950635830732e+01
1.238499999999972374e+02, 7.043978580144602120e+01
1.239499999999972317e+02, 7.050749028290361764e+01
1.240499999999972260e+02, 7.057529304339240639e+01
1.241499999999972204e+02, 7.064319417523343247e+01
1.242499999999972147e+02, 7.071119377040572829e+01
1.243499999999972090e+02, 7.077929192054452301e+01
1.244499999999972033e+02, 7.084748871693938099e+01
1.245499999999971976e+02, 7.091578425053242540e+01
1.246499999999971919e+02, 7.098417861191651923e+01
1.247499999999971863e+02, 7.105267189133343209e+01
1.248499999999971806e+02, 7.112126417867214911e+01
1.249499999999971749e+02, 7.118995556346692410e+01
1.250499999999971692e+02, 7.125874613489564524e+01
1.251499999999971635e+02, 7.132763598177798769e+01
1.252499999999971578e+02, 7.139662519257358042e+01
1.253499999999971521e+02, 7.146571385538031507e+01
1.254499999999971465e+02, 7.153490205793254120e+01
1.255499999999971408e+02, 7.160418988759934678e+01
1.256499999999971351e+02, 7.167357743138266812e+01
1.257499999999971294e+02, 7.174306477591571252e+01
1.258499999999971237e+02, 7.181265200746105393e+01
1.259499999999971180e+02, 7.188233921190898457e+01
1.260499999999971124e+02, 7.195212647477573853e+01
1.261499999999971067e+02, 7.202201388120175807e+01
1.262499999999971010e+02, 7.209200151594994566e+01
1.263499999999970953e+02, 7.216208946340398711e+01
1.264499999999970896e+02, 7.223227780756657523e+01
1.265499999999970839e+02, 7.230256663205776135e+01
1.266499999999970782e+02, 7.237295602011313633e+01
1.267499999999970726e+02, 7.244344605458229580e+01
1.268499999999970669e+02, 7.251403681792697853e+01
1.269499999999970612e+02, 7.258472839221944639e+01
1.270499999999970555e+02, 7.265552085914083591e+01
1.271499999999970498e+02, 7.272641429997941032e+01
1.272499999999970441e+02, 7.279740879562889688e+01
1.273499999999970385e+02, 7.286850442658685267e+01
1.274499999999970328e+02, 7.293970127295301609e+01
1.275499999999970271e+02, 7.301099941442754471e+01
1.276499999999970214e+02, 7.308239893030953738e+01
1.277499999999970157e+02, 7.315389989949521521e+01
1.278499999999970100e+02, 7.322550240047641523e+01
1.279499999999970044e+02, 7.329720651133888509e+01
1.280499999999969987e+02, 7.336901230976071986e+01
1.281499999999969930e+02, 7.344091987301068514e+01
1.282499999999969873e+02, 7.351292927794662546e+01
1.283499999999969816e+02, 7.358504060101391531e+01
1.284499999999969759e+02, 7.365725391824378221e+01
1.285499999999969702e+02, 7.372956930525177199e+01
1.286499999999969646e+02, 7.380198683723618558e+01
1.287499999999969589e+02, 7.387450658897637368e+01
1.288499999999969532e+02, 7.394712863483140097e+01
1.289499999999969475e+02, 7.401985304873824134e+01
1.290499999999969418e+02, 7.409267990421038519e+01
1.291499999999969361e+02, 7.416560927433624784e+01
1.292499999999969305e+02, 7.423864123177760632e+01
1.293499999999969248e+02, 7.431177584876813569e+01
1.294499999999969191e+02, 7.438501319711183157e+01
1.295499999999969134e+02, 7.445835334818146123e+01
1.296499999999969077e+02, 7.453179637291717086e+01
1.297499999999969020e+02, 7.460534234182492241e+01
1.298499999999968963e+02, 7.467899132497495884e+01
1.299499999999968907e+02, 7.475274339200039719e+01
1.300499999999968850e+02, 7.482659861209572227e+01
1.301499999999968793e+02, 7.490055705401532293e+01
1.302499999999968736e+02, 7.497461878607204255e+01
1.303499999999968679e+02, 7.504878387613572954e+01
1.304499999999968622e+02, 7.512305239163175941e+01
1.305499999999968566e+02, 7.519742439953968471e+01
1.306499999999968509e+02, 7.527189996639172875e+01
1.307499999999968452e+02, 7.534647915827140707e+01
1.308499999999968395e+02, 7.542116204081210640e+01
1.309499999999968338e+02, 7.549594867919576302e+01
1.310499999999968281e+02, 7.557083913815132803e+01
1.311499999999968225e+02, 7.564583348195347412e+01
1.312499999999968168e+02, 7.572093177442134504e+01
1.313499999999968111e+02, 7.579613407891696397e+01
1.314499999999968054e+02, 7.587144045834398298e+01
1.315499999999967997e+02, 7.594685097514641825e+01
1.316499999999967940e+02, 7.602236569130721477e+01
1.317499999999967883e+02, 7.609798466834693897e+01
1.318499999999967827e+02, 7.617370796732249971e+01
1.319499999999967770e+02, 7.624953564882582668e+01
1.320499999999967713e+02, 7.632546777298257723e+01
1.321499999999967656e+02, 7.640150439945080052e+01
1.322499999999967599e+02, 7.647764558741978647e+01
1.323499999999967542e+02, 7.655389139560867306e+01
1.324499999999967486e+02, 7.663024188226528111e+01
1.325499999999967429e+02, 7.670669710516473572e+01
1.326499999999967372e+02, 7.678325712160841476e+01
1.327499999999967315e+02, 7.685992198842259882e+01
1.328499999999967258e+02, 7.693669176195724901e+01
1.329499999999967201e+02, 7.701356649808488442e+01
1.330499999999967145e+02, 7.709054625219934564e+01
1.331499999999967088e+02, 7.716763107921453013e+01
1.332499999999967031e+02, 7.724482103356339735e+01
1.333499999999966974e+02, 7.732211616919657615e+01
1.334499999999966917e+02, 7.739951653958144107e+01
1.335499999999966860e+02, 7.747702219770081911e+01
1.336499999999966803e+02, 7.755463319605186712e+01
1.337499999999966747e+02, 7.763234958664503438e+01
1.338499999999966690e+02, 7.771017142100284048e+01
1.339499999999966633e+02, 7.778809875015886632e+01
1.340499999999966576e+02, 7.786613162465663152e+01
1.341499999999966519e+02, 7.794427009454851429e+01
1.342499999999966462e+02, 7.802251420939465731e+01
1.343499999999966406e+02, 7.810086401826195868e+01
1.344499999999966349e+02, 7.817931956972300611e+01
1.345499999999966292e+02, 7.825788091185501116e+01
1.346499999999966235e+02, 7.833654809223885707e+01
1.347499999999966178e+02, 7.841532115795799029e+01
1.348499999999966121e+02, 7.849420015559755370e+01
1.349499999999966064e+02, 7.857318513124323545e+01
1.350499999999966008e+02, 7.865227613048040212e+01
1.351499999999965951e+02, 7.873147319839311820e+01
1.352499999999965894e+02, 7.881077637956315129e+01
1.353499999999965837e+02, 7.889018571806903424e+01
1.354499999999965780e+02, 7.896970125748519820e+01
1.355499999999965723e+02, 7.904932304088099215e+01
1.356499999999965667e+02, 7.912905111081974496e+01
1.357499999999965610e+02, 7.920888550935794115e+01
1.358499999999965553e+02, 7.928882627804431138e+01
1.359499999999965496e+02, 7.936887345791893722e+01
1.360499999999965439e+02, 7.944902708951238424e+01
1.361499999999965382e+02, 7.952928721284494884e+01
1.362499999999965326e+02, 7.960965386742563510e+01
1.363499999999965269e+02, 7.969012709225148683e+01
1.364499999999965212e+02, 7.977070692580676337e+01
1.365499999999965155e+02, 7.985139340606201586e+01
1.366499999999965098e+02, 7.993218661664147362e+01
1.367499999999965041e+02, 8.001308977867819294e+01
1.368499999999964984e+02, 8.009410584864367877e+01
1.369499999999964928e+02, 8.017523766777286198e+01
1.370499999999964871e+02, 8.025648808724191952e+01
1.371499999999964814e+02, 8.033785886418561972e+01
1.372499999999964757e+02, 8.041935044141672506e+01
1.373499999999964700e+02, 8.050096290441240399e+01
1.374499999999964643e+02, 8.058269633812669497e+01
1.375499999999964587e+02, 8.066455082698863066e+01
1.376499999999964530e+02, 8.074652645490056102e+01
1.377499999999964473e+02, 8.082862330523643379e+01
1.378499999999964416e+02, 8.091084146083991868e+01
1.379499999999964359e+02, 8.099318100402281573e+01
1.380499999999964302e+02, 8.107564201656317948e+01
1.381499999999964245e+02, 8.115822457970372739e+01
1.382499999999964189e+02, 8.124092877415009184e+01
1.383499999999964132e+02, 8.132375468006911490e+01
1.384499999999964075e+02, 8.140670237708717139e+01
1.385499999999964018e+02, 8.148977194428852044e+01
1.386499999999963961e+02, 8.157296346021367128e+01
1.387499999999963904e+02, 8.165627700285762103e+01
1.388499999999963848e+02, 8.173971264966839101e+01
1.389499999999963791e+02, 8.182327047754525040e+01
1.390499999999963734e+02, 8.190695056283720987e+01
1.391499999999963677e+02, 8.199075298134140155e+01
1.392499999999963620e+02, 8.207467780830138793e+01
1.393499999999963563e+02, 8.215872511840578341e+01
1.394499999999963507e+02, 8.224289498578652058e+01
1.395499999999963450e+02, 8.232718748401735809e+01
1.396499999999963393e+02, 8.241160268611245954e+01
1.397499999999963336e+02, 8.249614066452463135e+01
1.398499999999963279e+02, 8.258080149114397273e+01
1.399499999999963222e+02, 8.266558523729639774e+01
1.400499999999963165e+02, 8.275049197374202947e+01
1.401499999999963109e+02, 8.283552177067387845e+01
1.402499999999963052e+02, 8.292067469771620836e+01
1.403499999999962995e+02, 8.300595082392321444e+01
1.404499999999962938e+02, 8.309135021777754559e+01
1.405499999999962881e+02, 8.317687294718891167e+01
1.406499999999962824e+02, 8.326251907949260556e+01
1.407499999999962768e+02, 8.334828868144821001e+01
1.408499999999962711e+02, 8.343418181923809129e+01
1.409499999999962654e+02, 8.352019855846613439e+01
1.410499999999962597e+02, 8.360633896415643562e+01
1.411499999999962540e+02, 8.369260310075171105e+01
1.412499999999962483e+02, 8.377899103211225906e+01
1.413499999999962427e+02, 8.386550282151449665e+01
1.414499999999962370e+02, 8.395213853164965201e+01
1.415499999999962313e+02, 8.403889822462255665e+01
1.416499999999962256e+02, 8.412578196195029534e+01
1.417499999999962199e+02, 8.421278980456101237e+01
1.418499999999962142e+02, 8.429992181279261843e+01
1.419499999999962085e+02, 8.438717804639159681e+01
1.420499999999962029e+02, 8.447455856451169609e+01
1.421499999999961972e+02, 8.456206342571287848e+01
1.422499999999961915e+02, 8.464969268796002666e+01
1.423499999999961858e+02, 8.473744640862179267e+01
1.424499999999961801e+02, 8.482532464446947529e+01
1.425499999999961744e+02, 8.491332745167576945e+01
1.426499999999961688e+02, 8.500145488581379993e+01
1.427499999999961631e+02, 8.508970700185582814e+01
1.428499999999961574e+02, 8.517808385417228578e+01
1.429499999999961517e+02, 8.526658549653065222e+01
1.430499999999961460e+02, 8.535521198209437443e+01
1.431499999999961403e+02, 8.544396336342178699e+01
1.432499999999961346e+02, 8.553283969246507468e+01
1.433499999999961290e+02, 8.562184102056930612e+01
1.434499999999961233e+02, 8.571096739847136803e+01
1.435499999999961176e+02, 8.580021887629895616e+01
1.436499999999961119e+02, 8.588959550356965167e+01
1.437499999999961062e+02, 8.597909732918989789e+01
1.438499999999961005e+02, 8.606872440145407666e+01
1.439499999999960949e+02, 8.615847676804355615e+01
1.440499999999960892e+02, 8.624835447602579563e+01
1.441499999999960835e+02, 8.633835757185343596e+01
1.442499999999960778e+02, 8.642848610136339005e+01
1.443499999999960721e+02, 8.651874010977593343e+01
1.444499999999960664e+02, 8.660911964169395105e+01
1.445499999999960608e+02, 8.669962474110201356e+01
1.446499999999960551e+02, 8.679025545136552466e+01
1.447499999999960494e+02, 8.688101181523003902e+01
1.448499999999960437e+02, 8.697189387482026746e+01
1.449499999999960380e+02, 8.706290167163948013e+01
1.450499999999960323e+02, 8.715403524656861123e+01
1.451499999999960266e+02, 8.724529463986561950e+01
1.452499999999960210e+02, 8.733667989116467822e+01
1.453499999999960153e+02, 8.742819103947540782e+01
1.454499999999960096e+02, 8.751982812318236427e+01
1.455499999999960039e+02, 8.761159118004412960e+01
1.456499999999959982e+02, 8.770348024719274349e+01
1.457499999999959925e+02, 8.779549536113314900e+01
1.458499999999959869e+02, 8.788763655774231154e+01
1.459499999999959812e+02, 8.797990387226880671e+01
1.460499999999959755e+02, 8.807229733933212401e+01
1.461499999999959698e+02, 8.816481699292212681e+01
1.462499999999959641e+02, 8.825746286639839866e+01
1.463499999999959584e+02, 8.835023499248973167e+01
1.464499999999959527e+02, 8.844313340329362916e+01
1.465499999999959471e+02, 8.853615813027565196e+01
1.466499999999959414e+02, 8.862930920426906312e+01
1.467499999999959357e+02, 8.872258665547420264e+01
1.468499999999959300e+02, 8.881599051345813223e+01
1.469499999999959243e+02, 8.890952080715403838e+01
1.470499999999959186e+02, 8.900317756486086296e+01
1.471499999999959130e+02, 8.909696081424291947e+01
1.472499999999959073e+02, 8.919087058232936727e+01
1.473499999999959016e+02, 8.928490689551391313e+01
1.474499999999958959e+02, 8.937906977955437071e+01
1.475499999999958902e+02, 8.947335925957234792e+01
1.476499999999958845e+02, 8.956777536005283480e+01
1.477499999999958789e+02, 8.966231810484396192e+01
1.478499999999958732e+02, 8.975698751715655987e+01
1.479499999999958675e+02, 8.985178361956397453e+01
1.480499999999958618e+02, 8.994670676621538519e+01
1.481499999999958561e+02, 9.004176112104494223e+01
1.482499999999958504e+02, 9.013694973782354225e+01
1.483499999999958447e+02, 9.023227568155256506e+01
1.484499999999958391e+02, 9.032774202866990265e+01
1.485499999999958334e+02, 9.042335020030279225e+01
1.486499999999958277e+02, 9.051910029545007319e+01
1.487499999999958220e+02, 9.061499239119181937e+01
1.488499999999958163e+02, 9.071102656395522956e+01
1.489499999999958106e+02, 9.080720288951327746e+01
1.490499999999958050e+02, 9.090352144298330472e+01
1.491499999999957993e+02, 9.099998229882557155e+01
1.492499999999957936e+02, 9.109658553084206289e+01
1.493499999999957879e+02, 9.119333121217498217e+01
1.494499999999957822e+02, 9.129021941530550066e+01
1.495499999999957765e+02, 9.138725021205246435e+01
1.496499999999957708e+02, 9.148442367357110072e+01
1.497499999999957652e+02, 9.158173987035165453e+01
1.498499999999957595e+02, 9.167919887221826514e+01
1.499499999999957538e+02, 9.177680074832760226e+01
1.500499999999957481e+02, 9.187454556716771492e+01
1.501499999999957424e+02, 9.197243339655678085e+01
1.502499999999957367e+02, 9.207046430364194123e+01
1.503499999999957311e+02, 9.216863835489807855e+01
1.504499999999957254e+02, 9.226695561612670815e+01
1.505499999999957197e+02, 9.236541615245477033e+01
1.506499999999957140e+02, 9.246402002833357869e+01
1.507499999999957083e+02, 9.256276730753766913e+01
1.508499999999957026e+02, 9.266165805316367710e+01
1.509499999999956970e+02, 9.276069232762927186e+01
1.510499999999956913e+02, 9.285987019267216169e+01
1.511499999999956856e+02, 9.295919170934899967e+01
1.512499999999956799e+02, 9.305865693803426097e+01
1.513499999999956742e+02, 9.315826593841948977e+01
1.514499999999956685e+02, 9.325801876951202019e+01
1.515499999999956628e+02, 9.335791548963415210e+01
1.516499999999956572e+02, 9.345795615642219900e+01
1.517499999999956515e+02, 9.355814082682552169e+01
1.518499999999956458e+02, 9.365846955710551924e+01
1.519499999999956401e+02, 9.375894240283491854e+01
1.520499999999956344e+02, 9.385955941889669418e+01
1.521499999999956287e+02, 9.396032065948325851e+01
1.522499999999956231e+02, 9.406122617809567998e+01
1.523499999999956174e+02, 9.416227602754274528e+01
1.524499999999956117e+02, 9.426347025994016349e+01
1.525499999999956060e+02, 9.436480892670985554e+01
1.526499999999956003e+02, 9.446629207857905897e+01
1.527499999999955946e+02, 9.456791976557957469e+01
1.528499999999955890e+02, 9.466969203704704228e+01
1.529499999999955833e+02, 9.477160894162025784e+01
1.530499999999955776e+02, 9.487367052724037819e+01
1.531499999999955719e+02, 9.497587684115029560e+01
1.532499999999955662e+02, 9.507822792989385619e+01
1.533499999999955605e+02, 9.518072383931537672e+01
1.534499999999955548e+02, 9.528336461455873518e+01
1.535499999999955492e+02, 9.538615030006705808e+01
1.536499999999955435e+02, 9.548908093958188203e+01
1.537499999999955378e+02, 9.559215657614269901e+01
1.538499999999955321e+02, 9.569537725208620316e+01
1.539499999999955264e+02, 9.579874300904604922e+01
1.540499999999955207e+02, 9.590225388795194306e+01
1.541499999999955151e+02, 9.600590992902948528e+01
1.542499999999955094e+02, 9.610971117179936130e+01
1.543499999999955037e+02, 9.621365765507711387e+01
1.544499999999954980e+02, 9.631774941697250370e+01
1.545499999999954923e+02, 9.642198649488911144e+01
1.546499999999954866e+02, 9.652636892552396830e+01
1.547499999999954809e+02, 9.663089674486708702e+01
1.548499999999954753e+02, 9.673556998820109243e+01
1.549499999999954696e+02, 9.684038869010082351e+01
1.550499999999954639e+02, 9.694535288443303500e+01
1.551499999999954582e+02, 9.705046260435602790e+01
1.552499999999954525e+02, 9.715571788231926575e+01
1.553499999999954468e+02, 9.726111875006320417e+01
1.554499999999954412e+02, 9.736666523861890710e+01
1.555499999999954355e+02, 9.747235737830783364e+01
1.556499999999954298e+02, 9.757819519874153968e+01
1.557499999999954241e+02, 9.768417872882152153e+01
1.558499999999954184e+02, 9.779030799673896013e+01
1.559499999999954127e+02, 9.789658302997449368e+01
1.560499999999954071e+02, 9.800300385529814662e+01
1.561499999999954014e+02, 9.810957049876907377e+01
1.562499999999953957e+02, 9.821628298573546090e+01
1.563499999999953900e+02, 9.832314134083439683e+01
1.564499999999953843e+02, 9.843014558799185920e+01
1.565499999999953786e+02, 9.853729575042240185e+01
1.566499999999953729e+02, 9.864459185062938218e+01
1.567499999999953673e+02, 9.875203391040467693e+01
1.568499999999953616e+02, 9.885962195082879589e+01
1.569499999999953559e+02, 9.896735599227076818e+01
1.570499999999953502e+02, 9.907523605438824177e+01
1.571499999999953445e+02, 9.918326215612745500e+01
1.572499999999953388e+02, 9.929143431572325085e+01
1.573499999999953332e+02, 9.939975255069921900e+01
1.574499999999953275e+02, 9.950821687786768166e+01
1.575499999999953218e+02, 9.961682731332987828e+01
1.576499999999953161e+02, 9.972558387247603662e+01
1.577499999999953104e+02, 9.983448656998545800e+01
1.578499999999953047e+02, 9.994353614929681839e+01
1.579499999999952990e+02, 1.000527388922135117e+02
1.580499999999952934e+02, 1.001620994215674045e+02
1.581499999999952877e+02, 1.002716223796096529e+02
1.582499999999952820e+02, 1.003813123575055073e+02
1.583499999999952763e+02, 1.004911714078026677e+02
1.584499999999952706e+02, 1.006011996396303800e+02
1.585499999999952649e+02, 1.007113971614293604e+02
1.586499999999952593e+02, 1.008217640809503024e+02
1.587499999999952536e+02, 1.009323005052522007e+02
1.588499999999952479e+02, 1.010430065407007874e+02
1.589499999999952422e+02, 1.011538822929669408e+02
1.590499999999952365e+02, 1.012649278670252357e+02
1.591499999999952308e+02, 1.013761433671522525e+02
1.592499999999952252e+02, 1.014875288969252125e+02
1.593499999999952195e+02, 1.015990845592203300e+02
1.594499999999952138e+02, 1.017108104562114335e+02
1.595499999999952081e+02, 1.018227066893685162e+02
1.596499999999952024e+02, 1.019347733594561305e+02
1.597499999999951967e+02, 1.020470105665320943e+02
1.598499999999951910e+02, 1.021594184099460421e+02
1.599499999999951854e+02, 1.022719969883379889e+02
1.600499999999951797e+02, 1.023847463996369385e+02
1.601499999999951740e+02, 1.024976667410595468e+02
1.602499999999951683e+02, 1.026107581091087582e+02
1.603499999999951626e+02, 1.027240205995724267e+02
1.604499999999951569e+02, 1.028374543075221084e+02
1.605499999999951513e+02, 1.029510593273115546e+02
1.606499999999951456e+02, 1.030648357525756609e+02
1.607499999999951399e+02, 1.031787836762290311e+02
1.608499999999951342e+02, 1.032929031904647701e+02
1.609499999999951285e+02, 1.034071943867533037e+02
1.610499999999951228e+02, 1.035216573558410573e+02
1.611499999999951172e+02, 1.036362921877493193e+02
1.612499999999951115e+02, 1.037510989717730894e+02
1.613499999999951058e+02, 1.038660777964797717e+02
1.614499999999951001e+02, 1.039812287497082224e+02
1.615499999999950944e+02, 1.040965519185674140e+02
1.616499999999950887e+02, 1.042120473894355115e+02
1.617499999999950830e+02, 1.043277152479585936e+02
1.618499999999950774e+02, 1.044435555790497006e+02
1.619499999999950717e+02, 1.045595684668877396e+02
1.620499999999950660e+02, 1.046757539949164055e+02
1.621499999999950603e+02, 1.047921122458431569e+02
1.622499999999950546e+02, 1.049086433016382500e+02
1.623499999999950489e+02, 1.050253472435337017e+02
1.624499999999950433e+02, 1.051422241520223224e+02
1.625499999999950376e+02, 1.052592741068567506e+02
1.626499999999950319e+02, 1.053764971870485851e+02
1.627499999999950262e+02, 1.054938934708672775e+02
1.628499999999950205e+02, 1.056114630358394919e+02
1.629499999999950148e+02, 1.057292059587479685e+02
1.630499999999950091e+02, 1.058471223156307985e+02
1.631499999999950035e+02, 1.059652121817805579e+02
1.632499999999949978e+02, 1.060834756317433971e+02
1.633499999999949921e+02, 1.062019127393182600e+02
1.634499999999949864e+02, 1.063205235775562016e+02
1.635499999999949807e+02, 1.064393082187593933e+02
1.636499999999949750e+02, 1.065582667344805259e+02
1.637499999999949694e+02, 1.066773991955219998e+02
1.638499999999949637e+02, 1.067967056719352428e+02
1.639499999999949580e+02, 1.069161862330198716e+02
1.640499999999949523e+02, 1.070358409473232086e+02
1.641499999999949466e+02, 1.071556698826394296e+02
1.642499999999949409e+02, 1.072756731060089663e+02
1.643499999999949353e+02, 1.073958506837179101e+02
1.644499999999949296e+02, 1.075162026812973721e+02
1.645499999999949239e+02, 1.076367291635227588e+02
1.646499999999949182e+02, 1.077574301944134589e+02
1.647499999999949125e+02, 1.078783058372320198e+02
1.648499999999949068e+02, 1.079993561544837206e+02
1.649499999999949011e+02, 1.081205812079159614e+02
1.650499999999948955e+02, 1.082419810585179221e+02
1.651499999999948898e+02, 1.083635557665198945e+02
1.652499999999948841e+02, 1.084853053913928562e+02
1.653499999999948784e+02, 1.086072299918480724e+02
1.654499999999948727e+02, 1.087293296258365416e+02
1.655499999999948670e+02, 1.088516043505487119e+02
1.656499999999948614e+02, 1.089740542224140398e+02
1.657499999999948557e+02, 1.090966792971004509e+02
1.658499999999948500e+02, 1.092194796295142112e+02
1.659499999999948443e+02, 1.093424552737993878e+02
1.660499999999948386e+02, 1.094656062833377064e+02
1.661499999999948329e+02, 1.095889327107479971e+02
1.662499999999948272e+02, 1.097124346078861237e+02
1.663499999999948216e+02, 1.098361120258445567e+02
