0.000000000000000000e+00, 0.000000000000000000e+00
1.000000000000000021e-03, -5.423765118947810757e-06
2.000000000000000042e-03, -1.084756429400028332e-05
3.000000000000000062e-03, -1.627139755683307617e-05
4.000000000000000083e-03, -2.169526493909262858e-05
5.000000000000000104e-03, -2.711916647239622405e-05
6.000000000000000125e-03, -3.254310218833205223e-05
7.000000000000000146e-03, -3.796707211845930035e-05
8.000000000000000167e-03, -4.339107629430814306e-05
9.000000000000001055e-03, -4.881511474737994574e-05
1.000000000000000194e-02, -5.423918750914717978e-05
1.100000000000000283e-02, -5.966329461105356486e-05
1.200000000000000372e-02, -6.508743608451412999e-05
1.300000000000000461e-02, -7.051161196091530834e-05
1.400000000000000550e-02, -7.593582227161484914e-05
1.500000000000000638e-02, -8.136006704794214298e-05
1.600000000000000727e-02, -8.678434632119799816e-05
1.700000000000000816e-02, -9.220866012265491174e-05
1.800000000000000905e-02, -9.763300848355705602e-05
1.900000000000000994e-02, -1.030573914351203327e-04
2.000000000000001082e-02, -1.084818090085324814e-04
2.100000000000001171e-02, -1.139062612349530794e-04
2.200000000000001260e-02, -1.193307481455136099e-04
2.300000000000001349e-02, -1.247552697713176105e-04
2.400000000000001438e-02, -1.301798261434406736e-04
2.500000000000001527e-02, -1.356044172929303786e-04
2.600000000000001615e-02, -1.410290432508066441e-04
2.700000000000001704e-02, -1.464537040480614976e-04
2.800000000000001793e-02, -1.518783997156593736e-04
2.900000000000001882e-02, -1.573031302845370326e-04
3.000000000000001971e-02, -1.627278957856035063e-04
3.100000000000002059e-02, -1.681526962497405860e-04
3.200000000000002148e-02, -1.735775317078023345e-04
3.300000000000002237e-02, -1.790024021906155198e-04
3.400000000000002326e-02, -1.844273077289795880e-04
3.500000000000002415e-02, -1.898522483536666905e-04
3.600000000000002504e-02, -1.952772240954217108e-04
3.700000000000002592e-02, -2.007022349849623191e-04
3.800000000000002681e-02, -2.061272810529792433e-04
3.900000000000002770e-02, -2.115523623301360516e-04
4.000000000000002859e-02, -2.169774788470693160e-04
4.100000000000002948e-02, -2.224026306343886389e-04
4.200000000000003036e-02, -2.278278177226767884e-04
4.300000000000003125e-02, -2.332530401424897802e-04
4.400000000000003214e-02, -2.386782979243566875e-04
4.500000000000003303e-02, -2.441035910987800477e-04
4.600000000000003392e-02, -2.495289196962356725e-04
4.700000000000003481e-02, -2.549542837471727836e-04
4.800000000000003569e-02, -2.603796832820141210e-04
4.900000000000003658e-02, -2.658051183311558891e-04
5.000000000000003747e-02, -2.712305889249677832e-04
1.500000000000000500e-01, -8.141761711280705955e-04
2.500000000000000555e-01, -1.357543594633947668e-03
3.500000000000000888e-01, -1.901355449439314513e-03
4.500000000000000666e-01, -2.445629806264235442e-03
5.500000000000000444e-01, -2.990385182564529384e-03
6.500000000000000222e-01, -3.535639256005376763e-03
7.500000000000000000e-01, -4.081408938680614919e-03
8.499999999999999778e-01, -4.627710445875070529e-03
9.499999999999999556e-01, -5.174556497323999985e-03
1.050000000000000044e+00, -5.721958663100220645e-03
1.150000000000000133e+00, -6.269928688913202659e-03
1.250000000000000222e+00, -6.818478031314296854e-03
1.350000000000000311e+00, -7.367617867682896803e-03
1.450000000000000400e+00, -7.917359108093109665e-03
1.550000000000000488e+00, -8.467712407922710002e-03
1.650000000000000577e+00, -8.997149656958181724e-03
1.750000000000000666e+00, -9.005989473249263397e-03
1.850000000000000755e+00, -9.015061020432228386e-03
1.950000000000000844e+00, -9.024347073860216825e-03
2.050000000000000711e+00, -9.033835451457085733e-03
2.150000000000000799e+00, -9.043514795482971921e-03
2.250000000000000888e+00, -9.053374523671553487e-03
2.350000000000000977e+00, -9.063404762019338853e-03
2.450000000000001066e+00, -9.073596342417325142e-03
2.550000000000001155e+00, -9.083942319076616922e-03
2.650000000000001243e+00, -9.094437661389778368e-03
2.750000000000001332e+00, -9.105077547255490539e-03
2.850000000000001421e+00, -9.115857364001988053e-03
2.950000000000001510e+00, -9.126772703218901522e-03
3.050000000000001599e+00, -9.137819352484321395e-03
3.150000000000001688e+00, -9.148992053800762345e-03
3.250000000000001776e+00, -9.160285406987715012e-03
3.350000000000001865e+00, -9.171694469523965915e-03
3.450000000000001954e+00, -9.183215694446902541e-03
3.550000000000002043e+00, -9.194846553402703446e-03
3.650000000000002132e+00, -9.206584577767584071e-03
3.750000000000002220e+00, -9.218427361458612565e-03
3.850000000000002309e+00, -9.230372562154798982e-03
3.950000000000002398e+00, -9.242417901419351656e-03
4.050000000000002487e+00, -9.254561164065250659e-03
4.150000000000002132e+00, -9.266800197005143486e-03
4.250000000000001776e+00, -9.279132907756525162e-03
4.350000000000001421e+00, -9.291557262724205873e-03
4.450000000000001066e+00, -9.304071285347532624e-03
4.550000000000000711e+00, -9.316673054174958932e-03
4.650000000000000355e+00, -9.329360729065547600e-03
4.750000000000000000e+00, -9.342133229253812843e-03
4.849999999999999645e+00, -9.354990170852233930e-03
4.949999999999999289e+00, -9.367930594434872860e-03
5.049999999999998934e+00, -9.380952957927389882e-03
5.149999999999998579e+00, -9.394055958779330348e-03
5.249999999999998224e+00, -9.407238317578593689e-03
5.349999999999997868e+00, -9.420498778187201550e-03
5.449999999999997513e+00, -9.433836107717131353e-03
5.549999999999997158e+00, -9.447249096381499581e-03
5.649999999999996803e+00, -9.460736557249146972e-03
5.749999999999996447e+00, -9.474297325924927252e-03
5.849999999999996092e+00, -9.487930260173537550e-03
5.949999999999995737e+00, -9.501634239501188101e-03
6.049999999999995381e+00, -9.515408164706449373e-03
6.149999999999995026e+00, -9.529250957409519246e-03
6.249999999999994671e+00, -9.543161559567190852e-03
6.349999999999994316e+00, -9.557138932979368853e-03
6.449999999999993960e+00, -9.571182070843160458e-03
6.549999999999993605e+00, -9.585290302287191588e-03
6.649999999999993250e+00, -9.599463589726686674e-03
6.749999999999992895e+00, -9.613701888678305094e-03
6.849999999999992539e+00, -9.628005148779504585e-03
6.949999999999992184e+00, -9.642373314687611996e-03
7.049999999999991829e+00, -9.656806326873833973e-03
7.149999999999991473e+00, -9.671304122325285677e-03
7.249999999999991118e+00, -9.685866635166354849e-03
7.349999999999990763e+00, -9.700505152005708259e-03
7.449999999999990408e+00, -9.715210196122642597e-03
7.549999999999990052e+00, -9.729977958392281231e-03
7.649999999999989697e+00, -9.744804771742594449e-03
7.749999999999989342e+00, -9.759687102383165710e-03
7.849999999999988987e+00, -9.774621541813606831e-03
7.949999999999988631e+00, -9.789604799524223230e-03
8.049999999999988276e+00, -9.804633696313290112e-03
8.149999999999987921e+00, -9.819705158155124167e-03
8.249999999999987566e+00, -9.834816210561576552e-03
8.349999999999987210e+00, -9.849963973386654040e-03
8.449999999999986855e+00, -9.865145656030204629e-03
8.549999999999986500e+00, -9.880358553001792471e-03
8.649999999999986144e+00, -9.895600039810426712e-03
8.749999999999985789e+00, -9.910867569149821310e-03
8.849999999999985434e+00, -9.926158354214183188e-03
8.949999999999985079e+00, -9.941462571730615844e-03
9.049999999999984723e+00, -9.956781853964754431e-03
9.149999999999984368e+00, -9.972117739175674622e-03
9.249999999999984013e+00, -9.987471679469459365e-03
9.349999999999983658e+00, -1.000284504783987768e-02
9.449999999999983302e+00, -1.001823914449691093e-02
9.549999999999982947e+00, -1.003365520256928323e-02
9.649999999999982592e+00, -1.004909439325516601e-02
9.749999999999982236e+00, -1.006455783048493605e-02
9.849999999999981881e+00, -1.008004657515128993e-02
9.949999999999981526e+00, -1.009556163895481556e-02
1.004999999999998117e+01, -1.011110398790679085e-02
1.014999999999998082e+01, -1.012667454552582287e-02
1.024999999999998046e+01, -1.014227419576034690e-02
1.034999999999998010e+01, -1.015790378566507231e-02
1.044999999999997975e+01, -1.017356412785624942e-02
1.054999999999997939e+01, -1.018925600276754211e-02
1.064999999999997904e+01, -1.020498016072595576e-02
1.074999999999997868e+01, -1.022073732386493718e-02
1.084999999999997833e+01, -1.023652818788999171e-02
1.094999999999997797e+01, -1.025235342371036765e-02
1.104999999999997762e+01, -1.026821367894899424e-02
1.114999999999997726e+01, -1.028410957934154137e-02
1.124999999999997691e+01, -1.030004173003433443e-02
1.134999999999997655e+01, -1.031601071678989179e-02
1.144999999999997620e+01, -1.033201710710793253e-02
1.154999999999997584e+01, -1.034806145126896532e-02
1.164999999999997549e+01, -1.036414428330684548e-02
1.174999999999997513e+01, -1.038026612191609958e-02
1.184999999999997478e+01, -1.039642747129923377e-02
1.194999999999997442e+01, -1.041262882195880847e-02
1.204999999999997407e+01, -1.042887065143857303e-02
1.214999999999997371e+01, -1.044515342501753895e-02
1.224999999999997335e+01, -1.046147759636069721e-02
1.234999999999997300e+01, -1.047784360812944668e-02
1.244999999999997264e+01, -1.049425189255488375e-02
1.254999999999997229e+01, -1.051070287197655370e-02
1.264999999999997193e+01, -1.052719695934919812e-02
1.274999999999997158e+01, -1.054373455871978477e-02
1.284999999999997122e+01, -1.056031606567686687e-02
1.294999999999997087e+01, -1.057694186777426680e-02
1.304999999999997051e+01, -1.059361234493075114e-02
1.314999999999997016e+01, -1.061032786980741112e-02
1.324999999999996980e+01, -1.062708880816420377e-02
1.334999999999996945e+01, -1.064389551919701568e-02
1.344999999999996909e+01, -1.066074835585658145e-02
1.354999999999996874e+01, -1.067764766515037420e-02
1.364999999999996838e+01, -1.069459378842858334e-02
1.374999999999996803e+01, -1.071158706165521030e-02
1.384999999999996767e+01, -1.072862781566515621e-02
1.394999999999996732e+01, -1.074571637640825070e-02
1.404999999999996696e+01, -1.076285306518091033e-02
1.414999999999996660e+01, -1.078003819884633570e-02
1.424999999999996625e+01, -1.079727209004376076e-02
1.434999999999996589e+01, -1.081455504738751926e-02
1.444999999999996554e+01, -1.083188737565653897e-02
1.454999999999996518e+01, -1.084926937597470095e-02
1.464999999999996483e+01, -1.086670134598274190e-02
1.474999999999996447e+01, -1.088418358000206761e-02
1.484999999999996412e+01, -1.090171636919100295e-02
1.494999999999996376e+01, -1.091930000169386884e-02
1.504999999999996341e+01, -1.093693476278328157e-02
1.514999999999996305e+01, -1.095462093499609268e-02
1.524999999999996270e+01, -1.097235879826326602e-02
1.534999999999996234e+01, -1.099014863003401968e-02
1.544999999999996199e+01, -1.100799070539459044e-02
1.554999999999996163e+01, -1.102588529718184426e-02
1.564999999999996128e+01, -1.104383267609206944e-02
1.574999999999996092e+01, -1.106183311078511207e-02
1.584999999999996056e+01, -1.107988686798420767e-02
1.594999999999996021e+01, -1.109799421257162862e-02
1.604999999999996163e+01, -1.111615540768043711e-02
1.614999999999996305e+01, -1.113437071478245999e-02
1.624999999999996447e+01, -1.115264039377278013e-02
1.634999999999996589e+01, -1.117096470305080184e-02
1.644999999999996732e+01, -1.118934389959816249e-02
1.654999999999996874e+01, -1.120777823905353722e-02
1.664999999999997016e+01, -1.122626797578461615e-02
1.674999999999997158e+01, -1.124481336295725734e-02
1.684999999999997300e+01, -1.126341465260205857e-02
1.694999999999997442e+01, -1.128207209567839292e-02
1.704999999999997584e+01, -1.130078594213606603e-02
1.714999999999997726e+01, -1.131955644097471653e-02
1.724999999999997868e+01, -1.133838384030101676e-02
1.734999999999998010e+01, -1.135726838738383530e-02
1.744999999999998153e+01, -1.137621032870738541e-02
1.754999999999998295e+01, -1.139520991002252945e-02
1.764999999999998437e+01, -1.141426737639623934e-02
1.774999999999998579e+01, -1.143338297225937085e-02
1.784999999999998721e+01, -1.145255694145276386e-02
1.794999999999998863e+01, -1.147178952727180394e-02
1.804999999999999005e+01, -1.149108097250944698e-02
1.814999999999999147e+01, -1.151043151949782128e-02
1.824999999999999289e+01, -1.152984141014845067e-02
1.834999999999999432e+01, -1.154931088599116251e-02
1.844999999999999574e+01, -1.156884018821172436e-02
1.854999999999999716e+01, -1.158842955768829737e-02
1.864999999999999858e+01, -1.160807923502669980e-02
1.875000000000000000e+01, -1.162778946059458106e-02
1.885000000000000142e+01, -1.164756047455453927e-02
1.895000000000000284e+01, -1.166739251689620331e-02
1.905000000000000426e+01, -1.168728582746733982e-02
1.915000000000000568e+01, -1.170724064600404610e-02
1.925000000000000711e+01, -1.172725721216000272e-02
1.935000000000000853e+01, -1.174733576553491261e-02
1.945000000000000995e+01, -1.176747654570206233e-02
1.955000000000001137e+01, -1.178767979223513396e-02
1.965000000000001279e+01, -1.180794574473421031e-02
1.975000000000001421e+01, -1.182827464285109847e-02
1.985000000000001563e+01, -1.184866672631387785e-02
1.995000000000001705e+01, -1.186912223495084455e-02
2.005000000000001847e+01, -1.188964140871375842e-02
2.015000000000001990e+01, -1.191022448770047253e-02
2.025000000000002132e+01, -1.193087171217697799e-02
2.035000000000002274e+01, -1.195158332259885214e-02
2.045000000000002416e+01, -1.197235955963215845e-02
2.055000000000002558e+01, -1.199320066417379829e-02
2.065000000000002700e+01, -1.201410687737136315e-02
2.075000000000002842e+01, -1.203507844064249585e-02
2.085000000000002984e+01, -1.205611559569374353e-02
2.095000000000003126e+01, -1.207721858453899080e-02
2.105000000000003268e+01, -1.209838764951740378e-02
2.115000000000003411e+01, -1.211962303331100450e-02
2.125000000000003553e+01, -1.214092497896177708e-02
2.135000000000003695e+01, -1.216229372988841817e-02
2.145000000000003837e+01, -1.218372952990269022e-02
2.155000000000003979e+01, -1.220523262322540693e-02
2.165000000000004121e+01, -1.222680325450207703e-02
2.175000000000004263e+01, -1.224844166881816979e-02
2.185000000000004405e+01, -1.227014811171411347e-02
2.195000000000004547e+01, -1.229192282919991559e-02
2.205000000000004690e+01, -1.231376606776950211e-02
2.215000000000004832e+01, -1.233567807441477739e-02
2.225000000000004974e+01, -1.235765909663937533e-02
2.235000000000005116e+01, -1.237970938247213125e-02
2.245000000000005258e+01, -1.240182918048031262e-02
2.255000000000005400e+01, -1.242401873978258610e-02
2.265000000000005542e+01, -1.244627831006172615e-02
2.275000000000005684e+01, -1.246860814157707900e-02
2.285000000000005826e+01, -1.249100848517684104e-02
2.295000000000005969e+01, -1.251347959231004572e-02
2.305000000000006111e+01, -1.253602171503841699e-02
2.315000000000006253e+01, -1.255863510604793808e-02
2.325000000000006395e+01, -1.258132001866026431e-02
2.335000000000006537e+01, -1.260407670684394674e-02
2.345000000000006679e+01, -1.262690542522543549e-02
2.355000000000006821e+01, -1.264980642909994263e-02
2.365000000000006963e+01, -1.267277997444210373e-02
2.375000000000007105e+01, -1.269582631791646953e-02
2.385000000000007248e+01, -1.271894571688787778e-02
2.395000000000007390e+01, -1.274213842943160320e-02
2.405000000000007532e+01, -1.276540471434339449e-02
2.415000000000007674e+01, -1.278874483114938662e-02
2.425000000000007816e+01, -1.281215904011581350e-02
2.435000000000007958e+01, -1.283564760225863223e-02
2.445000000000008100e+01, -1.285921077935299299e-02
2.455000000000008242e+01, -1.288284883394258742e-02
2.465000000000008384e+01, -1.290656202934889127e-02
2.475000000000008527e+01, -1.293035062968024389e-02
2.485000000000008669e+01, -1.295421489984085323e-02
2.495000000000008811e+01, -1.297815510553968106e-02
2.505000000000008953e+01, -1.300217151329921030e-02
2.515000000000009095e+01, -1.302626439046411511e-02
2.525000000000009237e+01, -1.305043400520982874e-02
2.535000000000009379e+01, -1.307468062655102806e-02
2.545000000000009521e+01, -1.309900452435000182e-02
2.555000000000009663e+01, -1.312340596932494094e-02
2.565000000000009805e+01, -1.314788523305814721e-02
2.575000000000009948e+01, -1.317244258800414659e-02
2.585000000000010090e+01, -1.319707830749772964e-02
2.595000000000010232e+01, -1.322179266576190525e-02
2.605000000000010374e+01, -1.324658593791579880e-02
2.615000000000010516e+01, -1.327145839998243246e-02
2.625000000000010658e+01, -1.329641032889650187e-02
2.635000000000010800e+01, -1.332144200251201248e-02
2.645000000000010942e+01, -1.334655369960990878e-02
2.655000000000011084e+01, -1.337174569990560308e-02
2.665000000000011227e+01, -1.339701828405647464e-02
2.675000000000011369e+01, -1.342237173366925967e-02
2.685000000000011511e+01, -1.344780633130744120e-02
2.695000000000011653e+01, -1.347332236049856094e-02
2.705000000000011795e+01, -1.349892010574145484e-02
2.715000000000011937e+01, -1.352459985251348688e-02
2.725000000000012079e+01, -1.355036188727767529e-02
2.735000000000012221e+01, -1.357620649748983270e-02
2.745000000000012363e+01, -1.360213397160560389e-02
2.755000000000012506e+01, -1.362814459908750012e-02
2.765000000000012648e+01, -1.365423867041187962e-02
2.775000000000012790e+01, -1.368041647707587266e-02
2.785000000000012932e+01, -1.370667831160428049e-02
2.795000000000013074e+01, -1.373302446755646049e-02
2.805000000000013216e+01, -1.375945523953310892e-02
2.815000000000013358e+01, -1.378597092318308709e-02
2.825000000000013500e+01, -1.381257181521015377e-02
2.835000000000013642e+01, -1.383925821337970291e-02
2.845000000000013785e+01, -1.386603041652545269e-02
2.855000000000013927e+01, -1.389288872455610169e-02
2.865000000000014069e+01, -1.391983343846198498e-02
2.875000000000014211e+01, -1.394686486032165398e-02
2.885000000000014353e+01, -1.397398329330849787e-02
2.895000000000014495e+01, -1.400118904169724877e-02
2.905000000000014637e+01, -1.402848241087057378e-02
2.915000000000014779e+01, -1.405586370732554713e-02
2.925000000000014921e+01, -1.408333323868015026e-02
2.935000000000015064e+01, -1.411089131367975445e-02
2.945000000000015206e+01, -1.413853824220355146e-02
2.955000000000015348e+01, -1.416627433527100494e-02
2.965000000000015490e+01, -1.419409990504824290e-02
2.975000000000015632e+01, -1.422201526485447100e-02
2.985000000000015774e+01, -1.425002072508325252e-02
2.995000000000015916e+01, -1.427811488931176459e-02
3.005000000000016058e+01, -1.430629623060924137e-02
3.015000000000016200e+01, -1.433456336511959237e-02
3.025000000000016342e+01, -1.436291490719595124e-02
3.035000000000016485e+01, -1.439134946929587072e-02
3.045000000000016627e+01, -1.441986566187770415e-02
3.055000000000016769e+01, -1.444846209329820642e-02
3.065000000000016911e+01, -1.447713736971129386e-02
3.075000000000017053e+01, -1.450589009496792287e-02
3.085000000000017195e+01, -1.453471887051704589e-02
3.095000000000017337e+01, -1.456362229530764121e-02
3.105000000000017479e+01, -1.459259896569174708e-02
3.115000000000017621e+01, -1.462164747532848988e-02
3.125000000000017764e+01, -1.465076641508909240e-02
3.135000000000017906e+01, -1.467995437296276164e-02
3.145000000000018048e+01, -1.470920997416849674e-02
3.155000000000018190e+01, -1.473853284094652112e-02
3.165000000000018332e+01, -1.476792324982446718e-02
3.175000000000018474e+01, -1.479738147689099205e-02
3.185000000000018616e+01, -1.482690779781899691e-02
3.195000000000018758e+01, -1.485650248788827031e-02
3.205000000000018900e+01, -1.488616582200764059e-02
3.215000000000019043e+01, -1.491589807473662696e-02
3.225000000000019185e+01, -1.494569952030659968e-02
3.235000000000019327e+01, -1.497557043264144926e-02
3.245000000000019469e+01, -1.500551108537783937e-02
3.255000000000019611e+01, -1.503552175188498097e-02
3.265000000000019753e+01, -1.506560270528398832e-02
3.275000000000019895e+01, -1.509575421846681698e-02
3.285000000000020037e+01, -1.512597656411478197e-02
3.295000000000020179e+01, -1.515627001471670475e-02
3.305000000000020322e+01, -1.518663484258665243e-02
3.315000000000020464e+01, -1.521707131988132844e-02
3.325000000000020606e+01, -1.524757971861706932e-02
3.335000000000020748e+01, -1.527816031068653276e-02
3.345000000000020890e+01, -1.530881336787498492e-02
3.355000000000021032e+01, -1.533953916187632931e-02
3.365000000000021174e+01, -1.537033796430874524e-02
3.375000000000021316e+01, -1.540121004673003849e-02
3.385000000000021458e+01, -1.543215568065272117e-02
3.395000000000021600e+01, -1.546317513755871703e-02
3.405000000000021743e+01, -1.549426868891385506e-02
3.415000000000021885e+01, -1.552543660618204042e-02
3.425000000000022027e+01, -1.555667916083915830e-02
3.435000000000022169e+01, -1.558799662438671574e-02
3.445000000000022311e+01, -1.561938926836521982e-02
3.455000000000022453e+01, -1.565085736436732863e-02
3.465000000000022595e+01, -1.568240118405070382e-02
3.475000000000022737e+01, -1.571402099915069142e-02
3.485000000000022879e+01, -1.574571708149271471e-02
3.495000000000023022e+01, -1.577748970300446238e-02
3.505000000000023164e+01, -1.580933913572787203e-02
3.515000000000023306e+01, -1.584126565183087421e-02
3.525000000000023448e+01, -1.587326952361893875e-02
3.535000000000023590e+01, -1.590535102354641295e-02
3.545000000000023732e+01, -1.593751042422767925e-02
3.555000000000023874e+01, -1.596974799844809098e-02
3.565000000000024016e+01, -1.600206401917473806e-02
3.575000000000024158e+01, -1.603445875956702876e-02
3.585000000000024301e+01, -1.606693249298709811e-02
3.595000000000024443e+01, -1.609948549301001147e-02
3.605000000000024585e+01, -1.613211803343385028e-02
3.615000000000024727e+01, -1.616483038828957913e-02
3.625000000000024869e+01, -1.619762283185079491e-02
3.635000000000025011e+01, -1.623049563864327818e-02
3.645000000000025153e+01, -1.626344908345443013e-02
3.655000000000025295e+01, -1.629648344134253940e-02
3.665000000000025437e+01, -1.632959898764589635e-02
3.675000000000025580e+01, -1.636279599799178586e-02
3.685000000000025722e+01, -1.639607474830531014e-02
3.695000000000025864e+01, -1.642943551481812828e-02
3.705000000000026006e+01, -1.646287857407698757e-02
3.715000000000026148e+01, -1.649640420295222371e-02
3.725000000000026290e+01, -1.653001267864601456e-02
3.735000000000026432e+01, -1.656370427870064096e-02
3.745000000000026574e+01, -1.659747928100651845e-02
3.755000000000026716e+01, -1.663133796381017007e-02
3.765000000000026859e+01, -1.666528060572207426e-02
3.775000000000027001e+01, -1.669930748572440865e-02
3.785000000000027143e+01, -1.673341888317864817e-02
3.795000000000027285e+01, -1.676761507783310415e-02
3.805000000000027427e+01, -1.680189634983032462e-02
3.815000000000027569e+01, -1.683626297971442878e-02
3.825000000000027711e+01, -1.687071524843828524e-02
3.835000000000027853e+01, -1.690525343737065561e-02
3.845000000000027995e+01, -1.693987782830320629e-02
3.855000000000028137e+01, -1.697458870345744039e-02
3.865000000000028280e+01, -1.700938634549152909e-02
3.875000000000028422e+01, -1.704427103750707009e-02
3.885000000000028564e+01, -1.707924306305574208e-02
3.895000000000028706e+01, -1.711430270614588967e-02
3.905000000000028848e+01, -1.714945025124901823e-02
3.915000000000028990e+01, -1.718468598330621586e-02
3.925000000000029132e+01, -1.722001018773447467e-02
3.935000000000029274e+01, -1.725542315043296360e-02
3.945000000000029416e+01, -1.729092515778920050e-02
3.955000000000029559e+01, -1.732651649668518964e-02
3.965000000000029701e+01, -1.736219745450342383e-02
3.975000000000029843e+01, -1.739796831913288308e-02
3.985000000000029985e+01, -1.743382937897490145e-02
3.995000000000030127e+01, -1.746978092294902696e-02
4.005000000000030269e+01, -1.750582324049878083e-02
4.015000000000030411e+01, -1.754195662159734048e-02
4.025000000000030553e+01, -1.757818135675319818e-02
4.035000000000030695e+01, -1.761449773701571214e-02
4.045000000000030838e+01, -1.765090605398065074e-02
4.055000000000030980e+01, -1.768740659979562563e-02
4.065000000000031122e+01, -1.772399966716549716e-02
4.075000000000031264e+01, -1.776068554935770344e-02
4.085000000000031406e+01, -1.779746454020756513e-02
4.095000000000031548e+01, -1.783433693412349655e-02
4.105000000000031690e+01, -1.787130302609219942e-02
4.115000000000031832e+01, -1.790836311168376646e-02
4.125000000000031974e+01, -1.794551748705677796e-02
4.135000000000032117e+01, -1.798276644896329435e-02
4.145000000000032259e+01, -1.802011029475387299e-02
4.155000000000032401e+01, -1.805754932238245319e-02
4.165000000000032543e+01, -1.809508383041126198e-02
4.175000000000032685e+01, -1.813271411801562275e-02
4.185000000000032827e+01, -1.817044048498877434e-02
4.195000000000032969e+01, -1.820826323174657910e-02
4.205000000000033111e+01, -1.824618265933224820e-02
4.215000000000033253e+01, -1.828419906942099424e-02
4.225000000000033396e+01, -1.832231276432463168e-02
4.235000000000033538e+01, -1.836052404699616697e-02
4.245000000000033680e+01, -1.839883322103432611e-02
4.255000000000033822e+01, -1.843724059068805460e-02
4.265000000000033964e+01, -1.847574646086095826e-02
4.275000000000034106e+01, -1.851435113711575112e-02
4.285000000000034248e+01, -1.855305492567860259e-02
4.295000000000034390e+01, -1.859185813344350208e-02
4.305000000000034532e+01, -1.863076106797656450e-02
4.315000000000034674e+01, -1.866976403752031513e-02
4.325000000000034817e+01, -1.870886735099790144e-02
4.335000000000034959e+01, -1.874807131801732585e-02
4.345000000000035101e+01, -1.878737624887560562e-02
4.355000000000035243e+01, -1.882678245456292226e-02
4.365000000000035385e+01, -1.886629024676671554e-02
4.375000000000035527e+01, -1.890589993787577389e-02
4.385000000000035669e+01, -1.894561184098427289e-02
4.395000000000035811e+01, -1.898542626989580678e-02
4.405000000000035953e+01, -1.902534353912735052e-02
4.415000000000036096e+01, -1.906536396391323579e-02
4.425000000000036238e+01, -1.910548786020907497e-02
4.435000000000036380e+01, -1.914571554469566422e-02
4.445000000000036522e+01, -1.918604733478284502e-02
4.455000000000036664e+01, -1.922648354861336562e-02
4.465000000000036806e+01, -1.926702450506670439e-02
4.475000000000036948e+01, -1.930767052376283419e-02
4.485000000000037090e+01, -1.934842192506602138e-02
4.495000000000037232e+01, -1.938927903008855896e-02
4.505000000000037375e+01, -1.943024216069447890e-02
4.515000000000037517e+01, -1.947131163950323665e-02
4.525000000000037659e+01, -1.951248778989340613e-02
4.535000000000037801e+01, -1.955377093600630528e-02
4.545000000000037943e+01, -1.959516140274962862e-02
4.555000000000038085e+01, -1.963665951580102764e-02
4.565000000000038227e+01, -1.967826560161172605e-02
4.575000000000038369e+01, -1.971997998741002386e-02
4.585000000000038511e+01, -1.976180300120486399e-02
4.595000000000038654e+01, -1.980373497178935377e-02
4.605000000000038796e+01, -1.984577622874421701e-02
4.615000000000038938e+01, -1.988792710244129125e-02
4.625000000000039080e+01, -1.993018792404697981e-02
4.635000000000039222e+01, -1.997255902552565535e-02
4.645000000000039364e+01, -2.001504073964309460e-02
4.655000000000039506e+01, -2.005763339996985764e-02
4.665000000000039648e+01, -2.010033734088465321e-02
4.675000000000039790e+01, -2.014315289757770758e-02
4.685000000000039933e+01, -2.018608040605407439e-02
4.695000000000040075e+01, -2.022912020313696532e-02
4.705000000000040217e+01, -2.027227262647103567e-02
4.715000000000040359e+01, -2.031553801452567684e-02
4.725000000000040501e+01, -2.035891670659825681e-02
4.735000000000040643e+01, -2.040240904281738488e-02
4.745000000000040785e+01, -2.044601536414611398e-02
4.755000000000040927e+01, -2.048973601238517767e-02
4.765000000000041069e+01, -2.053357133017615077e-02
4.775000000000041211e+01, -2.057752166100465865e-02
4.785000000000041354e+01, -2.062158734920349623e-02
4.795000000000041496e+01, -2.066576873995581293e-02
4.805000000000041638e+01, -2.071006617929821783e-02
4.815000000000041780e+01, -2.075448001412388832e-02
4.825000000000041922e+01, -2.079901059218567522e-02
4.835000000000042064e+01, -2.084365826209917671e-02
4.845000000000042206e+01, -2.088842337334582619e-02
4.855000000000042348e+01, -2.093330627627589327e-02
4.865000000000042490e+01, -2.097830732211157859e-02
4.875000000000042633e+01, -2.102342686294998014e-02
4.885000000000042775e+01, -2.106866525176616031e-02
4.895000000000042917e+01, -2.111402284241608099e-02
4.905000000000043059e+01, -2.115949998963961159e-02
4.915000000000043201e+01, -2.120509704906349893e-02
4.925000000000043343e+01, -2.125081437720427111e-02
4.935000000000043485e+01, -2.129665233147125247e-02
4.945000000000043627e+01, -2.134261127016942247e-02
4.955000000000043769e+01, -2.138869155250234383e-02
4.965000000000043912e+01, -2.143489353857506996e-02
4.975000000000044054e+01, -2.148121758939700379e-02
4.985000000000044196e+01, -2.152766406688480516e-02
4.995000000000044338e+01, -2.157423333386520106e-02
5.005000000000044480e+01, -2.162092575407786876e-02
5.015000000000044622e+01, -2.166774169217826340e-02
5.025000000000044764e+01, -2.171468151374038313e-02
5.035000000000044906e+01, -2.176174558525966612e-02
5.045000000000045048e+01, -2.180893427415570712e-02
5.055000000000045191e+01, -2.185624794877507465e-02
5.065000000000045333e+01, -2.190368697839407616e-02
5.075000000000045475e+01, -2.195125173322149542e-02
5.085000000000045617e+01, -2.199894258440137848e-02
5.095000000000045759e+01, -2.204675990401570862e-02
5.105000000000045901e+01, -2.209470406508718884e-02
5.115000000000046043e+01, -2.214277544158189601e-02
5.125000000000046185e+01, -2.219097440841202862e-02
5.135000000000046327e+01, -2.223930134143853321e-02
5.145000000000046469e+01, -2.228775661747384174e-02
5.155000000000046612e+01, -2.233634061428448753e-02
5.165000000000046754e+01, -2.238505371059375942e-02
5.175000000000046896e+01, -2.243389628608438019e-02
5.185000000000047038e+01, -2.248286872140108431e-02
5.195000000000047180e+01, -2.253197139815327210e-02
5.205000000000047322e+01, -2.258120469891757714e-02
5.215000000000047464e+01, -2.263056900724049608e-02
5.225000000000047606e+01, -2.268006470764095950e-02
5.235000000000047748e+01, -2.272969218561288543e-02
5.245000000000047891e+01, -2.277945182762776410e-02
5.255000000000048033e+01, -2.282934402113719410e-02
5.265000000000048175e+01, -2.287936915457543241e-02
5.275000000000048317e+01, -2.292952761736188894e-02
5.285000000000048459e+01, -2.297981979990368004e-02
5.295000000000048601e+01, -2.303024609359811611e-02
5.305000000000048743e+01, -2.308080689083520307e-02
5.315000000000048885e+01, -2.313150258500010908e-02
5.325000000000049027e+01, -2.318233357047563836e-02
5.335000000000049170e+01, -2.323330024264471522e-02
5.345000000000049312e+01, -2.328440299789283005e-02
5.355000000000049454e+01, -2.333564223361043327e-02
5.365000000000049596e+01, -2.338701834819543329e-02
5.375000000000049738e+01, -2.343853174105555923e-02
5.385000000000049880e+01, -2.349018281261079644e-02
5.395000000000050022e+01, -2.354197196429575964e-02
5.405000000000050164e+01, -2.359389959856211111e-02
5.415000000000050306e+01, -2.364596611888089561e-02
5.425000000000050449e+01, -2.369817192974494127e-02
5.435000000000050591e+01, -2.375051743667118756e-02
5.445000000000050733e+01, -2.380300304620303065e-02
5.455000000000050875e+01, -2.385562916591264099e-02
5.465000000000051017e+01, -2.390839620440332602e-02
5.475000000000051159e+01, -2.396130457131180266e-02
5.485000000000051301e+01, -2.401435467731050794e-02
5.495000000000051443e+01, -2.406754693410987495e-02
5.505000000000051585e+01, -2.412088175446062965e-02
5.515000000000051728e+01, -2.417435955215601479e-02
5.525000000000051870e+01, -2.422798074203410396e-02
5.535000000000052012e+01, -2.428174573998000477e-02
5.545000000000052154e+01, -2.433565496292810701e-02
5.555000000000052296e+01, -2.438970882886427535e-02
5.565000000000052438e+01, -2.444390775682812531e-02
5.575000000000052580e+01, -2.449825216691514651e-02
5.585000000000052722e+01, -2.455274248027890932e-02
5.595000000000052864e+01, -2.460737911913330606e-02
5.605000000000053006e+01, -2.466216250675463614e-02
5.615000000000053149e+01, -2.471709306748378840e-02
5.625000000000053291e+01, -2.477217122672839208e-02
5.635000000000053433e+01, -2.482739741096496103e-02
5.645000000000053575e+01, -2.488277204774099263e-02
5.655000000000053717e+01, -2.493829556567708425e-02
5.665000000000053859e+01, -2.499396839446901830e-02
5.675000000000054001e+01, -2.504979096488987866e-02
5.685000000000054143e+01, -2.510576370879210109e-02
5.695000000000054285e+01, -2.516188705910954101e-02
5.705000000000054428e+01, -2.521816144985954133e-02
5.715000000000054570e+01, -2.527458731614497245e-02
5.725000000000054712e+01, -2.533116509415622372e-02
5.735000000000054854e+01, -2.538789522117325392e-02
5.745000000000054996e+01, -2.544477813556759310e-02
5.755000000000055138e+01, -2.550181427680436180e-02
5.765000000000055280e+01, -2.555900408544417579e-02
5.775000000000055422e+01, -2.561634800314520344e-02
5.785000000000055564e+01, -2.567384647266506351e-02
5.795000000000055707e+01, -2.573149993786280620e-02
5.805000000000055849e+01, -2.578930884370082485e-02
5.815000000000055991e+01, -2.584727363624678143e-02
5.825000000000056133e+01, -2.590539476267555291e-02
5.835000000000056275e+01, -2.596367267127103889e-02
5.845000000000056417e+01, -2.602210781142816343e-02
5.855000000000056559e+01, -2.608070063365464097e-02
5.865000000000056701e+01, -2.613945158957291931e-02
5.875000000000056843e+01, -2.619836113192194199e-02
5.885000000000056986e+01, -2.625742971455908778e-02
5.895000000000057128e+01, -2.631665779246189496e-02
5.905000000000057270e+01, -2.637604582172992443e-02
5.915000000000057412e+01, -2.643559425958655340e-02
5.925000000000057554e+01, -2.649530356438072054e-02
5.935000000000057696e+01, -2.655517419558874048e-02
5.945000000000057838e+01, -2.661520659913657605e-02
5.955000000000057980e+01, -2.667540077394573231e-02
5.965000000000058122e+01, -2.673575680026045454e-02
5.975000000000058265e+01, -2.679627476510034953e-02
5.985000000000058407e+01, -2.685695475471610444e-02
5.995000000000058549e+01, -2.691779685458025803e-02
6.005000000000058691e+01, -2.697880114937796850e-02
6.015000000000058833e+01, -2.703996772299772922e-02
6.025000000000058975e+01, -2.710129665852210185e-02
6.035000000000059117e+01, -2.716278803821838006e-02
6.045000000000059259e+01, -2.722444194352920815e-02
6.055000000000059401e+01, -2.728625845506324477e-02
6.065000000000059543e+01, -2.734823765258569128e-02
6.075000000000059686e+01, -2.741037961500889311e-02
6.085000000000059828e+01, -2.747268442038282993e-02
6.095000000000059970e+01, -2.753515214588559898e-02
6.105000000000060112e+01, -2.759778287966637225e-02
6.115000000000060254e+01, -2.766057699879810594e-02
6.125000000000060396e+01, -2.772353495201020437e-02
6.135000000000060538e+01, -2.778665718901093817e-02
6.145000000000060680e+01, -2.784994416048861693e-02
6.155000000000060822e+01, -2.791339631811281391e-02
6.165000000000060965e+01, -2.797701411453550752e-02
6.175000000000061107e+01, -2.804079800339226089e-02
6.185000000000061249e+01, -2.810474843930337377e-02
6.195000000000061391e+01, -2.816886587787496843e-02
6.205000000000061533e+01, -2.823315077570011378e-02
6.215000000000061675e+01, -2.829760359035995987e-02
6.225000000000061817e+01, -2.836222478042471629e-02
6.235000000000061959e+01, -2.842701480545479706e-02
6.245000000000062101e+01, -2.849197412600180598e-02
6.255000000000062244e+01, -2.855710320360960175e-02
6.265000000000062386e+01, -2.862240250081524856e-02
6.275000000000062528e+01, -2.868787248115005351e-02
6.285000000000062670e+01, -2.875351360914050677e-02
6.295000000000062812e+01, -2.881932635030924270e-02
6.305000000000062954e+01, -2.888531117117597302e-02
6.315000000000063096e+01, -2.895146853925842367e-02
6.325000000000063238e+01, -2.901779892307318823e-02
6.335000000000063380e+01, -2.908430279213665426e-02
6.345000000000063523e+01, -2.915098061696584641e-02
6.355000000000063665e+01, -2.921783286907929378e-02
6.365000000000063807e+01, -2.928486002099783478e-02
6.375000000000063949e+01, -2.935206254624542557e-02
6.385000000000064091e+01, -2.941944091934996230e-02
6.395000000000064233e+01, -2.948699561584403050e-02
6.405000000000063665e+01, -2.955472711226565102e-02
6.415000000000063096e+01, -2.962263588615906412e-02
6.425000000000062528e+01, -2.969072241607540602e-02
6.435000000000061959e+01, -2.975898718157342360e-02
6.445000000000061391e+01, -2.982743066322015441e-02
6.455000000000060822e+01, -2.989605334259161015e-02
6.465000000000060254e+01, -2.996485570227339426e-02
6.475000000000059686e+01, -3.003383822586136107e-02
6.485000000000059117e+01, -3.010300139796216745e-02
6.495000000000058549e+01, -3.017234570419393552e-02
6.505000000000057980e+01, -3.024187163118677996e-02
6.515000000000057412e+01, -3.031157966658335617e-02
6.525000000000056843e+01, -3.038147029903939811e-02
6.535000000000056275e+01, -3.045154401822425597e-02
6.545000000000055707e+01, -3.052180131482135073e-02
6.555000000000055138e+01, -3.059224268052867027e-02
6.565000000000054570e+01, -3.066286860805923081e-02
6.575000000000054001e+01, -3.073367959114150019e-02
6.585000000000053433e+01, -3.080467612451980031e-02
6.595000000000052864e+01, -3.087585870395472692e-02
6.605000000000052296e+01, -3.094722782622351398e-02
6.615000000000051728e+01, -3.101878398912039092e-02
6.625000000000051159e+01, -3.109052769145690884e-02
6.635000000000050591e+01, -3.116245943306228741e-02
6.645000000000050022e+01, -3.123457971478366471e-02
6.655000000000049454e+01, -3.130688903848641985e-02
6.665000000000048885e+01, -3.137938790705436382e-02
6.675000000000048317e+01, -3.145207682439004476e-02
6.685000000000047748e+01, -3.152495629541493538e-02
6.695000000000047180e+01, -3.159802682606959595e-02
6.705000000000046612e+01, -3.167128892331387557e-02
6.715000000000046043e+01, -3.174474309512707176e-02
6.725000000000045475e+01, -3.181838985050802759e-02
6.735000000000044906e+01, -3.189222969947524966e-02
6.745000000000044338e+01, -3.196626315306703991e-02
6.755000000000043769e+01, -3.204049072334150261e-02
6.765000000000043201e+01, -3.211491292337660675e-02
6.775000000000042633e+01, -3.218953026727022770e-02
6.785000000000042064e+01, -3.226434327014012643e-02
6.795000000000041496e+01, -3.233935244812394250e-02
6.805000000000040927e+01, -3.241455831837916635e-02
6.815000000000040359e+01, -3.248996139908302133e-02
6.825000000000039790e+01, -3.256556220943243596e-02
6.835000000000039222e+01, -3.264136126964391899e-02
6.845000000000038654e+01, -3.271735910095338595e-02
6.855000000000038085e+01, -3.279355622561609673e-02
6.865000000000037517e+01, -3.286995316690638491e-02
6.875000000000036948e+01, -3.294655044911751207e-02
6.885000000000036380e+01, -3.302334859756144575e-02
6.895000000000035811e+01, -3.310034813856858882e-02
6.905000000000035243e+01, -3.317754959948753662e-02
6.915000000000034674e+01, -3.325495350868479250e-02
6.925000000000034106e+01, -3.333256039554441386e-02
6.935000000000033538e+01, -3.341037079046774161e-02
6.945000000000032969e+01, -3.348838522487297686e-02
6.955000000000032401e+01, -3.356660423119483400e-02
6.965000000000031832e+01, -3.364502834288412431e-02
6.975000000000031264e+01, -3.372365809440731887e-02
6.985000000000030695e+01, -3.380249402124612529e-02
6.995000000000030127e+01, -3.388153665989696028e-02
7.005000000000029559e+01, -3.396078654787048484e-02
7.015000000000028990e+01, -3.404024422369106295e-02
7.025000000000028422e+01, -3.411991022689619957e-02
7.035000000000027853e+01, -3.419978509803602018e-02
7.045000000000027285e+01, -3.427986937867258388e-02
7.055000000000026716e+01, -3.436016361137933517e-02
7.065000000000026148e+01, -3.444066833974039621e-02
7.075000000000025580e+01, -3.452138410834995619e-02
7.085000000000025011e+01, -3.460231146281151499e-02
7.095000000000024443e+01, -3.468345094973719622e-02
7.105000000000023874e+01, -3.476480311674697010e-02
7.115000000000023306e+01, -3.484636851246788319e-02
7.125000000000022737e+01, -3.492814768653327434e-02
7.135000000000022169e+01, -3.501014118958195587e-02
7.145000000000021600e+01, -3.509234957325733234e-02
7.155000000000021032e+01, -3.517477339020651239e-02
7.165000000000020464e+01, -3.525741319407947605e-02
7.175000000000019895e+01, -3.534026953952808248e-02
7.185000000000019327e+01, -3.542334298220509159e-02
7.195000000000018758e+01, -3.550663407876327587e-02
7.205000000000018190e+01, -3.559014338685432405e-02
7.215000000000017621e+01, -3.567387146512784879e-02
7.225000000000017053e+01, -3.575781887323029040e-02
7.235000000000016485e+01, -3.584198617180389679e-02
7.245000000000015916e+01, -3.592637392248550221e-02
7.255000000000015348e+01, -3.601098268790548645e-02
7.265000000000014779e+01, -3.609581303168656052e-02
7.275000000000014211e+01, -3.618086551844253845e-02
7.285000000000013642e+01, -3.626614071377717158e-02
7.295000000000013074e+01, -3.635163918428288565e-02
7.305000000000012506e+01, -3.643736149753942777e-02
7.315000000000011937e+01, -3.652330822211266592e-02
7.325000000000011369e+01, -3.660947992755318042e-02
7.335000000000010800e+01, -3.669587718439491081e-02
7.345000000000010232e+01, -3.678250056415380970e-02
7.355000000000009663e+01, -3.686935063932635787e-02
7.365000000000009095e+01, -3.695642798338814872e-02
7.375000000000008527e+01, -3.704373317079239641e-02
7.385000000000007958e+01, -3.713126677696846484e-02
7.395000000000007390e+01, -3.721902937832027858e-02
7.405000000000006821e+01, -3.730702155222481720e-02
7.415000000000006253e+01, -3.739524387703044295e-02
7.425000000000005684e+01, -3.748369693205538811e-02
7.435000000000005116e+01, -3.757238129758601330e-02
7.445000000000004547e+01, -3.766129755487514219e-02
7.455000000000003979e+01, -3.775044628614040304e-02
7.465000000000003411e+01, -3.783982807456240383e-02
7.475000000000002842e+01, -3.792944350428305300e-02
7.485000000000002274e+01, -3.801929316040368600e-02
7.495000000000001705e+01, -3.810937762898326808e-02
7.505000000000001137e+01, -3.819969749703654160e-02
7.515000000000000568e+01, -3.829025335253211093e-02
7.525000000000000000e+01, -3.838104578439055503e-02
7.534999999999999432e+01, -3.847207538248243602e-02
7.544999999999998863e+01, -3.856334273762634240e-02
7.554999999999998295e+01, -3.865484844158684902e-02
7.564999999999997726e+01, -3.874659308707254640e-02
7.574999999999997158e+01, -3.883857726773386893e-02
7.584999999999996589e+01, -3.893080157816104087e-02
7.594999999999996021e+01, -3.902326661388192536e-02
7.604999999999995453e+01, -3.911597297135989415e-02
7.614999999999994884e+01, -3.920892124799155859e-02
7.624999999999994316e+01, -3.930211204210459774e-02
7.634999999999993747e+01, -3.939554595295541306e-02
7.644999999999993179e+01, -3.948922358072697730e-02
7.654999999999992610e+01, -3.958314552652635043e-02
7.664999999999992042e+01, -3.967731239238239671e-02
7.674999999999991473e+01, -3.977172478124341159e-02
7.684999999999990905e+01, -3.986638329697463762e-02
7.694999999999990337e+01, -3.996128854435585659e-02
7.704999999999989768e+01, -4.005644112907885690e-02
7.714999999999989200e+01, -4.015184165774494940e-02
7.724999999999988631e+01, -4.024749073786239306e-02
7.734999999999988063e+01, -4.034338897784380679e-02
7.744999999999987494e+01, -4.043953698700356036e-02
7.754999999999986926e+01, -4.053593537555508219e-02
7.764999999999986358e+01, -4.063258475460822944e-02
7.774999999999985789e+01, -4.072948573616651247e-02
7.784999999999985221e+01, -4.082663893312436787e-02
7.794999999999984652e+01, -4.092404495926434127e-02
7.804999999999984084e+01, -4.102170442925431870e-02
7.814999999999983515e+01, -4.111961795864462615e-02
7.824999999999982947e+01, -4.121778616386510830e-02
7.834999999999982379e+01, -4.131620966222229741e-02
7.844999999999981810e+01, -4.141488907189635332e-02
7.854999999999981242e+01, -4.151382501193813523e-02
7.864999999999980673e+01, -4.161301810226614162e-02
7.874999999999980105e+01, -4.171246896366347101e-02
7.884999999999979536e+01, -4.181217821777469951e-02
7.894999999999978968e+01, -4.191214648710273050e-02
7.904999999999978400e+01, -4.201237439500570686e-02
7.914999999999977831e+01, -4.211286256569371500e-02
7.924999999999977263e+01, -4.221361162422558599e-02
7.934999999999976694e+01, -4.231462219650563433e-02
7.944999999999976126e+01, -4.241589490928030642e-02
7.954999999999975557e+01, -4.251743039013490544e-02
7.964999999999974989e+01, -4.261922926749014962e-02
7.974999999999974420e+01, -4.272129217059875833e-02
7.984999999999973852e+01, -4.282361972954203122e-02
7.994999999999973284e+01, -4.292621257522635098e-02
8.004999999999972715e+01, -4.302907133937965145e-02
8.014999999999972147e+01, -4.313219665454783025e-02
8.024999999999971578e+01, -4.323558915409122377e-02
8.034999999999971010e+01, -4.333924947218090185e-02
8.044999999999970441e+01, -4.344317824379501786e-02
8.054999999999969873e+01, -4.354737610471511727e-02
8.064999999999969305e+01, -4.365184369152241145e-02
8.074999999999968736e+01, -4.375658164159393348e-02
8.084999999999968168e+01, -4.386159059309877734e-02
8.094999999999967599e+01, -4.396687118499424674e-02
8.104999999999967031e+01, -4.407242405702189308e-02
8.114999999999966462e+01, -4.417824984970365743e-02
8.124999999999965894e+01, -4.428434920433792915e-02
8.134999999999965326e+01, -4.439072276299540348e-02
8.144999999999964757e+01, -4.449737116851523733e-02
8.154999999999964189e+01, -4.460429506450076798e-02
8.164999999999963620e+01, -4.471149509531555100e-02
8.174999999999963052e+01, -4.481897190607916220e-02
8.184999999999962483e+01, -4.492672614266293718e-02
8.194999999999961915e+01, -4.503475845168584957e-02
8.204999999999961346e+01, -4.514306948051015345e-02
8.214999999999960778e+01, -4.525165987723712285e-02
8.224999999999960210e+01, -4.536053029070270803e-02
8.234999999999959641e+01, -4.546968137047309455e-02
8.244999999999959073e+01, -4.557911376684042198e-02
8.254999999999958504e+01, -4.568882813081810712e-02
8.264999999999957936e+01, -4.579882511413653490e-02
8.274999999999957367e+01, -4.590910536923845792e-02
8.284999999999956799e+01, -4.601966954927438208e-02
8.294999999999956231e+01, -4.613051830809800080e-02
8.304999999999955662e+01, -4.624165230026150430e-02
8.314999999999955094e+01, -4.635307218101089588e-02
8.324999999999954525e+01, -4.646477860628128731e-02
8.334999999999953957e+01, -4.657677223269208328e-02
8.344999999999953388e+01, -4.668905371754222822e-02
8.354999999999952820e+01, -4.680162371880526584e-02
8.364999999999952252e+01, -4.691448289512452352e-02
8.374999999999951683e+01, -4.702763190580817182e-02
8.384999999999951115e+01, -4.714107141082420072e-02
8.394999999999950546e+01, -4.725480207079552075e-02
8.404999999999949978e+01, -4.736882454699474498e-02
8.414999999999949409e+01, -4.748313950133929706e-02
8.424999999999948841e+01, -4.759774759638613767e-02
8.434999999999948272e+01, -4.771264949532661587e-02
8.444999999999947704e+01, -4.782784586198133431e-02
8.454999999999947136e+01, -4.794333736079482711e-02
8.464999999999946567e+01, -4.805912465683028628e-02
8.474999999999945999e+01, -4.817520841576426738e-02
8.484999999999945430e+01, -4.829158930388129101e-02
8.494999999999944862e+01, -4.840826798806839582e-02
8.504999999999944293e+01, -4.852524513580977472e-02
8.514999999999943725e+01, -4.864252141518119604e-02
8.524999999999943157e+01, -4.876009749484450789e-02
8.534999999999942588e+01, -4.887797404404213564e-02
8.544999999999942020e+01, -4.899615173259128792e-02
8.554999999999941451e+01, -4.911463123087851657e-02
8.564999999999940883e+01, -4.923341320985388098e-02
8.574999999999940314e+01, -4.935249885314083040e-02
8.584999999999939746e+01, -4.947188976482192607e-02
8.594999999999939178e+01, -4.959158739998741072e-02
8.604999999999938609e+01, -4.971159321897177658e-02
8.614999999999938041e+01, -4.983190868736488144e-02
8.624999999999937472e+01, -4.995253527602311339e-02
8.634999999999936904e+01, -5.007347446108041666e-02
8.644999999999936335e+01, -5.019472772395935922e-02
8.654999999999935767e+01, -5.031629655138213086e-02
8.664999999999935199e+01, -5.043818243538140261e-02
8.674999999999934630e+01, -5.056038687331125547e-02
8.684999999999934062e+01, -5.068291136785797041e-02
8.694999999999933493e+01, -5.080575742705073505e-02
8.704999999999932925e+01, -5.092892656427246839e-02
8.714999999999932356e+01, -5.105242029827034012e-02
8.724999999999931788e+01, -5.117624014203951688e-02
8.734999999999931219e+01, -5.130038732505266819e-02
8.744999999999930651e+01, -5.142486260656267683e-02
8.754999999999930083e+01, -5.154966674654984371e-02
8.764999999999929514e+01, -5.167480050571519878e-02
8.774999999999928946e+01, -5.180026464547356213e-02
8.784999999999928377e+01, -5.192605992794692427e-02
8.794999999999927809e+01, -5.205218711595731296e-02
8.804999999999927240e+01, -5.217864697302002780e-02
8.814999999999926672e+01, -5.230544026333650703e-02
8.824999999999926104e+01, -5.243256775178729845e-02
8.834999999999925535e+01, -5.256003020392505110e-02
8.844999999999924967e+01, -5.268782838596718782e-02
8.854999999999924398e+01, -5.281596306478884145e-02
8.864999999999923830e+01, -5.294443500791551349e-02
8.874999999999923261e+01, -5.307324498351578129e-02
8.884999999999922693e+01, -5.320239376039390122e-02
8.894999999999922125e+01, -5.333188210798242568e-02
8.904999999999921556e+01, -5.346171079633466744e-02
8.914999999999920988e+01, -5.359188059611726812e-02
8.924999999999920419e+01, -5.372239227860252375e-02
8.934999999999919851e+01, -5.385324661566084220e-02
8.944999999999919282e+01, -5.398444437975291610e-02
8.954999999999918714e+01, -5.411598634392213170e-02
8.964999999999918145e+01, -5.424787328178672791e-02
8.974999999999917577e+01, -5.438010596753191372e-02
8.984999999999917009e+01, -5.451268517590198565e-02
8.994999999999916440e+01, -5.464561168219242426e-02
9.004999999999915872e+01, -5.477888626224183821e-02
9.014999999999915303e+01, -5.491250969242391505e-02
9.024999999999914735e+01, -5.504648274963934440e-02
9.034999999999914166e+01, -5.518080621130759533e-02
9.044999999999913598e+01, -5.531548085535877707e-02
9.054999999999913030e+01, -5.545050746022529842e-02
9.064999999999912461e+01, -5.558588680483354805e-02
9.074999999999911893e+01, -5.572161966859560250e-02
9.084999999999911324e+01, -5.585770683140069831e-02
9.094999999999910756e+01, -5.599414907360678040e-02
9.104999999999910187e+01, -5.613094717603198114e-02
9.114999999999909619e+01, -5.626810191994606469e-02
9.124999999999909051e+01, -5.640561408706164931e-02
9.134999999999908482e+01, -5.654348445952568636e-02
9.144999999999907914e+01, -5.668171381991059243e-02
9.154999999999907345e+01, -5.682030295120546470e-02
9.164999999999906777e+01, -5.695925263680728240e-02
9.174999999999906208e+01, -5.709856366051192095e-02
9.184999999999905640e+01, -5.723823680650522161e-02
9.194999999999905071e+01, -5.737827285935401256e-02
9.204999999999904503e+01, -5.751867260399696341e-02
9.214999999999903935e+01, -5.765943682573549528e-02
9.224999999999903366e+01, -5.780056631022468389e-02
9.234999999999902798e+01, -5.794206184346387817e-02
9.244999999999902229e+01, -5.808392421178752707e-02
9.254999999999901661e+01, -5.822615420185579815e-02
9.264999999999901092e+01, -5.836875260064525173e-02
9.274999999999900524e+01, -5.851172019543927905e-02
9.284999999999899956e+01, -5.865505777381874869e-02
9.294999999999899387e+01, -5.879876612365234068e-02
9.304999999999898819e+01, -5.894284603308701243e-02
9.314999999999898250e+01, -5.908729829053832594e-02
9.324999999999897682e+01, -5.923212368468073336e-02
9.334999999999897113e+01, -5.937732300443783473e-02
9.344999999999896545e+01, -5.952289703897253870e-02
9.354999999999895977e+01, -5.966884657767723699e-02
9.364999999999895408e+01, -5.981517241016381936e-02
9.374999999999894840e+01, -5.996187532625381345e-02
9.384999999999894271e+01, -6.010895611596822619e-02
9.394999999999893703e+01, -6.025641556951757266e-02
9.404999999999893134e+01, -6.040425447729168285e-02
9.414999999999892566e+01, -6.055247362984959858e-02
9.424999999999891998e+01, -6.070107381790924850e-02
9.434999999999891429e+01, -6.085005583233722704e-02
9.444999999999890861e+01, -6.099942046413842772e-02
9.454999999999890292e+01, -6.114916850444564178e-02
9.464999999999889724e+01, -6.129930074450921917e-02
9.474999999999889155e+01, -6.144981797568636883e-02
9.484999999999888587e+01, -6.160072098943088215e-02
9.494999999999888018e+01, -6.175201057728227361e-02
9.504999999999887450e+01, -6.190368753085536552e-02
9.514999999999886882e+01, -6.205575264182937312e-02
9.524999999999886313e+01, -6.220820670193732971e-02
9.534999999999885745e+01, -6.236105050295522034e-02
9.544999999999885176e+01, -6.251428483669109470e-02
9.554999999999884608e+01, -6.266791049497422161e-02
9.564999999999884039e+01, -6.282192826964407006e-02
9.574999999999883471e+01, -6.297633895253942904e-02
9.584999999999882903e+01, -6.313114333548716650e-02
9.594999999999882334e+01, -6.328634221029132145e-02
9.604999999999881766e+01, -6.344193636872175190e-02
9.614999999999881197e+01, -6.359792660250312979e-02
9.624999999999880629e+01, -6.375431370330351954e-02
9.634999999999880060e+01, -6.391109846272316486e-02
9.644999999999879492e+01, -6.406828167228310889e-02
9.654999999999878924e+01, -6.422586412341378670e-02
9.664999999999878355e+01, -6.438384660744356225e-02
9.674999999999877787e+01, -6.454222991558725142e-02
9.684999999999877218e+01, -6.470101483893454797e-02
9.694999999999876650e+01, -6.486020216843842168e-02
9.704999999999876081e+01, -6.501979269490351654e-02
9.714999999999875513e+01, -6.517978720897435463e-02
9.724999999999874944e+01, -6.534018650112370652e-02
9.734999999999874376e+01, -6.550099136164071190e-02
9.744999999999873808e+01, -6.566220258061904180e-02
9.754999999999873239e+01, -6.582382094794506089e-02
9.764999999999872671e+01, -6.598584725328586476e-02
9.774999999999872102e+01, -6.614828228607730343e-02
9.784999999999871534e+01, -6.631112683551187992e-02
9.794999999999870965e+01, -6.647438169052680146e-02
9.804999999999870397e+01, -6.663804763979172541e-02
9.814999999999869829e+01, -6.680212547169667170e-02
9.824999999999869260e+01, -6.696661597433981039e-02
9.834999999999868692e+01, -6.713151993551504104e-02
9.844999999999868123e+01, -6.729683814269996067e-02
9.854999999999867555e+01, -6.746257138304326273e-02
9.864999999999866986e+01, -6.762872044335242749e-02
9.874999999999866418e+01, -6.779528611008128758e-02
9.884999999999865850e+01, -6.796226916931759343e-02
9.894999999999865281e+01, -6.812967040677028741e-02
9.904999999999864713e+01, -6.829749060775711089e-02
9.914999999999864144e+01, -6.846573055719193390e-02
9.924999999999863576e+01, -6.863439103957200138e-02
9.934999999999863007e+01, -6.880347283896537380e-02
9.944999999999862439e+01, -6.897297673899803472e-02
9.954999999999861870e+01, -6.914290352284112318e-02
9.964999999999861302e+01, -6.931325397319816617e-02
9.974999999999860734e+01, -6.948402887229214453e-02
9.984999999999860165e+01, -6.965522900185250332e-02
9.994999999999859597e+01, -6.982685514310234265e-02
1.000499999999985903e+02, -6.999890807674523374e-02
1.001499999999985846e+02, -7.017138858295232651e-02
1.002499999999985789e+02, -7.034429744134906848e-02
1.003499999999985732e+02, -7.051763543100232623e-02
1.004499999999985675e+02, -7.069140333040695168e-02
1.005499999999985619e+02, -7.086560191747277859e-02
1.006499999999985562e+02, -7.104023196951121666e-02
1.007499999999985505e+02, -7.121529426322203982e-02
1.008499999999985448e+02, -7.139078957468010522e-02
1.009499999999985391e+02, -7.156671867932179465e-02
1.010499999999985334e+02, -7.174308235193183059e-02
1.011499999999985278e+02, -7.191988136662968989e-02
1.012499999999985221e+02, -7.209711649685612844e-02
1.013499999999985164e+02, -7.227478851535974747e-02
1.014499999999985107e+02, -7.245289819418331001e-02
1.015499999999985050e+02, -7.263144630465025176e-02
1.016499999999984993e+02, -7.281043361735094199e-02
1.017499999999984936e+02, -7.298986090212915279e-02
1.018499999999984880e+02, -7.316972892806822282e-02
1.019499999999984823e+02, -7.335003846347737388e-02
1.020499999999984766e+02, -7.353079027587794414e-02
1.021499999999984709e+02, -7.371198513198953806e-02
1.022499999999984652e+02, -7.389362379771625966e-02
1.023499999999984595e+02, -7.407570703813272373e-02
1.024499999999984539e+02, -7.425823561747023349e-02
1.025499999999984482e+02, -7.444121029910279186e-02
1.026499999999984425e+02, -7.462463184553312645e-02
1.027499999999984368e+02, -7.480850101837871469e-02
1.028499999999984311e+02, -7.499281857835765619e-02
1.029499999999984254e+02, -7.517758528527471173e-02
1.030499999999984198e+02, -7.536280189800710627e-02
1.031499999999984141e+02, -7.554846917449048460e-02
1.032499999999984084e+02, -7.573458787170456175e-02
1.033499999999984027e+02, -7.592115874565918965e-02
1.034499999999983970e+02, -7.610818255137991040e-02
1.035499999999983913e+02, -7.629566004289377312e-02
1.036499999999983856e+02, -7.648359197321512315e-02
1.037499999999983800e+02, -7.667197909433118297e-02
1.038499999999983743e+02, -7.686082215718774424e-02
1.039499999999983686e+02, -7.705012191167481816e-02
1.040499999999983629e+02, -7.723987910661225809e-02
1.041499999999983572e+02, -7.743009448973525721e-02
1.042499999999983515e+02, -7.762076880767998510e-02
1.043499999999983459e+02, -7.781190280596911313e-02
1.044499999999983402e+02, -7.800349722899722893e-02
1.045499999999983345e+02, -7.819555282001644514e-02
1.046499999999983288e+02, -7.838807032112168893e-02
1.047499999999983231e+02, -7.858105047323628300e-02
1.048499999999983174e+02, -7.877449401609727675e-02
1.049499999999983118e+02, -7.896840168824087458e-02
1.050499999999983061e+02, -7.916277422698766997e-02
1.051499999999983004e+02, -7.935761236842819866e-02
1.052499999999982947e+02, -7.955291684740803393e-02
1.053499999999982890e+02, -7.974868839751322880e-02
1.054499999999982833e+02, -7.994492775105556392e-02
1.055499999999982776e+02, -8.014163563905775389e-02
1.056499999999982720e+02, -8.033881279123872288e-02
1.057499999999982663e+02, -8.053645993599882480e-02
1.058499999999982606e+02, -8.073457780040503573e-02
1.059499999999982549e+02, -8.093316711017614629e-02
1.060499999999982492e+02, -8.113222858966788464e-02
1.061499999999982435e+02, -8.133176296185809506e-02
1.062499999999982379e+02, -8.153177094833188865e-02
1.063499999999982322e+02, -8.173225326926675249e-02
1.064499999999982265e+02, -8.193321064341758941e-02
1.065499999999982208e+02, -8.213464391573617462e-02
1.066499999999982151e+02, -8.233655657476904310e-02
1.067499999999982094e+02, -8.253895151307090450e-02
1.068499999999982037e+02, -8.274183161504305994e-02
1.069499999999981981e+02, -8.294519977679769285e-02
1.070499999999981924e+02, -8.314905890617108053e-02
1.071499999999981867e+02, -8.335341192273656996e-02
1.072499999999981810e+02, -8.355826175781740084e-02
1.073499999999981753e+02, -8.376361135449914008e-02
1.074499999999981696e+02, -8.396946366764206082e-02
1.075499999999981640e+02, -8.417582166389310505e-02
1.076499999999981583e+02, -8.438268832169761036e-02
1.077499999999981526e+02, -8.459006663131089787e-02
1.078499999999981469e+02, -8.479795959480963818e-02
1.079499999999981412e+02, -8.500637022610259275e-02
1.080499999999981355e+02, -8.521530155094171610e-02
1.081499999999981299e+02, -8.542475653354440757e-02
1.082499999999981242e+02, -8.563473636206381245e-02
1.083499999999981185e+02, -8.584524194558598720e-02
1.084499999999981128e+02, -8.605627419191397287e-02
1.085499999999981071e+02, -8.626783400754885200e-02
1.086499999999981014e+02, -8.647992229767054173e-02
1.087499999999980957e+02, -8.669253996611864244e-02
1.088499999999980901e+02, -8.690568791537324478e-02
1.089499999999980844e+02, -8.711936704653566732e-02
1.090499999999980787e+02, -8.733357825930912477e-02
1.091499999999980730e+02, -8.754832245197956275e-02
1.092499999999980673e+02, -8.776360052139609014e-02
1.093499999999980616e+02, -8.797941336295182768e-02
1.094499999999980560e+02, -8.819576187056422933e-02
1.095499999999980503e+02, -8.841264693665583374e-02
1.096499999999980446e+02, -8.863006945213468268e-02
1.097499999999980389e+02, -8.884803030637475341e-02
1.098499999999980332e+02, -8.906653038719654358e-02
1.099499999999980275e+02, -8.928557058084737874e-02
1.100499999999980218e+02, -8.950515177198177519e-02
1.101499999999980162e+02, -8.972527484364188621e-02
1.102499999999980105e+02, -8.994594067723779562e-02
1.103499999999980048e+02, -9.016715015252774190e-02
1.104499999999979991e+02, -9.038890414759856440e-02
1.105499999999979934e+02, -9.061120353884573320e-02
1.106499999999979877e+02, -9.083404920095371204e-02
1.107499999999979821e+02, -9.105744200687612699e-02
1.108499999999979764e+02, -9.128138282781596280e-02
1.109499999999979707e+02, -9.150587253320559278e-02
1.110499999999979650e+02, -9.173091199068701684e-02
1.111499999999979593e+02, -9.195650206609198851e-02
1.112499999999979536e+02, -9.218264362342196150e-02
1.113499999999979480e+02, -9.240933752482829999e-02
1.114499999999979423e+02, -9.263658463059221138e-02
1.115499999999979366e+02, -9.286438579910481772e-02
1.116499999999979309e+02, -9.309274188684721341e-02
1.117499999999979252e+02, -9.332165374837031457e-02
1.118499999999979195e+02, -9.355112223627497225e-02
1.119499999999979138e+02, -9.378114820119187733e-02
1.120499999999979082e+02, -9.401173249176142388e-02
1.121499999999979025e+02, -9.424287595461386391e-02
1.122499999999978968e+02, -9.447457943434892091e-02
1.123499999999978911e+02, -9.470684377351594463e-02
1.124499999999978854e+02, -9.493966981259370497e-02
1.125499999999978797e+02, -9.517305838997028311e-02
1.126499999999978741e+02, -9.540701034192285157e-02
1.127499999999978684e+02, -9.564152650259777344e-02
1.128499999999978627e+02, -9.587660770399021593e-02
1.129499999999978570e+02, -9.611225477592416633e-02
1.130499999999978513e+02, -9.634846854603212885e-02
1.131499999999978456e+02, -9.658524983973520994e-02
1.132499999999978400e+02, -9.682259948022263474e-02
1.133499999999978343e+02, -9.706051828843179075e-02
1.134499999999978286e+02, -9.729900708302802181e-02
1.135499999999978229e+02, -9.753806668038444982e-02
1.136499999999978172e+02, -9.777769789456178251e-02
1.137499999999978115e+02, -9.801790153728810739e-02
1.138499999999978058e+02, -9.825867841793885227e-02
1.139499999999978002e+02, -9.850002934351646811e-02
1.140499999999977945e+02, -9.874195511863037567e-02
1.141499999999977888e+02, -9.898445654547670391e-02
1.142499999999977831e+02, -9.922753442381819500e-02
1.143499999999977774e+02, -9.947118955096409532e-02
1.144499999999977717e+02, -9.971542272174989396e-02
1.145499999999977661e+02, -9.996023472851728320e-02
1.146499999999977604e+02, -1.002056263610939940e-01
1.147499999999977547e+02, 7.077671781985372945e-16
