0.000000000000000000e+00, 9.149999999999998579e+00
1.000000000000000021e-03, 9.155157306137011730e+00
2.000000000000000042e-03, 9.157732695877992768e+00
3.000000000000000062e-03, 9.160305916845985053e+00
4.000000000000000083e-03, 9.162876974099365412e+00
5.000000000000000104e-03, 9.165445872676144745e+00
6.000000000000000125e-03, 9.168012617594079927e+00
7.000000000000000146e-03, 9.170577213850794607e+00
8.000000000000000167e-03, 9.173139666423892891e+00
9.000000000000001055e-03, 9.175699980271081913e+00
1.000000000000000194e-02, 9.178258160330283744e+00
1.100000000000000283e-02, 9.180814211519747303e+00
1.200000000000000372e-02, 9.183368138738162045e+00
1.300000000000000461e-02, 9.185919946864773422e+00
1.400000000000000550e-02, 9.188469640759493018e+00
1.500000000000000638e-02, 9.191017225263012236e+00
1.600000000000000727e-02, 9.193562705196901774e+00
1.700000000000000816e-02, 9.196106085363735971e+00
1.800000000000000905e-02, 9.198647370547188729e+00
1.900000000000000994e-02, 9.201186565512150750e+00
2.000000000000001082e-02, 9.203723675004823690e+00
2.100000000000001171e-02, 9.206258703752840944e+00
2.200000000000001260e-02, 9.208791656465363573e+00
2.300000000000001349e-02, 9.211322537833183333e+00
2.400000000000001438e-02, 9.213851352528832805e+00
2.500000000000001527e-02, 9.216378105206683102e+00
2.600000000000001615e-02, 9.218902800503050443e+00
2.700000000000001704e-02, 9.221425443036288527e+00
2.800000000000001793e-02, 9.223946037406898668e+00
2.900000000000001882e-02, 9.226464588197632821e+00
3.000000000000001971e-02, 9.228981099973569968e+00
3.100000000000002059e-02, 9.231495577282245790e+00
3.200000000000002148e-02, 9.234008024653725499e+00
3.300000000000002237e-02, 9.236518446600715748e+00
3.400000000000002326e-02, 9.239026847618648119e+00
3.500000000000002415e-02, 9.241533232185789259e+00
3.600000000000002504e-02, 9.244037604763320815e+00
3.700000000000002592e-02, 9.246539969795446012e+00
3.800000000000002681e-02, 9.249040331709473151e+00
3.900000000000002770e-02, 9.251538694915916849e+00
4.000000000000002859e-02, 9.254035063808583317e+00
4.100000000000002948e-02, 9.256529442764664495e+00
4.200000000000003036e-02, 9.259021836144833983e+00
4.300000000000003125e-02, 9.261512248293321647e+00
4.400000000000003214e-02, 9.264000683538021974e+00
4.500000000000003303e-02, 9.266487146190572233e+00
4.600000000000003392e-02, 9.268971640546439517e+00
4.700000000000003481e-02, 9.271454170885016666e+00
4.800000000000003569e-02, 9.273934741469698650e+00
4.900000000000003658e-02, 9.276413356547978495e+00
5.000000000000003747e-02, 9.278890020351523660e+00
1.500000000000000500e-01, 9.703412594715837614e+00
2.500000000000000555e-01, 9.959596443678227828e+00
3.500000000000000888e-01, 1.018013559616800023e+01
4.500000000000000666e-01, 1.038114374982965238e+01
5.500000000000000444e-01, 1.056844323848258327e+01
6.500000000000000222e-01, 1.074497140042485377e+01
7.500000000000000000e-01, 1.091255311498223435e+01
8.499999999999999778e-01, 1.107246377752508337e+01
9.499999999999999556e-01, 1.122552048432408611e+01
1.050000000000000044e+00, 1.137239545331011392e+01
1.150000000000000133e+00, 1.151369361634299437e+01
1.250000000000000222e+00, 1.164993381353667701e+01
1.350000000000000311e+00, 1.178156314439672769e+01
1.450000000000000400e+00, 1.190896912758852011e+01
1.550000000000000488e+00, 1.203248969083323416e+01
1.650000000000000577e+00, 1.215841640860913309e+01
1.750000000000000666e+00, 1.243235821700351629e+01
1.850000000000000755e+00, 1.268936394738363305e+01
1.950000000000000844e+00, 1.293186701662874150e+01
2.050000000000000711e+00, 1.316186949995121758e+01
2.150000000000000799e+00, 1.338090593114092997e+01
2.250000000000000888e+00, 1.359019237515514611e+01
2.350000000000000977e+00, 1.379071716497726996e+01
2.450000000000001066e+00, 1.398330153444498336e+01
2.550000000000001155e+00, 1.416868396221428839e+01
2.650000000000001243e+00, 1.434752827171978495e+01
2.750000000000001332e+00, 1.452039608904905066e+01
2.850000000000001421e+00, 1.468776859988493833e+01
2.950000000000001510e+00, 1.485006249646375132e+01
3.050000000000001599e+00, 1.500764194997966428e+01
3.150000000000001688e+00, 1.516081500004282212e+01
3.250000000000001776e+00, 1.530985145648703138e+01
3.350000000000001865e+00, 1.545499502365659339e+01
3.450000000000001954e+00, 1.559648444936365586e+01
3.550000000000002043e+00, 1.573454779042327445e+01
3.650000000000002132e+00, 1.586938909398743469e+01
3.750000000000002220e+00, 1.600119191528385088e+01
3.850000000000002309e+00, 1.613012218309617651e+01
3.950000000000002398e+00, 1.625633055767232094e+01
4.050000000000002487e+00, 1.637995438874172294e+01
4.150000000000002132e+00, 1.650111935495039006e+01
4.250000000000001776e+00, 1.661994084691559692e+01
4.350000000000001421e+00, 1.673652514205218367e+01
4.450000000000001066e+00, 1.685097040885054298e+01
4.550000000000000711e+00, 1.696336757038432097e+01
4.650000000000000355e+00, 1.707380134390734838e+01
4.750000000000000000e+00, 1.718235793649222032e+01
4.849999999999999645e+00, 1.728912418661472827e+01
4.949999999999999289e+00, 1.739417660529874610e+01
5.049999999999998934e+00, 1.749758227007577815e+01
5.149999999999998579e+00, 1.759940508877730636e+01
5.249999999999998224e+00, 1.769970470973613885e+01
5.349999999999997868e+00, 1.779853692028281387e+01
5.449999999999997513e+00, 1.789595399767978989e+01
5.549999999999997158e+00, 1.799200501934068441e+01
5.649999999999996803e+00, 1.808673613803511415e+01
5.749999999999996447e+00, 1.818019082685102106e+01
5.849999999999996092e+00, 1.827241009792912863e+01
5.949999999999995737e+00, 1.836343269836340042e+01
6.049999999999995381e+00, 1.845329528614960779e+01
6.149999999999995026e+00, 1.854203258863991266e+01
6.249999999999994671e+00, 1.862967754560842337e+01
6.349999999999994316e+00, 1.871626143873686487e+01
6.449999999999993960e+00, 1.880181409204498877e+01
6.549999999999993605e+00, 1.888636607079978802e+01
6.649999999999993250e+00, 1.896995063529352876e+01
6.749999999999992895e+00, 1.905259929420122589e+01
6.849999999999992539e+00, 1.913434193170460063e+01
6.949999999999992184e+00, 1.921520692290503263e+01
7.049999999999991829e+00, 1.929522123882789231e+01
7.149999999999991473e+00, 1.937441054215139502e+01
7.249999999999991118e+00, 1.945279927464946823e+01
7.349999999999990763e+00, 1.953046480835846666e+01
7.449999999999990408e+00, 1.960738361331830504e+01
7.549999999999990052e+00, 1.968355946476410523e+01
7.649999999999989697e+00, 1.975899648869624770e+01
7.749999999999989342e+00, 1.983369911366713367e+01
7.849999999999988987e+00, 1.990767202852972062e+01
7.949999999999988631e+00, 1.998092014534751115e+01
8.049999999999988276e+00, 2.005344856678478749e+01
8.149999999999987921e+00, 2.012526255739592784e+01
8.249999999999987566e+00, 2.019636751831597721e+01
8.349999999999987210e+00, 2.026676896492510949e+01
8.449999999999986855e+00, 2.033647250711873156e+01
8.549999999999986500e+00, 2.040548383186525783e+01
8.649999999999986144e+00, 2.047380868777625196e+01
8.749999999999985789e+00, 2.054145287144987009e+01
8.849999999999985434e+00, 2.060842072291207572e+01
8.949999999999985079e+00, 2.067468276331018728e+01
9.049999999999984723e+00, 2.074026446062759277e+01
9.149999999999984368e+00, 2.080518982157668972e+01
9.249999999999984013e+00, 2.086948150775415556e+01
9.349999999999983658e+00, 2.093316094006979355e+01
9.449999999999983302e+00, 2.099624839287749367e+01
9.549999999999982947e+00, 2.105876307903401212e+01
9.649999999999982592e+00, 2.112072322694104543e+01
9.749999999999982236e+00, 2.118214615048273686e+01
9.849999999999981881e+00, 2.124304831264989701e+01
9.949999999999981526e+00, 2.130344538353908845e+01
1.004999999999998117e+01, 2.136335229332729568e+01
1.014999999999998082e+01, 2.142278328074803539e+01
1.024999999999998046e+01, 2.148175193753044709e+01
1.034999999999998010e+01, 2.154027124920754233e+01
1.044999999999997975e+01, 2.159835363265220209e+01
1.054999999999997939e+01, 2.165601097065800218e+01
1.064999999999997904e+01, 2.171325464384613468e+01
1.074999999999997868e+01, 2.177009556014832015e+01
1.084999999999997833e+01, 2.182654418208846181e+01
1.094999999999997797e+01, 2.188261055206165295e+01
1.104999999999997762e+01, 2.193830431578840745e+01
1.114999999999997726e+01, 2.199363474410341013e+01
1.124999999999997691e+01, 2.204861075322176589e+01
1.134999999999997655e+01, 2.210324092361156190e+01
1.144999999999997620e+01, 2.215753351758855061e+01
1.154999999999997584e+01, 2.221149649573779428e+01
1.164999999999997549e+01, 2.226513753225677306e+01
1.174999999999997513e+01, 2.231846402930573703e+01
1.184999999999997478e+01, 2.237148313044308168e+01
1.194999999999997442e+01, 2.242420173321624333e+01
1.204999999999997407e+01, 2.247662650097250037e+01
1.214999999999997371e+01, 2.252876387394807267e+01
1.224999999999997335e+01, 2.258062007968899110e+01
1.234999999999997300e+01, 2.263220114285247320e+01
1.244999999999997264e+01, 2.268351289443331709e+01
1.254999999999997229e+01, 2.273456098045632245e+01
1.264999999999997193e+01, 2.278535087017199601e+01
1.274999999999997158e+01, 2.283588786378999913e+01
1.284999999999997122e+01, 2.288617709978198533e+01
1.294999999999997087e+01, 2.293622356178266131e+01
1.304999999999997051e+01, 2.298603208511612550e+01
1.314999999999997016e+01, 2.303560736297186651e+01
1.324999999999996980e+01, 2.308495395225343927e+01
1.334999999999996945e+01, 2.313407627912066289e+01
1.344999999999996909e+01, 2.318297864424488708e+01
1.354999999999996874e+01, 2.323166522779532528e+01
1.364999999999996838e+01, 2.328014009417310248e+01
1.374999999999996803e+01, 2.332840719650851469e+01
1.384999999999996767e+01, 2.337647038093584939e+01
1.394999999999996732e+01, 2.342433339065907916e+01
1.404999999999996696e+01, 2.347199986982086628e+01
1.414999999999996660e+01, 2.351947336718641424e+01
1.424999999999996625e+01, 2.356675733965285602e+01
1.434999999999996589e+01, 2.361385515559424775e+01
1.444999999999996554e+01, 2.366077009805150411e+01
1.454999999999996518e+01, 2.370750536777596551e+01
1.464999999999996483e+01, 2.375406408613472919e+01
1.474999999999996447e+01, 2.380044929788546426e+01
1.484999999999996412e+01, 2.384666397382760294e+01
1.494999999999996376e+01, 2.389271101333687142e+01
1.504999999999996341e+01, 2.393859324678914646e+01
1.514999999999996305e+01, 2.398431343787960657e+01
1.524999999999996270e+01, 2.402987428584268770e+01
1.534999999999996234e+01, 2.407527842757792769e+01
1.544999999999996199e+01, 2.412052843968655935e+01
1.554999999999996163e+01, 2.416562684042342468e+01
1.564999999999996128e+01, 2.421057609156844492e+01
1.574999999999996092e+01, 2.425537860022172509e+01
1.584999999999996056e+01, 2.430003672052596642e+01
1.594999999999996021e+01, 2.434455275531991347e+01
1.604999999999996163e+01, 2.438892895772602998e+01
1.614999999999996305e+01, 2.443316753267570007e+01
1.624999999999996447e+01, 2.447727063837486483e+01
1.634999999999996589e+01, 2.452124038771293968e+01
1.644999999999996732e+01, 2.456507884961772348e+01
1.654999999999996874e+01, 2.460878805035867956e+01
1.664999999999997016e+01, 2.465236997480118575e+01
1.674999999999997158e+01, 2.469582656761376427e+01
1.684999999999997300e+01, 2.473915973443059357e+01
1.694999999999997442e+01, 2.478237134297127398e+01
1.704999999999997584e+01, 2.482546322411970152e+01
1.714999999999997726e+01, 2.486843717296391532e+01
1.724999999999997868e+01, 2.491129494979865200e+01
1.734999999999998010e+01, 2.495403828109216704e+01
1.744999999999998153e+01, 2.499666886041889313e+01
1.754999999999998295e+01, 2.503918834935947046e+01
1.764999999999998437e+01, 2.508159837836940298e+01
1.774999999999998579e+01, 2.512390054761779723e+01
1.784999999999998721e+01, 2.516609642779733491e+01
1.794999999999998863e+01, 2.520818756090680068e+01
1.804999999999999005e+01, 2.525017546100710319e+01
1.814999999999999147e+01, 2.529206161495209315e+01
1.824999999999999289e+01, 2.533384748309506662e+01
1.834999999999999432e+01, 2.537553449997195187e+01
1.844999999999999574e+01, 2.541712407496216031e+01
1.854999999999999716e+01, 2.545861759292794346e+01
1.864999999999999858e+01, 2.550001641483314074e+01
1.875000000000000000e+01, 2.554132187834208523e+01
1.885000000000000142e+01, 2.558253529839949891e+01
1.895000000000000284e+01, 2.562365796779202753e+01
1.905000000000000426e+01, 2.566469115769221077e+01
1.915000000000000568e+01, 2.570563611818551664e+01
1.925000000000000711e+01, 2.574649407878101570e+01
1.935000000000000853e+01, 2.578726624890648367e+01
1.945000000000000995e+01, 2.582795381838827709e+01
1.955000000000001137e+01, 2.586855795791680279e+01
1.965000000000001279e+01, 2.590907981949785110e+01
1.975000000000001421e+01, 2.594952053689057792e+01
1.985000000000001563e+01, 2.598988122603235240e+01
1.995000000000001705e+01, 2.603016298545116314e+01
2.005000000000001847e+01, 2.607036689666592721e+01
2.015000000000001990e+01, 2.611049402457512159e+01
2.025000000000002132e+01, 2.615054541783420561e+01
2.035000000000002274e+01, 2.619052210922215451e+01
2.045000000000002416e+01, 2.623042511599761184e+01
2.055000000000002558e+01, 2.627025544024484560e+01
2.065000000000002700e+01, 2.631001406921000907e+01
2.075000000000002842e+01, 2.634970197562799044e+01
2.085000000000002984e+01, 2.638932011804012134e+01
2.095000000000003126e+01, 2.642886944110311731e+01
2.105000000000003268e+01, 2.646835087588955915e+01
2.115000000000003411e+01, 2.650776534018010011e+01
2.125000000000003553e+01, 2.654711373874780023e+01
2.135000000000003695e+01, 2.658639696363472993e+01
2.145000000000003837e+01, 2.662561589442120180e+01
2.155000000000003979e+01, 2.666477139848779387e+01
2.165000000000004121e+01, 2.670386433127043091e+01
2.175000000000004263e+01, 2.674289553650876528e+01
2.185000000000004405e+01, 2.678186584648797464e+01
2.195000000000004547e+01, 2.682077608227441701e+01
2.205000000000004690e+01, 2.685962705394498329e+01
2.215000000000004832e+01, 2.689841956081072993e+01
2.225000000000004974e+01, 2.693715439163465319e+01
2.235000000000005116e+01, 2.697583232484400639e+01
2.245000000000005258e+01, 2.701445412873719221e+01
2.255000000000005400e+01, 2.705302056168549285e+01
2.265000000000005542e+01, 2.709153237232970568e+01
2.275000000000005684e+01, 2.712999029977194354e+01
2.285000000000005826e+01, 2.716839507376261764e+01
2.295000000000005969e+01, 2.720674741488290138e+01
2.305000000000006111e+01, 2.724504803472267156e+01
2.315000000000006253e+01, 2.728329763605410818e+01
2.325000000000006395e+01, 2.732149691300119798e+01
2.335000000000006537e+01, 2.735964655120499600e+01
2.345000000000006679e+01, 2.739774722798507156e+01
2.355000000000006821e+01, 2.743579961249703913e+01
2.365000000000006963e+01, 2.747380436588638020e+01
2.375000000000007105e+01, 2.751176214143863064e+01
2.385000000000007248e+01, 2.754967358472604744e+01
2.395000000000007390e+01, 2.758753933375088252e+01
2.405000000000007532e+01, 2.762536001908529926e+01
2.415000000000007674e+01, 2.766313626400807735e+01
2.425000000000007816e+01, 2.770086868463820196e+01
2.435000000000007958e+01, 2.773855789006535133e+01
2.445000000000008100e+01, 2.777620448247747476e+01
2.455000000000008242e+01, 2.781380905728545372e+01
2.465000000000008384e+01, 2.785137220324498486e+01
2.475000000000008527e+01, 2.788889450257568114e+01
2.485000000000008669e+01, 2.792637653107765416e+01
2.495000000000008811e+01, 2.796381885824532176e+01
2.505000000000008953e+01, 2.800122204737889575e+01
2.515000000000009095e+01, 2.803858665569327258e+01
2.525000000000009237e+01, 2.807591323442469289e+01
2.535000000000009379e+01, 2.811320232893494975e+01
2.545000000000009521e+01, 2.815045447881344742e+01
2.555000000000009663e+01, 2.818767021797699712e+01
2.565000000000009805e+01, 2.822485007476755214e+01
2.575000000000009948e+01, 2.826199457204777588e+01
2.585000000000010090e+01, 2.829910422729464514e+01
2.595000000000010232e+01, 2.833617955269106403e+01
2.605000000000010374e+01, 2.837322105521557347e+01
2.615000000000010516e+01, 2.841022923673014233e+01
2.625000000000010658e+01, 2.844720459406616797e+01
2.635000000000010800e+01, 2.848414761910871107e+01
2.645000000000010942e+01, 2.852105879887896123e+01
2.655000000000011084e+01, 2.855793861561502212e+01
2.665000000000011227e+01, 2.859478754685109081e+01
2.675000000000011369e+01, 2.863160606549494247e+01
2.685000000000011511e+01, 2.866839463990395842e+01
2.695000000000011653e+01, 2.870515373395952352e+01
2.705000000000011795e+01, 2.874188380714001312e+01
2.715000000000011937e+01, 2.877858531459227365e+01
2.725000000000012079e+01, 2.881525870720170346e+01
2.735000000000012221e+01, 2.885190443166095875e+01
2.745000000000012363e+01, 2.888852293053731657e+01
2.755000000000012506e+01, 2.892511464233865937e+01
2.765000000000012648e+01, 2.896168000157826228e+01
2.775000000000012790e+01, 2.899821943883824815e+01
2.785000000000012932e+01, 2.903473338083187727e+01
2.795000000000013074e+01, 2.907122225046460073e+01
2.805000000000013216e+01, 2.910768646689393790e+01
2.815000000000013358e+01, 2.914412644558826671e+01
2.825000000000013500e+01, 2.918054259838444509e+01
2.835000000000013642e+01, 2.921693533354434180e+01
2.845000000000013785e+01, 2.925330505581037244e+01
2.855000000000013927e+01, 2.928965216645992342e+01
2.865000000000014069e+01, 2.932597706335878129e+01
2.875000000000014211e+01, 2.936228014101358141e+01
2.885000000000014353e+01, 2.939856179062329034e+01
2.895000000000014495e+01, 2.943482240012973250e+01
2.905000000000014637e+01, 2.947106235426716125e+01
2.915000000000014779e+01, 2.950728203461100208e+01
2.925000000000014921e+01, 2.954348181962563302e+01
2.935000000000015064e+01, 2.957966208471135161e+01
2.945000000000015206e+01, 2.961582320225044640e+01
2.955000000000015348e+01, 2.965196554165250120e+01
2.965000000000015490e+01, 2.968808946939884308e+01
2.975000000000015632e+01, 2.972419534908621941e+01
2.985000000000015774e+01, 2.976028353636154478e+01
2.995000000000015916e+01, 2.979635225350937588e+01
3.005000000000016058e+01, 2.983239958194296904e+01
3.015000000000016200e+01, 2.986842380133760599e+01
3.025000000000016342e+01, 2.990442320741900772e+01
3.035000000000016485e+01, 2.994039611163776016e+01
3.045000000000016627e+01, 2.997634084085083828e+01
3.055000000000016769e+01, 3.001225573701018590e+01
3.065000000000016911e+01, 3.004813915685805270e+01
3.075000000000017053e+01, 3.008398947162898551e+01
3.085000000000017195e+01, 3.011980506675821800e+01
3.095000000000017337e+01, 3.015558434159638068e+01
3.105000000000017479e+01, 3.019132570913025049e+01
3.115000000000017621e+01, 3.022702759570947961e+01
3.125000000000017764e+01, 3.026268844077910813e+01
3.135000000000017906e+01, 3.029830669661765796e+01
3.145000000000018048e+01, 3.033388087825364110e+01
3.155000000000018190e+01, 3.036941076041266996e+01
3.165000000000018332e+01, 3.040489693328989063e+01
3.175000000000018474e+01, 3.044033997964210769e+01
3.185000000000018616e+01, 3.047574047492881633e+01
3.195000000000018758e+01, 3.051109898744981308e+01
3.205000000000018900e+01, 3.054641607847955243e+01
3.215000000000019043e+01, 3.058169230239827030e+01
3.225000000000019185e+01, 3.061692820682011273e+01
3.235000000000019327e+01, 3.065212433271813453e+01
3.245000000000019469e+01, 3.068728121454647351e+01
3.255000000000019611e+01, 3.072239938035968265e+01
3.265000000000019753e+01, 3.075747935192924842e+01
3.275000000000019895e+01, 3.079252164485749432e+01
3.285000000000020037e+01, 3.082752676868884478e+01
3.295000000000020179e+01, 3.086249522701858083e+01
3.305000000000020322e+01, 3.089742751759911954e+01
3.315000000000020464e+01, 3.093232413244392021e+01
3.325000000000020606e+01, 3.096718555792901384e+01
3.335000000000020748e+01, 3.100201227489234412e+01
3.345000000000020890e+01, 3.103680475873087374e+01
3.355000000000021032e+01, 3.107156347949547737e+01
3.365000000000021174e+01, 3.110628890198389129e+01
3.375000000000021316e+01, 3.114098148583150305e+01
3.385000000000021458e+01, 3.117564168560025095e+01
3.395000000000021600e+01, 3.121026995086554123e+01
3.405000000000021743e+01, 3.124486672630132844e+01
3.415000000000021885e+01, 3.127943245176336617e+01
3.425000000000022027e+01, 3.131396756237068502e+01
3.435000000000022169e+01, 3.134847248858529767e+01
3.445000000000022311e+01, 3.138294765629030181e+01
3.455000000000022453e+01, 3.141739348686627054e+01
3.465000000000022595e+01, 3.145181039726605121e+01
3.475000000000022737e+01, 3.148619880008804728e+01
3.485000000000022879e+01, 3.152055910364795466e+01
3.495000000000023022e+01, 3.155489171204896337e+01
3.505000000000023164e+01, 3.158919702525065176e+01
3.515000000000023306e+01, 3.162347543913631398e+01
3.525000000000023448e+01, 3.165772734557904045e+01
3.535000000000023590e+01, 3.169195313250637014e+01
3.545000000000023732e+01, 3.172615318396369233e+01
3.555000000000023874e+01, 3.176032788017637642e+01
3.565000000000024016e+01, 3.179447759761061221e+01
3.575000000000024158e+01, 3.182860270903306699e+01
3.585000000000024301e+01, 3.186270358356938104e+01
3.595000000000024443e+01, 3.189678058676147998e+01
3.605000000000024585e+01, 3.193083408062374673e+01
3.615000000000024727e+01, 3.196486442369814540e+01
3.625000000000024869e+01, 3.199887197110821546e+01
3.635000000000025011e+01, 3.203285707461208176e+01
3.645000000000025153e+01, 3.206682008265433126e+01
3.655000000000025295e+01, 3.210076134041705131e+01
3.665000000000025437e+01, 3.213468118986975242e+01
3.675000000000025580e+01, 3.216857996981838141e+01
3.685000000000025722e+01, 3.220245801595345370e+01
3.695000000000025864e+01, 3.223631566089719058e+01
3.705000000000026006e+01, 3.227015323424983251e+01
3.715000000000026148e+01, 3.230397106263508533e+01
3.725000000000026290e+01, 3.233776946974465005e+01
3.735000000000026432e+01, 3.237154877638200645e+01
3.745000000000026574e+01, 3.240530930050533698e+01
3.755000000000026716e+01, 3.243905135726967615e+01
3.765000000000026859e+01, 3.247277525906827123e+01
3.775000000000027001e+01, 3.250648131557323239e+01
3.785000000000027143e+01, 3.254016983377536576e+01
3.795000000000027285e+01, 3.257384111802333848e+01
3.805000000000027427e+01, 3.260749547006213334e+01
3.815000000000027569e+01, 3.264113318907079986e+01
3.825000000000027711e+01, 3.267475457169951625e+01
3.835000000000027853e+01, 3.270835991210601179e+01
3.845000000000027995e+01, 3.274194950199133558e+01
3.855000000000028137e+01, 3.277552363063498575e+01
3.865000000000028280e+01, 3.280908258492942764e+01
3.875000000000028422e+01, 3.284262664941398668e+01
3.885000000000028564e+01, 3.287615610630817287e+01
3.895000000000028706e+01, 3.290967123554442253e+01
3.905000000000028848e+01, 3.294317231480022201e+01
3.915000000000028990e+01, 3.297665961952975522e+01
3.925000000000029132e+01, 3.301013342299494724e+01
3.935000000000029274e+01, 3.304359399629600347e+01
3.945000000000029416e+01, 3.307704160840140872e+01
3.955000000000029559e+01, 3.311047652617740766e+01
3.965000000000029701e+01, 3.314389901441703046e+01
3.975000000000029843e+01, 3.317730933586857844e+01
3.985000000000029985e+01, 3.321070775126364083e+01
3.995000000000030127e+01, 3.324409451934465665e+01
4.005000000000030269e+01, 3.327746989689201484e+01
4.015000000000030411e+01, 3.331083413875069965e+01
4.025000000000030553e+01, 3.334418749785645275e+01
4.035000000000030695e+01, 3.337753022526158020e+01
4.045000000000030838e+01, 3.341086257016027616e+01
4.055000000000030980e+01, 3.344418477991357008e+01
4.065000000000031122e+01, 3.347749710007378354e+01
4.075000000000031264e+01, 3.351079977440871005e+01
4.085000000000031406e+01, 3.354409304492534005e+01
4.095000000000031548e+01, 3.357737715189315253e+01
4.105000000000031690e+01, 3.361065233386712237e+01
4.115000000000031832e+01, 3.364391882771032272e+01
4.125000000000031974e+01, 3.367717686861613657e+01
4.135000000000032117e+01, 3.371042669013014148e+01
4.145000000000032259e+01, 3.374366852417164608e+01
4.155000000000032401e+01, 3.377690260105489983e+01
4.165000000000032543e+01, 3.381012914950993320e+01
4.175000000000032685e+01, 3.384334839670305684e+01
4.185000000000032827e+01, 3.387656056825715467e+01
4.195000000000032969e+01, 3.390976588827147253e+01
4.205000000000033111e+01, 3.394296457934129307e+01
4.215000000000033253e+01, 3.397615686257714174e+01
4.225000000000033396e+01, 3.400934295762382931e+01
4.235000000000033538e+01, 3.404252308267907523e+01
4.245000000000033680e+01, 3.407569745451198173e+01
4.255000000000033822e+01, 3.410886628848109581e+01
4.265000000000033964e+01, 3.414202979855227937e+01
4.275000000000034106e+01, 3.417518819731627389e+01
4.285000000000034248e+01, 3.420834169600600916e+01
4.295000000000034390e+01, 3.424149050451367060e+01
4.305000000000034532e+01, 3.427463483140745382e+01
4.315000000000034674e+01, 3.430777488394809893e+01
4.325000000000034817e+01, 3.434091086810522597e+01
4.335000000000034959e+01, 3.437404298857334339e+01
4.345000000000035101e+01, 3.440717144878767186e+01
4.355000000000035243e+01, 3.444029645093971226e+01
4.365000000000035385e+01, 3.447341819599260759e+01
4.375000000000035527e+01, 3.450653688369622074e+01
4.385000000000035669e+01, 3.453965271260209846e+01
4.395000000000035811e+01, 3.457276588007810147e+01
4.405000000000035953e+01, 3.460587658232289954e+01
4.415000000000036096e+01, 3.463898501438020361e+01
4.425000000000036238e+01, 3.467209137015283460e+01
4.435000000000036380e+01, 3.470519584241657185e+01
4.445000000000036522e+01, 3.473829862283379555e+01
4.455000000000036664e+01, 3.477139990196694441e+01
4.465000000000036806e+01, 3.480449986929177442e+01
4.475000000000036948e+01, 3.483759871321043988e+01
4.485000000000037090e+01, 3.487069662106438273e+01
4.495000000000037232e+01, 3.490379377914700143e+01
4.505000000000037375e+01, 3.493689037271623476e+01
4.515000000000037517e+01, 3.496998658600686838e+01
4.525000000000037659e+01, 3.500308260224272061e+01
4.535000000000037801e+01, 3.503617860364866488e+01
4.545000000000037943e+01, 3.506927477146245309e+01
4.555000000000038085e+01, 3.510237128594638989e+01
4.565000000000038227e+01, 3.513546832639885054e+01
4.575000000000038369e+01, 3.516856607116564248e+01
4.585000000000038511e+01, 3.520166469765119643e+01
4.595000000000038654e+01, 3.523476438232956554e+01
4.605000000000038796e+01, 3.526786530075541748e+01
4.615000000000038938e+01, 3.530096762757472106e+01
4.625000000000039080e+01, 3.533407153653529065e+01
4.635000000000039222e+01, 3.536717720049734481e+01
4.645000000000039364e+01, 3.540028479144375950e+01
4.655000000000039506e+01, 3.543339448049025009e+01
4.665000000000039648e+01, 3.546650643789540425e+01
4.675000000000039790e+01, 3.549962083307057981e+01
4.685000000000039933e+01, 3.553273783458974577e+01
4.695000000000040075e+01, 3.556585761019897518e+01
4.705000000000040217e+01, 3.559898032682612268e+01
4.715000000000040359e+01, 3.563210615059008290e+01
4.725000000000040501e+01, 3.566523524681013413e+01
4.735000000000040643e+01, 3.569836778001501898e+01
4.745000000000040785e+01, 3.573150391395200387e+01
4.755000000000040927e+01, 3.576464381159578920e+01
4.765000000000041069e+01, 3.579778763515722773e+01
4.775000000000041211e+01, 3.583093554609207132e+01
4.785000000000041354e+01, 3.586408770510950461e+01
4.795000000000041496e+01, 3.589724427218055780e+01
4.805000000000041638e+01, 3.593040540654651238e+01
4.815000000000041780e+01, 3.596357126672704396e+01
4.825000000000041922e+01, 3.599674201052844325e+01
4.835000000000042064e+01, 3.602991779505156700e+01
4.845000000000042206e+01, 3.606309877669976061e+01
4.855000000000042348e+01, 3.609628511118673089e+01
4.865000000000042490e+01, 3.612947695354419864e+01
4.875000000000042633e+01, 3.616267445812955827e+01
4.885000000000042775e+01, 3.619587777863338118e+01
4.895000000000042917e+01, 3.622908706808685508e+01
4.905000000000043059e+01, 3.626230247886913105e+01
4.915000000000043201e+01, 3.629552416271453552e+01
4.925000000000043343e+01, 3.632875227071973967e+01
4.935000000000043485e+01, 3.636198695335082931e+01
4.945000000000043627e+01, 3.639522836045026111e+01
4.955000000000043769e+01, 3.642847664124378326e+01
4.965000000000043912e+01, 3.646173194434721410e+01
4.975000000000044054e+01, 3.649499441777316378e+01
4.985000000000044196e+01, 3.652826420893766368e+01
4.995000000000044338e+01, 3.656154146466673183e+01
5.005000000000044480e+01, 3.659482633120289563e+01
5.015000000000044622e+01, 3.662811895421145181e+01
5.025000000000044764e+01, 3.666141947878694651e+01
5.035000000000044906e+01, 3.669472804945929312e+01
5.045000000000045048e+01, 3.672804481020000367e+01
5.055000000000045191e+01, 3.676136990442827113e+01
5.065000000000045333e+01, 3.679470347501694505e+01
5.075000000000045475e+01, 3.682804566429850723e+01
5.085000000000045617e+01, 3.686139661407096213e+01
5.095000000000045759e+01, 3.689475646560359934e+01
5.105000000000045901e+01, 3.692812535964274190e+01
5.115000000000046043e+01, 3.696150343641743063e+01
5.125000000000046185e+01, 3.699489083564496639e+01
5.135000000000046327e+01, 3.702828769653651619e+01
5.145000000000046469e+01, 3.706169415780251342e+01
5.155000000000046612e+01, 3.709511035765807918e+01
5.165000000000046754e+01, 3.712853643382837276e+01
5.175000000000046896e+01, 3.716197252355383540e+01
5.185000000000047038e+01, 3.719541876359544119e+01
5.195000000000047180e+01, 3.722887529023980591e+01
5.205000000000047322e+01, 3.726234223930428868e+01
5.215000000000047464e+01, 3.729581974614205819e+01
5.225000000000047606e+01, 3.732930794564700250e+01
5.235000000000047748e+01, 3.736280697225868863e+01
5.245000000000047891e+01, 3.739631695996720850e+01
5.255000000000048033e+01, 3.742983804231796796e+01
5.265000000000048175e+01, 3.746337035241644742e+01
5.275000000000048317e+01, 3.749691402293290565e+01
5.285000000000048459e+01, 3.753046918610694149e+01
5.295000000000048601e+01, 3.756403597375220471e+01
5.305000000000048743e+01, 3.759761451726078718e+01
5.315000000000048885e+01, 3.763120494760781298e+01
5.325000000000049027e+01, 3.766480739535582245e+01
5.335000000000049170e+01, 3.769842199065911359e+01
5.345000000000049312e+01, 3.773204886326815455e+01
5.355000000000049454e+01, 3.776568814253376871e+01
5.365000000000049596e+01, 3.779933995741145480e+01
5.375000000000049738e+01, 3.783300443646549382e+01
5.385000000000049880e+01, 3.786668170787311993e+01
5.395000000000050022e+01, 3.790037189942862028e+01
5.405000000000050164e+01, 3.793407513854732827e+01
5.415000000000050306e+01, 3.796779155226972335e+01
5.425000000000050449e+01, 3.800152126726522539e+01
5.435000000000050591e+01, 3.803526440983627310e+01
5.445000000000050733e+01, 3.806902110592205446e+01
5.455000000000050875e+01, 3.810279148110242176e+01
5.465000000000051017e+01, 3.813657566060160775e+01
5.475000000000051159e+01, 3.817037376929199866e+01
5.485000000000051301e+01, 3.820418593169783605e+01
5.495000000000051443e+01, 3.823801227199881936e+01
5.505000000000051585e+01, 3.827185291403379352e+01
5.515000000000051728e+01, 3.830570798130426624e+01
5.525000000000051870e+01, 3.833957759697798906e+01
5.535000000000052012e+01, 3.837346188389238222e+01
5.545000000000052154e+01, 3.840736096455810866e+01
5.555000000000052296e+01, 3.844127496116239939e+01
5.565000000000052438e+01, 3.847520399557243564e+01
5.575000000000052580e+01, 3.850914818933876660e+01
5.585000000000052722e+01, 3.854310766369858499e+01
5.595000000000052864e+01, 3.857708253957893874e+01
5.605000000000053006e+01, 3.861107293760007764e+01
5.615000000000053149e+01, 3.864507897807858683e+01
5.625000000000053291e+01, 3.867910078103056293e+01
5.635000000000053433e+01, 3.871313846617478305e+01
5.645000000000053575e+01, 3.874719215293575303e+01
5.655000000000053717e+01, 3.878126196044681961e+01
5.665000000000053859e+01, 3.881534800755315473e+01
5.675000000000054001e+01, 3.884945041281483213e+01
5.685000000000054143e+01, 3.888356929450971222e+01
5.695000000000054285e+01, 3.891770477063646183e+01
5.705000000000054428e+01, 3.895185695891736088e+01
5.715000000000054570e+01, 3.898602597680127957e+01
5.725000000000054712e+01, 3.902021194146644234e+01
5.735000000000054854e+01, 3.905441496982330563e+01
5.745000000000054996e+01, 3.908863517851727920e+01
5.755000000000055138e+01, 3.912287268393153283e+01
5.765000000000055280e+01, 3.915712760218968214e+01
5.775000000000055422e+01, 3.919140004915848152e+01
5.785000000000055564e+01, 3.922569014045056690e+01
5.795000000000055707e+01, 3.925999799142698521e+01
5.805000000000055849e+01, 3.929432371719985895e+01
5.815000000000055991e+01, 3.932866743263497966e+01
5.825000000000056133e+01, 3.936302925235435168e+01
5.835000000000056275e+01, 3.939740929073869324e+01
5.845000000000056417e+01, 3.943180766192998021e+01
5.855000000000056559e+01, 3.946622447983389748e+01
5.865000000000056701e+01, 3.950065985812230451e+01
5.875000000000056843e+01, 3.953511391023562993e+01
5.885000000000056986e+01, 3.956958674938530862e+01
5.895000000000057128e+01, 3.960407848855609814e+01
5.905000000000057270e+01, 3.963858924050847321e+01
5.915000000000057412e+01, 3.967311911778096345e+01
5.925000000000057554e+01, 3.970766823269238444e+01
5.935000000000057696e+01, 3.974223669734417541e+01
5.945000000000057838e+01, 3.977682461530930880e+01
5.955000000000057980e+01, 3.981143183660087459e+01
5.965000000000058122e+01, 3.984605825808622370e+01
5.975000000000058265e+01, 3.988070378096776381e+01
5.985000000000058407e+01, 3.991536830649990719e+01
5.995000000000058549e+01, 3.995005173598541148e+01
6.005000000000058691e+01, 3.998475397077160665e+01
6.015000000000058833e+01, 4.001947491224674280e+01
6.025000000000058975e+01, 4.005421446183631673e+01
6.035000000000059117e+01, 4.008897252099941966e+01
6.045000000000059259e+01, 4.012374899122511351e+01
6.055000000000059401e+01, 4.015854377402887110e+01
6.065000000000059543e+01, 4.019335677094898074e+01
6.075000000000059686e+01, 4.022818788354302910e+01
6.085000000000059828e+01, 4.026303701338435559e+01
6.095000000000059970e+01, 4.029790406205857778e+01
6.105000000000060112e+01, 4.033278893786362573e+01
6.115000000000060254e+01, 4.036769171296995751e+01
6.125000000000060396e+01, 4.040261249942071231e+01
6.135000000000060538e+01, 4.043755140899048683e+01
6.145000000000060680e+01, 4.047250855318779372e+01
6.155000000000060822e+01, 4.050748404325769769e+01
6.165000000000060965e+01, 4.054247799018424558e+01
6.175000000000061107e+01, 4.057749050469305274e+01
6.185000000000061249e+01, 4.061252169725365491e+01
6.195000000000061391e+01, 4.064757167808205196e+01
6.205000000000061533e+01, 4.068264055714301719e+01
6.215000000000061675e+01, 4.071772844415256287e+01
6.225000000000061817e+01, 4.075283544858022111e+01
6.235000000000061959e+01, 4.078796167965144548e+01
6.245000000000062101e+01, 4.082310724634986343e+01
6.255000000000062244e+01, 4.085827225741959978e+01
6.265000000000062386e+01, 4.089345682136745808e+01
6.275000000000062528e+01, 4.092866104646525116e+01
6.285000000000062670e+01, 4.096388504075191861e+01
6.295000000000062812e+01, 4.099912891203577203e+01
6.305000000000062954e+01, 4.103439276789664802e+01
6.315000000000063096e+01, 4.106967671568795453e+01
6.325000000000063238e+01, 4.110498086253895167e+01
6.335000000000063380e+01, 4.114030531535667023e+01
6.345000000000063523e+01, 4.117565018082807171e+01
6.355000000000063665e+01, 4.121101556542208755e+01
6.365000000000063807e+01, 4.124640157539162999e+01
6.375000000000063949e+01, 4.128180831677556029e+01
6.385000000000064091e+01, 4.131723589540072794e+01
6.395000000000064233e+01, 4.135268441688388208e+01
6.405000000000063665e+01, 4.138815398663363254e+01
6.415000000000063096e+01, 4.142364470985233993e+01
6.425000000000062528e+01, 4.145915669153804117e+01
6.435000000000061959e+01, 4.149469003648630405e+01
6.445000000000061391e+01, 4.153024484929207460e+01
6.455000000000060822e+01, 4.156582123435153164e+01
6.465000000000060254e+01, 4.160141929586388443e+01
6.475000000000059686e+01, 4.163703913783317034e+01
6.485000000000059117e+01, 4.167268086407002414e+01
6.495000000000058549e+01, 4.170834457819344721e+01
6.505000000000057980e+01, 4.174403038363252705e+01
6.515000000000057412e+01, 4.177973838362817105e+01
6.525000000000056843e+01, 4.181546868123477623e+01
6.535000000000056275e+01, 4.185122137932195585e+01
6.545000000000055707e+01, 4.188699658057613817e+01
6.555000000000055138e+01, 4.192279438750227882e+01
6.565000000000054570e+01, 4.195861490242542402e+01
6.575000000000054001e+01, 4.199445822749237323e+01
6.585000000000053433e+01, 4.203032446467321392e+01
6.595000000000052864e+01, 4.206621371576293456e+01
6.605000000000052296e+01, 4.210212608238299481e+01
6.615000000000051728e+01, 4.213806166598276093e+01
6.625000000000051159e+01, 4.217402056784118969e+01
6.635000000000050591e+01, 4.221000288906820685e+01
6.645000000000050022e+01, 4.224600873060622064e+01
6.655000000000049454e+01, 4.228203819323162804e+01
6.665000000000048885e+01, 4.231809137755622885e+01
6.675000000000048317e+01, 4.235416838402872486e+01
6.685000000000047748e+01, 4.239026931293606992e+01
6.695000000000047180e+01, 4.242639426440491235e+01
6.705000000000046612e+01, 4.246254333840300177e+01
6.715000000000046043e+01, 4.249871663474053207e+01
6.725000000000045475e+01, 4.253491425307154117e+01
6.735000000000044906e+01, 4.257113629289521839e+01
6.745000000000044338e+01, 4.260738285355726163e+01
6.755000000000043769e+01, 4.264365403425118473e+01
6.765000000000043201e+01, 4.267994993401961068e+01
6.775000000000042633e+01, 4.271627065175557192e+01
6.785000000000042064e+01, 4.275261628620378929e+01
6.795000000000041496e+01, 4.278898693596188707e+01
6.805000000000040927e+01, 4.282538269948170750e+01
6.815000000000040359e+01, 4.286180367507045474e+01
6.825000000000039790e+01, 4.289824996089200226e+01
6.835000000000039222e+01, 4.293472165496801551e+01
6.845000000000038654e+01, 4.297121885517918116e+01
6.855000000000038085e+01, 4.300774165926637238e+01
6.865000000000037517e+01, 4.304429016483179993e+01
6.875000000000036948e+01, 4.308086446934018454e+01
6.885000000000036380e+01, 4.311746467011988670e+01
6.895000000000035811e+01, 4.315409086436399377e+01
6.905000000000035243e+01, 4.319074314913145685e+01
6.915000000000034674e+01, 4.322742162134818500e+01
6.925000000000034106e+01, 4.326412637780813952e+01
6.935000000000033538e+01, 4.330085751517435710e+01
6.945000000000032969e+01, 4.333761512998006538e+01
6.955000000000032401e+01, 4.337439931862969900e+01
6.965000000000031832e+01, 4.341121017739992993e+01
6.975000000000031264e+01, 4.344804780244068354e+01
6.985000000000030695e+01, 4.348491228977618306e+01
6.995000000000030127e+01, 4.352180373530588042e+01
7.005000000000029559e+01, 4.355872223480552208e+01
7.015000000000028990e+01, 4.359566788392807268e+01
7.025000000000028422e+01, 4.363264077820463172e+01
7.035000000000027853e+01, 4.366964101304550638e+01
7.045000000000027285e+01, 4.370666868374104297e+01
7.055000000000026716e+01, 4.374372388546257184e+01
7.065000000000026148e+01, 4.378080671326337381e+01
7.075000000000025580e+01, 4.381791726207953275e+01
7.085000000000025011e+01, 4.385505562673084512e+01
7.095000000000024443e+01, 4.389222190192167972e+01
7.105000000000023874e+01, 4.392941618224192268e+01
7.115000000000023306e+01, 4.396663856216772359e+01
7.125000000000022737e+01, 4.400388913606245467e+01
7.135000000000022169e+01, 4.404116799817747108e+01
7.145000000000021600e+01, 4.407847524265299199e+01
7.155000000000021032e+01, 4.411581096351888220e+01
7.165000000000020464e+01, 4.415317525469544790e+01
7.175000000000019895e+01, 4.419056820999431068e+01
7.185000000000019327e+01, 4.422798992311906829e+01
7.195000000000018758e+01, 4.426544048766622552e+01
7.205000000000018190e+01, 4.430291999712581941e+01
7.215000000000017621e+01, 4.434042854488223639e+01
7.225000000000017053e+01, 4.437796622421499393e+01
7.235000000000016485e+01, 4.441553312829938704e+01
7.245000000000015916e+01, 4.445312935020730549e+01
7.255000000000015348e+01, 4.449075498290788744e+01
7.265000000000014779e+01, 4.452841011926827264e+01
7.275000000000014211e+01, 4.456609485205422772e+01
7.285000000000013642e+01, 4.460380927393096329e+01
7.295000000000013074e+01, 4.464155347746365976e+01
7.305000000000012506e+01, 4.467932755511824183e+01
7.315000000000011937e+01, 4.471713159926200376e+01
7.325000000000011369e+01, 4.475496570216426306e+01
7.335000000000010800e+01, 4.479282995599698580e+01
7.345000000000010232e+01, 4.483072445283546159e+01
7.355000000000009663e+01, 4.486864928465887203e+01
7.365000000000009095e+01, 4.490660454335095153e+01
7.375000000000008527e+01, 4.494459032070057702e+01
7.385000000000007958e+01, 4.498260670840233644e+01
7.395000000000007390e+01, 4.502065379805715395e+01
7.405000000000006821e+01, 4.505873168117287975e+01
7.415000000000006253e+01, 4.509684044916480161e+01
7.425000000000005684e+01, 4.513498019335627021e+01
7.435000000000005116e+01, 4.517315100497921065e+01
7.445000000000004547e+01, 4.521135297517469809e+01
7.455000000000003979e+01, 4.524958619499347634e+01
7.465000000000003411e+01, 4.528785075539644822e+01
7.475000000000002842e+01, 4.532614674725528658e+01
7.485000000000002274e+01, 4.536447426135289618e+01
7.495000000000001705e+01, 4.540283338838386840e+01
7.505000000000001137e+01, 4.544122421895506392e+01
7.515000000000000568e+01, 4.547964684358604615e+01
7.525000000000000000e+01, 4.551810135270959989e+01
7.534999999999999432e+01, 4.555658783667213640e+01
7.544999999999998863e+01, 4.559510638573423336e+01
7.554999999999998295e+01, 4.563365709007103277e+01
7.564999999999997726e+01, 4.567224003977273128e+01
7.574999999999997158e+01, 4.571085532484497804e+01
7.584999999999996589e+01, 4.574950303520936501e+01
7.594999999999996021e+01, 4.578818326070377509e+01
7.604999999999995453e+01, 4.582689609108287243e+01
7.614999999999994884e+01, 4.586564161601846479e+01
7.624999999999994316e+01, 4.590441992509992275e+01
7.634999999999993747e+01, 4.594323110783459185e+01
7.644999999999993179e+01, 4.598207525364813364e+01
7.654999999999992610e+01, 4.602095245188493777e+01
7.664999999999992042e+01, 4.605986279180850573e+01
7.674999999999991473e+01, 4.609880636260179188e+01
7.684999999999990905e+01, 4.613778325336756581e+01
7.694999999999990337e+01, 4.617679355312878187e+01
7.704999999999989768e+01, 4.621583735082889177e+01
7.714999999999989200e+01, 4.625491473533219278e+01
7.724999999999988631e+01, 4.629402579542419005e+01
7.734999999999988063e+01, 4.633317061981188090e+01
7.744999999999987494e+01, 4.637234929712406029e+01
7.754999999999986926e+01, 4.641156191591168323e+01
7.764999999999986358e+01, 4.645080856464812058e+01
7.774999999999985789e+01, 4.649008933172945035e+01
7.784999999999985221e+01, 4.652940430547479167e+01
7.794999999999984652e+01, 4.656875357412656058e+01
7.804999999999984084e+01, 4.660813722585071162e+01
7.814999999999983515e+01, 4.664755534873706466e+01
7.824999999999982947e+01, 4.668700803079952522e+01
7.834999999999982379e+01, 4.672649535997637571e+01
7.844999999999981810e+01, 4.676601742413045315e+01
7.854999999999981242e+01, 4.680557431104951149e+01
7.864999999999980673e+01, 4.684516610844630691e+01
7.874999999999980105e+01, 4.688479290395896015e+01
7.884999999999979536e+01, 4.692445478515111290e+01
7.894999999999978968e+01, 4.696415183951214090e+01
7.904999999999978400e+01, 4.700388415445737422e+01
7.914999999999977831e+01, 4.704365181732833179e+01
7.924999999999977263e+01, 4.708345491539286343e+01
7.934999999999976694e+01, 4.712329353584539149e+01
7.944999999999976126e+01, 4.716316776580704584e+01
7.954999999999975557e+01, 4.720307769232590545e+01
7.964999999999974989e+01, 4.724302340237711206e+01
7.974999999999974420e+01, 4.728300498286304787e+01
7.984999999999973852e+01, 4.732302252061354864e+01
7.994999999999973284e+01, 4.736307610238598897e+01
8.004999999999972715e+01, 4.740316581486546710e+01
8.014999999999972147e+01, 4.744329174466492560e+01
8.024999999999971578e+01, 4.748345397832534331e+01
8.034999999999971010e+01, 4.752365260231577793e+01
8.044999999999970441e+01, 4.756388770303355074e+01
8.054999999999969873e+01, 4.760415936680437454e+01
8.064999999999969305e+01, 4.764446767988244602e+01
8.074999999999968736e+01, 4.768481272845050967e+01
8.084999999999968168e+01, 4.772519459862005675e+01
8.094999999999967599e+01, 4.776561337643131822e+01
8.104999999999967031e+01, 4.780606914785345651e+01
8.114999999999966462e+01, 4.784656199878454430e+01
8.124999999999965894e+01, 4.788709201505173496e+01
8.134999999999965326e+01, 4.792765928241128393e+01
8.144999999999964757e+01, 4.796826388654862683e+01
8.154999999999964189e+01, 4.800890591307845057e+01
8.164999999999963620e+01, 4.804958544754476435e+01
8.174999999999963052e+01, 4.809030257542088549e+01
8.184999999999962483e+01, 4.813105738210958862e+01
8.194999999999961915e+01, 4.817184995294305594e+01
8.204999999999961346e+01, 4.821268037318294830e+01
8.214999999999960778e+01, 4.825354872802043360e+01
8.224999999999960210e+01, 4.829445510257622942e+01
8.234999999999959641e+01, 4.833539958190058172e+01
8.244999999999959073e+01, 4.837638225097331457e+01
8.254999999999958504e+01, 4.841740319470381593e+01
8.264999999999957936e+01, 4.845846249793106608e+01
8.274999999999957367e+01, 4.849956024542359501e+01
8.284999999999956799e+01, 4.854069652187952499e+01
8.294999999999956231e+01, 4.858187141192652092e+01
8.304999999999955662e+01, 4.862308500012176893e+01
8.314999999999955094e+01, 4.866433737095203327e+01
8.324999999999954525e+01, 4.870562860883348577e+01
8.334999999999953957e+01, 4.874695879811181953e+01
8.344999999999953388e+01, 4.878832802306209970e+01
8.354999999999952820e+01, 4.882973636788882033e+01
8.364999999999952252e+01, 4.887118391672574802e+01
8.374999999999951683e+01, 4.891267075363596462e+01
8.384999999999951115e+01, 4.895419696261176767e+01
8.394999999999950546e+01, 4.899576262757458522e+01
8.404999999999949978e+01, 4.903736783237496866e+01
8.414999999999949409e+01, 4.907901266079247193e+01
8.424999999999948841e+01, 4.912069719653559474e+01
8.434999999999948272e+01, 4.916242152324169723e+01
8.444999999999947704e+01, 4.920418572447690053e+01
8.454999999999947136e+01, 4.924598988373605124e+01
8.464999999999946567e+01, 4.928783408444252956e+01
8.474999999999945999e+01, 4.932971840994821378e+01
8.484999999999945430e+01, 4.937164294353340921e+01
8.494999999999944862e+01, 4.941360776840663505e+01
8.504999999999944293e+01, 4.945561296770461013e+01
8.514999999999943725e+01, 4.949765862449204690e+01
8.524999999999943157e+01, 4.953974482176162297e+01
8.534999999999942588e+01, 4.958187164243376799e+01
8.544999999999942020e+01, 4.962403916935657833e+01
8.554999999999941451e+01, 4.966624748530566791e+01
8.564999999999940883e+01, 4.970849667298399766e+01
8.574999999999940314e+01, 4.975078699465920096e+01
8.584999999999939746e+01, 4.979311885866482612e+01
8.594999999999939178e+01, 4.983549261936601482e+01
8.604999999999938609e+01, 4.987790863142397768e+01
8.614999999999938041e+01, 4.992036724979848827e+01
8.624999999999937472e+01, 4.996286882975029187e+01
8.634999999999936904e+01, 5.000541372684349284e+01
8.644999999999936335e+01, 5.004800229694800606e+01
8.654999999999935767e+01, 5.009063489624185195e+01
8.664999999999935199e+01, 5.013331188121358650e+01
8.674999999999934630e+01, 5.017603360866461770e+01
8.684999999999934062e+01, 5.021880043571152186e+01
8.694999999999933493e+01, 5.026161271978840261e+01
8.704999999999932925e+01, 5.030447081864907943e+01
8.714999999999932356e+01, 5.034737509036947500e+01
8.724999999999931788e+01, 5.039032588944607483e+01
8.734999999999931219e+01, 5.043332346937009447e+01
8.744999999999930651e+01, 5.047636791785014054e+01
8.754999999999930083e+01, 5.051945932256025884e+01
8.764999999999929514e+01, 5.056259777113961462e+01
8.774999999999928946e+01, 5.060578335119196680e+01
8.784999999999928377e+01, 5.064901615028526294e+01
8.794999999999927809e+01, 5.069229625595122712e+01
8.804999999999927240e+01, 5.073562375568486971e+01
8.814999999999926672e+01, 5.077899873694401833e+01
8.824999999999926104e+01, 5.082242128714892715e+01
8.834999999999925535e+01, 5.086589149368180074e+01
8.844999999999924967e+01, 5.090940944388626832e+01
8.854999999999924398e+01, 5.095297522506700005e+01
8.864999999999923830e+01, 5.099658892448918124e+01
8.874999999999923261e+01, 5.104025062937806467e+01
8.884999999999922693e+01, 5.108396042691849459e+01
8.894999999999922125e+01, 5.112771840425439507e+01
8.904999999999921556e+01, 5.117152464848835081e+01
8.914999999999920988e+01, 5.121537924668104580e+01
8.924999999999920419e+01, 5.125928228585080859e+01
8.934999999999919851e+01, 5.130323385297309358e+01
8.944999999999919282e+01, 5.134723403498002625e+01
8.954999999999918714e+01, 5.139128291875985610e+01
8.964999999999918145e+01, 5.143538059115647343e+01
8.974999999999917577e+01, 5.147952713896889065e+01
8.984999999999917009e+01, 5.152372264895070941e+01
8.994999999999916440e+01, 5.156796720780964449e+01
9.004999999999915872e+01, 5.161226090220698381e+01
9.014999999999915303e+01, 5.165660381875704132e+01
9.024999999999914735e+01, 5.170099604402665960e+01
9.034999999999914166e+01, 5.174543766453466986e+01
9.044999999999913598e+01, 5.178992876675135903e+01
9.054999999999913030e+01, 5.183446943709790844e+01
9.064999999999912461e+01, 5.187905976194586799e+01
9.074999999999911893e+01, 5.192369982761662328e+01
9.084999999999911324e+01, 5.196838972038085558e+01
9.094999999999910756e+01, 5.201312952645790233e+01
9.104999999999910187e+01, 5.205791933201532373e+01
9.114999999999909619e+01, 5.210275922316827035e+01
9.124999999999909051e+01, 5.214764928597892180e+01
9.134999999999908482e+01, 5.219258960645596090e+01
9.144999999999907914e+01, 5.223758027055393427e+01
9.154999999999907345e+01, 5.228262136417274064e+01
9.164999999999906777e+01, 5.232771297315704828e+01
9.174999999999906208e+01, 5.237285518329567680e+01
9.184999999999905640e+01, 5.241804808032103580e+01
9.194999999999905071e+01, 5.246329174990856359e+01
9.204999999999904503e+01, 5.250858627767608766e+01
9.214999999999903935e+01, 5.255393174918325627e+01
9.224999999999903366e+01, 5.259932824993093448e+01
9.234999999999902798e+01, 5.264477586536062859e+01
9.244999999999902229e+01, 5.269027468085385379e+01
9.254999999999901661e+01, 5.273582478173151600e+01
9.264999999999901092e+01, 5.278142625325333626e+01
9.274999999999900524e+01, 5.282707918061723973e+01
9.284999999999899956e+01, 5.287278364895870197e+01
9.294999999999899387e+01, 5.291853974335012367e+01
9.304999999999898819e+01, 5.296434754880029061e+01
9.314999999999898250e+01, 5.301020715025362762e+01
9.324999999999897682e+01, 5.305611863258964433e+01
9.334999999999897113e+01, 5.310208208062232416e+01
9.344999999999896545e+01, 5.314809757909941368e+01
9.354999999999895977e+01, 5.319416521270180453e+01
9.364999999999895408e+01, 5.324028506604295785e+01
9.374999999999894840e+01, 5.328645722366817239e+01
9.384999999999894271e+01, 5.333268177005396637e+01
9.394999999999893703e+01, 5.337895878960743090e+01
9.404999999999893134e+01, 5.342528836666561176e+01
9.414999999999892566e+01, 5.347167058549477048e+01
9.424999999999891998e+01, 5.351810553028976614e+01
9.434999999999891429e+01, 5.356459328517340879e+01
9.444999999999890861e+01, 5.361113393419577733e+01
9.454999999999890292e+01, 5.365772756133353738e+01
9.464999999999889724e+01, 5.370437425048925917e+01
9.474999999999889155e+01, 5.375107408549079935e+01
9.484999999999888587e+01, 5.379782715009053362e+01
9.494999999999888018e+01, 5.384463352796477409e+01
9.504999999999887450e+01, 5.389149330271298766e+01
9.514999999999886882e+01, 5.393840655785717075e+01
9.524999999999886313e+01, 5.398537337684113879e+01
9.534999999999885745e+01, 5.403239384302982984e+01
9.544999999999885176e+01, 5.407946803970862248e+01
9.554999999999884608e+01, 5.412659605008261110e+01
9.564999999999884039e+01, 5.417377795727593082e+01
9.574999999999883471e+01, 5.422101384433102567e+01
9.584999999999882903e+01, 5.426830379420795225e+01
9.594999999999882334e+01, 5.431564788978369762e+01
9.604999999999881766e+01, 5.436304621385138347e+01
9.614999999999881197e+01, 5.441049884911966927e+01
9.624999999999880629e+01, 5.445800587821192096e+01
9.634999999999880060e+01, 5.450556738366556431e+01
9.644999999999879492e+01, 5.455318344793128915e+01
9.654999999999878924e+01, 5.460085415337243120e+01
9.664999999999878355e+01, 5.464857958226411938e+01
9.674999999999877787e+01, 5.469635981679259373e+01
9.684999999999877218e+01, 5.474419493905454459e+01
9.694999999999876650e+01, 5.479208503105621730e+01
9.704999999999876081e+01, 5.484003017471281538e+01
9.714999999999875513e+01, 5.488803045184769758e+01
9.724999999999874944e+01, 5.493608594419160340e+01
9.734999999999874376e+01, 5.498419673338198521e+01
9.744999999999873808e+01, 5.503236290096215555e+01
9.754999999999873239e+01, 5.508058452838063346e+01
9.764999999999872671e+01, 5.512886169699030603e+01
9.774999999999872102e+01, 5.517719448804773918e+01
9.784999999999871534e+01, 5.522558298271236765e+01
9.794999999999870965e+01, 5.527402726204574179e+01
9.804999999999870397e+01, 5.532252740701077443e+01
9.814999999999869829e+01, 5.537108349847098054e+01
9.824999999999869260e+01, 5.541969561718966020e+01
9.834999999999868692e+01, 5.546836384382918794e+01
9.844999999999868123e+01, 5.551708825895020283e+01
9.854999999999867555e+01, 5.556586894301082680e+01
9.864999999999866986e+01, 5.561470597636589730e+01
9.874999999999866418e+01, 5.566359943926618570e+01
9.884999999999865850e+01, 5.571254941185760146e+01
9.894999999999865281e+01, 5.576155597418042476e+01
9.904999999999864713e+01, 5.581061920616850358e+01
9.914999999999864144e+01, 5.585973918764844370e+01
9.924999999999863576e+01, 5.590891599833886261e+01
9.934999999999863007e+01, 5.595814971784957237e+01
9.944999999999862439e+01, 5.600744042568075542e+01
9.954999999999861870e+01, 5.605678820122220429e+01
9.964999999999861302e+01, 5.610619312375248313e+01
9.974999999999860734e+01, 5.615565527243819588e+01
9.984999999999860165e+01, 5.620517472633306255e+01
9.994999999999859597e+01, 5.625475156437721580e+01
1.000499999999985903e+02, 5.630438586539634116e+01
1.001499999999985846e+02, 5.635407770810089545e+01
1.002499999999985789e+02, 5.640382717108524702e+01
1.003499999999985732e+02, 5.645363433282690835e+01
1.004499999999985675e+02, 5.650349927168569053e+01
1.005499999999985619e+02, 5.655342206590290743e+01
1.006499999999985562e+02, 5.660340279360050175e+01
1.007499999999985505e+02, 5.665344153278027761e+01
1.008499999999985448e+02, 5.670353836132307634e+01
1.009499999999985391e+02, 5.675369335698790252e+01
1.010499999999985334e+02, 5.680390659741114234e+01
1.011499999999985278e+02, 5.685417816010567549e+01
1.012499999999985221e+02, 5.690450812246012902e+01
1.013499999999985164e+02, 5.695489656173796078e+01
1.014499999999985107e+02, 5.700534355507667783e+01
1.015499999999985050e+02, 5.705584917948696955e+01
1.016499999999984993e+02, 5.710641351185190473e+01
1.017499999999984936e+02, 5.715703662892601500e+01
1.018499999999984880e+02, 5.720771860733454162e+01
1.019499999999984823e+02, 5.725845952357256863e+01
1.020499999999984766e+02, 5.730925945400412047e+01
1.021499999999984709e+02, 5.736011847486138038e+01
1.022499999999984652e+02, 5.741103666224381641e+01
1.023499999999984595e+02, 5.746201409211735722e+01
1.024499999999984539e+02, 5.751305084031349679e+01
1.025499999999984482e+02, 5.756414698252847018e+01
1.026499999999984425e+02, 5.761530259432238665e+01
1.027499999999984368e+02, 5.766651775111841260e+01
1.028499999999984311e+02, 5.771779252820186912e+01
1.029499999999984254e+02, 5.776912700071938644e+01
1.030499999999984198e+02, 5.782052124367804424e+01
1.031499999999984141e+02, 5.787197533194454024e+01
1.032499999999984084e+02, 5.792348934024429497e+01
1.033499999999984027e+02, 5.797506334316057064e+01
1.034499999999983970e+02, 5.802669741513372514e+01
1.035499999999983913e+02, 5.807839163046014619e+01
1.036499999999983856e+02, 5.813014606329157630e+01
1.037499999999983800e+02, 5.818196078763413936e+01
1.038499999999983743e+02, 5.823383587734751643e+01
1.039499999999983686e+02, 5.828577140614405039e+01
1.040499999999983629e+02, 5.833776744758787203e+01
1.041499999999983572e+02, 5.838982407509409711e+01
1.042499999999983515e+02, 5.844194136192783162e+01
1.043499999999983459e+02, 5.849411938120341858e+01
1.044499999999983402e+02, 5.854635820588350725e+01
1.045499999999983345e+02, 5.859865790877816494e+01
1.046499999999983288e+02, 5.865101856254403145e+01
1.047499999999983231e+02, 5.870344023968344516e+01
1.048499999999983174e+02, 5.875592301254355476e+01
1.049499999999983118e+02, 5.880846695331542406e+01
1.050499999999983061e+02, 5.886107213403316507e+01
1.051499999999983004e+02, 5.891373862657310667e+01
1.052499999999982947e+02, 5.896646650265282119e+01
1.053499999999982890e+02, 5.901925583383034279e+01
1.054499999999982833e+02, 5.907210669150319404e+01
1.055499999999982776e+02, 5.912501914690757587e+01
1.056499999999982720e+02, 5.917799327111745100e+01
1.057499999999982663e+02, 5.923102913504366995e+01
1.058499999999982606e+02, 5.928412680943308999e+01
1.059499999999982549e+02, 5.933728636486767982e+01
1.060499999999982492e+02, 5.939050787176366697e+01
1.061499999999982435e+02, 5.944379140037058562e+01
1.062499999999982379e+02, 5.949713702077048794e+01
1.063499999999982322e+02, 5.955054480287697061e+01
1.064499999999982265e+02, 5.960401481643432930e+01
1.065499999999982208e+02, 5.965754716461132290e+01
1.066499999999982151e+02, 5.971114264587140497e+01
1.067499999999982094e+02, 5.976480189951982425e+01
1.068499999999982037e+02, 5.981852556091762096e+01
1.069499999999981981e+02, 5.987231426671596779e+01
1.070499999999981924e+02, 5.992616865485769040e+01
1.071499999999981867e+02, 5.998008936457853224e+01
1.072499999999981810e+02, 6.003407703640854720e+01
1.073499999999981753e+02, 6.008813231217342832e+01
1.074499999999981696e+02, 6.014225583499576544e+01
1.075499999999981640e+02, 6.019644824929631000e+01
1.076499999999981583e+02, 6.025071020079524686e+01
1.077499999999981526e+02, 6.030504233651333124e+01
1.078499999999981469e+02, 6.035944530477321734e+01
1.079499999999981412e+02, 6.041391975520042479e+01
1.080499999999981355e+02, 6.046846633872466015e+01
1.081499999999981299e+02, 6.052308568827897517e+01
1.082499999999981242e+02, 6.057777796793133973e+01
1.083499999999981185e+02, 6.063254326836044328e+01
1.084499999999981128e+02, 6.068738168009286227e+01
1.085499999999981071e+02, 6.074229329350158224e+01
1.086499999999981014e+02, 6.079727819880482542e+01
1.087499999999980957e+02, 6.085233648606462964e+01
1.088499999999980901e+02, 6.090746824518558356e+01
1.089499999999980844e+02, 6.096267356591344111e+01
1.090499999999980787e+02, 6.101795253783387807e+01
1.091499999999980730e+02, 6.107330525037108515e+01
1.092499999999980673e+02, 6.112873179278647484e+01
1.093499999999980616e+02, 6.118423225417737399e+01
1.094499999999980560e+02, 6.123980672347563825e+01
1.095499999999980503e+02, 6.129545528944638022e+01
1.096499999999980446e+02, 6.135117804068654834e+01
1.097499999999980389e+02, 6.140697506562369767e+01
1.098499999999980332e+02, 6.146284645251459011e+01
1.099499999999980275e+02, 6.151879228944387989e+01
1.100499999999980218e+02, 6.157481266432272093e+01
1.101499999999980162e+02, 6.163090766488755179e+01
1.102499999999980105e+02, 6.168707737869857510e+01
1.103499999999980048e+02, 6.174332189313861363e+01
1.104499999999979991e+02, 6.179964129541162521e+01
1.105499999999979934e+02, 6.185603567254141666e+01
1.106499999999979877e+02, 6.191250511137028667e+01
1.107499999999979821e+02, 6.196904969855768286e+01
1.108499999999979764e+02, 6.202566952057888727e+01
1.109499999999979707e+02, 6.208236466372361662e+01
1.110499999999979650e+02, 6.213913521409474328e+01
1.111499999999979593e+02, 6.219598125760683160e+01
1.112499999999979536e+02, 6.225290287998497973e+01
1.113499999999979480e+02, 6.230990016676327770e+01
1.114499999999979423e+02, 6.236697320328357108e+01
1.115499999999979366e+02, 6.242412207469409680e+01
1.116499999999979309e+02, 6.248134686594811882e+01
1.117499999999979252e+02, 6.253864766180255685e+01
1.118499999999979195e+02, 6.259602454681672157e+01
1.119499999999979138e+02, 6.265347760535087218e+01
1.120499999999979082e+02, 6.271100692156490197e+01
1.121499999999979025e+02, 6.276861257941700956e+01
1.122499999999978968e+02, 6.282629466266233464e+01
1.123499999999978911e+02, 6.288405325485156538e+01
1.124499999999978854e+02, 6.294188843932970201e+01
1.125499999999978797e+02, 6.299980029923455760e+01
1.126499999999978741e+02, 6.305778891749553594e+01
1.127499999999978684e+02, 6.311585437683223176e+01
1.128499999999978627e+02, 6.317399675975305229e+01
1.129499999999978570e+02, 6.323221614855394535e+01
1.130499999999978513e+02, 6.329051262531697830e+01
1.131499999999978456e+02, 6.334888627190900223e+01
1.132499999999978400e+02, 6.340733716998035874e+01
1.133499999999978343e+02, 6.346586540096349438e+01
1.134499999999978286e+02, 6.352447104607157513e+01
1.135499999999978229e+02, 6.358315418629724292e+01
1.136499999999978172e+02, 6.364191490241114479e+01
1.137499999999978115e+02, 6.370075327496071793e+01
1.138499999999978058e+02, 6.375966938426874719e+01
1.139499999999978002e+02, 6.381866331043205065e+01
1.140499999999977945e+02, 6.387773513332015796e+01
1.141499999999977888e+02, 6.393688493257395322e+01
1.142499999999977831e+02, 6.399611278760434629e+01
1.143499999999977774e+02, 6.405541877759092984e+01
1.144499999999977717e+02, 6.411480298148057955e+01
1.145499999999977661e+02, 6.417426547798629599e+01
1.146499999999977604e+02, 6.423380634558559166e+01
1.147499999999977547e+02, 6.429342566251942515e+01
