0.000000000000000000e+00, 9.149999999999998579e+00
1.000000000000000021e-03, 9.155157306137011730e+00
2.000000000000000042e-03, 9.157732695877992768e+00
3.000000000000000062e-03, 9.160305916845985053e+00
4.000000000000000083e-03, 9.162876974099367189e+00
5.000000000000000104e-03, 9.165445872676144745e+00
6.000000000000000125e-03, 9.168012617594079927e+00
7.000000000000000146e-03, 9.170577213850794607e+00
8.000000000000000167e-03, 9.173139666423892891e+00
9.000000000000001055e-03, 9.175699980271083689e+00
1.000000000000000194e-02, 9.178258160330285520e+00
1.100000000000000283e-02, 9.180814211519749080e+00
1.200000000000000372e-02, 9.183368138738162045e+00
1.300000000000000461e-02, 9.185919946864775198e+00
1.400000000000000550e-02, 9.188469640759496571e+00
1.500000000000000638e-02, 9.191017225263012236e+00
1.600000000000000727e-02, 9.193562705196903551e+00
1.700000000000000816e-02, 9.196106085363735971e+00
1.800000000000000905e-02, 9.198647370547190505e+00
1.900000000000000994e-02, 9.201186565512150750e+00
2.000000000000001082e-02, 9.203723675004823690e+00
2.100000000000001171e-02, 9.206258703752844497e+00
2.200000000000001260e-02, 9.208791656465365350e+00
2.300000000000001349e-02, 9.211322537833183333e+00
2.400000000000001438e-02, 9.213851352528834582e+00
2.500000000000001527e-02, 9.216378105206683102e+00
2.600000000000001615e-02, 9.218902800503046890e+00
2.700000000000001704e-02, 9.221425443036286751e+00
2.800000000000001793e-02, 9.223946037406896892e+00
2.900000000000001882e-02, 9.226464588197629269e+00
3.000000000000001971e-02, 9.228981099973568192e+00
3.100000000000002059e-02, 9.231495577282244014e+00
3.200000000000002148e-02, 9.234008024653725499e+00
3.300000000000002237e-02, 9.236518446600715748e+00
3.400000000000002326e-02, 9.239026847618648119e+00
3.500000000000002415e-02, 9.241533232185787483e+00
3.600000000000002504e-02, 9.244037604763319038e+00
3.700000000000002592e-02, 9.246539969795444236e+00
3.800000000000002681e-02, 9.249040331709471374e+00
3.900000000000002770e-02, 9.251538694915915073e+00
4.000000000000002859e-02, 9.254035063808583317e+00
4.100000000000002948e-02, 9.256529442764666271e+00
4.200000000000003036e-02, 9.259021836144832207e+00
4.300000000000003125e-02, 9.261512248293319871e+00
4.400000000000003214e-02, 9.264000683538020198e+00
4.500000000000003303e-02, 9.266487146190570456e+00
4.600000000000003392e-02, 9.268971640546441293e+00
4.700000000000003481e-02, 9.271454170885018442e+00
4.800000000000003569e-02, 9.273934741469698650e+00
4.900000000000003658e-02, 9.276413356547978495e+00
5.000000000000003747e-02, 9.278890020351523660e+00
1.500000000000000500e-01, 9.703412594715835837e+00
2.500000000000000555e-01, 9.959596443678226052e+00
3.500000000000000888e-01, 1.018013559616800023e+01
4.500000000000000666e-01, 1.038114374982964883e+01
5.500000000000000444e-01, 1.067985085631894293e+01
6.500000000000000222e-01, 1.104233245767994198e+01
7.500000000000000000e-01, 1.137577823090814810e+01
8.499999999999999778e-01, 1.168540397620331284e+01
9.499999999999999556e-01, 1.197494974465843853e+01
1.050000000000000044e+00, 1.224715005901855136e+01
1.150000000000000133e+00, 1.250416589138406742e+01
1.250000000000000222e+00, 1.274771907900244727e+01
1.350000000000000311e+00, 1.297930738506012993e+01
1.450000000000000400e+00, 1.320030884374705415e+01
1.550000000000000488e+00, 1.341191013430456813e+01
1.650000000000000577e+00, 1.361509280009889622e+01
1.750000000000000666e+00, 1.381068003831174451e+01
1.850000000000000755e+00, 1.399925592215002368e+01
1.950000000000000844e+00, 1.418131203446615629e+01
2.050000000000000711e+00, 1.435729067387264912e+01
2.150000000000000799e+00, 1.452758171755855088e+01
2.250000000000000888e+00, 1.469257210382352596e+01
2.350000000000000977e+00, 1.485266127131953517e+01
2.450000000000001066e+00, 1.500822041228550674e+01
2.550000000000001155e+00, 1.515957675501920754e+01
2.650000000000001243e+00, 1.530702054662221556e+01
2.750000000000001332e+00, 1.545081066500597622e+01
2.850000000000001421e+00, 1.559117917679844467e+01
2.950000000000001510e+00, 1.572833507447003143e+01
3.050000000000001599e+00, 1.586246736708631033e+01
3.150000000000001688e+00, 1.599370467631511517e+01
3.250000000000001776e+00, 1.612215354137820000e+01
3.350000000000001865e+00, 1.624791929690393388e+01
3.450000000000001954e+00, 1.637109983934029600e+01
3.550000000000002043e+00, 1.649180139780824916e+01
3.650000000000002132e+00, 1.661014667309813930e+01
3.750000000000002220e+00, 1.672625789696830267e+01
3.850000000000002309e+00, 1.684024731334979208e+01
3.950000000000002398e+00, 1.695221828482811333e+01
4.050000000000002487e+00, 1.706226624600219210e+01
4.150000000000002132e+00, 1.717047952891269347e+01
4.250000000000001776e+00, 1.727694008096395706e+01
4.350000000000001421e+00, 1.738172409200975466e+01
4.450000000000001066e+00, 1.748490254429556501e+01
4.550000000000000711e+00, 1.758654169657040356e+01
4.650000000000000355e+00, 1.768670351176786326e+01
4.750000000000000000e+00, 1.778544603610680142e+01
4.849999999999999645e+00, 1.788282373620108601e+01
4.949999999999999289e+00, 1.797887464972822613e+01
5.049999999999998934e+00, 1.807362146446337547e+01
5.149999999999998579e+00, 1.816709090686760319e+01
5.249999999999998224e+00, 1.825930862179009040e+01
5.349999999999997868e+00, 1.835030348476147921e+01
5.449999999999997513e+00, 1.844011476779380843e+01
5.549999999999997158e+00, 1.852878542881857271e+01
5.649999999999996803e+00, 1.861635596894782196e+01
5.749999999999996447e+00, 1.870286462440569508e+01
5.849999999999996092e+00, 1.878834753958821935e+01
5.949999999999995737e+00, 1.887283892347367953e+01
6.049999999999995381e+00, 1.895637119130268999e+01
6.149999999999995026e+00, 1.903897509319080683e+01
6.249999999999994671e+00, 1.912067983111863612e+01
6.349999999999994316e+00, 1.920151316555929100e+01
6.449999999999993960e+00, 1.928150151284440383e+01
6.549999999999993605e+00, 1.936067003423421085e+01
6.649999999999993250e+00, 1.943904271754026780e+01
6.749999999999992895e+00, 1.951664245204856485e+01
6.849999999999992539e+00, 1.959349109740360717e+01
6.949999999999992184e+00, 1.966960954703832343e+01
7.049999999999991829e+00, 1.974501778666880014e+01
7.149999999999991473e+00, 1.981973494831551363e+01
7.249999999999991118e+00, 1.989377936026227900e+01
7.349999999999990763e+00, 1.996735038791917560e+01
7.449999999999990408e+00, 2.004031102492078986e+01
7.549999999999990052e+00, 2.011261875658993148e+01
7.649999999999989697e+00, 2.018423476410549711e+01
7.749999999999989342e+00, 2.025504720471795395e+01
7.849999999999988987e+00, 2.032501360283694680e+01
7.949999999999988631e+00, 2.039416751871654654e+01
8.049999999999988276e+00, 2.046254040811268382e+01
8.149999999999987921e+00, 2.053016180304206273e+01
8.249999999999987566e+00, 2.059705947301970852e+01
8.349999999999987210e+00, 2.066325956929631857e+01
8.449999999999986855e+00, 2.072878675423982386e+01
8.549999999999986500e+00, 2.079366431769265589e+01
8.649999999999986144e+00, 2.085791428187478402e+01
8.749999999999985789e+00, 2.092155749618321536e+01
8.849999999999985434e+00, 2.098461372305424888e+01
8.949999999999985079e+00, 2.104710171589866974e+01
9.049999999999984723e+00, 2.110903928998763490e+01
9.149999999999984368e+00, 2.117044338705420614e+01
9.249999999999984013e+00, 2.123133013427931459e+01
9.349999999999983658e+00, 2.129171489824811658e+01
9.449999999999983302e+00, 2.135161233439189132e+01
9.549999999999982947e+00, 2.141103643236914778e+01
9.649999999999982592e+00, 2.147000055778686445e+01
9.749999999999982236e+00, 2.152851749061655440e+01
9.849999999999981881e+00, 2.158659946062001822e+01
9.949999999999981526e+00, 2.164425818006473179e+01
1.004999999999998117e+01, 2.170150487397834738e+01
1.014999999999998082e+01, 2.175835030816502069e+01
1.024999999999998046e+01, 2.181480481518286396e+01
1.034999999999998010e+01, 2.187087831846113417e+01
1.044999999999997975e+01, 2.192658035471763256e+01
1.054999999999997939e+01, 2.198192009482050580e+01
1.064999999999997904e+01, 2.203690636322453855e+01
1.074999999999997868e+01, 2.209154765609935822e+01
1.084999999999997833e+01, 2.214585215825551501e+01
1.094999999999997797e+01, 2.219982775896464133e+01
1.104999999999997762e+01, 2.225348206676078533e+01
1.114999999999997726e+01, 2.230682242330194498e+01
1.124999999999997691e+01, 2.235985591636395142e+01
1.134999999999997655e+01, 2.241258939203196121e+01
1.144999999999997620e+01, 2.246502946614961616e+01
1.154999999999997584e+01, 2.251718253508017042e+01
1.164999999999997549e+01, 2.256905478582962843e+01
1.174999999999997513e+01, 2.262065220557750678e+01
1.184999999999997478e+01, 2.267198059065704641e+01
1.194999999999997442e+01, 2.272304555502330459e+01
1.204999999999997407e+01, 2.277385253824438038e+01
1.214999999999997371e+01, 2.282440681304819918e+01
1.224999999999997335e+01, 2.287471349245472751e+01
1.234999999999997300e+01, 2.292477753652113037e+01
1.244999999999997264e+01, 2.297460375872521610e+01
1.254999999999997229e+01, 2.302419683201067357e+01
1.264999999999997193e+01, 2.307356129451567739e+01
1.274999999999997158e+01, 2.312270155500497637e+01
1.284999999999997122e+01, 2.317162189802398231e+01
1.294999999999997087e+01, 2.322032648879206107e+01
1.304999999999997051e+01, 2.326881937785095644e+01
1.314999999999997016e+01, 2.331710450548329661e+01
1.324999999999996980e+01, 2.336518570591467281e+01
1.334999999999996945e+01, 2.341306671131244244e+01
1.344999999999996909e+01, 2.346075115559282764e+01
1.354999999999996874e+01, 2.350824257804772444e+01
1.364999999999996838e+01, 2.355554442680129057e+01
1.374999999999996803e+01, 2.360266006210617817e+01
1.384999999999996767e+01, 2.364959275948827866e+01
1.394999999999996732e+01, 2.369634571274851353e+01
1.404999999999996696e+01, 2.374292203682944091e+01
1.414999999999996660e+01, 2.378932477055408157e+01
1.424999999999996625e+01, 2.383555687924393496e+01
1.434999999999996589e+01, 2.388162125722248419e+01
1.444999999999996554e+01, 2.392752073021039649e+01
1.454999999999996518e+01, 2.397325805761801476e+01
1.464999999999996483e+01, 2.401883593474050471e+01
1.474999999999996447e+01, 2.406425699486063863e+01
1.484999999999996412e+01, 2.410952381126394428e+01
1.494999999999996376e+01, 2.415463889917065998e+01
1.504999999999996341e+01, 2.419960471758859200e+01
1.514999999999996305e+01, 2.424442367109087115e+01
1.524999999999996270e+01, 2.428909811152225018e+01
1.534999999999996234e+01, 2.433363033963745181e+01
1.544999999999996199e+01, 2.437802260667478649e+01
1.554999999999996163e+01, 2.442227711586826899e+01
1.564999999999996128e+01, 2.446639602390095902e+01
1.574999999999996092e+01, 2.451038144230249216e+01
1.584999999999996056e+01, 2.455423543879323134e+01
1.594999999999996021e+01, 2.459796003857762869e+01
1.604999999999996163e+01, 2.464155722558907158e+01
1.614999999999996305e+01, 2.468502894368841538e+01
1.624999999999996447e+01, 2.472837709781829574e+01
1.634999999999996589e+01, 2.477160355511526291e+01
1.644999999999996732e+01, 2.481471014598144720e+01
1.654999999999996874e+01, 2.485769866511778048e+01
1.664999999999997016e+01, 2.490057087252017709e+01
1.674999999999997158e+01, 2.494332849444052513e+01
1.684999999999997300e+01, 2.498597322431381329e+01
1.694999999999997442e+01, 2.502850672365298479e+01
1.704999999999997584e+01, 2.507093062291274421e+01
1.714999999999997726e+01, 2.511324652232374532e+01
1.724999999999997868e+01, 2.515545599269832522e+01
1.734999999999998010e+01, 2.519756057620897849e+01
1.744999999999998153e+01, 2.523956178714069054e+01
1.754999999999998295e+01, 2.528146111261816742e+01
1.764999999999998437e+01, 2.532326001330905996e+01
1.774999999999998579e+01, 2.536495992410405620e+01
1.784999999999998721e+01, 2.540656225477479424e+01
1.794999999999998863e+01, 2.544806839061049786e+01
1.804999999999999005e+01, 2.548947969303414141e+01
1.814999999999999147e+01, 2.553079750019894334e+01
1.824999999999999289e+01, 2.557202312756599127e+01
1.834999999999999432e+01, 2.561315786846365938e+01
1.844999999999999574e+01, 2.565420299462956066e+01
1.854999999999999716e+01, 2.569515975673569486e+01
1.864999999999999858e+01, 2.573602938489739955e+01
1.875000000000000000e+01, 2.577681308916670133e+01
1.885000000000000142e+01, 2.581751206001075971e+01
1.895000000000000284e+01, 2.585812746877574853e+01
1.905000000000000426e+01, 2.589866046813689593e+01
1.915000000000000568e+01, 2.593911219253511646e+01
1.925000000000000711e+01, 2.597948375860069703e+01
1.935000000000000853e+01, 2.601977626556452705e+01
1.945000000000000995e+01, 2.605999079565733823e+01
1.955000000000001137e+01, 2.610012841449733401e+01
1.965000000000001279e+01, 2.614019017146667423e+01
1.975000000000001421e+01, 2.618017710007712040e+01
1.985000000000001563e+01, 2.622009021832534259e+01
1.995000000000001705e+01, 2.625993052903810110e+01
2.005000000000001847e+01, 2.629969902020779315e+01
2.015000000000001990e+01, 2.633939666531856716e+01
2.025000000000002132e+01, 2.637902442366343791e+01
2.035000000000002274e+01, 2.641858324065260533e+01
2.045000000000002416e+01, 2.645807404811333896e+01
2.055000000000002558e+01, 2.649749776458170558e+01
2.065000000000002700e+01, 2.653685529558637057e+01
2.075000000000002842e+01, 2.657614753392475748e+01
2.085000000000002984e+01, 2.661537535993182857e+01
2.095000000000003126e+01, 2.665453964174169954e+01
2.105000000000003268e+01, 2.669364123554235846e+01
2.115000000000003411e+01, 2.673268098582367358e+01
2.125000000000003553e+01, 2.677165972561890683e+01
2.135000000000003695e+01, 2.681057827673995675e+01
2.145000000000003837e+01, 2.684943745000654403e+01
2.155000000000003979e+01, 2.688823804546949248e+01
2.165000000000004121e+01, 2.692698085262829366e+01
2.175000000000004263e+01, 2.696566665064318613e+01
2.185000000000004405e+01, 2.700429620854181678e+01
2.195000000000004547e+01, 2.704287028542078630e+01
2.205000000000004690e+01, 2.708138963064211069e+01
2.215000000000004832e+01, 2.711985498402482975e+01
2.225000000000004974e+01, 2.715826707603184431e+01
2.235000000000005116e+01, 2.719662662795224151e+01
2.245000000000005258e+01, 2.723493435207907254e+01
2.255000000000005400e+01, 2.727319095188290632e+01
2.265000000000005542e+01, 2.731139712218109850e+01
2.275000000000005684e+01, 2.734955354930309213e+01
2.285000000000005826e+01, 2.738766091125165048e+01
2.295000000000005969e+01, 2.742571987786040211e+01
2.305000000000006111e+01, 2.746373111094750286e+01
2.315000000000006253e+01, 2.750169526446580903e+01
2.325000000000006395e+01, 2.753961298464948726e+01
2.335000000000006537e+01, 2.757748491015719594e+01
2.345000000000006679e+01, 2.761531167221198402e+01
2.355000000000006821e+01, 2.765309389473796386e+01
2.365000000000006963e+01, 2.769083219449382227e+01
2.375000000000007105e+01, 2.772852718120334004e+01
2.385000000000007248e+01, 2.776617945768288465e+01
2.395000000000007390e+01, 2.780378961996610698e+01
2.405000000000007532e+01, 2.784135825742573545e+01
2.415000000000007674e+01, 2.787888595289278726e+01
2.425000000000007816e+01, 2.791637328277298380e+01
2.435000000000007958e+01, 2.795382081716070388e+01
2.445000000000008100e+01, 2.799122911995037910e+01
2.455000000000008242e+01, 2.802859874894543069e+01
2.465000000000008384e+01, 2.806593025596491486e+01
2.475000000000008527e+01, 2.810322418694775592e+01
2.485000000000008669e+01, 2.814048108205478727e+01
2.495000000000008811e+01, 2.817770147576862172e+01
2.505000000000008953e+01, 2.821488589699132632e+01
2.515000000000009095e+01, 2.825203486914006845e+01
2.525000000000009237e+01, 2.828914891024072986e+01
2.535000000000009379e+01, 2.832622853301951338e+01
2.545000000000009521e+01, 2.836327424499270222e+01
2.555000000000009663e+01, 2.840028654855449730e+01
2.565000000000009805e+01, 2.843726594106299288e+01
2.575000000000009948e+01, 2.847421291492449313e+01
2.585000000000010090e+01, 2.851112795767596353e+01
2.595000000000010232e+01, 2.854801155206589058e+01
2.605000000000010374e+01, 2.858486417613346475e+01
2.615000000000010516e+01, 2.862168630328611130e+01
2.625000000000010658e+01, 2.865847840237554678e+01
2.635000000000010800e+01, 2.869524093777223328e+01
2.645000000000010942e+01, 2.873197436943835115e+01
2.655000000000011084e+01, 2.876867915299937550e+01
2.665000000000011227e+01, 2.880535573981416775e+01
2.675000000000011369e+01, 2.884200457704373477e+01
2.685000000000011511e+01, 2.887862610771858840e+01
2.695000000000011653e+01, 2.891522077080483299e+01
2.705000000000011795e+01, 2.895178900126893140e+01
2.715000000000011937e+01, 2.898833123014126656e+01
2.725000000000012079e+01, 2.902484788457841347e+01
2.735000000000012221e+01, 2.906133938792422811e+01
2.745000000000012363e+01, 2.909780615976985985e+01
2.755000000000012506e+01, 2.913424861601245297e+01
2.765000000000012648e+01, 2.917066716891290312e+01
2.775000000000012790e+01, 2.920706222715241651e+01
2.785000000000012932e+01, 2.924343419588805659e+01
2.795000000000013074e+01, 2.927978347680719295e+01
2.805000000000013216e+01, 2.931611046818106558e+01
2.815000000000013358e+01, 2.935241556491716253e+01
2.825000000000013500e+01, 2.938869915861084081e+01
2.835000000000013642e+01, 2.942496163759581052e+01
2.845000000000013785e+01, 2.946120338699382657e+01
2.855000000000013927e+01, 2.949742478876340712e+01
2.865000000000014069e+01, 2.953362622174770280e+01
2.875000000000014211e+01, 2.956980806172146359e+01
2.885000000000014353e+01, 2.960597068143719568e+01
2.895000000000014495e+01, 2.964211445067047634e+01
2.905000000000014637e+01, 2.967823973626446232e+01
2.915000000000014779e+01, 2.971434690217358821e+01
2.925000000000014921e+01, 2.975043630950653650e+01
2.935000000000015064e+01, 2.978650831656838349e+01
2.945000000000015206e+01, 2.982256327890208425e+01
2.955000000000015348e+01, 2.985860154932916899e+01
2.965000000000015490e+01, 2.989462347798974662e+01
2.975000000000015632e+01, 2.993062941238184038e+01
2.985000000000015774e+01, 2.996661968022565503e+01
2.995000000000015916e+01, 3.000258744343166128e+01
3.005000000000016058e+01, 3.003852539702674562e+01
3.015000000000016200e+01, 3.007442690926681905e+01
3.025000000000016342e+01, 3.011028540891826566e+01
3.035000000000016485e+01, 3.014609695244032039e+01
3.045000000000016627e+01, 3.018186103796318775e+01
3.055000000000016769e+01, 3.021757829574669074e+01
3.065000000000016911e+01, 3.025324934784933006e+01
3.075000000000017053e+01, 3.028887480828765177e+01
3.085000000000017195e+01, 3.032445528319170336e+01
3.095000000000017337e+01, 3.035999137095664935e+01
3.105000000000017479e+01, 3.039548366239075960e+01
3.115000000000017621e+01, 3.043093274085979161e+01
3.125000000000017764e+01, 3.046633918242786621e+01
3.135000000000017906e+01, 3.050170355599509975e+01
3.145000000000018048e+01, 3.053702642343175455e+01
3.155000000000018190e+01, 3.057230833970945838e+01
3.165000000000018332e+01, 3.060754985302912345e+01
3.175000000000018474e+01, 3.064275150494602684e+01
3.185000000000018616e+01, 3.067791383049186749e+01
3.195000000000018758e+01, 3.071303735829406278e+01
3.205000000000018900e+01, 3.074812261069224562e+01
3.215000000000019043e+01, 3.078317010385216079e+01
3.225000000000019185e+01, 3.081818034787688987e+01
3.235000000000019327e+01, 3.085315384691554286e+01
3.245000000000019469e+01, 3.088809109926959451e+01
3.255000000000019611e+01, 3.092299259749674434e+01
3.265000000000019753e+01, 3.095785882851242832e+01
3.275000000000019895e+01, 3.099269027368917406e+01
3.285000000000020037e+01, 3.102748740895368229e+01
3.295000000000020179e+01, 3.106225070488176954e+01
3.305000000000020322e+01, 3.109698062679125385e+01
3.315000000000020464e+01, 3.113167763483281547e+01
3.325000000000020606e+01, 3.116634218407883949e+01
3.335000000000020748e+01, 3.120097472461041122e+01
3.345000000000020890e+01, 3.123557570160237162e+01
3.355000000000021032e+01, 3.127014555540659657e+01
3.365000000000021174e+01, 3.130468472163346050e+01
3.375000000000021316e+01, 3.133919363123161972e+01
3.385000000000021458e+01, 3.137367271056607620e+01
3.395000000000021600e+01, 3.140812238149462843e+01
3.405000000000021743e+01, 3.144254306144267375e+01
3.415000000000021885e+01, 3.147693516347654352e+01
3.425000000000022027e+01, 3.151129909637519688e+01
3.435000000000022169e+01, 3.154563526470056445e+01
3.445000000000022311e+01, 3.157994406886635019e+01
3.455000000000022453e+01, 3.161422590520545128e+01
3.465000000000022595e+01, 3.164848116603606698e+01
3.475000000000022737e+01, 3.168271023972636868e+01
3.485000000000022879e+01, 3.171691351075793008e+01
3.495000000000023022e+01, 3.175109135978789965e+01
3.505000000000023164e+01, 3.178524416370986927e+01
3.515000000000023306e+01, 3.181937229571356696e+01
3.525000000000023448e+01, 3.185347612534337003e+01
3.535000000000023590e+01, 3.188755601855567434e+01
3.545000000000023732e+01, 3.192161233777509466e+01
3.555000000000023874e+01, 3.195564544194959922e+01
3.565000000000024016e+01, 3.198965568660460335e+01
3.575000000000024158e+01, 3.202364342389589069e+01
3.585000000000024301e+01, 3.205760900266169955e+01
3.595000000000024443e+01, 3.209155276847365457e+01
3.605000000000024585e+01, 3.212547506368674988e+01
3.615000000000024727e+01, 3.215937622748847247e+01
3.625000000000024869e+01, 3.219325659594687750e+01
3.635000000000025011e+01, 3.222711650205783940e+01
3.645000000000025153e+01, 3.226095627579134373e+01
3.655000000000025295e+01, 3.229477624413699743e+01
3.665000000000025437e+01, 3.232857673114860120e+01
3.675000000000025580e+01, 3.236235805798791887e+01
3.685000000000025722e+01, 3.239612054296774346e+01
3.695000000000025864e+01, 3.242986450159395417e+01
3.705000000000026006e+01, 3.246359024660700499e+01
3.715000000000026148e+01, 3.249729808802258191e+01
3.725000000000026290e+01, 3.253098833317143601e+01
3.735000000000026432e+01, 3.256466128673866933e+01
3.745000000000026574e+01, 3.259831725080214682e+01
3.755000000000026716e+01, 3.263195652487030429e+01
3.765000000000026859e+01, 3.266557940591926723e+01
3.775000000000027001e+01, 3.269918618842928737e+01
3.785000000000027143e+01, 3.273277716442056118e+01
3.795000000000027285e+01, 3.276635262348835909e+01
3.805000000000027427e+01, 3.279991285283762892e+01
3.815000000000027569e+01, 3.283345813731688168e+01
3.825000000000027711e+01, 3.286698875945156573e+01
3.835000000000027853e+01, 3.290050499947685125e+01
3.845000000000027995e+01, 3.293400713536978230e+01
3.855000000000028137e+01, 3.296749544288093148e+01
3.865000000000028280e+01, 3.300097019556553590e+01
3.875000000000028422e+01, 3.303443166481399373e+01
3.885000000000028564e+01, 3.306788011988195564e+01
3.895000000000028706e+01, 3.310131582791982652e+01
3.905000000000028848e+01, 3.313473905400179120e+01
3.915000000000028990e+01, 3.316815006115434272e+01
3.925000000000029132e+01, 3.320154911038439138e+01
3.935000000000029274e+01, 3.323493646070676277e+01
3.945000000000029416e+01, 3.326831236917139734e+01
3.955000000000029559e+01, 3.330167709088996020e+01
3.965000000000029701e+01, 3.333503087906215256e+01
3.975000000000029843e+01, 3.336837398500142626e+01
3.985000000000029985e+01, 3.340170665816037143e+01
3.995000000000030127e+01, 3.343502914615571342e+01
4.005000000000030269e+01, 3.346834169479281229e+01
4.015000000000030411e+01, 3.350164454808984971e+01
4.025000000000030553e+01, 3.353493794830156105e+01
4.035000000000030695e+01, 3.356822213594259097e+01
4.045000000000030838e+01, 3.360149734981052205e+01
4.055000000000030980e+01, 3.363476382700847722e+01
4.065000000000031122e+01, 3.366802180296738811e+01
4.075000000000031264e+01, 3.370127151146790823e+01
4.085000000000031406e+01, 3.373451318466197790e+01
4.095000000000031548e+01, 3.376774705309401270e+01
4.105000000000031690e+01, 3.380097334572183598e+01
4.115000000000031832e+01, 3.383419228993717809e+01
4.125000000000031974e+01, 3.386740411158597652e+01
4.135000000000032117e+01, 3.390060903498821432e+01
4.145000000000032259e+01, 3.393380728295760917e+01
4.155000000000032401e+01, 3.396699907682084785e+01
4.165000000000032543e+01, 3.400018463643665712e+01
4.175000000000032685e+01, 3.403336418021445553e+01
4.185000000000032827e+01, 3.406653792513284174e+01
4.195000000000032969e+01, 3.409970608675764225e+01
4.205000000000033111e+01, 3.413286887925989532e+01
4.215000000000033253e+01, 3.416602651543337998e+01
4.225000000000033396e+01, 3.419917920671196043e+01
4.235000000000033538e+01, 3.423232716318664615e+01
4.245000000000033680e+01, 3.426547059362241754e+01
4.255000000000033822e+01, 3.429860970547476029e+01
4.265000000000033964e+01, 3.433174470490602204e+01
4.275000000000034106e+01, 3.436487579680143511e+01
4.285000000000034248e+01, 3.439800318478499719e+01
4.295000000000034390e+01, 3.443112707123499661e+01
4.305000000000034532e+01, 3.446424765729946671e+01
4.315000000000034674e+01, 3.449736514291124223e+01
4.325000000000034817e+01, 3.453047972680296596e+01
4.335000000000034959e+01, 3.456359160652169038e+01
4.345000000000035101e+01, 3.459670097844345094e+01
4.355000000000035243e+01, 3.462980803778750527e+01
4.365000000000035385e+01, 3.466291297863040199e+01
4.375000000000035527e+01, 3.469601599391986468e+01
4.385000000000035669e+01, 3.472911727548844141e+01
4.395000000000035811e+01, 3.476221701406701214e+01
4.405000000000035953e+01, 3.479531539929801198e+01
4.415000000000036096e+01, 3.482841261974857616e+01
4.425000000000036238e+01, 3.486150886292342221e+01
4.435000000000036380e+01, 3.489460431527756867e+01
4.445000000000036522e+01, 3.492769916222891169e+01
4.455000000000036664e+01, 3.496079358817053873e+01
4.465000000000036806e+01, 3.499388777648294990e+01
4.475000000000036948e+01, 3.502698190954611590e+01
4.485000000000037090e+01, 3.506007616875128008e+01
4.495000000000037232e+01, 3.509317073451266822e+01
4.505000000000037375e+01, 3.512626578627904195e+01
4.515000000000037517e+01, 3.515936150254501058e+01
4.525000000000037659e+01, 3.519245806086233586e+01
4.535000000000037801e+01, 3.522555563785089561e+01
4.545000000000037943e+01, 3.525865440920965455e+01
4.555000000000038085e+01, 3.529175454972740056e+01
4.565000000000038227e+01, 3.532485623329336732e+01
4.575000000000038369e+01, 3.535795963290772193e+01
4.585000000000038511e+01, 3.539106492069183929e+01
4.595000000000038654e+01, 3.542417226789854112e+01
4.605000000000038796e+01, 3.545728184492213586e+01
4.615000000000038938e+01, 3.549039382130833076e+01
4.625000000000039080e+01, 3.552350836576399473e+01
4.635000000000039222e+01, 3.555662564616685728e+01
4.645000000000039364e+01, 3.558974582957502264e+01
4.655000000000039506e+01, 3.562286908223632764e+01
4.665000000000039648e+01, 3.565599556959768535e+01
4.675000000000039790e+01, 3.568912545631417998e+01
4.685000000000039933e+01, 3.572225890625812639e+01
4.695000000000040075e+01, 3.575539608252799439e+01
4.705000000000040217e+01, 3.578853714745717696e+01
4.715000000000040359e+01, 3.582168226262271560e+01
4.725000000000040501e+01, 3.585483158885381982e+01
4.735000000000040643e+01, 3.588798528624037232e+01
4.745000000000040785e+01, 3.592114351414127071e+01
4.755000000000040927e+01, 3.595430643119264147e+01
4.765000000000041069e+01, 3.598747419531601821e+01
4.775000000000041211e+01, 3.602064696372634955e+01
4.785000000000041354e+01, 3.605382489293992165e+01
4.795000000000041496e+01, 3.608700813878221680e+01
4.805000000000041638e+01, 3.612019685639562283e+01
4.815000000000041780e+01, 3.615339120024706432e+01
4.825000000000041922e+01, 3.618659132413554858e+01
4.835000000000042064e+01, 3.621979738119959791e+01
4.845000000000042206e+01, 3.625300952392458242e+01
4.855000000000042348e+01, 3.628622790415001020e+01
4.865000000000042490e+01, 3.631945267307666825e+01
4.875000000000042633e+01, 3.635268398127369238e+01
4.885000000000042775e+01, 3.638592197868555900e+01
4.895000000000042917e+01, 3.641916681463897731e+01
4.905000000000043059e+01, 3.645241863784974612e+01
4.915000000000043201e+01, 3.648567759642940445e+01
4.925000000000043343e+01, 3.651894383789194620e+01
4.935000000000043485e+01, 3.655221750916036427e+01
4.945000000000043627e+01, 3.658549875657312356e+01
4.955000000000043769e+01, 3.661878772589057718e+01
4.965000000000043912e+01, 3.665208456230129741e+01
4.975000000000044054e+01, 3.668538941042830714e+01
4.985000000000044196e+01, 3.671870241433529003e+01
4.995000000000044338e+01, 3.675202371753264430e+01
5.005000000000044480e+01, 3.678535346298353659e+01
5.015000000000044622e+01, 3.681869179310987050e+01
5.025000000000044764e+01, 3.685203884979812727e+01
5.035000000000044906e+01, 3.688539477440519221e+01
5.045000000000045048e+01, 3.691875970776411009e+01
5.055000000000045191e+01, 3.695213379018976241e+01
5.065000000000045333e+01, 3.698551716148443802e+01
5.075000000000045475e+01, 3.701890996094339670e+01
5.085000000000045617e+01, 3.705231232736035452e+01
5.095000000000045759e+01, 3.708572439903284845e+01
5.105000000000045901e+01, 3.711914631376763651e+01
5.115000000000046043e+01, 3.715257820888594864e+01
5.125000000000046185e+01, 3.718602022122867368e+01
5.135000000000046327e+01, 3.721947248716160317e+01
5.145000000000046469e+01, 3.725293514258043359e+01
5.155000000000046612e+01, 3.728640832291588225e+01
5.165000000000046754e+01, 3.731989216313863267e+01
5.175000000000046896e+01, 3.735338679776422310e+01
5.185000000000047038e+01, 3.738689236085799195e+01
5.195000000000047180e+01, 3.742040898603980992e+01
5.205000000000047322e+01, 3.745393680648886203e+01
5.215000000000047464e+01, 3.748747595494837981e+01
5.225000000000047606e+01, 3.752102656373021006e+01
5.235000000000047748e+01, 3.755458876471949026e+01
5.245000000000047891e+01, 3.758816268937909655e+01
5.255000000000048033e+01, 3.762174846875422674e+01
5.265000000000048175e+01, 3.765534623347675591e+01
5.275000000000048317e+01, 3.768895611376966315e+01
5.285000000000048459e+01, 3.772257823945135158e+01
5.295000000000048601e+01, 3.775621273993994009e+01
5.305000000000048743e+01, 3.778985974425746974e+01
5.315000000000048885e+01, 3.782351938103417410e+01
5.325000000000049027e+01, 3.785719177851254358e+01
5.335000000000049170e+01, 3.789087706455142524e+01
5.345000000000049312e+01, 3.792457536663011552e+01
5.355000000000049454e+01, 3.795828681185233933e+01
5.365000000000049596e+01, 3.799201152695020767e+01
5.375000000000049738e+01, 3.802574963828812571e+01
5.385000000000049880e+01, 3.805950127186668652e+01
5.395000000000050022e+01, 3.809326655332649381e+01
5.405000000000050164e+01, 3.812704560795191355e+01
5.415000000000050306e+01, 3.816083856067488966e+01
5.425000000000050449e+01, 3.819464553607853929e+01
5.435000000000050591e+01, 3.822846665840094005e+01
5.445000000000050733e+01, 3.826230205153864006e+01
5.455000000000050875e+01, 3.829615183905033149e+01
5.465000000000051017e+01, 3.833001614416028247e+01
5.475000000000051159e+01, 3.836389508976196083e+01
5.485000000000051301e+01, 3.839778879842142345e+01
5.495000000000051443e+01, 3.843169739238076232e+01
5.505000000000051585e+01, 3.846562099356147257e+01
5.515000000000051728e+01, 3.849955972356784883e+01
5.525000000000051870e+01, 3.853351370369027507e+01
5.535000000000052012e+01, 3.856748305490848594e+01
5.545000000000052154e+01, 3.860146789789484245e+01
5.555000000000052296e+01, 3.863546835301752225e+01
5.565000000000052438e+01, 3.866948454034370997e+01
5.575000000000052580e+01, 3.870351657964268810e+01
5.585000000000052722e+01, 3.873756459038903444e+01
5.595000000000052864e+01, 3.877162869176559212e+01
5.605000000000053006e+01, 3.880570900266657475e+01
5.615000000000053149e+01, 3.883980564170056482e+01
5.625000000000053291e+01, 3.887391872719344121e+01
5.635000000000053433e+01, 3.890804837719139897e+01
5.645000000000053575e+01, 3.894219470946377015e+01
5.655000000000053717e+01, 3.897635784150597260e+01
5.665000000000053859e+01, 3.901053789054236631e+01
5.675000000000054001e+01, 3.904473497352898903e+01
5.685000000000054143e+01, 3.907894920715640552e+01
5.695000000000054285e+01, 3.911318070785247158e+01
5.705000000000054428e+01, 3.914742959178505544e+01
5.715000000000054570e+01, 3.918169597486468803e+01
5.725000000000054712e+01, 3.921597997274733416e+01
5.735000000000054854e+01, 3.925028170083691492e+01
5.745000000000054996e+01, 3.928460127428803617e+01
5.755000000000055138e+01, 3.931893880800848251e+01
5.765000000000055280e+01, 3.935329441666183925e+01
5.775000000000055422e+01, 3.938766821467000057e+01
5.785000000000055564e+01, 3.942206031621567064e+01
5.795000000000055707e+01, 3.945647083524486476e+01
5.805000000000055849e+01, 3.949089988546932517e+01
5.815000000000055991e+01, 3.952534758036900087e+01
5.825000000000056133e+01, 3.955981403319439949e+01
5.835000000000056275e+01, 3.959429935696897473e+01
5.845000000000056417e+01, 3.962880366449151381e+01
5.855000000000056559e+01, 3.966332706833843957e+01
5.865000000000056701e+01, 3.969786968086607715e+01
5.875000000000056843e+01, 3.973243161421299163e+01
5.885000000000056986e+01, 3.976701298030220499e+01
5.895000000000057128e+01, 3.980161389084343426e+01
5.905000000000057270e+01, 3.983623445733532975e+01
5.915000000000057412e+01, 3.987087479106759957e+01
5.925000000000057554e+01, 3.990553500312322655e+01
5.935000000000057696e+01, 3.994021520438055006e+01
5.945000000000057838e+01, 3.997491547756500552e+01
5.955000000000057980e+01, 4.000963505341434256e+01
5.965000000000058122e+01, 4.004437332070701672e+01
5.975000000000058265e+01, 4.007912968330120407e+01
5.985000000000058407e+01, 4.011390354572975525e+01
5.995000000000058549e+01, 4.014869465633820056e+01
6.005000000000058691e+01, 4.018350307326110027e+01
6.015000000000058833e+01, 4.021832890997487908e+01
6.025000000000058975e+01, 4.025317227967365596e+01
6.035000000000059117e+01, 4.028803329527189447e+01
6.045000000000059259e+01, 4.032291206940713835e+01
6.055000000000059401e+01, 4.035780871444263340e+01
6.065000000000059543e+01, 4.039272334247003471e+01
6.075000000000059686e+01, 4.042765606531192901e+01
6.085000000000059828e+01, 4.046260699452443532e+01
6.095000000000059970e+01, 4.049757624139981260e+01
6.105000000000060112e+01, 4.053256391696886851e+01
6.115000000000060254e+01, 4.056757013200358131e+01
6.125000000000060396e+01, 4.060259499701943753e+01
6.135000000000060538e+01, 4.063763862227797574e+01
6.145000000000060680e+01, 4.067270111778913844e+01
6.155000000000060822e+01, 4.070778259331368076e+01
6.165000000000060965e+01, 4.074288315836550822e+01
6.175000000000061107e+01, 4.077800292221404277e+01
6.185000000000061249e+01, 4.081314199388652497e+01
6.195000000000061391e+01, 4.084830048217028065e+01
6.205000000000061533e+01, 4.088347849561499459e+01
6.215000000000061675e+01, 4.091867614253494168e+01
6.225000000000061817e+01, 4.095389353101117536e+01
6.235000000000061959e+01, 4.098913076889375162e+01
6.245000000000062101e+01, 4.102438796380390329e+01
6.255000000000062244e+01, 4.105966522313610767e+01
6.265000000000062386e+01, 4.109496265406028215e+01
6.275000000000062528e+01, 4.113028036352380212e+01
6.285000000000062670e+01, 4.116561845825363974e+01
6.295000000000062812e+01, 4.120097704475838185e+01
6.305000000000062954e+01, 4.123635622933027634e+01
6.315000000000063096e+01, 4.127175611804717192e+01
6.325000000000063238e+01, 4.130717681677459296e+01
6.335000000000063380e+01, 4.134261843116761526e+01
6.345000000000063523e+01, 4.137808106667289110e+01
6.355000000000063665e+01, 4.141356482853047538e+01
6.365000000000063807e+01, 4.144906982177578669e+01
6.375000000000063949e+01, 4.148459615124149025e+01
6.385000000000064091e+01, 4.152014392155930267e+01
6.395000000000064233e+01, 4.155571323716186782e+01
6.405000000000063665e+01, 4.159130420228456870e+01
6.415000000000063096e+01, 4.162691692096730378e+01
6.425000000000062528e+01, 4.166255149705629890e+01
6.435000000000061959e+01, 4.169820803420584099e+01
6.445000000000061391e+01, 4.173388663588001180e+01
6.455000000000060822e+01, 4.176958740535445003e+01
6.465000000000060254e+01, 4.180531044571799981e+01
6.475000000000059686e+01, 4.184105585987440179e+01
6.485000000000059117e+01, 4.187682375054399131e+01
6.495000000000058549e+01, 4.191261422026534689e+01
6.505000000000057980e+01, 4.194842737139686761e+01
6.515000000000057412e+01, 4.198426330611839319e+01
6.525000000000056843e+01, 4.202012212643288791e+01
6.535000000000056275e+01, 4.205600393416786886e+01
6.545000000000055707e+01, 4.209190883097709701e+01
6.555000000000055138e+01, 4.212783691834204092e+01
6.565000000000054570e+01, 4.216378829757341151e+01
6.575000000000054001e+01, 4.219976306981271108e+01
6.585000000000053433e+01, 4.223576133603365435e+01
6.595000000000052864e+01, 4.227178319704373166e+01
6.605000000000052296e+01, 4.230782875348557326e+01
6.615000000000051728e+01, 4.234389810583846270e+01
6.625000000000051159e+01, 4.237999135441973664e+01
6.635000000000050591e+01, 4.241610859938618461e+01
6.645000000000050022e+01, 4.245224994073544877e+01
6.655000000000049454e+01, 4.248841547830743792e+01
6.665000000000048885e+01, 4.252460531178563485e+01
6.675000000000048317e+01, 4.256081954069848905e+01
6.685000000000047748e+01, 4.259705826442072407e+01
6.695000000000047180e+01, 4.263332158217468759e+01
6.705000000000046612e+01, 4.266960959303158774e+01
6.715000000000046043e+01, 4.270592239591288575e+01
6.725000000000045475e+01, 4.274226008959146839e+01
6.735000000000044906e+01, 4.277862277269299085e+01
6.745000000000044338e+01, 4.281501054369705628e+01
6.755000000000043769e+01, 4.285142350093849473e+01
6.765000000000043201e+01, 4.288786174260855688e+01
6.775000000000042633e+01, 4.292432536675612198e+01
6.785000000000042064e+01, 4.296081447128890574e+01
6.795000000000041496e+01, 4.299732915397460431e+01
6.805000000000040927e+01, 4.303386951244209513e+01
6.815000000000040359e+01, 4.307043564418256665e+01
6.825000000000039790e+01, 4.310702764655064811e+01
6.835000000000039222e+01, 4.314364561676551091e+01
6.845000000000038654e+01, 4.318028965191209778e+01
6.855000000000038085e+01, 4.321695984894205367e+01
6.865000000000037517e+01, 4.325365630467491940e+01
6.875000000000036948e+01, 4.329037911579918330e+01
6.885000000000036380e+01, 4.332712837887331148e+01
6.895000000000035811e+01, 4.335689072366078989e+01
