0.000000000000000000e+00, 9.149999999999998579e+00
1.000000000000000021e-03, 9.155157306137011730e+00
2.000000000000000042e-03, 9.157732695877992768e+00
3.000000000000000062e-03, 9.160305916845985053e+00
4.000000000000000083e-03, 9.162876974099367189e+00
5.000000000000000104e-03, 9.165445872676144745e+00
6.000000000000000125e-03, 9.168012617594079927e+00
7.000000000000000146e-03, 9.170577213850794607e+00
8.000000000000000167e-03, 9.173139666423892891e+00
9.000000000000001055e-03, 9.175699980271083689e+00
1.000000000000000194e-02, 9.178258160330285520e+00
1.100000000000000283e-02, 9.180814211519749080e+00
1.200000000000000372e-02, 9.183368138738162045e+00
1.300000000000000461e-02, 9.185919946864775198e+00
1.400000000000000550e-02, 9.188469640759496571e+00
1.500000000000000638e-02, 9.191017225263012236e+00
1.600000000000000727e-02, 9.193562705196903551e+00
1.700000000000000816e-02, 9.196106085363735971e+00
1.800000000000000905e-02, 9.198647370547190505e+00
1.900000000000000994e-02, 9.201186565512150750e+00
2.000000000000001082e-02, 9.203723675004823690e+00
2.100000000000001171e-02, 9.206258703752844497e+00
2.200000000000001260e-02, 9.208791656465365350e+00
2.300000000000001349e-02, 9.211322537833183333e+00
2.400000000000001438e-02, 9.213851352528834582e+00
2.500000000000001527e-02, 9.216378105206683102e+00
2.600000000000001615e-02, 9.218902800503046890e+00
2.700000000000001704e-02, 9.221425443036286751e+00
2.800000000000001793e-02, 9.223946037406896892e+00
2.900000000000001882e-02, 9.226464588197629269e+00
3.000000000000001971e-02, 9.228981099973568192e+00
3.100000000000002059e-02, 9.231495577282244014e+00
3.200000000000002148e-02, 9.234008024653725499e+00
3.300000000000002237e-02, 9.236518446600715748e+00
3.400000000000002326e-02, 9.239026847618648119e+00
3.500000000000002415e-02, 9.241533232185787483e+00
3.600000000000002504e-02, 9.244037604763319038e+00
3.700000000000002592e-02, 9.246539969795444236e+00
3.800000000000002681e-02, 9.249040331709471374e+00
3.900000000000002770e-02, 9.251538694915915073e+00
4.000000000000002859e-02, 9.254035063808583317e+00
4.100000000000002948e-02, 9.256529442764666271e+00
4.200000000000003036e-02, 9.259021836144832207e+00
4.300000000000003125e-02, 9.261512248293319871e+00
4.400000000000003214e-02, 9.264000683538020198e+00
4.500000000000003303e-02, 9.266487146190570456e+00
4.600000000000003392e-02, 9.268971640546441293e+00
4.700000000000003481e-02, 9.271454170885018442e+00
4.800000000000003569e-02, 9.273934741469698650e+00
4.900000000000003658e-02, 9.276413356547978495e+00
5.000000000000003747e-02, 9.278890020351523660e+00
1.500000000000000500e-01, 9.703412594715835837e+00
2.500000000000000555e-01, 9.959596443678226052e+00
3.500000000000000888e-01, 1.018013559616800023e+01
4.500000000000000666e-01, 1.038114374982964883e+01
5.500000000000000444e-01, 1.067985085631894293e+01
6.500000000000000222e-01, 1.104233245767994198e+01
7.500000000000000000e-01, 1.137577823090814810e+01
8.499999999999999778e-01, 1.168540397620331284e+01
9.499999999999999556e-01, 1.197494974465843853e+01
1.050000000000000044e+00, 1.224715005901855136e+01
1.150000000000000133e+00, 1.250416589138406742e+01
1.250000000000000222e+00, 1.274771907900244727e+01
1.350000000000000311e+00, 1.297930738506012993e+01
1.450000000000000400e+00, 1.320030884374705415e+01
1.550000000000000488e+00, 1.341191013430456813e+01
1.650000000000000577e+00, 1.361509280009889622e+01
1.750000000000000666e+00, 1.381068003831174451e+01
1.850000000000000755e+00, 1.399925592215002368e+01
1.950000000000000844e+00, 1.418131203446615629e+01
2.050000000000000711e+00, 1.435729067387264912e+01
2.150000000000000799e+00, 1.452758171755855088e+01
2.250000000000000888e+00, 1.469257210382352596e+01
2.350000000000000977e+00, 1.485266127131953517e+01
2.450000000000001066e+00, 1.500822041228550674e+01
2.550000000000001155e+00, 1.515957675501920754e+01
2.650000000000001243e+00, 1.530702054662221556e+01
2.750000000000001332e+00, 1.545081066500597622e+01
2.850000000000001421e+00, 1.559117917679844467e+01
2.950000000000001510e+00, 1.572833507447003143e+01
3.050000000000001599e+00, 1.586246736708631033e+01
3.150000000000001688e+00, 1.599370467631511517e+01
3.250000000000001776e+00, 1.612215354137820000e+01
3.350000000000001865e+00, 1.624791929690393388e+01
3.450000000000001954e+00, 1.637109983934029600e+01
3.550000000000002043e+00, 1.649180139780824916e+01
3.650000000000002132e+00, 1.661014667309813930e+01
3.750000000000002220e+00, 1.672625789696830267e+01
3.850000000000002309e+00, 1.684024731334979208e+01
3.950000000000002398e+00, 1.695221828482811333e+01
4.050000000000002487e+00, 1.706226624600219210e+01
4.150000000000002132e+00, 1.717047952891269347e+01
4.250000000000001776e+00, 1.727694008096395706e+01
4.350000000000001421e+00, 1.738172409200975466e+01
4.450000000000001066e+00, 1.748490254429556501e+01
4.550000000000000711e+00, 1.758654169657040356e+01
4.650000000000000355e+00, 1.768670351176786326e+01
4.750000000000000000e+00, 1.778544603610680142e+01
4.849999999999999645e+00, 1.788282373620108601e+01
4.949999999999999289e+00, 1.797887464972822613e+01
5.049999999999998934e+00, 1.807362146446337547e+01
5.149999999999998579e+00, 1.816709090686760319e+01
5.249999999999998224e+00, 1.825930862179009040e+01
5.349999999999997868e+00, 1.835030348476147921e+01
5.449999999999997513e+00, 1.844011476779380843e+01
5.549999999999997158e+00, 1.852878542881857271e+01
5.649999999999996803e+00, 1.861635596894782196e+01
5.749999999999996447e+00, 1.870286462440569508e+01
5.849999999999996092e+00, 1.878834753958821935e+01
5.949999999999995737e+00, 1.887283892347367953e+01
6.049999999999995381e+00, 1.895637119130268999e+01
6.149999999999995026e+00, 1.903897509319080683e+01
6.249999999999994671e+00, 1.912067983111863612e+01
6.349999999999994316e+00, 1.920151316555929100e+01
6.449999999999993960e+00, 1.928150151284440383e+01
6.549999999999993605e+00, 1.936067003423421085e+01
6.649999999999993250e+00, 1.943904271754026780e+01
6.749999999999992895e+00, 1.951664245204856485e+01
6.849999999999992539e+00, 1.959349109740360717e+01
6.949999999999992184e+00, 1.966960954703832343e+01
7.049999999999991829e+00, 1.974501778666880014e+01
7.149999999999991473e+00, 1.981973494831551363e+01
7.249999999999991118e+00, 1.989377936026227900e+01
7.349999999999990763e+00, 1.996735038791917560e+01
7.449999999999990408e+00, 2.004031102492078986e+01
7.549999999999990052e+00, 2.011261875658993148e+01
7.649999999999989697e+00, 2.018423476410549711e+01
7.749999999999989342e+00, 2.025504720471795395e+01
7.849999999999988987e+00, 2.032501360283694680e+01
7.949999999999988631e+00, 2.039416751871654654e+01
8.049999999999988276e+00, 2.046254040811268382e+01
8.149999999999987921e+00, 2.053016180304206273e+01
8.249999999999987566e+00, 2.059705947301970852e+01
8.349999999999987210e+00, 2.066325956929631857e+01
8.449999999999986855e+00, 2.072878675423982386e+01
8.549999999999986500e+00, 2.079366431769265589e+01
8.649999999999986144e+00, 2.085791428187478402e+01
8.749999999999985789e+00, 2.092155749618321536e+01
8.849999999999985434e+00, 2.098461372305424888e+01
8.949999999999985079e+00, 2.104710171589866974e+01
9.049999999999984723e+00, 2.110903928998763490e+01
9.149999999999984368e+00, 2.117044338705420614e+01
9.249999999999984013e+00, 2.123133013427931459e+01
9.349999999999983658e+00, 2.129171489824811658e+01
9.449999999999983302e+00, 2.135161233439189132e+01
9.549999999999982947e+00, 2.141103643236914778e+01
9.649999999999982592e+00, 2.147000055778686445e+01
9.749999999999982236e+00, 2.152851749061655440e+01
9.849999999999981881e+00, 2.158659946062001822e+01
9.949999999999981526e+00, 2.164425818006473179e+01
1.004999999999998117e+01, 2.170150487397834738e+01
1.014999999999998082e+01, 2.175835030816502069e+01
1.024999999999998046e+01, 2.181480481518286396e+01
1.034999999999998010e+01, 2.187087831846113417e+01
1.044999999999997975e+01, 2.192658035471763256e+01
1.054999999999997939e+01, 2.198192009482050580e+01
1.064999999999997904e+01, 2.203690636322453855e+01
1.074999999999997868e+01, 2.209154765609935822e+01
1.084999999999997833e+01, 2.214585215825551501e+01
1.094999999999997797e+01, 2.219982775896464133e+01
1.104999999999997762e+01, 2.225348206676078533e+01
1.114999999999997726e+01, 2.230682242330194498e+01
1.124999999999997691e+01, 2.235985591636395142e+01
1.134999999999997655e+01, 2.241258939203196121e+01
1.144999999999997620e+01, 2.246502946614961616e+01
1.154999999999997584e+01, 2.251718253508017042e+01
1.164999999999997549e+01, 2.256905478582962843e+01
1.174999999999997513e+01, 2.262065220557750678e+01
1.184999999999997478e+01, 2.267198059065704641e+01
1.194999999999997442e+01, 2.272304555502330459e+01
1.204999999999997407e+01, 2.277385253824438038e+01
1.214999999999997371e+01, 2.282440681304819918e+01
1.224999999999997335e+01, 2.287471349245472751e+01
1.234999999999997300e+01, 2.292477753652113037e+01
1.244999999999997264e+01, 2.297460375872521610e+01
1.254999999999997229e+01, 2.302419683201067357e+01
1.264999999999997193e+01, 2.307356129451567739e+01
1.274999999999997158e+01, 2.312270155500497637e+01
1.284999999999997122e+01, 2.317162189802398231e+01
1.294999999999997087e+01, 2.322032648879206107e+01
1.304999999999997051e+01, 2.326881937785095644e+01
1.314999999999997016e+01, 2.331710450548329661e+01
1.324999999999996980e+01, 2.336518570591467281e+01
1.334999999999996945e+01, 2.341306671131244244e+01
1.344999999999996909e+01, 2.346075115559282764e+01
1.354999999999996874e+01, 2.350824257804772444e+01
1.364999999999996838e+01, 2.355554442680129057e+01
1.374999999999996803e+01, 2.360266006210617817e+01
1.384999999999996767e+01, 2.364959275948827866e+01
1.394999999999996732e+01, 2.369634571274851353e+01
1.404999999999996696e+01, 2.374292203682944091e+01
1.414999999999996660e+01, 2.378932477055408157e+01
1.424999999999996625e+01, 2.383555687924393496e+01
1.434999999999996589e+01, 2.388162125722248419e+01
1.444999999999996554e+01, 2.392752073021039649e+01
1.454999999999996518e+01, 2.397325805761801476e+01
1.464999999999996483e+01, 2.401883593474050471e+01
1.474999999999996447e+01, 2.406425699486063863e+01
1.484999999999996412e+01, 2.410952381126394428e+01
1.494999999999996376e+01, 2.415463889917065998e+01
1.504999999999996341e+01, 2.419960471758859200e+01
1.514999999999996305e+01, 2.424442367109087115e+01
1.524999999999996270e+01, 2.428909811152225018e+01
1.534999999999996234e+01, 2.433363033963745181e+01
1.544999999999996199e+01, 2.437802260667478649e+01
1.554999999999996163e+01, 2.442227711586826899e+01
1.564999999999996128e+01, 2.446639602390095902e+01
1.574999999999996092e+01, 2.451038144230249216e+01
1.584999999999996056e+01, 2.455423543879323134e+01
1.594999999999996021e+01, 2.459796003857762869e+01
1.604999999999996163e+01, 2.464155722558907158e+01
1.614999999999996305e+01, 2.468502894368841538e+01
1.624999999999996447e+01, 2.472837709781829574e+01
1.634999999999996589e+01, 2.477160355511526291e+01
1.644999999999996732e+01, 2.481471014598144720e+01
1.654999999999996874e+01, 2.485769866511778048e+01
1.664999999999997016e+01, 2.490057087252017709e+01
1.674999999999997158e+01, 2.494332849444052513e+01
1.684999999999997300e+01, 2.498597322431381329e+01
1.694999999999997442e+01, 2.502850672365298479e+01
1.704999999999997584e+01, 2.507093062291274421e+01
1.714999999999997726e+01, 2.511324652232374532e+01
1.724999999999997868e+01, 2.515545599269832522e+01
1.734999999999998010e+01, 2.519756057620897849e+01
1.744999999999998153e+01, 2.523956178714069054e+01
1.754999999999998295e+01, 2.528146111261816742e+01
1.764999999999998437e+01, 2.532326001330905996e+01
1.774999999999998579e+01, 2.536495992410405620e+01
1.784999999999998721e+01, 2.540656225477479424e+01
1.794999999999998863e+01, 2.544806839061049786e+01
1.804999999999999005e+01, 2.548947969303414141e+01
1.814999999999999147e+01, 2.553079750019894334e+01
1.824999999999999289e+01, 2.557202312756599127e+01
1.834999999999999432e+01, 2.561315786846365938e+01
1.844999999999999574e+01, 2.565420299462956066e+01
1.854999999999999716e+01, 2.569515975673569486e+01
1.864999999999999858e+01, 2.573602938489739955e+01
1.875000000000000000e+01, 2.577681308916670133e+01
1.885000000000000142e+01, 2.581751206001075971e+01
1.895000000000000284e+01, 2.585812746877574853e+01
1.905000000000000426e+01, 2.589866046813689593e+01
1.915000000000000568e+01, 2.593911219253511646e+01
1.925000000000000711e+01, 2.597948375860069703e+01
1.935000000000000853e+01, 2.601977626556452705e+01
1.945000000000000995e+01, 2.605999079565733823e+01
1.955000000000001137e+01, 2.610012841449733401e+01
1.965000000000001279e+01, 2.614019017146667423e+01
1.975000000000001421e+01, 2.618017710007712040e+01
1.985000000000001563e+01, 2.622009021832534259e+01
1.995000000000001705e+01, 2.625993052903810110e+01
2.005000000000001847e+01, 2.629969902020779315e+01
2.015000000000001990e+01, 2.633939666531856716e+01
2.025000000000002132e+01, 2.637902442366343791e+01
2.035000000000002274e+01, 2.641858324065260533e+01
2.045000000000002416e+01, 2.645807404811333896e+01
2.055000000000002558e+01, 2.649749776458170558e+01
2.065000000000002700e+01, 2.653685529558637057e+01
2.075000000000002842e+01, 2.657614753392475748e+01
2.085000000000002984e+01, 2.661537535993182857e+01
2.095000000000003126e+01, 2.665453964174169954e+01
2.105000000000003268e+01, 2.669364123554235846e+01
2.115000000000003411e+01, 2.673268098582367358e+01
2.125000000000003553e+01, 2.677165972561890683e+01
2.135000000000003695e+01, 2.681057827673995675e+01
2.145000000000003837e+01, 2.684943745000654403e+01
2.155000000000003979e+01, 2.688823804546949248e+01
2.165000000000004121e+01, 2.692698085262829366e+01
2.175000000000004263e+01, 2.696566665064318613e+01
2.185000000000004405e+01, 2.700429620854181678e+01
2.195000000000004547e+01, 2.704287028542078630e+01
2.205000000000004690e+01, 2.708138963064211069e+01
2.215000000000004832e+01, 2.711985498402482975e+01
2.225000000000004974e+01, 2.715826707603184431e+01
2.235000000000005116e+01, 2.719662662795224151e+01
2.245000000000005258e+01, 2.723493435207907254e+01
2.255000000000005400e+01, 2.727319095188290632e+01
2.265000000000005542e+01, 2.731139712218109850e+01
2.275000000000005684e+01, 2.734955354930309213e+01
2.285000000000005826e+01, 2.738766091125165048e+01
2.295000000000005969e+01, 2.742571987786040211e+01
2.305000000000006111e+01, 2.746373111094750286e+01
2.315000000000006253e+01, 2.750169526446580903e+01
2.325000000000006395e+01, 2.753961298464948726e+01
2.335000000000006537e+01, 2.757748491015719594e+01
2.345000000000006679e+01, 2.761531167221198402e+01
2.355000000000006821e+01, 2.765309389473796386e+01
2.365000000000006963e+01, 2.769083219449382227e+01
2.375000000000007105e+01, 2.772852718120334004e+01
2.385000000000007248e+01, 2.776617945768288465e+01
2.395000000000007390e+01, 2.780378961996610698e+01
2.405000000000007532e+01, 2.784135825742573545e+01
2.415000000000007674e+01, 2.787888595289278726e+01
2.425000000000007816e+01, 2.791637328277298380e+01
2.435000000000007958e+01, 2.795382081716070388e+01
2.445000000000008100e+01, 2.799122911995037910e+01
2.455000000000008242e+01, 2.802859874894543069e+01
2.465000000000008384e+01, 2.806593025596491486e+01
2.475000000000008527e+01, 2.810322418694775592e+01
2.485000000000008669e+01, 2.814048108205478727e+01
2.495000000000008811e+01, 2.817770147576862172e+01
2.505000000000008953e+01, 2.821488589699132632e+01
2.515000000000009095e+01, 2.825203486914006845e+01
2.525000000000009237e+01, 2.828914891024072986e+01
2.535000000000009379e+01, 2.832622853301951338e+01
2.545000000000009521e+01, 2.836327424499270222e+01
2.555000000000009663e+01, 2.840028654855449730e+01
2.565000000000009805e+01, 2.843726594106299288e+01
2.575000000000009948e+01, 2.847421291492449313e+01
2.585000000000010090e+01, 2.851112795767596353e+01
2.595000000000010232e+01, 2.854801155206589058e+01
2.605000000000010374e+01, 2.858486417613346475e+01
2.615000000000010516e+01, 2.862168630328611130e+01
2.625000000000010658e+01, 2.865847840237554678e+01
2.635000000000010800e+01, 2.869524093777223328e+01
2.645000000000010942e+01, 2.873197436943835115e+01
2.655000000000011084e+01, 2.876867915299937550e+01
2.665000000000011227e+01, 2.880535573981416775e+01
2.675000000000011369e+01, 2.884200457704373477e+01
2.685000000000011511e+01, 2.887862610771858840e+01
2.695000000000011653e+01, 2.891522077080483299e+01
2.705000000000011795e+01, 2.895178900126893140e+01
2.715000000000011937e+01, 2.898833123014126656e+01
2.725000000000012079e+01, 2.902484788457841347e+01
2.735000000000012221e+01, 2.906133938792422811e+01
2.745000000000012363e+01, 2.909780615976985985e+01
2.755000000000012506e+01, 2.913424861601245297e+01
2.765000000000012648e+01, 2.917066716891290312e+01
2.775000000000012790e+01, 2.920706222715241651e+01
2.785000000000012932e+01, 2.924343419588805659e+01
2.795000000000013074e+01, 2.927978347680719295e+01
2.805000000000013216e+01, 2.931611046818106558e+01
2.815000000000013358e+01, 2.935241556491716253e+01
2.825000000000013500e+01, 2.938869915861084081e+01
2.835000000000013642e+01, 2.942496163759581052e+01
2.845000000000013785e+01, 2.946120338699382657e+01
2.855000000000013927e+01, 2.949742478876340712e+01
2.865000000000014069e+01, 2.953362622174770280e+01
2.875000000000014211e+01, 2.956980806172146359e+01
2.885000000000014353e+01, 2.960597068143719568e+01
2.895000000000014495e+01, 2.964211445067047634e+01
2.905000000000014637e+01, 2.967823973626446232e+01
2.915000000000014779e+01, 2.971434690217358821e+01
2.925000000000014921e+01, 2.975043630950653650e+01
2.935000000000015064e+01, 2.978650831656838349e+01
2.945000000000015206e+01, 2.982256327890208425e+01
2.955000000000015348e+01, 2.985860154932916899e+01
2.965000000000015490e+01, 2.989462347798974662e+01
2.975000000000015632e+01, 2.993062941238184038e+01
2.985000000000015774e+01, 2.996661968022565503e+01
2.995000000000015916e+01, 3.000258744343166128e+01
3.005000000000016058e+01, 3.003852539702674562e+01
3.015000000000016200e+01, 3.007442690926681905e+01
3.025000000000016342e+01, 3.011028540891826566e+01
3.035000000000016485e+01, 3.014609695244032039e+01
3.045000000000016627e+01, 3.018186103796318775e+01
3.055000000000016769e+01, 3.021757829574669074e+01
3.065000000000016911e+01, 3.025324934784933006e+01
3.075000000000017053e+01, 3.028887480828765177e+01
3.085000000000017195e+01, 3.032445528319170336e+01
3.095000000000017337e+01, 3.035999137095664935e+01
3.105000000000017479e+01, 3.039548366239075960e+01
3.115000000000017621e+01, 3.043093274085979161e+01
3.125000000000017764e+01, 3.046633918242786621e+01
3.135000000000017906e+01, 3.050170355599509975e+01
3.145000000000018048e+01, 3.053702642343175455e+01
3.155000000000018190e+01, 3.057230833970945838e+01
3.165000000000018332e+01, 3.060754985302912345e+01
3.175000000000018474e+01, 3.064275150494602684e+01
3.185000000000018616e+01, 3.067791383049186749e+01
3.195000000000018758e+01, 3.071303735829406278e+01
3.205000000000018900e+01, 3.074812261069224562e+01
3.215000000000019043e+01, 3.078317010385216079e+01
3.225000000000019185e+01, 3.081818034787688987e+01
3.235000000000019327e+01, 3.085315384691554286e+01
3.245000000000019469e+01, 3.088809109926959451e+01
3.255000000000019611e+01, 3.092299259749674434e+01
3.265000000000019753e+01, 3.095785882851242832e+01
3.275000000000019895e+01, 3.099269027368917406e+01
3.285000000000020037e+01, 3.102748740895368229e+01
3.295000000000020179e+01, 3.106225070488176954e+01
3.305000000000020322e+01, 3.109698062679125385e+01
3.315000000000020464e+01, 3.113167763483281547e+01
3.325000000000020606e+01, 3.116634218407883949e+01
3.335000000000020748e+01, 3.120097472461041122e+01
3.345000000000020890e+01, 3.123557570160237162e+01
3.355000000000021032e+01, 3.127014555540659657e+01
3.365000000000021174e+01, 3.130468472163346050e+01
3.375000000000021316e+01, 3.133919363123161972e+01
3.385000000000021458e+01, 3.137367271056607620e+01
3.395000000000021600e+01, 3.140812238149462843e+01
3.405000000000021743e+01, 3.144254306144267375e+01
3.415000000000021885e+01, 3.147693516347654352e+01
3.425000000000022027e+01, 3.151129909637519688e+01
3.435000000000022169e+01, 3.154563526470056445e+01
3.445000000000022311e+01, 3.157994406886635019e+01
3.455000000000022453e+01, 3.161422590520545128e+01
3.465000000000022595e+01, 3.164848116603606698e+01
3.475000000000022737e+01, 3.168271023972636868e+01
3.485000000000022879e+01, 3.171691351075793008e+01
3.495000000000023022e+01, 3.175109135978789965e+01
3.505000000000023164e+01, 3.178524416370986927e+01
3.515000000000023306e+01, 3.181937229571356696e+01
3.525000000000023448e+01, 3.185347612534337003e+01
3.535000000000023590e+01, 3.188755601855567434e+01
3.545000000000023732e+01, 3.192161233777509466e+01
3.555000000000023874e+01, 3.195564544194959922e+01
3.565000000000024016e+01, 3.198965568660460335e+01
3.575000000000024158e+01, 3.202364342389589069e+01
3.585000000000024301e+01, 3.205760900266169955e+01
3.595000000000024443e+01, 3.209155276847365457e+01
3.605000000000024585e+01, 3.212547506368674988e+01
3.615000000000024727e+01, 3.215937622748847247e+01
3.625000000000024869e+01, 3.219325659594687750e+01
3.635000000000025011e+01, 3.222711650205783940e+01
3.645000000000025153e+01, 3.226095627579134373e+01
3.655000000000025295e+01, 3.229477624413699743e+01
3.665000000000025437e+01, 3.232857673114860120e+01
3.675000000000025580e+01, 3.236235805798791887e+01
3.685000000000025722e+01, 3.239612054296774346e+01
3.695000000000025864e+01, 3.242986450159395417e+01
3.705000000000026006e+01, 3.246359024660700499e+01
3.715000000000026148e+01, 3.249729808802258191e+01
3.725000000000026290e+01, 3.253098833317143601e+01
3.735000000000026432e+01, 3.256466128673866933e+01
3.745000000000026574e+01, 3.259831725080214682e+01
3.755000000000026716e+01, 3.263195652487030429e+01
3.765000000000026859e+01, 3.266557940591926723e+01
3.775000000000027001e+01, 3.269918618842928737e+01
3.785000000000027143e+01, 3.273277716442056118e+01
3.795000000000027285e+01, 3.276635262348835909e+01
3.805000000000027427e+01, 3.279991285283762892e+01
3.815000000000027569e+01, 3.283345813731688168e+01
3.825000000000027711e+01, 3.286698875945156573e+01
3.835000000000027853e+01, 3.290050499947685125e+01
3.845000000000027995e+01, 3.293400713536978230e+01
3.855000000000028137e+01, 3.296749544288093148e+01
3.865000000000028280e+01, 3.300097019556553590e+01
3.875000000000028422e+01, 3.303443166481399373e+01
3.885000000000028564e+01, 3.306788011988195564e+01
3.895000000000028706e+01, 3.310131582791982652e+01
3.905000000000028848e+01, 3.313473905400179120e+01
3.915000000000028990e+01, 3.316815006115434272e+01
3.925000000000029132e+01, 3.320154911038439138e+01
3.935000000000029274e+01, 3.323493646070676277e+01
3.945000000000029416e+01, 3.326831236917139734e+01
3.955000000000029559e+01, 3.330167709088996020e+01
3.965000000000029701e+01, 3.333503087906215256e+01
3.975000000000029843e+01, 3.336837398500142626e+01
3.985000000000029985e+01, 3.340170665816037143e+01
3.995000000000030127e+01, 3.343502914615571342e+01
4.005000000000030269e+01, 3.346834169479281229e+01
4.015000000000030411e+01, 3.350164454808984971e+01
4.025000000000030553e+01, 3.353493794830156105e+01
4.035000000000030695e+01, 3.356822213594259097e+01
4.045000000000030838e+01, 3.360149734981052205e+01
4.055000000000030980e+01, 3.363476382700847722e+01
4.065000000000031122e+01, 3.366802180296738811e+01
4.075000000000031264e+01, 3.370127151146790823e+01
4.085000000000031406e+01, 3.373451318466197790e+01
4.095000000000031548e+01, 3.376774705309401270e+01
4.105000000000031690e+01, 3.380097334572183598e+01
4.115000000000031832e+01, 3.383419228993717809e+01
4.125000000000031974e+01, 3.386740411158597652e+01
4.135000000000032117e+01, 3.390060903498821432e+01
4.145000000000032259e+01, 3.393380728295760917e+01
4.155000000000032401e+01, 3.396699907682084785e+01
4.165000000000032543e+01, 3.400018463643665712e+01
4.175000000000032685e+01, 3.403336418021445553e+01
4.185000000000032827e+01, 3.406653792513284174e+01
4.195000000000032969e+01, 3.409970608675764225e+01
4.205000000000033111e+01, 3.413286887925989532e+01
4.215000000000033253e+01, 3.416602651543337998e+01
4.225000000000033396e+01, 3.419917920671196043e+01
4.235000000000033538e+01, 3.423232716318664615e+01
4.245000000000033680e+01, 3.426547059362241754e+01
4.255000000000033822e+01, 3.429860970547476029e+01
4.265000000000033964e+01, 3.433174470490602204e+01
4.275000000000034106e+01, 3.436487579680143511e+01
4.285000000000034248e+01, 3.439800318478499719e+01
4.295000000000034390e+01, 3.443112707123499661e+01
4.305000000000034532e+01, 3.446424765729946671e+01
4.315000000000034674e+01, 3.449736514291124223e+01
4.325000000000034817e+01, 3.453047972680296596e+01
4.335000000000034959e+01, 3.456359160652169038e+01
4.345000000000035101e+01, 3.459670097844345094e+01
4.355000000000035243e+01, 3.462980803778750527e+01
4.365000000000035385e+01, 3.466291297863040199e+01
4.375000000000035527e+01, 3.469601599391986468e+01
4.385000000000035669e+01, 3.472911727548844141e+01
4.395000000000035811e+01, 3.476221701406701214e+01
4.405000000000035953e+01, 3.479531539929801198e+01
4.415000000000036096e+01, 3.482841261974857616e+01
4.425000000000036238e+01, 3.486150886292342221e+01
4.435000000000036380e+01, 3.489460431527756867e+01
4.445000000000036522e+01, 3.492769916222891169e+01
4.455000000000036664e+01, 3.496079358817053873e+01
4.465000000000036806e+01, 3.499388777648294990e+01
4.475000000000036948e+01, 3.502698190954611590e+01
4.485000000000037090e+01, 3.506007616875128008e+01
4.495000000000037232e+01, 3.509317073451266822e+01
4.505000000000037375e+01, 3.512626578627904195e+01
4.515000000000037517e+01, 3.515936150254501058e+01
4.525000000000037659e+01, 3.519245806086233586e+01
4.535000000000037801e+01, 3.522555563785089561e+01
4.545000000000037943e+01, 3.525865440920965455e+01
4.555000000000038085e+01, 3.529175454972740056e+01
4.565000000000038227e+01, 3.532485623329336732e+01
4.575000000000038369e+01, 3.535795963290772193e+01
4.585000000000038511e+01, 3.539106492069183929e+01
4.595000000000038654e+01, 3.542417226789854112e+01
4.605000000000038796e+01, 3.545728184492213586e+01
4.615000000000038938e+01, 3.549039382130833076e+01
4.625000000000039080e+01, 3.552350836576399473e+01
4.635000000000039222e+01, 3.555662564616685728e+01
4.645000000000039364e+01, 3.558974582957502264e+01
4.655000000000039506e+01, 3.562286908223632764e+01
4.665000000000039648e+01, 3.565599556959768535e+01
4.675000000000039790e+01, 3.568912545631417998e+01
4.685000000000039933e+01, 3.572225890625812639e+01
4.695000000000040075e+01, 3.575539608252799439e+01
4.705000000000040217e+01, 3.578853714745717696e+01
4.715000000000040359e+01, 3.582168226262271560e+01
4.725000000000040501e+01, 3.585483158885381982e+01
4.735000000000040643e+01, 3.588798528624037232e+01
4.745000000000040785e+01, 3.592114351414127071e+01
4.755000000000040927e+01, 3.595430643119264147e+01
4.765000000000041069e+01, 3.598747419531601821e+01
4.775000000000041211e+01, 3.602064696372634955e+01
4.785000000000041354e+01, 3.605382489293992165e+01
4.795000000000041496e+01, 3.608700813878221680e+01
4.805000000000041638e+01, 3.612019685639562283e+01
4.815000000000041780e+01, 3.615339120024706432e+01
4.825000000000041922e+01, 3.618659132413554858e+01
4.835000000000042064e+01, 3.621979738119959791e+01
4.845000000000042206e+01, 3.625300952392458242e+01
4.855000000000042348e+01, 3.628622790415001020e+01
4.865000000000042490e+01, 3.631945267307666825e+01
4.875000000000042633e+01, 3.635268398127369238e+01
4.885000000000042775e+01, 3.638592197868555900e+01
4.895000000000042917e+01, 3.641916681463897731e+01
4.905000000000043059e+01, 3.645241863784974612e+01
4.915000000000043201e+01, 3.648567759642940445e+01
4.925000000000043343e+01, 3.651894383789194620e+01
4.935000000000043485e+01, 3.655221750916036427e+01
4.945000000000043627e+01, 3.658549875657312356e+01
4.955000000000043769e+01, 3.661878772589057718e+01
4.965000000000043912e+01, 3.665208456230129741e+01
4.975000000000044054e+01, 3.668538941042830714e+01
4.985000000000044196e+01, 3.671870241433529003e+01
4.995000000000044338e+01, 3.675202371753264430e+01
5.005000000000044480e+01, 3.678535346298353659e+01
5.015000000000044622e+01, 3.681869179310987050e+01
5.025000000000044764e+01, 3.685203884979812727e+01
5.035000000000044906e+01, 3.688539477440519221e+01
5.045000000000045048e+01, 3.691875970776411009e+01
5.055000000000045191e+01, 3.695213379018976241e+01
5.065000000000045333e+01, 3.698551716148443802e+01
5.075000000000045475e+01, 3.701890996094339670e+01
5.085000000000045617e+01, 3.705231232736035452e+01
5.095000000000045759e+01, 3.708572439903284845e+01
5.105000000000045901e+01, 3.711914631376763651e+01
5.115000000000046043e+01, 3.715257820888594864e+01
5.125000000000046185e+01, 3.718602022122867368e+01
5.135000000000046327e+01, 3.721947248716160317e+01
5.145000000000046469e+01, 3.725293514258043359e+01
5.155000000000046612e+01, 3.728640832291588225e+01
5.165000000000046754e+01, 3.731989216313863267e+01
5.175000000000046896e+01, 3.735338679776422310e+01
5.185000000000047038e+01, 3.738689236085799195e+01
5.195000000000047180e+01, 3.742040898603980992e+01
5.205000000000047322e+01, 3.745393680648886203e+01
5.215000000000047464e+01, 3.748747595494837981e+01
5.225000000000047606e+01, 3.752102656373021006e+01
5.235000000000047748e+01, 3.755458876471949026e+01
5.245000000000047891e+01, 3.758816268937909655e+01
5.255000000000048033e+01, 3.762174846875422674e+01
5.265000000000048175e+01, 3.765534623347675591e+01
5.275000000000048317e+01, 3.768895611376966315e+01
5.285000000000048459e+01, 3.772257823945135158e+01
5.295000000000048601e+01, 3.775621273993994009e+01
5.305000000000048743e+01, 3.778985974425746974e+01
5.315000000000048885e+01, 3.782351938103417410e+01
5.325000000000049027e+01, 3.785719177851254358e+01
5.335000000000049170e+01, 3.789087706455142524e+01
5.345000000000049312e+01, 3.792457536663011552e+01
5.355000000000049454e+01, 3.795828681185233933e+01
5.365000000000049596e+01, 3.799201152695020767e+01
5.375000000000049738e+01, 3.802574963828812571e+01
5.385000000000049880e+01, 3.805950127186668652e+01
5.395000000000050022e+01, 3.809326655332649381e+01
5.405000000000050164e+01, 3.812704560795191355e+01
5.415000000000050306e+01, 3.816083856067488966e+01
5.425000000000050449e+01, 3.819464553607853929e+01
5.435000000000050591e+01, 3.822846665840094005e+01
5.445000000000050733e+01, 3.826230205153864006e+01
5.455000000000050875e+01, 3.829615183905033149e+01
5.465000000000051017e+01, 3.833001614416028247e+01
5.475000000000051159e+01, 3.836389508976196083e+01
5.485000000000051301e+01, 3.839778879842142345e+01
5.495000000000051443e+01, 3.843169739238076232e+01
5.505000000000051585e+01, 3.846562099356147257e+01
5.515000000000051728e+01, 3.849955972356784883e+01
5.525000000000051870e+01, 3.853351370369027507e+01
5.535000000000052012e+01, 3.856748305490848594e+01
5.545000000000052154e+01, 3.860146789789484245e+01
5.555000000000052296e+01, 3.863546835301752225e+01
5.565000000000052438e+01, 3.866948454034370997e+01
5.575000000000052580e+01, 3.870351657964268810e+01
5.585000000000052722e+01, 3.873756459038903444e+01
5.595000000000052864e+01, 3.877162869176559212e+01
5.605000000000053006e+01, 3.880570900266657475e+01
5.615000000000053149e+01, 3.883980564170056482e+01
5.625000000000053291e+01, 3.887391872719344121e+01
5.635000000000053433e+01, 3.890804837719139897e+01
5.645000000000053575e+01, 3.894219470946377015e+01
5.655000000000053717e+01, 3.897635784150597260e+01
5.665000000000053859e+01, 3.901053789054236631e+01
5.675000000000054001e+01, 3.904473497352898903e+01
5.685000000000054143e+01, 3.907894920715640552e+01
5.695000000000054285e+01, 3.911318070785247158e+01
5.705000000000054428e+01, 3.914742959178505544e+01
5.715000000000054570e+01, 3.918169597486468803e+01
5.725000000000054712e+01, 3.921597997274733416e+01
5.735000000000054854e+01, 3.925028170083691492e+01
5.745000000000054996e+01, 3.928460127428803617e+01
5.755000000000055138e+01, 3.931893880800848251e+01
5.765000000000055280e+01, 3.935329441666183925e+01
5.775000000000055422e+01, 3.938766821467000057e+01
5.785000000000055564e+01, 3.942206031621567064e+01
5.795000000000055707e+01, 3.945647083524486476e+01
5.805000000000055849e+01, 3.949089988546932517e+01
5.815000000000055991e+01, 3.952534758036900087e+01
5.825000000000056133e+01, 3.955981403319439949e+01
5.835000000000056275e+01, 3.959429935696897473e+01
5.845000000000056417e+01, 3.962880366449151381e+01
5.855000000000056559e+01, 3.966332706833843957e+01
5.865000000000056701e+01, 3.969786968086607715e+01
5.875000000000056843e+01, 3.973243161421299163e+01
5.885000000000056986e+01, 3.976701298030220499e+01
5.895000000000057128e+01, 3.980161389084343426e+01
5.905000000000057270e+01, 3.983623445733532975e+01
5.915000000000057412e+01, 3.987087479106759957e+01
5.925000000000057554e+01, 3.990553500312322655e+01
5.935000000000057696e+01, 3.994021520438055006e+01
5.945000000000057838e+01, 3.997491547756500552e+01
5.955000000000057980e+01, 4.000963505341434256e+01
5.965000000000058122e+01, 4.004437332070701672e+01
5.975000000000058265e+01, 4.007912968330120407e+01
5.985000000000058407e+01, 4.011390354572975525e+01
5.995000000000058549e+01, 4.014869465633820056e+01
6.005000000000058691e+01, 4.018350307326110027e+01
6.015000000000058833e+01, 4.021832890997487908e+01
6.025000000000058975e+01, 4.025317227967365596e+01
6.035000000000059117e+01, 4.028803329527189447e+01
6.045000000000059259e+01, 4.032291206940713835e+01
6.055000000000059401e+01, 4.035780871444263340e+01
6.065000000000059543e+01, 4.039272334247003471e+01
6.075000000000059686e+01, 4.042765606531192901e+01
6.085000000000059828e+01, 4.046260699452443532e+01
6.095000000000059970e+01, 4.049757624139981260e+01
6.105000000000060112e+01, 4.053256391696886851e+01
6.115000000000060254e+01, 4.056757013200358131e+01
6.125000000000060396e+01, 4.060259499701943753e+01
6.135000000000060538e+01, 4.063763862227797574e+01
6.145000000000060680e+01, 4.067270111778913844e+01
6.155000000000060822e+01, 4.070778259331368076e+01
6.165000000000060965e+01, 4.074288315836550822e+01
6.175000000000061107e+01, 4.077800292221404277e+01
6.185000000000061249e+01, 4.081314199388652497e+01
6.195000000000061391e+01, 4.084830048217028065e+01
6.205000000000061533e+01, 4.088347849561499459e+01
6.215000000000061675e+01, 4.091867614253494168e+01
6.225000000000061817e+01, 4.095389353101117536e+01
6.235000000000061959e+01, 4.098913076889375162e+01
6.245000000000062101e+01, 4.102438796380390329e+01
6.255000000000062244e+01, 4.105966522313610767e+01
6.265000000000062386e+01, 4.109496265406028215e+01
6.275000000000062528e+01, 4.113028036352380212e+01
6.285000000000062670e+01, 4.116561845825363974e+01
6.295000000000062812e+01, 4.120097704475838185e+01
6.305000000000062954e+01, 4.123635622933027634e+01
6.315000000000063096e+01, 4.127175611804717192e+01
6.325000000000063238e+01, 4.130717681677459296e+01
6.335000000000063380e+01, 4.134261843116761526e+01
6.345000000000063523e+01, 4.137808106667289110e+01
6.355000000000063665e+01, 4.141356482853047538e+01
6.365000000000063807e+01, 4.144906982177578669e+01
6.375000000000063949e+01, 4.148459615124149025e+01
6.385000000000064091e+01, 4.152014392155930267e+01
6.395000000000064233e+01, 4.155571323716186782e+01
6.405000000000063665e+01, 4.159130420228456870e+01
6.415000000000063096e+01, 4.162691692096730378e+01
6.425000000000062528e+01, 4.166255149705629890e+01
6.435000000000061959e+01, 4.169820803420584099e+01
6.445000000000061391e+01, 4.173388663588001180e+01
6.455000000000060822e+01, 4.176958740535445003e+01
6.465000000000060254e+01, 4.180531044571799981e+01
6.475000000000059686e+01, 4.184105585987440179e+01
6.485000000000059117e+01, 4.187682375054399131e+01
6.495000000000058549e+01, 4.191261422026534689e+01
6.505000000000057980e+01, 4.194842737139686761e+01
6.515000000000057412e+01, 4.198426330611839319e+01
6.525000000000056843e+01, 4.202012212643288791e+01
6.535000000000056275e+01, 4.205600393416786886e+01
6.545000000000055707e+01, 4.209190883097709701e+01
6.555000000000055138e+01, 4.212783691834204092e+01
6.565000000000054570e+01, 4.216378829757341151e+01
6.575000000000054001e+01, 4.219976306981271108e+01
6.585000000000053433e+01, 4.223576133603365435e+01
6.595000000000052864e+01, 4.227178319704373166e+01
6.605000000000052296e+01, 4.230782875348557326e+01
6.615000000000051728e+01, 4.234389810583846270e+01
6.625000000000051159e+01, 4.237999135441973664e+01
6.635000000000050591e+01, 4.241610859938618461e+01
6.645000000000050022e+01, 4.245224994073544877e+01
6.655000000000049454e+01, 4.248841547830743792e+01
6.665000000000048885e+01, 4.252460531178563485e+01
6.675000000000048317e+01, 4.256081954069848905e+01
6.685000000000047748e+01, 4.259705826442072407e+01
6.695000000000047180e+01, 4.263332158217468759e+01
6.705000000000046612e+01, 4.266960959303158774e+01
6.715000000000046043e+01, 4.270592239591288575e+01
6.725000000000045475e+01, 4.274226008959146839e+01
6.735000000000044906e+01, 4.277862277269299085e+01
6.745000000000044338e+01, 4.281501054369705628e+01
6.755000000000043769e+01, 4.285142350093849473e+01
6.765000000000043201e+01, 4.288786174260855688e+01
6.775000000000042633e+01, 4.292432536675612198e+01
6.785000000000042064e+01, 4.296081447128890574e+01
6.795000000000041496e+01, 4.299732915397460431e+01
6.805000000000040927e+01, 4.303386951244209513e+01
6.815000000000040359e+01, 4.307043564418256665e+01
6.825000000000039790e+01, 4.310702764655064811e+01
6.835000000000039222e+01, 4.314364561676551091e+01
6.845000000000038654e+01, 4.318028965191209778e+01
6.855000000000038085e+01, 4.321695984894205367e+01
6.865000000000037517e+01, 4.325365630467491940e+01
6.875000000000036948e+01, 4.329037911579918330e+01
6.885000000000036380e+01, 4.332712837887331148e+01
6.895000000000035811e+01, 4.336390419032682786e+01
6.905000000000035243e+01, 4.340070664646136578e+01
6.915000000000034674e+01, 4.343753584345160590e+01
6.925000000000034106e+01, 4.347439187734639177e+01
6.935000000000033538e+01, 4.351127484406966062e+01
6.945000000000032969e+01, 4.354818483942145946e+01
6.955000000000032401e+01, 4.358512195907891851e+01
6.965000000000031832e+01, 4.362208629859717490e+01
6.975000000000031264e+01, 4.365907795341037456e+01
6.985000000000030695e+01, 4.369609701883263142e+01
6.995000000000030127e+01, 4.373314359005885166e+01
7.005000000000029559e+01, 4.377021776216576399e+01
7.015000000000028990e+01, 4.380731963011277941e+01
7.025000000000028422e+01, 4.384444928874285807e+01
7.035000000000027853e+01, 4.388160683278344010e+01
7.045000000000027285e+01, 4.391879235684731952e+01
7.055000000000026716e+01, 4.395600595543345435e+01
7.065000000000026148e+01, 4.399324772292787600e+01
7.075000000000025580e+01, 4.403051775360448516e+01
7.085000000000025011e+01, 4.406781614162591865e+01
7.095000000000024443e+01, 4.410514298104433806e+01
7.105000000000023874e+01, 4.414249836580226827e+01
7.115000000000023306e+01, 4.417988238973335768e+01
7.125000000000022737e+01, 4.421729514656321669e+01
7.135000000000022169e+01, 4.425473672991015661e+01
7.145000000000021600e+01, 4.429220723328595710e+01
7.155000000000021032e+01, 4.432970675009665484e+01
7.165000000000020464e+01, 4.436723537364325409e+01
7.175000000000019895e+01, 4.440479319712252249e+01
7.185000000000019327e+01, 4.444238031362763763e+01
7.195000000000018758e+01, 4.447999681614896161e+01
7.205000000000018190e+01, 4.451764279757475862e+01
7.215000000000017621e+01, 4.455531835069185576e+01
7.225000000000017053e+01, 4.459302356818635360e+01
7.235000000000016485e+01, 4.463075854264429410e+01
7.245000000000015916e+01, 4.466852336655236400e+01
7.255000000000015348e+01, 4.470631813229850593e+01
7.265000000000014779e+01, 4.474414293217262895e+01
7.275000000000014211e+01, 4.478199785836719826e+01
7.285000000000013642e+01, 4.481988300297788896e+01
7.295000000000013074e+01, 4.485779845800425392e+01
7.305000000000012506e+01, 4.489574431535024956e+01
7.315000000000011937e+01, 4.493372066682493227e+01
7.325000000000011369e+01, 4.497172760414300541e+01
7.335000000000010800e+01, 4.500976521892542337e+01
7.345000000000010232e+01, 4.504783360269996706e+01
7.355000000000009663e+01, 4.508593284690184788e+01
7.365000000000009095e+01, 4.512406304287419800e+01
7.375000000000008527e+01, 4.516222428186872406e+01
7.385000000000007958e+01, 4.520041665504616901e+01
7.395000000000007390e+01, 4.523864025347688766e+01
7.405000000000006821e+01, 4.527689516814138670e+01
7.415000000000006253e+01, 4.531518148993082207e+01
7.425000000000005684e+01, 4.535349930964751763e+01
7.435000000000005116e+01, 4.539184871800549814e+01
7.445000000000004547e+01, 4.543022980563094393e+01
7.455000000000003979e+01, 4.546864266306270963e+01
7.465000000000003411e+01, 4.550708738075277893e+01
7.475000000000002842e+01, 4.554556404906678324e+01
7.485000000000002274e+01, 4.558407275828442096e+01
7.495000000000001705e+01, 4.562261359859992638e+01
7.505000000000001137e+01, 4.566118666012253868e+01
7.515000000000000568e+01, 4.569979203287692116e+01
7.525000000000000000e+01, 4.573842980680360171e+01
7.534999999999999432e+01, 4.577710007175940632e+01
7.544999999999998863e+01, 4.581580291751786405e+01
7.554999999999998295e+01, 4.585453843376964755e+01
7.564999999999997726e+01, 4.589330671012293550e+01
7.574999999999997158e+01, 4.593210783610383885e+01
7.584999999999996589e+01, 4.597094190115678458e+01
7.594999999999996021e+01, 4.600980899464487806e+01
7.604999999999995453e+01, 4.604870920585031513e+01
7.614999999999994884e+01, 4.608764262397469480e+01
7.624999999999994316e+01, 4.612660933813943132e+01
7.634999999999993747e+01, 4.616560943738609524e+01
7.644999999999993179e+01, 4.620464301067673318e+01
7.654999999999992610e+01, 4.624371014689420178e+01
7.664999999999992042e+01, 4.628281093484257980e+01
7.674999999999991473e+01, 4.632194546324735995e+01
7.684999999999990905e+01, 4.636111382075588239e+01
7.694999999999990337e+01, 4.640031609593759043e+01
7.704999999999989768e+01, 4.643955237728435037e+01
7.714999999999989200e+01, 4.647882275321073564e+01
7.724999999999988631e+01, 4.651812731205430396e+01
7.734999999999988063e+01, 4.655746614207593126e+01
7.744999999999987494e+01, 4.659683933146002488e+01
7.754999999999986926e+01, 4.663624696831486460e+01
7.764999999999986358e+01, 4.667568914067277319e+01
7.774999999999985789e+01, 4.671516593649047877e+01
7.784999999999985221e+01, 4.675467744364927114e+01
7.794999999999984652e+01, 4.679422374995530731e+01
7.804999999999984084e+01, 4.683380494313979625e+01
7.814999999999983515e+01, 4.687342111085931151e+01
7.824999999999982947e+01, 4.691307234069589782e+01
7.834999999999982379e+01, 4.695275872015741214e+01
7.844999999999981810e+01, 4.699248033667762314e+01
7.854999999999981242e+01, 4.703223727761651674e+01
7.864999999999980673e+01, 4.707202963026041687e+01
7.874999999999980105e+01, 4.711185748182222000e+01
7.884999999999979536e+01, 4.715172091944157273e+01
7.894999999999978968e+01, 4.719162003018504237e+01
7.904999999999978400e+01, 4.723155490104628740e+01
7.914999999999977831e+01, 4.727152561894625649e+01
7.924999999999977263e+01, 4.731153227073332346e+01
7.934999999999976694e+01, 4.735157494318343652e+01
7.944999999999976126e+01, 4.739165372300029588e+01
7.954999999999975557e+01, 4.743176869681548169e+01
7.964999999999974989e+01, 4.747191995118857477e+01
7.974999999999974420e+01, 4.751210757260732720e+01
7.984999999999973852e+01, 4.755233164748776176e+01
7.994999999999973284e+01, 4.759259226217427852e+01
8.004999999999972715e+01, 4.763288950293981827e+01
8.014999999999972147e+01, 4.767322345598592648e+01
8.024999999999971578e+01, 4.771359420744288826e+01
8.034999999999971010e+01, 4.775400184336977816e+01
8.044999999999970441e+01, 4.779444644975460932e+01
8.054999999999969873e+01, 4.783492811251438326e+01
8.064999999999969305e+01, 4.787544691749518933e+01
8.074999999999968736e+01, 4.791600295047224733e+01
8.084999999999968168e+01, 4.795659629715002126e+01
8.094999999999967599e+01, 4.799722704316226185e+01
8.104999999999967031e+01, 4.803789527407205640e+01
8.114999999999966462e+01, 4.807860107537188554e+01
8.124999999999965894e+01, 4.811934453248368015e+01
8.134999999999965326e+01, 4.816012573075885683e+01
8.144999999999964757e+01, 4.820094475547835344e+01
8.154999999999964189e+01, 4.824180169185265044e+01
8.164999999999963620e+01, 4.828269662502184900e+01
8.174999999999963052e+01, 4.832362964005557160e+01
8.184999999999962483e+01, 4.836460082195316090e+01
8.194999999999961915e+01, 4.840561025564349507e+01
8.204999999999961346e+01, 4.844665802598509430e+01
8.214999999999960778e+01, 4.848774421776617061e+01
8.224999999999960210e+01, 4.852886891570449279e+01
8.234999999999959641e+01, 4.857003220444747171e+01
8.244999999999959073e+01, 4.861123416857208923e+01
8.254999999999958504e+01, 4.865247489258494795e+01
8.264999999999957936e+01, 4.869375446092214332e+01
8.274999999999957367e+01, 4.873507295794932759e+01
8.284999999999956799e+01, 4.877643046796163162e+01
8.294999999999956231e+01, 4.881782707518360809e+01
8.304999999999955662e+01, 4.885926286376921013e+01
8.314999999999955094e+01, 4.890073791780174162e+01
8.324999999999954525e+01, 4.894225232129378611e+01
8.334999999999953957e+01, 4.898380615818714290e+01
8.344999999999953388e+01, 4.902539951235279148e+01
8.354999999999952820e+01, 4.906703246759079207e+01
8.364999999999952252e+01, 4.910870510763020746e+01
8.374999999999951683e+01, 4.915041751612903909e+01
8.384999999999951115e+01, 4.919216977667413460e+01
8.394999999999950546e+01, 4.923396197278110975e+01
8.404999999999949978e+01, 4.927579418789422050e+01
8.414999999999949409e+01, 4.931766650538632746e+01
8.424999999999948841e+01, 4.935957900855868274e+01
8.434999999999948272e+01, 4.940153178064095840e+01
8.444999999999947704e+01, 4.944352490479101903e+01
8.454999999999947136e+01, 4.948555846409487202e+01
8.464999999999946567e+01, 4.952763254156649708e+01
8.474999999999945999e+01, 4.956974722014777512e+01
8.484999999999945430e+01, 4.961190258270829645e+01
8.494999999999944862e+01, 4.965409871204525416e+01
8.504999999999944293e+01, 4.969633569088331626e+01
8.514999999999943725e+01, 4.973861360187444802e+01
8.524999999999943157e+01, 4.978093252759779830e+01
8.534999999999942588e+01, 4.982329255055950767e+01
8.544999999999942020e+01, 4.986569375319258768e+01
8.554999999999941451e+01, 4.990813621785670762e+01
8.564999999999940883e+01, 4.995062002683810221e+01
8.574999999999940314e+01, 4.999314586631487600e+01
8.584999999999939746e+01, 5.003571491373025992e+01
8.594999999999939178e+01, 5.007832816524990704e+01
8.604999999999938609e+01, 5.012098661820701295e+01
8.614999999999938041e+01, 5.016369107127479054e+01
8.624999999999937472e+01, 5.020644184204885363e+01
8.634999999999936904e+01, 5.024923901841704321e+01
8.644999999999936335e+01, 5.029208268823494876e+01
8.654999999999935767e+01, 5.033497293932548899e+01
8.664999999999935199e+01, 5.037790985947853528e+01
8.674999999999934630e+01, 5.042089353645044270e+01
8.684999999999934062e+01, 5.046392405796368053e+01
8.694999999999933493e+01, 5.050700151170634911e+01
8.704999999999932925e+01, 5.055012598533177481e+01
8.714999999999932356e+01, 5.059329756645811926e+01
8.724999999999931788e+01, 5.063651634266781087e+01
8.734999999999931219e+01, 5.067978240150726776e+01
8.744999999999930651e+01, 5.072309583048632220e+01
8.754999999999930083e+01, 5.076645671707785823e+01
8.764999999999929514e+01, 5.080986514871727167e+01
8.774999999999928946e+01, 5.085332121280210060e+01
8.784999999999928377e+01, 5.089682499669147830e+01
8.794999999999927809e+01, 5.094037658770576371e+01
8.804999999999927240e+01, 5.098397607312596591e+01
8.814999999999926672e+01, 5.102762354019336755e+01
8.824999999999926104e+01, 5.107131907610898480e+01
8.834999999999925535e+01, 5.111506276803311977e+01
8.844999999999924967e+01, 5.115885470308485594e+01
8.854999999999924398e+01, 5.120269496834158218e+01
8.864999999999923830e+01, 5.124658365083850953e+01
8.874999999999923261e+01, 5.129052083756814540e+01
8.884999999999922693e+01, 5.133450661547983884e+01
8.894999999999922125e+01, 5.137854107147924765e+01
8.904999999999921556e+01, 5.142262429242783384e+01
8.914999999999920988e+01, 5.146675636514238050e+01
8.924999999999920419e+01, 5.151093737639443759e+01
8.934999999999919851e+01, 5.155516741290983873e+01
8.944999999999919282e+01, 5.159944656136816121e+01
8.954999999999918714e+01, 5.164377490840222862e+01
8.964999999999918145e+01, 5.168815254059752817e+01
8.974999999999917577e+01, 5.173257954449177731e+01
8.984999999999917009e+01, 5.177705600657426288e+01
8.994999999999916440e+01, 5.182158201328542191e+01
9.004999999999915872e+01, 5.186615765101621633e+01
9.014999999999915303e+01, 5.191078300610762852e+01
9.024999999999914735e+01, 5.195545816485009993e+01
9.034999999999914166e+01, 5.200018321348299111e+01
9.044999999999913598e+01, 5.204495823819401323e+01
9.054999999999913030e+01, 5.208978332511868103e+01
9.064999999999912461e+01, 5.213465856033972301e+01
9.074999999999911893e+01, 5.217958402988654854e+01
9.084999999999911324e+01, 5.222455981973467942e+01
9.094999999999910756e+01, 5.226958601580513886e+01
9.104999999999910187e+01, 5.231466270396389717e+01
9.114999999999909619e+01, 5.235978997002133184e+01
9.124999999999909051e+01, 5.240496789973156666e+01
9.134999999999908482e+01, 5.245019657879195307e+01
9.144999999999907914e+01, 5.249547609284243777e+01
9.154999999999907345e+01, 5.254080652746498004e+01
9.164999999999906777e+01, 5.258618796818299046e+01
9.174999999999906208e+01, 5.263162050046067719e+01
9.184999999999905640e+01, 5.267710420970247043e+01
9.194999999999905071e+01, 5.272263918125241844e+01
9.204999999999904503e+01, 5.276822550039356230e+01
9.214999999999903935e+01, 5.281386325234736034e+01
9.224999999999903366e+01, 5.285955252227301315e+01
9.234999999999902798e+01, 5.290529339526688091e+01
9.244999999999902229e+01, 5.295108595636188653e+01
9.254999999999901661e+01, 5.299693029052681936e+01
9.264999999999901092e+01, 5.304282648266576672e+01
9.274999999999900524e+01, 5.308877461761745309e+01
9.284999999999899956e+01, 5.313477478015462196e+01
9.294999999999899387e+01, 5.318082705498338214e+01
9.304999999999898819e+01, 5.322693152674255401e+01
9.314999999999898250e+01, 5.327308828000307983e+01
9.324999999999897682e+01, 5.331929739926729894e+01
9.334999999999897113e+01, 5.336555896896836515e+01
9.344999999999896545e+01, 5.341187307346955748e+01
9.354999999999895977e+01, 5.345823979706359097e+01
9.364999999999895408e+01, 5.350465922397203400e+01
9.374999999999894840e+01, 5.355113143834461198e+01
9.384999999999894271e+01, 5.359765652425848970e+01
9.394999999999893703e+01, 5.364423456571767446e+01
9.404999999999893134e+01, 5.369086564665231265e+01
9.414999999999892566e+01, 5.373754985091800052e+01
9.424999999999891998e+01, 5.378428726229513046e+01
9.434999999999891429e+01, 5.383107796448820181e+01
9.444999999999890861e+01, 5.387792204112512451e+01
9.454999999999890292e+01, 5.392481957575655827e+01
9.464999999999889724e+01, 5.397177065185519496e+01
9.474999999999889155e+01, 5.401877535281503384e+01
9.484999999999888587e+01, 5.406583376195082735e+01
9.494999999999888018e+01, 5.411294596249717159e+01
9.504999999999887450e+01, 5.416011203760798765e+01
9.514999999999886882e+01, 5.420733207035571155e+01
9.524999999999886313e+01, 5.425460614373063351e+01
9.534999999999885745e+01, 5.430193434064015889e+01
9.544999999999885176e+01, 5.434931674390811907e+01
9.554999999999884608e+01, 5.439675343627403237e+01
9.564999999999884039e+01, 5.444424450039242913e+01
9.574999999999883471e+01, 5.449179001883207007e+01
9.584999999999882903e+01, 5.453939007407526418e+01
9.594999999999882334e+01, 5.458704474851710842e+01
9.604999999999881766e+01, 5.463475412446481272e+01
9.614999999999881197e+01, 5.468251828413691840e+01
9.624999999999880629e+01, 5.473033730966258759e+01
9.634999999999880060e+01, 5.477821128308082166e+01
9.644999999999879492e+01, 5.482614028633980041e+01
9.654999999999878924e+01, 5.487412440129609337e+01
9.664999999999878355e+01, 5.492216370971387107e+01
9.674999999999877787e+01, 5.497025829326424429e+01
9.684999999999877218e+01, 5.501840823352448240e+01
9.694999999999876650e+01, 5.506661361197719629e+01
9.704999999999876081e+01, 5.511487451000972015e+01
9.714999999999875513e+01, 5.516319100891317362e+01
9.724999999999874944e+01, 5.521156318988186484e+01
9.734999999999874376e+01, 5.525999113401244500e+01
9.744999999999873808e+01, 5.530847492230314799e+01
9.754999999999873239e+01, 5.535701463565304437e+01
9.764999999999872671e+01, 5.540561035486125974e+01
9.774999999999872102e+01, 5.545426216062622160e+01
9.784999999999871534e+01, 5.550297013354480669e+01
9.794999999999870965e+01, 5.555173435411170146e+01
9.804999999999870397e+01, 5.560055490271849266e+01
9.814999999999869829e+01, 5.564943185965295669e+01
9.824999999999869260e+01, 5.569836530509824257e+01
9.834999999999868692e+01, 5.574735531913211872e+01
9.844999999999868123e+01, 5.579640198172617005e+01
9.854999999999867555e+01, 5.584550537274498083e+01
9.864999999999866986e+01, 5.589466557194535312e+01
9.874999999999866418e+01, 5.594388265897556778e+01
9.884999999999865850e+01, 5.599315671337453182e+01
9.894999999999865281e+01, 5.604248781457094708e+01
9.904999999999864713e+01, 5.609187604188258547e+01
9.914999999999864144e+01, 5.614132147451545762e+01
9.924999999999863576e+01, 5.619082419156301000e+01
9.934999999999863007e+01, 5.624038427200525803e+01
9.944999999999862439e+01, 5.629000179470807552e+01
9.954999999999861870e+01, 5.633967683842230656e+01
9.964999999999861302e+01, 5.638940948178301937e+01
9.974999999999860734e+01, 5.643919980330859687e+01
9.984999999999860165e+01, 5.648904788140004030e+01
9.994999999999859597e+01, 5.653895379434000290e+01
1.000499999999985903e+02, 5.658891762029213623e+01
1.001499999999985846e+02, 5.663893943730012381e+01
1.002499999999985789e+02, 5.668901932328694215e+01
1.003499999999985732e+02, 5.673915735605397970e+01
1.004499999999985675e+02, 5.678935361328026232e+01
1.005499999999985619e+02, 5.683960817252159359e+01
1.006499999999985562e+02, 5.688992111120967365e+01
1.007499999999985505e+02, 5.694029250665141717e+01
1.008499999999985448e+02, 5.699072243602791588e+01
1.009499999999985391e+02, 5.704121097639377780e+01
1.010499999999985334e+02, 5.709175820467613960e+01
1.011499999999985278e+02, 5.714236419767400577e+01
1.012499999999985221e+02, 5.719302903205720412e+01
1.013499999999985164e+02, 5.724375278436569658e+01
1.014499999999985107e+02, 5.729453553100866969e+01
1.015499999999985050e+02, 5.734537734826366062e+01
1.016499999999984993e+02, 5.739627831227581112e+01
1.017499999999984936e+02, 5.744723849905690827e+01
1.018499999999984880e+02, 5.749825798448460290e+01
1.019499999999984823e+02, 5.754933684430148588e+01
1.020499999999984766e+02, 5.760047515411435626e+01
1.021499999999984709e+02, 5.765167298939320517e+01
1.022499999999984652e+02, 5.770293042547055506e+01
1.023499999999984595e+02, 5.775424753754040808e+01
1.024499999999984539e+02, 5.780562440065747154e+01
1.025499999999984482e+02, 5.785706108973638351e+01
1.026499999999984425e+02, 5.790855767955068245e+01
1.027499999999984368e+02, 5.796011424473203277e+01
1.028499999999984311e+02, 5.801173085976944321e+01
1.029499999999984254e+02, 5.806340759900821524e+01
1.030499999999984198e+02, 5.811514453664924673e+01
1.031499999999984141e+02, 5.816694174674807982e+01
1.032499999999984084e+02, 5.821879930321401275e+01
1.033499999999984027e+02, 5.827071727980933957e+01
1.034499999999983970e+02, 5.832269575014836960e+01
1.035499999999983913e+02, 5.837473478769656055e+01
1.036499999999983856e+02, 5.842683446576975115e+01
1.037499999999983800e+02, 5.847899485753320192e+01
1.038499999999983743e+02, 5.853121603600068568e+01
1.039499999999983686e+02, 5.858349807403374854e+01
1.040499999999983629e+02, 5.863584104434065836e+01
1.041499999999983572e+02, 5.868824501947572969e+01
1.042499999999983515e+02, 5.874071007183822246e+01
1.043499999999983459e+02, 5.879323627367166694e+01
1.044499999999983402e+02, 5.884582369706286897e+01
1.045499999999983345e+02, 5.889847241394105737e+01
1.046499999999983288e+02, 5.895118249607699568e+01
1.047499999999983231e+02, 5.900395401508214377e+01
1.048499999999983174e+02, 5.905678704240773413e+01
1.049499999999983118e+02, 5.910968164934387659e+01
1.050499999999983061e+02, 5.916263790701872693e+01
1.051499999999983004e+02, 5.921565588639757749e+01
1.052499999999982947e+02, 5.926873565828195467e+01
1.053499999999982890e+02, 5.932187729330877346e+01
1.054499999999982833e+02, 5.937508086194943502e+01
1.055499999999982776e+02, 5.942834643450893140e+01
1.056499999999982720e+02, 5.948167408112496446e+01
1.057499999999982663e+02, 5.953506387176709325e+01
1.058499999999982606e+02, 5.958851587623577473e+01
1.059499999999982549e+02, 5.964203016416159642e+01
1.060499999999982492e+02, 5.969560680500424610e+01
1.061499999999982435e+02, 5.974924586805172311e+01
1.062499999999982379e+02, 5.980294742241945016e+01
1.063499999999982322e+02, 5.985671153704934966e+01
1.064499999999982265e+02, 5.991053828070894127e+01
1.065499999999982208e+02, 5.996442783494026685e+01
1.066499999999982151e+02, 6.001838271936050972e+01
1.067499999999982094e+02, 6.007240491887638711e+01
1.068499999999982037e+02, 6.012649640553657804e+01
1.069499999999981981e+02, 6.018065915613302508e+01
1.070499999999981924e+02, 6.023489416413878672e+01
1.071499999999981867e+02, 6.028920162265687566e+01
1.072499999999981810e+02, 6.034358162316084417e+01
1.073499999999981753e+02, 6.039803425697898831e+01
1.074499999999981696e+02, 6.045255961529306177e+01
1.075499999999981640e+02, 6.050715778913694720e+01
1.076499999999981583e+02, 6.056182886939538434e+01
1.077499999999981526e+02, 6.061657294680259156e+01
1.078499999999981469e+02, 6.067139011194100817e+01
1.079499999999981412e+02, 6.072628045523993023e+01
1.080499999999981355e+02, 6.078124406697419602e+01
1.081499999999981299e+02, 6.083628103726289993e+01
1.082499999999981242e+02, 6.089139145606807091e+01
1.083499999999981185e+02, 6.094657541319325134e+01
1.084499999999981128e+02, 6.100183299828230332e+01
1.085499999999981071e+02, 6.105716430081798762e+01
1.086499999999981014e+02, 6.111256941012068467e+01
1.087499999999980957e+02, 6.116804841534705162e+01
1.088499999999980901e+02, 6.122360140548867236e+01
1.089499999999980844e+02, 6.127922846937072876e+01
1.090499999999980787e+02, 6.133492969565071462e+01
1.091499999999980730e+02, 6.139070517281700035e+01
1.092499999999980673e+02, 6.144655498918760372e+01
1.093499999999980616e+02, 6.150247923290880436e+01
1.094499999999980560e+02, 6.155847799195380787e+01
1.095499999999980503e+02, 6.161455135412139583e+01
1.096499999999980446e+02, 6.167069940703459707e+01
1.097499999999980389e+02, 6.172692223813935186e+01
1.098499999999980332e+02, 6.178321993470319029e+01
1.099499999999980275e+02, 6.183959258381378277e+01
1.100499999999980218e+02, 6.189604027237778894e+01
1.101499999999980162e+02, 6.195256308711929449e+01
1.102499999999980105e+02, 6.200916111457868141e+01
1.103499999999980048e+02, 6.206583444111108605e+01
1.104499999999979991e+02, 6.212258315288515576e+01
1.105499999999979934e+02, 6.217940733588175561e+01
1.106499999999979877e+02, 6.223630707589247635e+01
1.107499999999979821e+02, 6.229328245851839085e+01
1.108499999999979764e+02, 6.235033356916868286e+01
1.109499999999979707e+02, 6.240746049305931109e+01
1.110499999999979650e+02, 6.246466331521161663e+01
1.111499999999979593e+02, 6.252194212045100130e+01
1.112499999999979536e+02, 6.257929699340559182e+01
1.113499999999979480e+02, 6.263672801850489691e+01
1.114499999999979423e+02, 6.269423527997840040e+01
1.115499999999979366e+02, 6.275181886185426805e+01
1.116499999999979309e+02, 6.280947884795796909e+01
1.117499999999979252e+02, 6.286721532191096173e+01
1.118499999999979195e+02, 6.292502836712930048e+01
1.119499999999979138e+02, 6.298291806682229321e+01
1.120499999999979082e+02, 6.304088450399116539e+01
1.121499999999979025e+02, 6.309892776142770998e+01
1.122499999999978968e+02, 6.315704792171297299e+01
1.123499999999978911e+02, 6.321524506721580394e+01
1.124499999999978854e+02, 6.327351928009164794e+01
1.125499999999978797e+02, 6.333187064228101804e+01
1.126499999999978741e+02, 6.339029923550833701e+01
1.127499999999978684e+02, 6.344880514128050208e+01
1.128499999999978627e+02, 6.350738844088546387e+01
1.129499999999978570e+02, 6.356604921539104680e+01
1.130499999999978513e+02, 6.362478754564342154e+01
1.131499999999978456e+02, 6.368360351226595384e+01
1.132499999999978400e+02, 6.374249719565767691e+01
1.133499999999978343e+02, 6.380146867599206217e+01
1.134499999999978286e+02, 6.386051803321563369e+01
1.135499999999978229e+02, 6.391964534704662526e+01
1.136499999999978172e+02, 6.397885069697370142e+01
1.137499999999978115e+02, 6.403813416225450794e+01
1.138499999999978058e+02, 6.409749582191439288e+01
1.139499999999978002e+02, 6.415693575474512045e+01
1.140499999999977945e+02, 6.421645403930345708e+01
1.141499999999977888e+02, 6.427605075390980005e+01
1.142499999999977831e+02, 6.433572597664701220e+01
1.143499999999977774e+02, 6.439547978535888717e+01
1.144499999999977717e+02, 6.445531225764894145e+01
1.145499999999977661e+02, 6.451522347087907860e+01
1.146499999999977604e+02, 6.457521350216821077e+01
1.147499999999977547e+02, 6.463528242839095128e+01
1.148499999999977490e+02, 6.469543032617627887e+01
1.149499999999977433e+02, 6.475565727190628706e+01
1.150499999999977376e+02, 6.481596334171473472e+01
1.151499999999977319e+02, 6.487634861148580967e+01
1.152499999999977263e+02, 6.493681315685282129e+01
1.153499999999977206e+02, 6.499735705319679369e+01
1.154499999999977149e+02, 6.505798037564527192e+01
1.155499999999977092e+02, 6.511868319907088676e+01
1.156499999999977035e+02, 6.517946559809016094e+01
1.157499999999976978e+02, 6.524032764706207388e+01
1.158499999999976922e+02, 6.530126942008688218e+01
1.159499999999976865e+02, 6.536229099100469853e+01
1.160499999999976808e+02, 6.542339243339425536e+01
1.161499999999976751e+02, 6.548457382057159748e+01
1.162499999999976694e+02, 6.554583522558877462e+01
1.163499999999976637e+02, 6.560717672123251987e+01
1.164499999999976581e+02, 6.566859838002299909e+01
1.165499999999976524e+02, 6.573010027421247514e+01
1.166499999999976467e+02, 6.579168247578405726e+01
1.167499999999976410e+02, 6.585334505645040792e+01
1.168499999999976353e+02, 6.591508808765240701e+01
1.169499999999976296e+02, 6.597691164055794388e+01
1.170499999999976239e+02, 6.603881578606059577e+01
1.171499999999976183e+02, 6.610080059477833458e+01
1.172499999999976126e+02, 6.616286613705229058e+01
1.173499999999976069e+02, 6.622501248294550180e+01
1.174499999999976012e+02, 6.628723970224153561e+01
1.175499999999975955e+02, 6.634954786444336605e+01
1.176499999999975898e+02, 6.641193703877202381e+01
1.177499999999975842e+02, 6.647440729416535987e+01
1.178499999999975785e+02, 6.653695869927673812e+01
1.179499999999975728e+02, 6.659959132247392688e+01
1.180499999999975671e+02, 6.666230523183763523e+01
1.181499999999975614e+02, 6.672510049516051822e+01
1.182499999999975557e+02, 6.678797717994565630e+01
1.183499999999975500e+02, 6.685093535340556059e+01
1.184499999999975444e+02, 6.691397508246079440e+01
1.185499999999975387e+02, 6.697709643373879373e+01
1.186499999999975330e+02, 6.704029947357258834e+01
1.187499999999975273e+02, 6.710358426799965059e+01
1.188499999999975216e+02, 6.716695088276063075e+01
1.189499999999975159e+02, 6.723039938329812060e+01
1.190499999999975103e+02, 6.729392983475543133e+01
1.191499999999975046e+02, 6.735754230197548509e+01
1.192499999999974989e+02, 6.742123684949949336e+01
1.193499999999974932e+02, 6.748501354156573484e+01
1.194499999999974875e+02, 6.754887244210848962e+01
1.195499999999974818e+02, 6.761281361475676022e+01
1.196499999999974762e+02, 6.767683712283306363e+01
1.197499999999974705e+02, 6.774094302935223766e+01
1.198499999999974648e+02, 6.780513139702033243e+01
1.199499999999974591e+02, 6.786940228823338828e+01
1.200499999999974534e+02, 6.793375576507621361e+01
1.201499999999974477e+02, 6.799819188932131908e+01
1.202499999999974420e+02, 6.806271072242763864e+01
1.203499999999974364e+02, 6.812731232553942107e+01
1.204499999999974307e+02, 6.819199675948512152e+01
1.205499999999974250e+02, 6.825676408477615098e+01
1.206499999999974193e+02, 6.832161436160581047e+01
1.207499999999974136e+02, 6.838654764984804046e+01
1.208499999999974079e+02, 6.845156400905646876e+01
1.209499999999974023e+02, 6.851666349846307469e+01
1.210499999999973966e+02, 6.858184617697716590e+01
1.211499999999973909e+02, 6.864711210318426993e+01
1.212499999999973852e+02, 6.871246133534492628e+01
1.213499999999973795e+02, 6.877789393139369167e+01
1.214499999999973738e+02, 6.884340994893788945e+01
1.215499999999973681e+02, 6.890900944525660066e+01
1.216499999999973625e+02, 6.897469247729959818e+01
1.217499999999973568e+02, 6.904045910168613887e+01
1.218499999999973511e+02, 6.910630937470394031e+01
1.219499999999973454e+02, 6.917224335230811505e+01
1.220499999999973397e+02, 6.923826109012003371e+01
1.221499999999973340e+02, 6.930436264342628760e+01
1.222499999999973284e+02, 6.937054806717765132e+01
1.223499999999973227e+02, 6.943681741598794588e+01
1.224499999999973170e+02, 6.950317074413304397e+01
1.225499999999973113e+02, 6.956960810554978991e+01
1.226499999999973056e+02, 6.963612955383494807e+01
1.227499999999972999e+02, 6.970273514224415123e+01
1.228499999999972943e+02, 6.976942492369097693e+01
1.229499999999972886e+02, 6.983619895074573947e+01
1.230499999999972829e+02, 6.990305727563459470e+01
1.231499999999972772e+02, 6.997000057518894778e+01
1.232499999999972715e+02, 7.003703252433423643e+01
1.233499999999972658e+02, 7.010415588304631740e+01
1.234499999999972601e+02, 7.017137341991123378e+01
1.235499999999972545e+02, 7.023868778872197538e+01
1.236499999999972488e+02, 7.030610006589169814e+01
1.237499999999972431e+02, 7.037361034508428759e+01
1.238499999999972374e+02, 7.044121871962884995e+01
1.239499999999972317e+02, 7.050892528251793578e+01
1.240499999999972260e+02, 7.057673012640562149e+01
1.241499999999972204e+02, 7.064463334360580404e+01
1.242499999999972147e+02, 7.071263502609026830e+01
1.243499999999972090e+02, 7.078073526548692485e+01
1.244499999999972033e+02, 7.084893415307809050e+01
1.245499999999971976e+02, 7.091723177979849879e+01
1.246499999999971919e+02, 7.098562823623359463e+01
1.247499999999971863e+02, 7.105412361261775800e+01
1.248499999999971806e+02, 7.112271799883245649e+01
1.249499999999971749e+02, 7.119141148440449740e+01
1.250499999999971692e+02, 7.126020415850420875e+01
1.251499999999971635e+02, 7.132909610994360605e+01
1.252499999999971578e+02, 7.139808742717480072e+01
1.253499999999971521e+02, 7.146717819828798213e+01
1.254499999999971465e+02, 7.153636851100981175e+01
1.255499999999971408e+02, 7.160565845270161844e+01
1.256499999999971351e+02, 7.167504811035759360e+01
1.257499999999971294e+02, 7.174453757060311432e+01
1.258499999999971237e+02, 7.181412691969295281e+01
1.259499999999971180e+02, 7.188381624350945742e+01
1.260499999999971124e+02, 7.195360562756098943e+01
1.261499999999971067e+02, 7.202349515698001881e+01
1.262499999999971010e+02, 7.209348491652147572e+01
1.263499999999970953e+02, 7.216357499056097424e+01
1.264499999999970896e+02, 7.223376546309317803e+01
1.265499999999970839e+02, 7.230405641773000980e+01
1.266499999999970782e+02, 7.237444793769894602e+01
1.267499999999970726e+02, 7.244494010584139687e+01
1.268499999999970669e+02, 7.251553300461085882e+01
1.269499999999970612e+02, 7.258622671607142252e+01
1.270499999999970555e+02, 7.265702132189586848e+01
1.271499999999970498e+02, 7.272791690336416082e+01
1.272499999999970441e+02, 7.279891354136168502e+01
1.273499999999970385e+02, 7.287001131637762796e+01
1.274499999999970328e+02, 7.294121030850324416e+01
1.275499999999970271e+02, 7.301251059743032101e+01
1.276499999999970214e+02, 7.308391226244935979e+01
1.277499999999970157e+02, 7.315541538244814035e+01
1.278499999999970100e+02, 7.322702003590985953e+01
1.279499999999970044e+02, 7.329872630091172425e+01
1.280499999999969987e+02, 7.337053425512316096e+01
1.281499999999969930e+02, 7.344244397580428085e+01
1.282499999999969873e+02, 7.351445553980424563e+01
1.283499999999969816e+02, 7.358656902355967588e+01
1.284499999999969759e+02, 7.365878450309301684e+01
1.285499999999969702e+02, 7.373110205401104622e+01
1.286499999999969646e+02, 7.380352175150316896e+01
1.287499999999969589e+02, 7.387604367033995345e+01
1.288499999999969532e+02, 7.394866788487145470e+01
1.289499999999969475e+02, 7.402139446902577902e+01
1.290499999999969418e+02, 7.409422349630743554e+01
1.291499999999969361e+02, 7.416715503979582991e+01
1.292499999999969305e+02, 7.424018917214371527e+01
1.293499999999969248e+02, 7.431332596557567172e+01
1.294499999999969191e+02, 7.438656549188661415e+01
1.295499999999969134e+02, 7.445990782244020068e+01
1.296499999999969077e+02, 7.453335302816736885e+01
1.297499999999969020e+02, 7.460690117956487200e+01
1.298499999999968963e+02, 7.468055234669380127e+01
1.299499999999968907e+02, 7.475430659917795140e+01
1.300499999999968850e+02, 7.482816400620254171e+01
1.301499999999968793e+02, 7.490212463651262453e+01
1.302499999999968736e+02, 7.497618855841170671e+01
1.303499999999968679e+02, 7.505035583976024327e+01
1.304499999999968622e+02, 7.512462654797418793e+01
1.305499999999968566e+02, 7.519900075002367146e+01
1.306499999999968509e+02, 7.527347851243141008e+01
1.307499999999968452e+02, 7.534805990127144071e+01
1.308499999999968395e+02, 7.542274498216761458e+01
1.309499999999968338e+02, 7.549753382029227566e+01
1.310499999999968281e+02, 7.557242648036478272e+01
1.311499999999968225e+02, 7.564742302665030138e+01
1.312499999999968168e+02, 7.572252352295814148e+01
1.313499999999968111e+02, 7.579772803264073389e+01
1.314499999999968054e+02, 7.587303661859203885e+01
1.315499999999967997e+02, 7.594844934324632391e+01
1.316499999999967940e+02, 7.602396626857671436e+01
1.317499999999967883e+02, 7.609958745609402797e+01
1.318499999999967827e+02, 7.617531296684532549e+01
1.319499999999967770e+02, 7.625114286141274533e+01
1.320499999999967713e+02, 7.632707719991199724e+01
1.321499999999967656e+02, 7.640311604199128226e+01
1.322499999999967599e+02, 7.647925944682991428e+01
1.323499999999967542e+02, 7.655550747313709792e+01
1.324499999999967486e+02, 7.663186017915059267e+01
1.325499999999967429e+02, 7.670831762263563292e+01
1.326499999999967372e+02, 7.678487986088349260e+01
1.327499999999967315e+02, 7.686154695071037679e+01
1.328499999999967258e+02, 7.693831894845617114e+01
1.329499999999967201e+02, 7.701519590998329079e+01
1.330499999999967145e+02, 7.709217789067540139e+01
1.331499999999967088e+02, 7.716926494543626802e+01
1.332499999999967031e+02, 7.724645712868861835e+01
1.333499999999966974e+02, 7.732375449437293469e+01
1.334499999999966917e+02, 7.740115709594626026e+01
1.335499999999966860e+02, 7.747866498638120447e+01
1.336499999999966803e+02, 7.755627821816463552e+01
1.337499999999966747e+02, 7.763399684329665718e+01
1.338499999999966690e+02, 7.771182091328950037e+01
1.339499999999966633e+02, 7.778975047916637209e+01
1.340499999999966576e+02, 7.786778559146037537e+01
1.341499999999966519e+02, 7.794592630021351454e+01
1.342499999999966462e+02, 7.802417265497550147e+01
1.343499999999966406e+02, 7.810252470480274667e+01
1.344499999999966349e+02, 7.818098249825737867e+01
1.345499999999966292e+02, 7.825954608340614982e+01
1.346499999999966235e+02, 7.833821550781937049e+01
1.347499999999966178e+02, 7.841699081856998532e+01
1.348499999999966121e+02, 7.849587206223253588e+01
1.349499999999966064e+02, 7.857485928488216587e+01
1.350499999999966008e+02, 7.865395253209364057e+01
1.351499999999965951e+02, 7.873315184894038055e+01
1.352499999999965894e+02, 7.881245727999349526e+01
1.353499999999965837e+02, 7.889186886932090204e+01
1.354499999999965780e+02, 7.897138666048631706e+01
1.355499999999965723e+02, 7.905101069654837431e+01
1.356499999999965667e+02, 7.913074102005970190e+01
1.357499999999965610e+02, 7.921057767306604092e+01
1.358499999999965553e+02, 7.929052069710535022e+01
1.359499999999965496e+02, 7.937057013320691112e+01
1.360499999999965439e+02, 7.945072602189055999e+01
1.361499999999965382e+02, 7.953098840316567930e+01
1.362499999999965326e+02, 7.961135731653051550e+01
1.363499999999965269e+02, 7.969183280097124111e+01
1.364499999999965212e+02, 7.977241489496122995e+01
1.365499999999965155e+02, 7.985310363646017606e+01
1.366499999999965098e+02, 7.993389910948033616e+01
1.367499999999965041e+02, 8.001480456265883845e+01
1.368499999999964984e+02, 8.009582297768871229e+01
1.369499999999964928e+02, 8.017695722003522008e+01
1.370499999999964871e+02, 8.025821016519508078e+01
1.371499999999964814e+02, 8.033958350133868009e+01
1.372499999999964757e+02, 8.042107763959718625e+01
1.373499999999964700e+02, 8.050269266543671165e+01
1.374499999999964643e+02, 8.058442866380019609e+01
1.375499999999964587e+02, 8.066628571910555934e+01
1.376499999999964530e+02, 8.074826391524402425e+01
1.377499999999964473e+02, 8.083036333557831199e+01
1.378499999999964416e+02, 8.091258406294087990e+01
1.379499999999964359e+02, 8.099492617963224461e+01
1.380499999999964302e+02, 8.107738976741916304e+01
1.381499999999964245e+02, 8.115997490753301236e+01
1.382499999999964189e+02, 8.124268168066805629e+01
1.383499999999964132e+02, 8.132551016697971136e+01
1.384499999999964075e+02, 8.140846044608292686e+01
1.385499999999964018e+02, 8.149153259705043695e+01
1.386499999999963961e+02, 8.157472669841126844e+01
1.387499999999963904e+02, 8.165804282814886506e+01
1.388499999999963848e+02, 8.174148106369960942e+01
1.389499999999963791e+02, 8.182504148195121729e+01
1.390499999999963734e+02, 8.190872415924097538e+01
1.391499999999963677e+02, 8.199252917135437713e+01
1.392499999999963620e+02, 8.207645659352323264e+01
1.393499999999963563e+02, 8.216050650042438974e+01
1.394499999999963507e+02, 8.224467896617801443e+01
1.395499999999963450e+02, 8.232897406434605614e+01
1.396499999999963393e+02, 8.241339186793075555e+01
1.397499999999963336e+02, 8.249793244937305303e+01
1.398499999999963279e+02, 8.258259588055116751e+01
1.399499999999963222e+02, 8.266738223277901909e+01
1.400499999999963165e+02, 8.275229157680477954e+01
1.401499999999963109e+02, 8.283732398280938014e+01
1.402499999999963052e+02, 8.292247952040510484e+01
1.403499999999962995e+02, 8.300775825863402702e+01
1.404499999999962938e+02, 8.309316026596671634e+01
1.405499999999962881e+02, 8.317868561030068975e+01
1.406499999999962824e+02, 8.326433435895913249e+01
1.407499999999962768e+02, 8.335010657868937756e+01
1.408499999999962711e+02, 8.343600233566162672e+01
1.409499999999962654e+02, 8.352202169546747257e+01
1.410499999999962597e+02, 8.360816472311866221e+01
1.411499999999962540e+02, 8.369443148304567615e+01
1.412499999999962483e+02, 8.378082203909644932e+01
1.413499999999962427e+02, 8.386733645453502106e+01
1.414499999999962370e+02, 8.395397479204021352e+01
1.415499999999962313e+02, 8.404073711370445210e+01
1.416499999999962256e+02, 8.412762348103235865e+01
1.417499999999962199e+02, 8.421463395493961457e+01
1.418499999999962142e+02, 8.430176859575158232e+01
1.419499999999962085e+02, 8.438902746320221127e+01
1.420499999999962029e+02, 8.447641061643274440e+01
1.421499999999961972e+02, 8.456391811399051051e+01
1.422499999999961915e+02, 8.465155001382781563e+01
1.423499999999961858e+02, 8.473930637330066418e+01
1.424499999999961801e+02, 8.482718724916769304e+01
1.425499999999961744e+02, 8.491519269758889266e+01
1.426499999999961688e+02, 8.500332277412471171e+01
1.427499999999961631e+02, 8.509157753373465027e+01
1.428499999999961574e+02, 8.517995703077643554e+01
1.429499999999961517e+02, 8.526846131900474290e+01
1.430499999999961460e+02, 8.535709045157018693e+01
1.431499999999961403e+02, 8.544584448101828400e+01
1.432499999999961346e+02, 8.553472345928841492e+01
1.433499999999961290e+02, 8.562372743771275907e+01
1.434499999999961233e+02, 8.571285646701529970e+01
1.435499999999961176e+02, 8.580211059731082912e+01
1.436499999999961119e+02, 8.589148987810399660e+01
1.437499999999961062e+02, 8.598099435828831361e+01
1.438499999999961005e+02, 8.607062408614515903e+01
1.439499999999960949e+02, 8.616037910934294075e+01
1.440499999999960892e+02, 8.625025947493610090e+01
1.441499999999960835e+02, 8.634026522936420633e+01
1.442499999999960778e+02, 8.643039641845113863e+01
1.443499999999960721e+02, 8.652065308740415617e+01
1.444499999999960664e+02, 8.661103528081299885e+01
1.445499999999960608e+02, 8.670154304264916334e+01
1.446499999999960551e+02, 8.679217641626489410e+01
1.447499999999960494e+02, 8.688293544439261495e+01
1.448499999999960437e+02, 8.697382016914390590e+01
1.449499999999960380e+02, 8.706483063200883521e+01
1.450499999999960323e+02, 8.715596687385519203e+01
1.451499999999960266e+02, 8.724722893492767639e+01
1.452499999999960210e+02, 8.733861685484724546e+01
1.453499999999960153e+02, 8.743013067261034621e+01
1.454499999999960096e+02, 8.752177042658819062e+01
1.455499999999960039e+02, 8.761353615452614463e+01
1.456499999999959982e+02, 8.770542789354297497e+01
1.457499999999959925e+02, 8.779744568013028072e+01
1.458499999999959869e+02, 8.788958955015174013e+01
1.459499999999959812e+02, 8.798185953884264165e+01
1.460499999999959755e+02, 8.807425568080911660e+01
1.461499999999959698e+02, 8.816677801002764170e+01
1.462499999999959641e+02, 8.825942655984451335e+01
1.463499999999959584e+02, 8.835220136297506599e+01
1.464499999999959527e+02, 8.844510245150348737e+01
1.465499999999959471e+02, 8.853812985688192327e+01
1.466499999999959414e+02, 8.863128360993022170e+01
1.467499999999959357e+02, 8.872456374083533603e+01
1.468499999999959300e+02, 8.881797027915082765e+01
1.469499999999959243e+02, 8.891150325379651065e+01
1.470499999999959186e+02, 8.900516269305788342e+01
1.471499999999959130e+02, 8.909894862458575915e+01
1.472499999999959073e+02, 8.919286107539586794e+01
1.473499999999959016e+02, 8.928690007186843047e+01
1.474499999999958959e+02, 8.938106563974780272e+01
1.475499999999958902e+02, 8.947535780414206386e+01
1.476499999999958845e+02, 8.956977658952274624e+01
1.477499999999958789e+02, 8.966432201972442328e+01
1.478499999999958732e+02, 8.975899411794443949e+01
1.479499999999958675e+02, 8.985379290674265462e+01
1.480499999999958618e+02, 8.994871874312539717e+01
1.481499999999958561e+02, 9.004377582681033232e+01
1.482499999999958504e+02, 9.013896723776431941e+01
1.483499999999958447e+02, 9.023429606728730334e+01
1.484499999999958391e+02, 9.032976541821999206e+01
1.485499999999958334e+02, 9.042537659722280807e+01
1.486499999999958277e+02, 9.052112970139314996e+01
1.487499999999958220e+02, 9.061702480779727864e+01
1.488499999999958163e+02, 9.071306199284857996e+01
1.489499999999958106e+02, 9.080924133230615780e+01
1.490499999999958050e+02, 9.090556290127339878e+01
1.491499999999957993e+02, 9.100202677419672170e+01
1.492499999999957936e+02, 9.109863302486414227e+01
1.493499999999957879e+02, 9.119538172640383777e+01
1.494499999999957822e+02, 9.129227295128301023e+01
1.495499999999957765e+02, 9.138930677130647950e+01
1.496499999999957708e+02, 9.148648325761537592e+01
1.497499999999957652e+02, 9.158380248068588969e+01
1.498499999999957595e+02, 9.168126451032800617e+01
1.499499999999957538e+02, 9.177886941568428369e+01
1.500499999999957481e+02, 9.187661726522857464e+01
1.501499999999957424e+02, 9.197450812676490273e+01
1.502499999999957367e+02, 9.207254206742611302e+01
1.503499999999957311e+02, 9.217071915367290558e+01
1.504499999999957254e+02, 9.226903945129249962e+01
1.505499999999957197e+02, 9.236750302539753932e+01
1.506499999999957140e+02, 9.246610994042504217e+01
1.507499999999957083e+02, 9.256486026013514845e+01
1.508499999999957026e+02, 9.266375404761016910e+01
1.509499999999956970e+02, 9.276279136525337776e+01
1.510499999999956913e+02, 9.286197227478807292e+01
1.511499999999956856e+02, 9.296129683725644099e+01
1.512499999999956799e+02, 9.306076511301859000e+01
1.513499999999956742e+02, 9.316037716175145533e+01
1.514499999999956685e+02, 9.326013304244794710e+01
1.515499999999956628e+02, 9.336003281341587012e+01
1.516499999999956572e+02, 9.346007653227695755e+01
1.517499999999956515e+02, 9.356026425596598983e+01
1.518499999999956458e+02, 9.366059604072982836e+01
1.519499999999956401e+02, 9.376107194212656282e+01
1.520499999999956344e+02, 9.386169201502457327e+01
1.521499999999956287e+02, 9.396245631360164907e+01
1.522499999999956231e+02, 9.406336489134415046e+01
1.523499999999956174e+02, 9.416441780104624115e+01
1.524499999999956117e+02, 9.426561509480895040e+01
1.525499999999956060e+02, 9.436695682403943408e+01
1.526499999999956003e+02, 9.446844303945023569e+01
1.527499999999955946e+02, 9.457007379105839107e+01
1.528499999999955890e+02, 9.467184912818484577e+01
1.529499999999955833e+02, 9.477376909945357397e+01
1.530499999999955776e+02, 9.487583375279095321e+01
1.531499999999955719e+02, 9.497804313542505383e+01
1.532499999999955662e+02, 9.508039729388495687e+01
1.533499999999955605e+02, 9.518289627400004349e+01
1.534499999999955548e+02, 9.528554012089946923e+01
1.535499999999955492e+02, 9.538832887901145341e+01
1.536499999999955435e+02, 9.549126259206263967e+01
1.537499999999955378e+02, 9.559434130307762700e+01
1.538499999999955321e+02, 9.569756505437830185e+01
1.539499999999955264e+02, 9.580093388758326967e+01
1.540499999999955207e+02, 9.590444784360745700e+01
1.541499999999955151e+02, 9.600810696266142941e+01
1.542499999999955094e+02, 9.611191128425099350e+01
1.543499999999955037e+02, 9.621586084717671383e+01
1.544499999999954980e+02, 9.631995568953335862e+01
1.545499999999954923e+02, 9.642419584870962979e+01
1.546499999999954866e+02, 9.652858136138745238e+01
1.547499999999954809e+02, 9.663311226354194616e+01
1.548499999999954753e+02, 9.673778859044070089e+01
1.549499999999954696e+02, 9.684261037664357730e+01
1.550499999999954639e+02, 9.694757765600230925e+01
1.551499999999954582e+02, 9.705269046166012004e+01
1.552499999999954525e+02, 9.715794882605149496e+01
1.553499999999954468e+02, 9.726335278090185454e+01
1.554499999999954412e+02, 9.736890235722721343e+01
1.555499999999954355e+02, 9.747459758533400986e+01
1.556499999999954298e+02, 9.758043849481870780e+01
1.557499999999954241e+02, 9.768642511456774002e+01
1.558499999999954184e+02, 9.779255747275726662e+01
1.559499999999954127e+02, 9.789883559685284808e+01
1.560499999999954071e+02, 9.800525951360944532e+01
1.561499999999954014e+02, 9.811182924907109282e+01
1.562499999999953957e+02, 9.821854482857096968e+01
1.563499999999953900e+02, 9.832540627673105860e+01
1.564499999999953843e+02, 9.843241361746220264e+01
1.565499999999953786e+02, 9.853956687396396319e+01
1.566499999999953729e+02, 9.864686606872457730e+01
1.567499999999953673e+02, 9.875431122352084401e+01
1.568499999999953616e+02, 9.886190235941813853e+01
1.569499999999953559e+02, 9.896963949677048333e+01
1.570499999999953502e+02, 9.907752265522036339e+01
1.571499999999953445e+02, 9.918555185369896776e+01
1.572499999999953388e+02, 9.929372711042606170e+01
1.573499999999953332e+02, 9.940204844291011455e+01
1.574499999999953275e+02, 9.951051586794841342e+01
1.575499999999953218e+02, 9.961912940162710584e+01
1.576499999999953161e+02, 9.972788905932131343e+01
1.577499999999953104e+02, 9.983679485569527401e+01
1.578499999999953047e+02, 9.994584754047603781e+01
1.579499999999952990e+02, 1.000550534496192228e+02
1.580499999999952934e+02, 1.001644172457796600e+02
1.581499999999952877e+02, 1.002739436112054960e+02
1.582499999999952820e+02, 1.003836371712690294e+02
1.583499999999952763e+02, 1.004934998060676463e+02
1.584499999999952706e+02, 1.006035316247160267e+02
1.585499999999952649e+02, 1.007137327356403205e+02
1.586499999999952593e+02, 1.008241032465765414e+02
1.587499999999952536e+02, 1.009346432645690754e+02
1.588499999999952479e+02, 1.010453528959689464e+02
1.589499999999952422e+02, 1.011562322464323529e+02
1.590499999999952365e+02, 1.012672814209190619e+02
1.591499999999952308e+02, 1.013785005236908887e+02
1.592499999999952252e+02, 1.014898896583102044e+02
1.593499999999952195e+02, 1.016014489276384012e+02
1.594499999999952138e+02, 1.017131784338344573e+02
1.595499999999952081e+02, 1.018250782783533595e+02
1.596499999999952024e+02, 1.019371485619447384e+02
1.597499999999951967e+02, 1.020493893846515192e+02
1.598499999999951910e+02, 1.021618008458082443e+02
1.599499999999951854e+02, 1.022743830440398938e+02
1.600499999999951797e+02, 1.023871360772604504e+02
1.601499999999951740e+02, 1.025000600426714499e+02
1.602499999999951683e+02, 1.026131550367606877e+02
1.603499999999951626e+02, 1.027264211553008977e+02
1.604499999999951569e+02, 1.028398584933484301e+02
1.605499999999951513e+02, 1.029534671452418593e+02
1.606499999999951456e+02, 1.030672472046008181e+02
1.607499999999951399e+02, 1.031811987643246340e+02
1.608499999999951342e+02, 1.032953219165911776e+02
1.609499999999951285e+02, 1.034096167528554702e+02
1.610499999999951228e+02, 1.035240833638486748e+02
1.611499999999951172e+02, 1.036387218395766894e+02
1.612499999999951115e+02, 1.037535322693190665e+02
1.613499999999951058e+02, 1.038685147416278767e+02
1.614499999999951001e+02, 1.039836693443264579e+02
1.615499999999950944e+02, 1.040989961645083639e+02
1.616499999999950887e+02, 1.042144952885362557e+02
1.617499999999950830e+02, 1.043301668020406936e+02
1.618499999999950774e+02, 1.044460107899191854e+02
1.619499999999950717e+02, 1.045620273363350492e+02
1.620499999999950660e+02, 1.046782165247164187e+02
1.621499999999950603e+02, 1.047945784377551917e+02
1.622499999999950546e+02, 1.049111131574059357e+02
1.623499999999950489e+02, 1.050278207648850355e+02
1.624499999999950433e+02, 1.051447013406696129e+02
1.625499999999950376e+02, 1.052617549644966886e+02
1.626499999999950319e+02, 1.053789817153620731e+02
1.627499999999950262e+02, 1.054963816715195435e+02
1.628499999999950205e+02, 1.056139549104799897e+02
1.629499999999950148e+02, 1.057317015090104064e+02
1.630499999999950091e+02, 1.058496215431330683e+02
1.631499999999950035e+02, 1.059677150881247627e+02
1.632499999999949978e+02, 1.060859822185157810e+02
1.633499999999949921e+02, 1.062044230080893499e+02
1.634499999999949864e+02, 1.063230375298805228e+02
1.635499999999949807e+02, 1.064418258561756829e+02
1.636499999999949750e+02, 1.065607880585115907e+02
1.637499999999949694e+02, 1.066799242076748158e+02
1.638499999999949637e+02, 1.067992343737007417e+02
1.639499999999949580e+02, 1.069187186258731543e+02
1.640499999999949523e+02, 1.070383770327233748e+02
1.641499999999949466e+02, 1.071582096620296198e+02
1.642499999999949409e+02, 1.072782165808163768e+02
1.643499999999949353e+02, 1.073983978553537213e+02
1.644499999999949296e+02, 1.075187535511567205e+02
1.645499999999949239e+02, 1.076392837329848362e+02
1.646499999999949182e+02, 1.077599884648413564e+02
1.647499999999949125e+02, 1.078808678099728553e+02
1.648499999999949068e+02, 1.080019218308684827e+02
1.649499999999949011e+02, 1.081231505892596090e+02
1.650499999999948955e+02, 1.082445541461193557e+02
1.651499999999948898e+02, 1.083661325616618853e+02
1.652499999999948841e+02, 1.084878858953421172e+02
1.653499999999948784e+02, 1.086098142058551730e+02
1.654499999999948727e+02, 1.087319175511359788e+02
1.655499999999948670e+02, 1.088541959883588106e+02
1.656499999999948614e+02, 1.089766495739369674e+02
1.657499999999948557e+02, 1.090992783635223020e+02
1.658499999999948500e+02, 1.092220824120048945e+02
1.659499999999948443e+02, 1.093450617735126968e+02
1.660499999999948386e+02, 1.094682165014111774e+02
1.661499999999948329e+02, 1.095915466483030656e+02
1.662499999999948272e+02, 1.097150522660279961e+02
1.663499999999948216e+02, 1.098387334056623246e+02
