0.000000000000000000e+00, 9.149999999999998579e+00
1.000000000000000021e-03, 9.155157306137011730e+00
2.000000000000000042e-03, 9.160308085618973806e+00
3.000000000000000062e-03, 9.165452358781967845e+00
4.000000000000000083e-03, 9.170590145859510045e+00
5.000000000000000104e-03, 9.175721466983263852e+00
6.000000000000000125e-03, 9.180846342183754061e+00
7.000000000000000146e-03, 9.185964791391073803e+00
8.000000000000000167e-03, 9.191076834435584431e+00
9.000000000000001055e-03, 9.196182491048604746e+00
1.000000000000000194e-02, 9.201281780863103776e+00
1.100000000000000283e-02, 9.206374723414377570e+00
1.200000000000000372e-02, 9.211461338140724209e+00
1.300000000000000461e-02, 9.216541644384117049e+00
1.400000000000000550e-02, 9.221615661390861973e+00
1.500000000000000638e-02, 9.226683408312259971e+00
1.600000000000000727e-02, 9.231744904205255509e+00
1.700000000000000816e-02, 9.236800168033081349e+00
1.800000000000000905e-02, 9.241849218665901589e+00
1.900000000000000994e-02, 9.246892074881444046e+00
2.000000000000001082e-02, 9.251928755365629087e+00
2.100000000000001171e-02, 9.256959278713196682e+00
2.200000000000001260e-02, 9.261983663428319247e+00
2.300000000000001349e-02, 9.267001927925216265e+00
2.400000000000001438e-02, 9.272014090528761798e+00
2.500000000000001527e-02, 9.277020169475088451e+00
2.600000000000001615e-02, 9.282020182912182449e+00
2.700000000000001704e-02, 9.287014148900473387e+00
2.800000000000001793e-02, 9.292002085413423984e+00
2.900000000000001882e-02, 9.296984010338109172e+00
3.000000000000001971e-02, 9.301959941475796967e+00
3.100000000000002059e-02, 9.306929896542516900e+00
3.200000000000002148e-02, 9.311893893169624903e+00
3.300000000000002237e-02, 9.316851948904369962e+00
3.400000000000002326e-02, 9.321804081210448345e+00
3.500000000000002415e-02, 9.326750307468556045e+00
3.600000000000002504e-02, 9.331690644976937676e+00
3.700000000000002592e-02, 9.336625110951930040e+00
3.800000000000002681e-02, 9.341553722528498582e+00
3.900000000000002770e-02, 9.346476496760773855e+00
4.000000000000002859e-02, 9.351393450622580872e+00
4.100000000000002948e-02, 9.356304601007961352e+00
4.200000000000003036e-02, 9.361209964731697752e+00
4.300000000000003125e-02, 9.366109558529828405e+00
4.400000000000003214e-02, 9.371003399060157335e+00
4.500000000000003303e-02, 9.375891502902767627e+00
4.600000000000003392e-02, 9.380773886560518804e+00
4.700000000000003481e-02, 9.385650566459549538e+00
4.800000000000003569e-02, 9.390521558949773251e+00
4.900000000000003658e-02, 9.395386880305366617e+00
5.000000000000003747e-02, 9.400246546725259833e+00
1.500000000000000500e-01, 9.885649307560997912e+00
2.500000000000000555e-01, 1.031918404586764026e+01
3.500000000000000888e-01, 1.070974547467601212e+01
4.500000000000000666e-01, 1.106604040468224248e+01
5.500000000000000444e-01, 1.139491734163055092e+01
6.500000000000000222e-01, 1.170122252365582050e+01
7.500000000000000000e-01, 1.198853660310737901e+01
8.499999999999999778e-01, 1.225959470532542106e+01
9.499999999999999556e-01, 1.251512314489762545e+01
1.050000000000000044e+00, 1.275720829708136428e+01
1.150000000000000133e+00, 1.298755842610675337e+01
1.250000000000000222e+00, 1.320755184475592614e+01
1.350000000000000311e+00, 1.341831988258563690e+01
1.450000000000000400e+00, 1.362080476069381163e+01
1.550000000000000488e+00, 1.381580108578052268e+01
1.650000000000000577e+00, 1.400398630660300547e+01
1.750000000000000666e+00, 1.418593004119814616e+01
1.850000000000000755e+00, 1.436157831952269426e+01
1.950000000000000844e+00, 1.453148118120347121e+01
2.050000000000000711e+00, 1.469611406182935909e+01
2.150000000000000799e+00, 1.485589123668640710e+01
2.250000000000000888e+00, 1.501117629689614574e+01
2.350000000000000977e+00, 1.516229042250562919e+01
2.450000000000001066e+00, 1.530951899437082098e+01
2.550000000000001155e+00, 1.545311693570297962e+01
2.650000000000001243e+00, 1.559331306977441400e+01
2.750000000000001332e+00, 1.573031370683253094e+01
2.850000000000001421e+00, 1.586430562074881401e+01
2.950000000000001510e+00, 1.599545853781685523e+01
3.050000000000001599e+00, 1.612392723208427370e+01
3.150000000000001688e+00, 1.624962231314324868e+01
3.250000000000001776e+00, 1.637269378253429863e+01
3.350000000000001865e+00, 1.649328639165956290e+01
3.450000000000001954e+00, 1.661153233675264218e+01
3.550000000000002043e+00, 1.672755273031659584e+01
3.650000000000002132e+00, 1.684145885786888641e+01
3.750000000000002220e+00, 1.695335325711496566e+01
3.850000000000002309e+00, 1.706333064931068222e+01
3.950000000000002398e+00, 1.717147874684819087e+01
4.050000000000002487e+00, 1.727787895660995687e+01
4.150000000000002132e+00, 1.738260699508698437e+01
4.250000000000001776e+00, 1.748573342843267753e+01
4.350000000000001421e+00, 1.758732414835976243e+01
4.450000000000001066e+00, 1.768744079296142502e+01
4.550000000000000711e+00, 1.778614112005585923e+01
4.650000000000000355e+00, 1.788347933944374191e+01
4.750000000000000000e+00, 1.797950640947554390e+01
4.849999999999999645e+00, 1.807427030250688205e+01
4.949999999999999289e+00, 1.816773191682316835e+01
5.049999999999998934e+00, 1.825991842331224646e+01
5.149999999999998579e+00, 1.835087813106499510e+01
5.249999999999998224e+00, 1.844065646536347813e+01
5.349999999999997868e+00, 1.852929620245633657e+01
5.449999999999997513e+00, 1.861683768031829089e+01
5.549999999999997158e+00, 1.870331898833112660e+01
5.649999999999996803e+00, 1.878877613840796812e+01
5.749999999999996447e+00, 1.887324321973342123e+01
5.849999999999996092e+00, 1.895675253899772628e+01
5.949999999999995737e+00, 1.903933474775361745e+01
6.049999999999995381e+00, 1.912101895831274589e+01
6.149999999999995026e+00, 1.920183284941776236e+01
6.249999999999994671e+00, 1.928180276277160488e+01
6.349999999999994316e+00, 1.936095379137275430e+01
6.449999999999993960e+00, 1.943930986049104703e+01
6.549999999999993605e+00, 1.951689380201989721e+01
6.649999999999993250e+00, 1.959372742285538749e+01
6.749999999999992895e+00, 1.966983156787848586e+01
6.849999999999992539e+00, 1.974522617805202529e+01
6.949999999999992184e+00, 1.981993034408776921e+01
7.049999999999991829e+00, 1.989396235608951002e+01
7.149999999999991473e+00, 1.996733974953490076e+01
7.249999999999991118e+00, 2.004007934792070600e+01
7.349999999999990763e+00, 2.011266549501861434e+01
7.449999999999990408e+00, 2.018433350114323233e+01
7.549999999999990052e+00, 2.025512155969830985e+01
7.649999999999989697e+00, 2.032506535229083866e+01
7.749999999999989342e+00, 2.039419827445935951e+01
7.849999999999988987e+00, 2.046255163595003523e+01
7.949999999999988631e+00, 2.053015483896546201e+01
8.049999999999988276e+00, 2.059703553727910119e+01
8.149999999999987921e+00, 2.066321977866934745e+01
8.249999999999987566e+00, 2.072873213276351123e+01
8.349999999999987210e+00, 2.079359580607907532e+01
8.449999999999986855e+00, 2.085783274579631552e+01
8.549999999999986500e+00, 2.092146373358358957e+01
8.649999999999986144e+00, 2.098450847061720026e+01
8.749999999999985789e+00, 2.104698565478591732e+01
8.849999999999985434e+00, 2.110891305094119730e+01
8.949999999999985079e+00, 2.117030755494420546e+01
9.049999999999984723e+00, 2.123118525216660402e+01
9.149999999999984368e+00, 2.129156147102141716e+01
9.249999999999984013e+00, 2.135145083203072147e+01
9.349999999999983658e+00, 2.141086729287698276e+01
9.449999999999983302e+00, 2.146982418983285257e+01
9.549999999999982947e+00, 2.152833427591921378e+01
9.649999999999982592e+00, 2.158640975610194701e+01
9.749999999999982236e+00, 2.164406231980369810e+01
9.849999999999981881e+00, 2.170130317097692796e+01
9.949999999999981526e+00, 2.175814305595823583e+01
1.004999999999998117e+01, 2.181459228930092564e+01
1.014999999999998082e+01, 2.187066077776237805e+01
1.024999999999998046e+01, 2.192635804260485699e+01
1.034999999999998010e+01, 2.198169324035253425e+01
1.044999999999997975e+01, 2.203667518213341481e+01
1.054999999999997939e+01, 2.209131235172234042e+01
1.064999999999997904e+01, 2.214561292239019252e+01
1.074999999999997868e+01, 2.219958477265442909e+01
1.084999999999997833e+01, 2.225323550101732550e+01
1.094999999999997797e+01, 2.230657243977031712e+01
1.104999999999997762e+01, 2.235960266793581397e+01
1.114999999999997726e+01, 2.241233302341144906e+01
1.124999999999997691e+01, 2.246477011437606919e+01
1.134999999999997655e+01, 2.251692033001157256e+01
1.144999999999997620e+01, 2.256878985059012876e+01
1.154999999999997584e+01, 2.262038465697209233e+01
1.164999999999997549e+01, 2.267171053955616955e+01
1.174999999999997513e+01, 2.272277310671995210e+01
1.184999999999997478e+01, 2.277357779278587557e+01
1.194999999999997442e+01, 2.282412986554477996e+01
1.204999999999997407e+01, 2.287443443336680104e+01
1.214999999999997371e+01, 2.292449645192686347e+01
1.224999999999997335e+01, 2.297432073057005297e+01
1.234999999999997300e+01, 2.302391193834015226e+01
1.244999999999997264e+01, 2.307327460969286648e+01
1.254999999999997229e+01, 2.312241314991366892e+01
1.264999999999997193e+01, 2.317133184025873760e+01
1.274999999999997158e+01, 2.322003484283607477e+01
1.284999999999997122e+01, 2.326852620524267579e+01
1.294999999999997087e+01, 2.331680986497251951e+01
1.304999999999997051e+01, 2.336488965360904047e+01
1.314999999999997016e+01, 2.341276930081482988e+01
1.324999999999996980e+01, 2.346045243813046355e+01
1.334999999999996945e+01, 2.350794260259344171e+01
1.344999999999996909e+01, 2.355524324018759685e+01
1.354999999999996874e+01, 2.360235770913254072e+01
1.364999999999996838e+01, 2.364928928302215994e+01
1.374999999999996803e+01, 2.369604115382050935e+01
1.384999999999996767e+01, 2.374261643472296157e+01
1.394999999999996732e+01, 2.378901816288994908e+01
1.404999999999996696e+01, 2.383524930206015213e+01
1.414999999999996660e+01, 2.388131274504958057e+01
1.424999999999996625e+01, 2.392721131614258212e+01
1.434999999999996589e+01, 2.397294777338042238e+01
1.444999999999996554e+01, 2.401852481075276202e+01
1.454999999999996518e+01, 2.406394506029700864e+01
1.464999999999996483e+01, 2.410921109411025398e+01
1.474999999999996447e+01, 2.415432542627818435e+01
1.484999999999996412e+01, 2.419929051472511006e+01
1.494999999999996376e+01, 2.424410876298905038e+01
1.504999999999996341e+01, 2.428878252192552978e+01
1.514999999999996305e+01, 2.433331409134354573e+01
1.524999999999996270e+01, 2.437770572157700855e+01
1.534999999999996234e+01, 2.442195961499470869e+01
1.544999999999996199e+01, 2.446607792745174237e+01
1.554999999999996163e+01, 2.451006276968514896e+01
1.564999999999996128e+01, 2.455391620865634295e+01
1.574999999999996092e+01, 2.459764026884280241e+01
1.584999999999996056e+01, 2.464123693348135902e+01
1.594999999999996021e+01, 2.468470814576527061e+01
1.604999999999996163e+01, 2.472805580999714792e+01
1.614999999999996305e+01, 2.477128179269973884e+01
1.624999999999996447e+01, 2.481438792368641799e+01
1.634999999999996589e+01, 2.485737599709315759e+01
1.644999999999996732e+01, 2.490024777237366393e+01
1.654999999999996874e+01, 2.494300497525926374e+01
1.664999999999997016e+01, 2.498564929868507534e+01
1.674999999999997158e+01, 2.502818240368387848e+01
1.684999999999997300e+01, 2.507060592024906853e+01
1.694999999999997442e+01, 2.511292144816796679e+01
1.704999999999997584e+01, 2.515513055782676233e+01
1.714999999999997726e+01, 2.519723479098820818e+01
1.724999999999997868e+01, 2.523923566154323694e+01
1.734999999999998010e+01, 2.528113465623751921e+01
1.744999999999998153e+01, 2.532293323537401264e+01
1.754999999999998295e+01, 2.536463283349243270e+01
1.764999999999998437e+01, 2.540623486002657927e+01
1.774999999999998579e+01, 2.544774069994041810e+01
1.784999999999998721e+01, 2.548915171434369498e+01
1.794999999999998863e+01, 2.553046924108794258e+01
1.804999999999999005e+01, 2.557169459534359746e+01
1.814999999999999147e+01, 2.561282907015896981e+01
1.824999999999999289e+01, 2.565387393700175522e+01
1.834999999999999432e+01, 2.569483044628375623e+01
1.844999999999999574e+01, 2.573569982786944266e+01
1.854999999999999716e+01, 2.577648329156894036e+01
1.864999999999999858e+01, 2.581718202761605951e+01
1.875000000000000000e+01, 2.585779720713188468e+01
1.885000000000000142e+01, 2.589832998257445951e+01
1.895000000000000284e+01, 2.593878148817510265e+01
1.905000000000000426e+01, 2.597915284036179528e+01
1.915000000000000568e+01, 2.601944513817013416e+01
1.925000000000000711e+01, 2.605965946364228003e+01
1.935000000000000853e+01, 2.609979688221434202e+01
1.945000000000000995e+01, 2.613985844309258866e+01
1.955000000000001137e+01, 2.617984517961888358e+01
1.965000000000001279e+01, 2.621975810962572595e+01
1.975000000000001421e+01, 2.625959823578125452e+01
1.985000000000001563e+01, 2.629936654592454559e+01
1.995000000000001705e+01, 2.633906401339155678e+01
2.005000000000001847e+01, 2.637869159733202906e+01
2.015000000000001990e+01, 2.641825024301762781e+01
2.025000000000002132e+01, 2.645774088214166397e+01
2.035000000000002274e+01, 2.649716443311062974e+01
2.045000000000002416e+01, 2.653652180132784721e+01
2.055000000000002558e+01, 2.657581387946948226e+01
2.065000000000002700e+01, 2.661504154775316167e+01
2.075000000000002842e+01, 2.665420567419945996e+01
2.085000000000002984e+01, 2.669330711488647268e+01
2.095000000000003126e+01, 2.673234671419768205e+01
2.105000000000003268e+01, 2.677132530506336394e+01
2.115000000000003411e+01, 2.681024370919570643e+01
2.125000000000003553e+01, 2.684910273731787456e+01
2.135000000000003695e+01, 2.688790318938716695e+01
2.145000000000003837e+01, 2.692664585481250228e+01
2.155000000000003979e+01, 2.696533151266635997e+01
2.165000000000004121e+01, 2.700396093189139179e+01
2.175000000000004263e+01, 2.704253487150182167e+01
2.185000000000004405e+01, 2.708105408077984677e+01
2.195000000000004547e+01, 2.711951929946713236e+01
2.205000000000004690e+01, 2.715793125795160989e+01
2.215000000000004832e+01, 2.719629067744966378e+01
2.225000000000004974e+01, 2.723459827018388779e+01
2.235000000000005116e+01, 2.727285473955650374e+01
2.245000000000005258e+01, 2.731106078031862339e+01
2.255000000000005400e+01, 2.734921707873541763e+01
2.265000000000005542e+01, 2.738732431274734225e+01
2.275000000000005684e+01, 2.742538315212754796e+01
2.285000000000005826e+01, 2.746339425863555661e+01
2.295000000000005969e+01, 2.750135828616732425e+01
2.305000000000006111e+01, 2.753927588090179768e+01
2.315000000000006253e+01, 2.757714768144406747e+01
2.325000000000006395e+01, 2.761497431896518862e+01
2.335000000000006537e+01, 2.765275641733880008e+01
2.345000000000006679e+01, 2.769049459327461449e+01
2.355000000000006821e+01, 2.772818945644884536e+01
2.365000000000006963e+01, 2.776584160963170334e+01
2.375000000000007105e+01, 2.780345164881200049e+01
2.385000000000007248e+01, 2.784102016331895868e+01
2.395000000000007390e+01, 2.787854773594130720e+01
2.405000000000007532e+01, 2.791603494304372646e+01
2.415000000000007674e+01, 2.795348235468071962e+01
2.425000000000007816e+01, 2.799089053470797595e+01
2.435000000000007958e+01, 2.802826004089130763e+01
2.445000000000008100e+01, 2.806559142501320281e+01
2.455000000000008242e+01, 2.810288523297706931e+01
2.465000000000008384e+01, 2.814014200490923656e+01
2.475000000000008527e+01, 2.817736227525877268e+01
2.485000000000008669e+01, 2.821454657289514856e+01
2.495000000000008811e+01, 2.825169542120385557e+01
2.505000000000008953e+01, 2.828880933817997345e+01
2.515000000000009095e+01, 2.832588883651978762e+01
2.525000000000009237e+01, 2.836293442371047746e+01
2.535000000000009379e+01, 2.839994660211793231e+01
2.545000000000009521e+01, 2.843692586907275910e+01
2.555000000000009663e+01, 2.847387271695449940e+01
2.565000000000009805e+01, 2.851078763327411281e+01
2.575000000000009948e+01, 2.854767110075478698e+01
2.585000000000010090e+01, 2.858452359741109206e+01
2.595000000000010232e+01, 2.862134559662653643e+01
2.605000000000010374e+01, 2.865813756722954508e+01
2.615000000000010516e+01, 2.869489997356792088e+01
2.625000000000010658e+01, 2.873163327558182445e+01
2.635000000000010800e+01, 2.876833792887528674e+01
2.645000000000010942e+01, 2.880501438478631115e+01
2.655000000000011084e+01, 2.884166309045559018e+01
2.665000000000011227e+01, 2.887828448889388611e+01
2.675000000000011369e+01, 2.891487901904806890e+01
2.685000000000011511e+01, 2.895144711586589281e+01
2.695000000000011653e+01, 2.898798921035951182e+01
2.705000000000011795e+01, 2.902450572966776221e+01
2.715000000000011937e+01, 2.906099709711725509e+01
2.725000000000012079e+01, 2.909746373228230354e+01
2.735000000000012221e+01, 2.913390605104370223e+01
2.745000000000012363e+01, 2.917032446564639869e+01
2.755000000000012506e+01, 2.920671938475607732e+01
2.765000000000012648e+01, 2.924309121351467766e+01
2.775000000000012790e+01, 2.927944035359486818e+01
2.785000000000012932e+01, 2.931576720325351815e+01
2.795000000000013074e+01, 2.935207215738417474e+01
2.805000000000013216e+01, 2.938835560756856324e+01
2.815000000000013358e+01, 2.942461794212714210e+01
2.825000000000013500e+01, 2.946085954616874858e+01
2.835000000000013642e+01, 2.949708080163931356e+01
2.845000000000013785e+01, 2.953328208736971305e+01
2.855000000000013927e+01, 2.956946377912274926e+01
2.865000000000014069e+01, 2.960562624963927547e+01
2.875000000000014211e+01, 2.964176986868351094e+01
2.885000000000014353e+01, 2.967789500308753503e+01
2.895000000000014495e+01, 2.971400201679499986e+01
2.905000000000014637e+01, 2.975009127090405414e+01
2.915000000000014779e+01, 2.978616312370952457e+01
2.925000000000014921e+01, 2.982221793074435823e+01
2.935000000000015064e+01, 2.985825604482032603e+01
2.945000000000015206e+01, 2.989427781606802981e+01
2.955000000000015348e+01, 2.993028359197621313e+01
2.965000000000015490e+01, 2.996627371743038637e+01
2.975000000000015632e+01, 3.000224853475080167e+01
2.985000000000015774e+01, 3.003820620087445192e+01
2.995000000000015916e+01, 3.007411446897104312e+01
3.005000000000016058e+01, 3.010997399482652170e+01
3.015000000000016200e+01, 3.014578542552508367e+01
3.025000000000016342e+01, 3.018154939962093408e+01
3.035000000000016485e+01, 3.021726654730575845e+01
3.045000000000016627e+01, 3.025293749057205162e+01
3.055000000000016769e+01, 3.028856284337238591e+01
3.065000000000016911e+01, 3.032414321177479621e+01
3.075000000000017053e+01, 3.035967919411436000e+01
3.085000000000017195e+01, 3.039517138114108619e+01
3.095000000000017337e+01, 3.043062035616424055e+01
3.105000000000017479e+01, 3.046602669519321083e+01
3.115000000000017621e+01, 3.050139096707497899e+01
3.125000000000017764e+01, 3.053671373362834984e+01
3.135000000000017906e+01, 3.057199554977498934e+01
3.145000000000018048e+01, 3.060723696366739688e+01
3.155000000000018190e+01, 3.064243851681385422e+01
3.165000000000018332e+01, 3.067760074420048610e+01
3.175000000000018474e+01, 3.071272417441049640e+01
3.185000000000018616e+01, 3.074780932974063319e+01
3.195000000000018758e+01, 3.078285672631500702e+01
3.205000000000018900e+01, 3.081786687419629800e+01
3.215000000000019043e+01, 3.085284027749444391e+01
3.225000000000019185e+01, 3.088777743447286994e+01
3.235000000000019327e+01, 3.092267883765233805e+01
3.245000000000019469e+01, 3.095754497391246218e+01
3.255000000000019611e+01, 3.099237632459097824e+01
3.265000000000019753e+01, 3.102717336558080419e+01
3.275000000000019895e+01, 3.106193656742497211e+01
3.285000000000020037e+01, 3.109666639540946775e+01
3.295000000000020179e+01, 3.113136330965404852e+01
3.305000000000020322e+01, 3.116602776520109686e+01
3.315000000000020464e+01, 3.120066021210254092e+01
3.325000000000020606e+01, 3.123526109550491725e+01
3.335000000000020748e+01, 3.126983085573260013e+01
3.345000000000020890e+01, 3.130436992836926535e+01
3.355000000000021032e+01, 3.133887874433763443e+01
3.365000000000021174e+01, 3.137335772997751704e+01
3.375000000000021316e+01, 3.140780730712222990e+01
3.385000000000021458e+01, 3.144222789317340983e+01
3.395000000000021600e+01, 3.147661990117427067e+01
3.405000000000021743e+01, 3.151098373988134682e+01
3.415000000000021885e+01, 3.154531981383475170e+01
3.425000000000022027e+01, 3.157962852342700089e+01
3.435000000000022169e+01, 3.161391026497042134e+01
3.445000000000022311e+01, 3.164816543076319277e+01
3.455000000000022453e+01, 3.168239440915405325e+01
3.465000000000022595e+01, 3.171659758460569378e+01
3.475000000000022737e+01, 3.175077533775689176e+01
3.485000000000022879e+01, 3.178492804548339734e+01
3.495000000000023022e+01, 3.181905608095759774e+01
3.505000000000023164e+01, 3.185315981370702332e+01
3.515000000000023306e+01, 3.188723960967168125e+01
3.525000000000023448e+01, 3.192129583126026304e+01
3.535000000000023590e+01, 3.195532883740526486e+01
3.545000000000023732e+01, 3.198933898361703854e+01
3.555000000000023874e+01, 3.202332662203676961e+01
3.565000000000024016e+01, 3.205729210148846420e+01
3.575000000000024158e+01, 3.209123576752990914e+01
3.585000000000024301e+01, 3.212515796250269062e+01
3.595000000000024443e+01, 3.215905902558121454e+01
3.605000000000024585e+01, 3.219293929282084576e+01
3.615000000000024727e+01, 3.222679909720510949e+01
3.625000000000024869e+01, 3.226063876869199731e+01
3.635000000000025011e+01, 3.229445863425943486e+01
3.645000000000025153e+01, 3.232825901794987544e+01
3.655000000000025295e+01, 3.236204024091407661e+01
3.665000000000025437e+01, 3.239580262145406664e+01
3.675000000000025580e+01, 3.242954647506532240e+01
3.685000000000025722e+01, 3.246327211447816552e+01
3.695000000000025864e+01, 3.249697984969839837e+01
3.705000000000026006e+01, 3.253066998804721521e+01
3.715000000000026148e+01, 3.256434283420038156e+01
3.725000000000026290e+01, 3.259799869022671004e+01
3.735000000000026432e+01, 3.263163785562582575e+01
3.745000000000026574e+01, 3.266526062736528502e+01
3.755000000000026716e+01, 3.269886729991701202e+01
3.765000000000026859e+01, 3.273245816529309593e+01
3.775000000000027001e+01, 3.276603351308094858e+01
3.785000000000027143e+01, 3.279959363047785104e+01
3.795000000000027285e+01, 3.283313880232487492e+01
3.805000000000027427e+01, 3.286666931114024237e+01
3.815000000000027569e+01, 3.290018543715207500e+01
3.825000000000027711e+01, 3.293368745833058142e+01
3.835000000000027853e+01, 3.296717565041969777e+01
3.845000000000027995e+01, 3.300065028696817393e+01
3.855000000000028137e+01, 3.303411163936014106e+01
3.865000000000028280e+01, 3.306755997684512494e+01
3.875000000000028422e+01, 3.310099556656759034e+01
3.885000000000028564e+01, 3.313441867359595250e+01
3.895000000000028706e+01, 3.316782956095109824e+01
3.905000000000028848e+01, 3.320122848963445961e+01
3.915000000000028990e+01, 3.323461571865558284e+01
3.925000000000029132e+01, 3.326799150505923564e+01
3.935000000000029274e+01, 3.330135610395209511e+01
3.945000000000029416e+01, 3.333470976852895973e+01
3.955000000000029559e+01, 3.336805275009855620e+01
3.965000000000029701e+01, 3.340138529810889167e+01
3.975000000000029843e+01, 3.343470766017220797e+01
3.985000000000029985e+01, 3.346802008208953083e+01
3.995000000000030127e+01, 3.350132280787480710e+01
4.005000000000030269e+01, 3.353461607977866521e+01
4.015000000000030411e+01, 3.356790013831177788e+01
4.025000000000030553e+01, 3.360117522226784814e+01
4.035000000000030695e+01, 3.363444156874623303e+01
4.045000000000030838e+01, 3.366769941317421200e+01
4.055000000000030980e+01, 3.370094898932889294e+01
4.065000000000031122e+01, 3.373419052935875584e+01
4.075000000000031264e+01, 3.376742426380486961e+01
4.085000000000031406e+01, 3.380065042162179623e+01
4.095000000000031548e+01, 3.383386923019812542e+01
4.105000000000031690e+01, 3.386708091537669674e+01
4.115000000000031832e+01, 3.390028570147453735e+01
4.125000000000031974e+01, 3.393348381130245173e+01
4.135000000000032117e+01, 3.396667546618434130e+01
4.145000000000032259e+01, 3.399986088597618306e+01
4.155000000000032401e+01, 3.403304028908475232e+01
4.165000000000032543e+01, 3.406621389248606135e+01
4.175000000000032685e+01, 3.409938191174347821e+01
4.185000000000032827e+01, 3.413254456102559686e+01
4.195000000000032969e+01, 3.416570205312385156e+01
4.205000000000033111e+01, 3.419885459946981854e+01
4.215000000000033253e+01, 3.423200241015229750e+01
4.225000000000033396e+01, 3.426514569393412302e+01
4.235000000000033538e+01, 3.429828465826871309e+01
4.245000000000033680e+01, 3.433141950931638320e+01
4.255000000000033822e+01, 3.436455045196041880e+01
4.265000000000033964e+01, 3.439767768982289198e+01
4.275000000000034106e+01, 3.443080142528028631e+01
4.285000000000034248e+01, 3.446392185947882325e+01
4.295000000000034390e+01, 3.449703919234962513e+01
4.305000000000034532e+01, 3.453015362262363652e+01
4.315000000000034674e+01, 3.456326534784631122e+01
4.325000000000034817e+01, 3.459637456439210013e+01
4.335000000000034959e+01, 3.462948146747873324e+01
4.345000000000035101e+01, 3.466258625118128833e+01
4.355000000000035243e+01, 3.469568910844605369e+01
4.365000000000035385e+01, 3.472879023110419894e+01
4.375000000000035527e+01, 3.476188980988524690e+01
4.385000000000035669e+01, 3.479498803443034660e+01
4.395000000000035811e+01, 3.482808509330537561e+01
4.405000000000035953e+01, 3.486118117401383643e+01
4.415000000000036096e+01, 3.489427646300958230e+01
4.425000000000036238e+01, 3.492737114570935120e+01
4.435000000000036380e+01, 3.496046540650514345e+01
4.445000000000036522e+01, 3.499355942877640757e+01
4.455000000000036664e+01, 3.502665339490206975e+01
4.465000000000036806e+01, 3.505974748627238569e+01
4.475000000000036948e+01, 3.509284188330062193e+01
4.485000000000037090e+01, 3.512593676543460219e+01
4.495000000000037232e+01, 3.515903231116806182e+01
4.505000000000037375e+01, 3.519212869805187438e+01
4.515000000000037517e+01, 3.522522610270510057e+01
4.525000000000037659e+01, 3.525832470082589509e+01
4.535000000000037801e+01, 3.529142466720227844e+01
4.545000000000037943e+01, 3.532452617572273823e+01
4.555000000000038085e+01, 3.535762939938669547e+01
4.565000000000038227e+01, 3.539073451031485007e+01
4.575000000000038369e+01, 3.542384167975935583e+01
4.585000000000038511e+01, 3.545695107811386038e+01
4.595000000000038654e+01, 3.549006287492345280e+01
4.605000000000038796e+01, 3.552317723889441936e+01
4.615000000000038938e+01, 3.555629433790391403e+01
4.625000000000039080e+01, 3.558941433900946549e+01
4.635000000000039222e+01, 3.562253740845840611e+01
4.645000000000039364e+01, 3.565566371169712312e+01
4.655000000000039506e+01, 3.568879341338021050e+01
4.665000000000039648e+01, 3.572192667737952121e+01
4.675000000000039790e+01, 3.575506366679307035e+01
4.685000000000039933e+01, 3.578820454395382455e+01
4.695000000000040075e+01, 3.582134947043839190e+01
4.705000000000040217e+01, 3.585449860707560532e+01
4.715000000000040359e+01, 3.588765211395497090e+01
4.725000000000040501e+01, 3.592081015043500258e+01
4.735000000000040643e+01, 3.595397287515149998e+01
4.745000000000040785e+01, 3.598714044602565565e+01
4.755000000000040927e+01, 3.602031302027209847e+01
4.765000000000041069e+01, 3.605349075440682327e+01
4.775000000000041211e+01, 3.608667380425502103e+01
4.785000000000041354e+01, 3.611986232495880245e+01
4.795000000000041496e+01, 3.615305647098483632e+01
4.805000000000041638e+01, 3.618625639613187417e+01
4.815000000000041780e+01, 3.621946225353821092e+01
4.825000000000041922e+01, 3.625267419568900351e+01
4.835000000000042064e+01, 3.628589237442353976e+01
4.845000000000042206e+01, 3.631911694094240772e+01
4.855000000000042348e+01, 3.635234804581455847e+01
4.865000000000042490e+01, 3.638558583898429788e+01
4.875000000000042633e+01, 3.641883046977817173e+01
4.885000000000042775e+01, 3.645208208691180118e+01
4.895000000000042917e+01, 3.648534083849660448e+01
4.905000000000043059e+01, 3.651860687204643341e+01
4.915000000000043201e+01, 3.655188033448414586e+01
4.925000000000043343e+01, 3.658516137214809305e+01
4.935000000000043485e+01, 3.661845013079852151e+01
4.945000000000043627e+01, 3.665174675562389695e+01
4.955000000000043769e+01, 3.668505139124716408e+01
4.965000000000043912e+01, 3.671836418173189998e+01
4.975000000000044054e+01, 3.675168527058843893e+01
4.985000000000044196e+01, 3.678501480077988361e+01
4.995000000000044338e+01, 3.681835291472805949e+01
5.005000000000044480e+01, 3.685169975431939093e+01
5.015000000000044622e+01, 3.688505546091072773e+01
5.025000000000044764e+01, 3.691842017533506493e+01
5.035000000000044906e+01, 3.695179403790724137e+01
5.045000000000045048e+01, 3.698517718842951751e+01
5.055000000000045191e+01, 3.701856976619713890e+01
5.065000000000045333e+01, 3.705197191000378609e+01
5.075000000000045475e+01, 3.708538375814699606e+01
5.085000000000045617e+01, 3.711880544843351259e+01
5.095000000000045759e+01, 3.715223711818454433e+01
5.105000000000045901e+01, 3.718567890424101563e+01
5.115000000000046043e+01, 3.721913094296868962e+01
5.125000000000046185e+01, 3.725259337026329831e+01
5.135000000000046327e+01, 3.728606632155555900e+01
5.145000000000046469e+01, 3.731954993181616231e+01
5.155000000000046612e+01, 3.735304433556068915e+01
5.165000000000046754e+01, 3.738654966685449210e+01
5.175000000000046896e+01, 3.742006605931747032e+01
5.185000000000047038e+01, 3.745359364612885855e+01
5.195000000000047180e+01, 3.748713256003189542e+01
5.205000000000047322e+01, 3.752068293333849169e+01
5.215000000000047464e+01, 3.755424489793380616e+01
5.225000000000047606e+01, 3.758781858528077890e+01
5.235000000000047748e+01, 3.762140412642464327e+01
5.245000000000047891e+01, 3.765500165199732407e+01
5.255000000000048033e+01, 3.768861129222185724e+01
5.265000000000048175e+01, 3.772223317691669564e+01
5.275000000000048317e+01, 3.775586743550001501e+01
5.285000000000048459e+01, 3.778951419699394876e+01
5.295000000000048601e+01, 3.782317359002875179e+01
5.305000000000048743e+01, 3.785684574284698556e+01
5.315000000000048885e+01, 3.789053078330757529e+01
5.325000000000049027e+01, 3.792422883888988139e+01
5.335000000000049170e+01, 3.795794003669769268e+01
5.345000000000049312e+01, 3.799166450346319124e+01
5.355000000000049454e+01, 3.802540236555086040e+01
5.365000000000049596e+01, 3.805915374896136427e+01
5.375000000000049738e+01, 3.809291877933537762e+01
5.385000000000049880e+01, 3.812669758195735170e+01
5.395000000000050022e+01, 3.816049028175928726e+01
5.405000000000050164e+01, 3.819429700332440802e+01
5.415000000000050306e+01, 3.822811787089084845e+01
5.425000000000050449e+01, 3.826195300835525615e+01
5.435000000000050591e+01, 3.829580253927637301e+01
5.445000000000050733e+01, 3.832966658687858796e+01
5.455000000000050875e+01, 3.836354527405543280e+01
5.465000000000051017e+01, 3.839743872337304254e+01
5.475000000000051159e+01, 3.843134705707359444e+01
5.485000000000051301e+01, 3.846527039707868312e+01
5.495000000000051443e+01, 3.849920886499267425e+01
5.505000000000051585e+01, 3.853316258210603706e+01
5.515000000000051728e+01, 3.856713166939859860e+01
5.525000000000051870e+01, 3.860111624754279802e+01
5.535000000000052012e+01, 3.863511643690690534e+01
5.545000000000052154e+01, 3.866913235755818334e+01
5.555000000000052296e+01, 3.870316412926602823e+01
5.565000000000052438e+01, 3.873721187150507461e+01
5.575000000000052580e+01, 3.877127570345826513e+01
5.585000000000052722e+01, 3.880535574401990573e+01
5.595000000000052864e+01, 3.883945211179864998e+01
5.605000000000053006e+01, 3.887356492512048334e+01
5.615000000000053149e+01, 3.890769430203166479e+01
5.625000000000053291e+01, 3.894184036030163298e+01
5.635000000000053433e+01, 3.897600321742589813e+01
5.645000000000053575e+01, 3.901018299062887706e+01
5.655000000000053717e+01, 3.904437979686670701e+01
5.665000000000053859e+01, 3.907859375283005932e+01
5.675000000000054001e+01, 3.911282497494686083e+01
5.685000000000054143e+01, 3.914707357938505794e+01
5.695000000000054285e+01, 3.918133968205528816e+01
5.705000000000054428e+01, 3.921562339861357316e+01
5.715000000000054570e+01, 3.924992484446394059e+01
5.725000000000054712e+01, 3.928424413476106736e+01
5.735000000000054854e+01, 3.931858138441283046e+01
5.745000000000054996e+01, 3.935293670808290045e+01
5.755000000000055138e+01, 3.938731022019324968e+01
5.765000000000055280e+01, 3.942170203492666758e+01
5.775000000000055422e+01, 3.945611226622924761e+01
5.785000000000055564e+01, 3.949054102781283149e+01
5.795000000000055707e+01, 3.952498843315742505e+01
5.805000000000055849e+01, 3.955945459551362831e+01
5.815000000000055991e+01, 3.959393962790498733e+01
5.825000000000056133e+01, 3.962844364313036039e+01
5.835000000000056275e+01, 3.966296675376623426e+01
5.845000000000056417e+01, 3.969750907216903357e+01
5.855000000000056559e+01, 3.973207071047739447e+01
5.865000000000056701e+01, 3.976665178061441708e+01
5.875000000000056843e+01, 3.980125239428991080e+01
5.885000000000056986e+01, 3.983587266300257568e+01
5.895000000000057128e+01, 3.987051269804221931e+01
5.905000000000057270e+01, 3.990517261049188136e+01
5.915000000000057412e+01, 3.993985251123000069e+01
5.925000000000057554e+01, 3.997455251093252571e+01
5.935000000000057696e+01, 4.000927272007498914e+01
5.945000000000057838e+01, 4.004401232240371655e+01
5.955000000000057980e+01, 4.007876888802910997e+01
5.965000000000058122e+01, 4.011354253129158565e+01
5.975000000000058265e+01, 4.014833336624085547e+01
5.985000000000058407e+01, 4.018314150663875495e+01
5.995000000000058549e+01, 4.021796706596202142e+01
6.005000000000058691e+01, 4.025281015740503676e+01
6.015000000000058833e+01, 4.028767089388257006e+01
6.025000000000058975e+01, 4.032254938803244215e+01
6.035000000000059117e+01, 4.035744575221820440e+01
6.045000000000059259e+01, 4.039236009853178189e+01
6.055000000000059401e+01, 4.042729253879605977e+01
6.065000000000059543e+01, 4.046224318456746261e+01
6.075000000000059686e+01, 4.049721214713851225e+01
6.085000000000059828e+01, 4.053219953754033611e+01
6.095000000000059970e+01, 4.056720546654517534e+01
6.105000000000060112e+01, 4.060223004466882912e+01
6.115000000000060254e+01, 4.063727338217312024e+01
6.125000000000060396e+01, 4.067233558906828250e+01
6.135000000000060538e+01, 4.070741677511536238e+01
6.145000000000060680e+01, 4.074251704982857092e+01
6.155000000000060822e+01, 4.077763652247762138e+01
6.165000000000060965e+01, 4.081277530209003856e+01
6.175000000000061107e+01, 4.084793349745344671e+01
6.185000000000061249e+01, 4.088311121711782192e+01
6.195000000000061391e+01, 4.091830856939772332e+01
6.205000000000061533e+01, 4.095352566237452407e+01
6.215000000000061675e+01, 4.098876260389857151e+01
6.225000000000061817e+01, 4.102401950159136845e+01
6.235000000000061959e+01, 4.105929646284771195e+01
6.245000000000062101e+01, 4.109459359483778940e+01
6.255000000000062244e+01, 4.112991100450929594e+01
6.265000000000062386e+01, 4.116524879858949504e+01
6.275000000000062528e+01, 4.120060708358727197e+01
6.285000000000062670e+01, 4.123598596579515174e+01
6.295000000000062812e+01, 4.127138555129130282e+01
6.305000000000062954e+01, 4.130680594594152666e+01
6.315000000000063096e+01, 4.134224725540121170e+01
6.325000000000063238e+01, 4.137770958511728736e+01
6.335000000000063380e+01, 4.141319304033012116e+01
6.345000000000063523e+01, 4.144869772607543723e+01
6.355000000000063665e+01, 4.148422374718617078e+01
6.365000000000063807e+01, 4.151977120829435108e+01
6.375000000000063949e+01, 4.155534021383292043e+01
6.385000000000064091e+01, 4.159093086803754602e+01
6.395000000000064233e+01, 4.162654327494844608e+01
6.405000000000063665e+01, 4.166217753841213067e+01
6.415000000000063096e+01, 4.169783376208318515e+01
6.425000000000062528e+01, 4.173351204942600390e+01
6.435000000000061959e+01, 4.176921250371650274e+01
6.445000000000061391e+01, 4.180493522804383133e+01
6.455000000000060822e+01, 4.184068032531204295e+01
6.465000000000060254e+01, 4.187644789824177138e+01
6.475000000000059686e+01, 4.191223804937187225e+01
6.485000000000059117e+01, 4.194805088106105728e+01
6.495000000000058549e+01, 4.198388649548948592e+01
6.505000000000057980e+01, 4.201974499466038537e+01
6.515000000000057412e+01, 4.205562648040160667e+01
6.525000000000056843e+01, 4.209153105436719500e+01
6.535000000000056275e+01, 4.212745881803892445e+01
6.545000000000055707e+01, 4.216340987272781149e+01
6.555000000000055138e+01, 4.219938431957564973e+01
6.565000000000054570e+01, 4.223538225955647363e+01
6.575000000000054001e+01, 4.227140379347805776e+01
6.585000000000053433e+01, 4.230744902198335211e+01
6.595000000000052864e+01, 4.234351804555193866e+01
6.605000000000052296e+01, 4.237961096450144538e+01
6.615000000000051728e+01, 4.241572787898898156e+01
6.625000000000051159e+01, 4.245186888901250200e+01
6.635000000000050591e+01, 4.248803409441219969e+01
6.645000000000050022e+01, 4.252422359487187720e+01
6.655000000000049454e+01, 4.256043748992028952e+01
6.665000000000048885e+01, 4.259667587893246576e+01
6.675000000000048317e+01, 4.263293886113105202e+01
6.685000000000047748e+01, 4.266922653558759038e+01
6.695000000000047180e+01, 4.270553900122382629e+01
6.705000000000046612e+01, 4.274187635681297337e+01
6.715000000000046043e+01, 4.277823870098097814e+01
6.725000000000045475e+01, 4.281462613220777058e+01
6.735000000000044906e+01, 4.285103874882848629e+01
6.745000000000044338e+01, 4.288747664903468859e+01
6.755000000000043769e+01, 4.292393993087557647e+01
6.765000000000043201e+01, 4.296042869225917116e+01
6.775000000000042633e+01, 4.299694303095348857e+01
6.785000000000042064e+01, 4.303348304458771878e+01
6.795000000000041496e+01, 4.307004883065335576e+01
6.805000000000040927e+01, 4.310664048650535563e+01
6.815000000000040359e+01, 4.314325810936323791e+01
6.825000000000039790e+01, 4.317990179631221537e+01
6.835000000000039222e+01, 4.321657164430427400e+01
6.845000000000038654e+01, 4.325326775015927439e+01
6.855000000000038085e+01, 4.328999021056602459e+01
6.865000000000037517e+01, 4.332673912208331757e+01
6.875000000000036948e+01, 4.336351458114100410e+01
6.885000000000036380e+01, 4.340031668404101595e+01
6.895000000000035811e+01, 4.343714552695839615e+01
6.905000000000035243e+01, 4.347400120594229378e+01
6.915000000000034674e+01, 4.351088381691698004e+01
6.925000000000034106e+01, 4.354779345568282878e+01
6.935000000000033538e+01, 4.358473021791728996e+01
6.945000000000032969e+01, 4.362169419917584889e+01
6.955000000000032401e+01, 4.365868549489299255e+01
6.965000000000031832e+01, 4.369570420038312619e+01
6.975000000000031264e+01, 4.373275041084153258e+01
6.985000000000030695e+01, 4.376982422134526018e+01
6.995000000000030127e+01, 4.380692572685405395e+01
7.005000000000029559e+01, 4.384405502221122219e+01
7.015000000000028990e+01, 4.388121220214455320e+01
7.025000000000028422e+01, 4.391839736126716076e+01
7.035000000000027853e+01, 4.395561059407835813e+01
7.045000000000027285e+01, 4.399285199496451071e+01
7.055000000000026716e+01, 4.403012165819987445e+01
7.065000000000026148e+01, 4.406741967794743431e+01
7.075000000000025580e+01, 4.410474614825970008e+01
7.085000000000025011e+01, 4.414210116307953768e+01
7.095000000000024443e+01, 4.417948481624096502e+01
7.105000000000023874e+01, 4.421689720146993352e+01
7.115000000000023306e+01, 4.425433841238510269e+01
7.125000000000022737e+01, 4.429180854249862165e+01
7.135000000000022169e+01, 4.432930768521688236e+01
7.145000000000021600e+01, 4.436683593384125857e+01
7.155000000000021032e+01, 4.440439338156885185e+01
7.165000000000020464e+01, 4.444198012149322352e+01
7.175000000000019895e+01, 4.447959624660511224e+01
7.185000000000019327e+01, 4.451724184979313037e+01
7.195000000000018758e+01, 4.455491702384447450e+01
7.205000000000018190e+01, 4.459262186144562179e+01
7.215000000000017621e+01, 4.463035645518299077e+01
7.225000000000017053e+01, 4.466812089754363768e+01
7.235000000000016485e+01, 4.470591528091588884e+01
7.245000000000015916e+01, 4.474373969759001568e+01
7.255000000000015348e+01, 4.478159423975888132e+01
7.265000000000014779e+01, 4.481947899951854453e+01
7.275000000000014211e+01, 4.485739406886892056e+01
7.285000000000013642e+01, 4.489533953971437796e+01
7.295000000000013074e+01, 4.493331550386434969e+01
7.305000000000012506e+01, 4.497132205303392993e+01
7.315000000000011937e+01, 4.500935927884447096e+01
7.325000000000011369e+01, 4.504742727282415871e+01
7.335000000000010800e+01, 4.508552612640857404e+01
7.345000000000010232e+01, 4.512365593094128258e+01
7.355000000000009663e+01, 4.516181677767436753e+01
7.365000000000009095e+01, 4.520000875776899107e+01
7.375000000000008527e+01, 4.523823196229591304e+01
7.385000000000007958e+01, 4.527648648223604511e+01
7.395000000000007390e+01, 4.531477240848096244e+01
7.405000000000006821e+01, 4.535308983183340814e+01
7.415000000000006253e+01, 4.539143884300781195e+01
7.425000000000005684e+01, 4.542981953263077344e+01
7.435000000000005116e+01, 4.546823199124157355e+01
7.445000000000004547e+01, 4.550667630929262941e+01
7.455000000000003979e+01, 4.554515257714998455e+01
7.465000000000003411e+01, 4.558366088509377079e+01
7.475000000000002842e+01, 4.562220132331866296e+01
7.485000000000002274e+01, 4.566077398193432657e+01
7.495000000000001705e+01, 4.569937895096586544e+01
7.505000000000001137e+01, 4.573801632035424802e+01
7.515000000000000568e+01, 4.577668617995674794e+01
7.525000000000000000e+01, 4.581538861954734898e+01
7.534999999999999432e+01, 4.585412372881715726e+01
7.544999999999998863e+01, 4.589289159737481327e+01
7.554999999999998295e+01, 4.593169231474687564e+01
7.564999999999997726e+01, 4.597052597037822608e+01
7.574999999999997158e+01, 4.600939265363244601e+01
7.584999999999996589e+01, 4.604829245379217895e+01
7.594999999999996021e+01, 4.608722546005950704e+01
7.604999999999995453e+01, 4.612619176155630640e+01
7.614999999999994884e+01, 4.616519144732461655e+01
7.624999999999994316e+01, 4.620422460632696016e+01
7.634999999999993747e+01, 4.624329132744669124e+01
7.644999999999993179e+01, 4.628239169948833620e+01
7.654999999999992610e+01, 4.632152581117790646e+01
7.664999999999992042e+01, 4.636069375116322533e+01
7.674999999999991473e+01, 4.639989560801422641e+01
7.684999999999990905e+01, 4.643913147022325916e+01
7.694999999999990337e+01, 4.647840142620539439e+01
7.704999999999989768e+01, 4.651770556429871561e+01
7.714999999999989200e+01, 4.655704397276458906e+01
7.724999999999988631e+01, 4.659641673978794785e+01
7.734999999999988063e+01, 4.663582395347755494e+01
7.744999999999987494e+01, 4.667526570186628021e+01
7.754999999999986926e+01, 4.671474207291134206e+01
7.764999999999986358e+01, 4.675425315449457031e+01
7.774999999999985789e+01, 4.679379903442264066e+01
7.784999999999985221e+01, 4.683337980042731630e+01
7.794999999999984652e+01, 4.687299554016566816e+01
7.804999999999984084e+01, 4.691264634122030941e+01
7.814999999999983515e+01, 4.695233229109960860e+01
7.824999999999982947e+01, 4.699205347723790993e+01
7.834999999999982379e+01, 4.703180998699573223e+01
7.844999999999981810e+01, 4.707160190765995367e+01
7.854999999999981242e+01, 4.711142932644403203e+01
7.864999999999980673e+01, 4.715129233048816815e+01
7.874999999999980105e+01, 4.719119100685949064e+01
7.884999999999979536e+01, 4.723112544255224066e+01
7.894999999999978968e+01, 4.727109572448792818e+01
7.904999999999978400e+01, 4.731110193951549547e+01
7.914999999999977831e+01, 4.735114417441148760e+01
7.924999999999977263e+01, 4.739122251588018031e+01
7.934999999999976694e+01, 4.743133705055372928e+01
7.944999999999976126e+01, 4.747148786499232642e+01
7.954999999999975557e+01, 4.751167504568430644e+01
7.964999999999974989e+01, 4.755189867904629608e+01
7.974999999999974420e+01, 4.759215885142331359e+01
7.984999999999973852e+01, 4.763245564908889662e+01
7.994999999999973284e+01, 4.767278915824520880e+01
8.004999999999972715e+01, 4.771315946502313210e+01
8.014999999999972147e+01, 4.775356665548238766e+01
8.024999999999971578e+01, 4.779401081561160680e+01
8.034999999999971010e+01, 4.783449203132841632e+01
8.044999999999970441e+01, 4.787501038847953794e+01
8.054999999999969873e+01, 4.791556597284084518e+01
8.064999999999969305e+01, 4.795615887011743439e+01
8.074999999999968736e+01, 4.799678916594370293e+01
8.084999999999968168e+01, 4.803745694588338466e+01
8.094999999999967599e+01, 4.807816229542962816e+01
8.104999999999967031e+01, 4.811890530000501798e+01
8.114999999999966462e+01, 4.815968604496164573e+01
8.124999999999965894e+01, 4.820050461558111010e+01
8.134999999999965326e+01, 4.824136109707458075e+01
8.144999999999964757e+01, 4.828225557458280548e+01
8.154999999999964189e+01, 4.832318813317614570e+01
8.164999999999963620e+01, 4.836415885785456936e+01
8.174999999999963052e+01, 4.840516783354768648e+01
8.184999999999962483e+01, 4.844621514511473492e+01
8.194999999999961915e+01, 4.848730087734458039e+01
8.204999999999961346e+01, 4.852842511495572353e+01
8.214999999999960778e+01, 4.856958794259628576e+01
8.224999999999960210e+01, 4.861078944484398079e+01
8.234999999999959641e+01, 4.865202970620610756e+01
8.244999999999959073e+01, 4.869330881111951470e+01
8.254999999999958504e+01, 4.873462684395057920e+01
8.264999999999957936e+01, 4.877598388899515669e+01
8.274999999999957367e+01, 4.881738003047855301e+01
8.284999999999956799e+01, 4.885881535255547448e+01
8.294999999999956231e+01, 4.890028993930996393e+01
8.304999999999955662e+01, 4.894180387475537231e+01
8.314999999999955094e+01, 4.898335724283426629e+01
8.324999999999954525e+01, 4.902495012741837854e+01
8.334999999999953957e+01, 4.906658261230854379e+01
8.344999999999953388e+01, 4.910825478123461352e+01
8.354999999999952820e+01, 4.914996671785537075e+01
8.364999999999952252e+01, 4.919171850575845184e+01
8.374999999999951683e+01, 4.923351022846026126e+01
8.384999999999951115e+01, 4.927534196940586497e+01
8.394999999999950546e+01, 4.931721381196890519e+01
8.404999999999949978e+01, 4.935912583945147958e+01
8.414999999999949409e+01, 4.940107813508404888e+01
8.424999999999948841e+01, 4.944307078202530903e+01
8.434999999999948272e+01, 4.948510386336208455e+01
8.444999999999947704e+01, 4.952717746210920069e+01
8.454999999999947136e+01, 4.956929166120935548e+01
8.464999999999946567e+01, 4.961144654353299188e+01
8.474999999999945999e+01, 4.965364219187815564e+01
8.484999999999945430e+01, 4.969587868897036032e+01
8.494999999999944862e+01, 4.973815611746244514e+01
8.504999999999944293e+01, 4.978047455993440451e+01
8.514999999999943725e+01, 4.982283409889326720e+01
8.524999999999943157e+01, 4.986523481677290448e+01
8.534999999999942588e+01, 4.990767679593388806e+01
8.544999999999942020e+01, 4.995016011866331240e+01
8.554999999999941451e+01, 4.999268486717463134e+01
8.564999999999940883e+01, 5.003525112360748039e+01
8.574999999999940314e+01, 5.007786266652290408e+01
8.584999999999939746e+01, 5.012052035042874820e+01
8.594999999999939178e+01, 5.016322426327678130e+01
8.604999999999938609e+01, 5.020597449298735171e+01
8.614999999999938041e+01, 5.024877112744898966e+01
8.624999999999937472e+01, 5.029161425451797385e+01
8.634999999999936904e+01, 5.033450396201794774e+01
8.644999999999936335e+01, 5.037744033773948615e+01
8.654999999999935767e+01, 5.042042346943968312e+01
8.664999999999935199e+01, 5.046345344484171846e+01
8.674999999999934630e+01, 5.050653035163444571e+01
8.684999999999934062e+01, 5.054965427747194440e+01
8.694999999999933493e+01, 5.059282530997309379e+01
8.704999999999932925e+01, 5.063604353672113234e+01
8.714999999999932356e+01, 5.067930904526321712e+01
8.724999999999931788e+01, 5.072262192310997619e+01
8.734999999999931219e+01, 5.076598225773505391e+01
8.744999999999930651e+01, 5.080939013657466319e+01
8.754999999999930083e+01, 5.085284564702713084e+01
8.764999999999929514e+01, 5.089634887645241434e+01
8.774999999999928946e+01, 5.093989991217166846e+01
8.784999999999928377e+01, 5.098349884146675493e+01
8.794999999999927809e+01, 5.102714575157977350e+01
8.804999999999927240e+01, 5.107084072971259303e+01
8.814999999999926672e+01, 5.111458386302635404e+01
8.824999999999926104e+01, 5.115837523864100689e+01
8.834999999999925535e+01, 5.120221494363480730e+01
8.844999999999924967e+01, 5.124610306504383317e+01
8.854999999999924398e+01, 5.129003968986148720e+01
8.864999999999923830e+01, 5.133402490503800664e+01
8.874999999999923261e+01, 5.137805879747994453e+01
8.884999999999922693e+01, 5.142214145404968662e+01
8.894999999999922125e+01, 5.146627296156491127e+01
8.904999999999921556e+01, 5.151045340679809925e+01
8.914999999999920988e+01, 5.155468287647602210e+01
8.924999999999920419e+01, 5.159896145727920214e+01
8.934999999999919851e+01, 5.164328923584140796e+01
8.944999999999919282e+01, 5.168766629874910024e+01
8.954999999999918714e+01, 5.173209273254093432e+01
8.964999999999918145e+01, 5.177656862370720603e+01
8.974999999999917577e+01, 5.182109405868931162e+01
8.984999999999917009e+01, 5.186566912387922201e+01
8.994999999999916440e+01, 5.191029390561891432e+01
9.004999999999915872e+01, 5.195496849019985319e+01
9.014999999999915303e+01, 5.199969296386240813e+01
9.024999999999914735e+01, 5.204446741279532063e+01
9.034999999999914166e+01, 5.208929192313513568e+01
9.044999999999913598e+01, 5.213416658096564049e+01
9.054999999999913030e+01, 5.217909147231729605e+01
9.064999999999912461e+01, 5.222406668316667577e+01
9.074999999999911893e+01, 5.226909229943588286e+01
9.084999999999911324e+01, 5.231416840699198190e+01
9.094999999999910756e+01, 5.235929509164641615e+01
9.104999999999910187e+01, 5.240447243915442499e+01
9.114999999999909619e+01, 5.244970053521445408e+01
9.124999999999909051e+01, 5.249497946546757987e+01
9.134999999999908482e+01, 5.254030931549689143e+01
9.144999999999907914e+01, 5.258569017082692199e+01
9.154999999999907345e+01, 5.263112211692302367e+01
9.164999999999906777e+01, 5.267660523919078486e+01
9.174999999999906208e+01, 5.272213962297541201e+01
9.184999999999905640e+01, 5.276772535356113281e+01
9.194999999999905071e+01, 5.281336251617055666e+01
9.204999999999904503e+01, 5.285905119596409207e+01
9.214999999999903935e+01, 5.290479147803930715e+01
9.224999999999903366e+01, 5.295058344743030432e+01
9.234999999999902798e+01, 5.299642718910710926e+01
9.244999999999902229e+01, 5.304232278797503142e+01
9.254999999999901661e+01, 5.308827032887403163e+01
9.264999999999901092e+01, 5.313426989657808974e+01
9.274999999999900524e+01, 5.318032157579457220e+01
9.284999999999899956e+01, 5.322642545116357837e+01
9.294999999999899387e+01, 5.327258160725730107e+01
9.304999999999898819e+01, 5.331879012857937283e+01
9.314999999999898250e+01, 5.336505109956422643e+01
9.324999999999897682e+01, 5.341136460457644120e+01
9.334999999999897113e+01, 5.345773072791006086e+01
9.344999999999896545e+01, 5.350414955378796833e+01
9.354999999999895977e+01, 5.355062116636119640e+01
9.364999999999895408e+01, 5.359714564970826700e+01
9.374999999999894840e+01, 5.364372308783452326e+01
9.384999999999894271e+01, 5.369035356467146869e+01
9.394999999999893703e+01, 5.373703716407607800e+01
9.404999999999893134e+01, 5.378377396983011494e+01
9.414999999999892566e+01, 5.383056406563945728e+01
9.424999999999891998e+01, 5.387740753513341474e+01
9.434999999999891429e+01, 5.392430446186403969e+01
9.444999999999890861e+01, 5.397125492930543800e+01
9.454999999999890292e+01, 5.401825902085307263e+01
9.464999999999889724e+01, 5.406531681982306736e+01
9.474999999999889155e+01, 5.411242840945151045e+01
9.484999999999888587e+01, 5.415959387289375115e+01
9.494999999999888018e+01, 5.420681329322368924e+01
9.504999999999887450e+01, 5.425408675343308573e+01
9.514999999999886882e+01, 5.430141433643083104e+01
9.524999999999886313e+01, 5.434879612504224156e+01
9.534999999999885745e+01, 5.439623220200834908e+01
9.544999999999885176e+01, 5.444372264998517608e+01
9.554999999999884608e+01, 5.449126755154300383e+01
9.564999999999884039e+01, 5.453886698916567610e+01
9.574999999999883471e+01, 5.458652104524983883e+01
9.584999999999882903e+01, 5.463422980210423674e+01
9.594999999999882334e+01, 5.468199334194897432e+01
9.604999999999881766e+01, 5.472981174691476980e+01
9.614999999999881197e+01, 5.477768509904222327e+01
9.624999999999880629e+01, 5.482561348028109194e+01
9.634999999999880060e+01, 5.487359697248952983e+01
9.644999999999879492e+01, 5.492163565743334175e+01
9.654999999999878924e+01, 5.496972961678524427e+01
9.664999999999878355e+01, 5.501787893212411262e+01
9.674999999999877787e+01, 5.506608368493423455e+01
9.684999999999877218e+01, 5.511434395660453589e+01
9.694999999999876650e+01, 5.516265982842784155e+01
9.704999999999876081e+01, 5.521103138160010104e+01
9.714999999999875513e+01, 5.525945869721964243e+01
9.724999999999874944e+01, 5.530794185628639781e+01
9.734999999999874376e+01, 5.535648093970112171e+01
9.744999999999873808e+01, 5.540507602826465217e+01
9.754999999999873239e+01, 5.545372720267710775e+01
9.764999999999872671e+01, 5.550243454353713446e+01
9.774999999999872102e+01, 5.555119813134110984e+01
9.784999999999871534e+01, 5.560001804648238988e+01
9.794999999999870965e+01, 5.564889436925049182e+01
9.804999999999870397e+01, 5.569782717983034104e+01
9.814999999999869829e+01, 5.574681655830147520e+01
9.824999999999869260e+01, 5.579586258463725557e+01
9.834999999999868692e+01, 5.584496533870406410e+01
9.844999999999868123e+01, 5.589412490026052893e+01
9.854999999999867555e+01, 5.594334134895671440e+01
9.864999999999866986e+01, 5.599261476433334650e+01
9.874999999999866418e+01, 5.604194522582098870e+01
9.884999999999865850e+01, 5.609133281273924609e+01
9.894999999999865281e+01, 5.614077760429597674e+01
9.904999999999864713e+01, 5.619027967958647451e+01
9.914999999999864144e+01, 5.623983911759265908e+01
9.924999999999863576e+01, 5.628945599718226589e+01
9.934999999999863007e+01, 5.633913039710805037e+01
9.944999999999862439e+01, 5.638886239600695660e+01
9.954999999999861870e+01, 5.643865207239930726e+01
9.964999999999861302e+01, 5.648849950468799364e+01
9.974999999999860734e+01, 5.653840477115764429e+01
9.984999999999860165e+01, 5.658836794997380792e+01
9.994999999999859597e+01, 5.663838911918214336e+01
1.000499999999985903e+02, 5.668846835670758111e+01
1.001499999999985846e+02, 5.673860574035349202e+01
1.002499999999985789e+02, 5.678880134780087729e+01
1.003499999999985732e+02, 5.683905525660751579e+01
1.004499999999985675e+02, 5.688936754420715403e+01
1.005499999999985619e+02, 5.693973828790865355e+01
1.006499999999985562e+02, 5.699016756489517377e+01
1.007499999999985505e+02, 5.704065545222332645e+01
1.008499999999985448e+02, 5.709120202682233014e+01
1.009499999999985391e+02, 5.714180736549318596e+01
1.010499999999985334e+02, 5.719247154490781782e+01
1.011499999999985278e+02, 5.724319464160824111e+01
1.012499999999985221e+02, 5.729397673200571717e+01
1.013499999999985164e+02, 5.734481789237990057e+01
1.014499999999985107e+02, 5.739571819887800075e+01
1.015499999999985050e+02, 5.744667772751392221e+01
1.016499999999984993e+02, 5.749769655416742609e+01
1.017499999999984936e+02, 5.754877475458326330e+01
1.018499999999984880e+02, 5.759991240437032900e+01
1.019499999999984823e+02, 5.765110957900081701e+01
1.020499999999984766e+02, 5.770236635380934587e+01
1.021499999999984709e+02, 5.775368280399210619e+01
1.022499999999984652e+02, 5.780505900460601509e+01
1.023499999999984595e+02, 5.785649503056784226e+01
1.024499999999984539e+02, 5.790799095665335017e+01
1.025499999999984482e+02, 5.795954685749643431e+01
1.026499999999984425e+02, 5.801116280758827060e+01
1.027499999999984368e+02, 5.806283888127642001e+01
1.028499999999984311e+02, 5.811457515276399732e+01
1.029499999999984254e+02, 5.816637169610878288e+01
1.030499999999984198e+02, 5.821822858522236288e+01
1.031499999999984141e+02, 5.827014589386926247e+01
1.032499999999984084e+02, 5.832212369566605759e+01
1.033499999999984027e+02, 5.837416206408053654e+01
1.034499999999983970e+02, 5.842626107243079048e+01
1.035499999999983913e+02, 5.847842079388436787e+01
1.036499999999983856e+02, 5.853064130145739341e+01
1.037499999999983800e+02, 5.858292266801369408e+01
1.038499999999983743e+02, 5.863526496626391094e+01
1.039499999999983686e+02, 5.868766826876463938e+01
1.040499999999983629e+02, 5.874013264791754807e+01
1.041499999999983572e+02, 5.879265817596849786e+01
1.042499999999983515e+02, 5.884524492500666071e+01
1.043499999999983459e+02, 5.889789296696363863e+01
1.044499999999983402e+02, 5.895060237361260391e+01
1.045499999999983345e+02, 5.900337321656738965e+01
1.046499999999983288e+02, 5.905620556728162995e+01
1.047499999999983231e+02, 5.910909949704786470e+01
1.048499999999983174e+02, 5.916205507699666555e+01
1.049499999999983118e+02, 5.921507237809575486e+01
1.050499999999983061e+02, 5.926815147114911042e+01
1.051499999999983004e+02, 5.932129242679609149e+01
1.052499999999982947e+02, 5.937449531551055060e+01
1.053499999999982890e+02, 5.942776020759995959e+01
1.054499999999982833e+02, 5.948108717320450012e+01
1.055499999999982776e+02, 5.953447628229620392e+01
1.056499999999982720e+02, 5.958792760467805749e+01
1.057499999999982663e+02, 5.964144120998310683e+01
1.058499999999982606e+02, 5.969501716767358346e+01
1.059499999999982549e+02, 5.974865554704001624e+01
1.060499999999982492e+02, 5.980235641720034323e+01
1.061499999999982435e+02, 5.985611984709902345e+01
1.062499999999982379e+02, 5.990994590550615584e+01
1.063499999999982322e+02, 5.996383466101657689e+01
1.064499999999982265e+02, 6.001778618204898663e+01
1.065499999999982208e+02, 6.007180358866490621e+01
1.066499999999982151e+02, 6.012589316973007669e+01
1.067499999999982094e+02, 6.018005501714849714e+01
1.068499999999982037e+02, 6.023428922268286101e+01
1.069499999999981981e+02, 6.028859587795325581e+01
1.070499999999981924e+02, 6.034297507443584863e+01
1.071499999999981867e+02, 6.039742690346159293e+01
1.072499999999981810e+02, 6.045195145621490695e+01
1.073499999999981753e+02, 6.050654882373235921e+01
1.074499999999981696e+02, 6.056121909690136818e+01
1.075499999999981640e+02, 6.061596236645887359e+01
1.076499999999981583e+02, 6.067077872299002195e+01
1.077499999999981526e+02, 6.072566825692685200e+01
1.078499999999981469e+02, 6.078063105854697312e+01
1.079499999999981412e+02, 6.083566721797223664e+01
1.080499999999981355e+02, 6.089077682516742840e+01
1.081499999999981299e+02, 6.094595996993891873e+01
1.082499999999981242e+02, 6.100121674193336219e+01
1.083499999999981185e+02, 6.105654723063636169e+01
1.084499999999981128e+02, 6.111195152537112563e+01
1.085499999999981071e+02, 6.116742971529715334e+01
1.086499999999981014e+02, 6.122298188940889929e+01
1.087499999999980957e+02, 6.127860813653443728e+01
1.088499999999980901e+02, 6.133430854533413168e+01
1.089499999999980844e+02, 6.139008320429930166e+01
1.090499999999980787e+02, 6.144593220175087822e+01
1.091499999999980730e+02, 6.150185562583807553e+01
1.092499999999980673e+02, 6.155785356453704082e+01
1.093499999999980616e+02, 6.161392610564953287e+01
1.094499999999980560e+02, 6.167007333680156478e+01
1.095499999999980503e+02, 6.172629534544206820e+01
1.096499999999980446e+02, 6.178259221884155750e+01
1.097499999999980389e+02, 6.183896404409078684e+01
1.098499999999980332e+02, 6.189541090809939305e+01
1.099499999999980275e+02, 6.195193289759456690e+01
1.100499999999980218e+02, 6.200853009911969593e+01
1.101499999999980162e+02, 6.206520259903302872e+01
1.102499999999980105e+02, 6.212195048350633186e+01
1.103499999999980048e+02, 6.217877383852351869e+01
1.104499999999979991e+02, 6.223567274987933473e+01
1.105499999999979934e+02, 6.229264730317799348e+01
1.106499999999979877e+02, 6.234969758383181926e+01
1.107499999999979821e+02, 6.240682367705991851e+01
1.108499999999979764e+02, 6.246402566788682265e+01
1.109499999999979707e+02, 6.252130364114112382e+01
1.110499999999979650e+02, 6.257865768145416041e+01
1.111499999999979593e+02, 6.263608787325863148e+01
1.112499999999979536e+02, 6.269359430078726803e+01
1.113499999999979480e+02, 6.275117704807146879e+01
1.114499999999979423e+02, 6.280883619893997860e+01
1.115499999999979366e+02, 6.286657183701750284e+01
1.116499999999979309e+02, 6.292438404572337873e+01
1.117499999999979252e+02, 6.298227290827021818e+01
1.118499999999979195e+02, 6.304023850766257198e+01
1.119499999999979138e+02, 6.309828092669555133e+01
1.120499999999979082e+02, 6.315640024795351337e+01
1.121499999999979025e+02, 6.321459655380868981e+01
1.122499999999978968e+02, 6.327286992641983687e+01
1.123499999999978911e+02, 6.333122044773090664e+01
1.124499999999978854e+02, 6.338964819946968277e+01
1.125499999999978797e+02, 6.344815326314643755e+01
1.126499999999978741e+02, 6.350673572005258194e+01
1.127499999999978684e+02, 6.356539565125932256e+01
1.128499999999978627e+02, 6.362413313761631883e+01
1.129499999999978570e+02, 6.368294825975034001e+01
1.130499999999978513e+02, 6.374184109806390808e+01
1.131499999999978456e+02, 6.380081173273396900e+01
1.132499999999978400e+02, 6.385986024371053560e+01
1.133499999999978343e+02, 6.391898671071535887e+01
1.134499999999978286e+02, 6.397819121324058500e+01
1.135499999999978229e+02, 6.403747383054739828e+01
1.136499999999978172e+02, 6.409683464166472788e+01
1.137499999999978115e+02, 6.415627372538783391e+01
1.138499999999978058e+02, 6.421579116027704970e+01
1.139499999999978002e+02, 6.427538702465639631e+01
1.140499999999977945e+02, 6.433506139661227508e+01
1.141499999999977888e+02, 6.439481435399211762e+01
1.142499999999977831e+02, 6.445464597440304999e+01
1.143499999999977774e+02, 6.451455633521057109e+01
1.144499999999977717e+02, 6.457454551353723105e+01
1.145499999999977661e+02, 6.463461358626130959e+01
1.146499999999977604e+02, 6.469476063001545185e+01
1.147499999999977547e+02, 6.475498672118538934e+01
1.148499999999977490e+02, 6.481529193590858995e+01
1.149499999999977433e+02, 6.487567635007293632e+01
1.150499999999977376e+02, 6.493614003931541845e+01
1.151499999999977319e+02, 6.499668307902081210e+01
1.152499999999977263e+02, 6.505730554432035717e+01
1.153499999999977206e+02, 6.511800751009045030e+01
1.154499999999977149e+02, 6.517878905095133746e+01
1.155499999999977092e+02, 6.523965024126579237e+01
1.156499999999977035e+02, 6.530059115513782331e+01
1.157499999999976978e+02, 6.536161186641133725e+01
1.158499999999976922e+02, 6.542271244866886093e+01
1.159499999999976865e+02, 6.548389297523023345e+01
1.160499999999976808e+02, 6.554515351915132726e+01
1.161499999999976751e+02, 6.560649415322269817e+01
1.162499999999976694e+02, 6.566791494996836320e+01
1.163499999999976637e+02, 6.572941598164442212e+01
1.164499999999976581e+02, 6.579099732023784952e+01
1.165499999999976524e+02, 6.585265903746515903e+01
1.166499999999976467e+02, 6.591440120477113851e+01
1.167499999999976410e+02, 6.597622389332755688e+01
1.168499999999976353e+02, 6.603812717403187094e+01
1.169499999999976296e+02, 6.610011111750598900e+01
1.170499999999976239e+02, 6.616217579409496352e+01
1.171499999999976183e+02, 6.622432127386574052e+01
1.172499999999976126e+02, 6.628654762660585220e+01
1.173499999999976069e+02, 6.634885492182220901e+01
1.174499999999976012e+02, 6.641124322873979224e+01
1.175499999999975955e+02, 6.647371261630041772e+01
1.176499999999975898e+02, 6.653626315316147100e+01
1.177499999999975842e+02, 6.659889490769465681e+01
1.178499999999975785e+02, 6.666160794798473432e+01
1.179499999999975728e+02, 6.672440234182829499e+01
1.180499999999975671e+02, 6.678727815673251200e+01
1.181499999999975614e+02, 6.685023545991387550e+01
1.182499999999975557e+02, 6.691327431829699890e+01
1.183499999999975500e+02, 6.697639479851333988e+01
1.184499999999975444e+02, 6.703959696690002090e+01
1.185499999999975387e+02, 6.710288088949855023e+01
1.186499999999975330e+02, 6.716624663205364243e+01
1.187499999999975273e+02, 6.722969426001196780e+01
1.188499999999975216e+02, 6.729322383852095868e+01
1.189499999999975159e+02, 6.735683543242758731e+01
1.190499999999975103e+02, 6.742052910627717210e+01
1.191499999999975046e+02, 6.748430492431215555e+01
1.192499999999974989e+02, 6.754816295047091046e+01
1.193499999999974932e+02, 6.761210324838654628e+01
1.194499999999974875e+02, 6.767612588138571539e+01
1.195499999999974818e+02, 6.774023091248743356e+01
1.196499999999974762e+02, 6.780441840440190049e+01
1.197499999999974705e+02, 6.786868841952929188e+01
1.198499999999974648e+02, 6.793304101995860833e+01
1.199499999999974591e+02, 6.799747626746651008e+01
1.200499999999974534e+02, 6.806199422351612327e+01
1.201499999999974477e+02, 6.812659494925590309e+01
1.202499999999974420e+02, 6.819127850551848269e+01
1.203499999999974364e+02, 6.825604495281949369e+01
1.204499999999974307e+02, 6.832089435135642930e+01
1.205499999999974250e+02, 6.838582676100749325e+01
1.206499999999974193e+02, 6.845084224133049133e+01
1.207499999999974136e+02, 6.851594085156165193e+01
1.208499999999974079e+02, 6.858112265061454593e+01
1.209499999999974023e+02, 6.864638769707890731e+01
1.210499999999973966e+02, 6.871173604921956724e+01
1.211499999999973909e+02, 6.877716776497530304e+01
1.212499999999973852e+02, 6.884268290195772977e+01
1.213499999999973795e+02, 6.890828151745022012e+01
1.214499999999973738e+02, 6.897396366840678184e+01
1.215499999999973681e+02, 6.903972941145096343e+01
1.216499999999973625e+02, 6.910557880287480259e+01
1.217499999999973568e+02, 6.917151189863767513e+01
1.218499999999973511e+02, 6.923752875436527177e+01
1.219499999999973454e+02, 6.930362942534850390e+01
1.220499999999973397e+02, 6.936981396654242360e+01
1.221499999999973340e+02, 6.943608243256520041e+01
1.222499999999973284e+02, 6.950243487769701289e+01
1.223499999999973227e+02, 6.956887135587903970e+01
1.224499999999973170e+02, 6.963539192071237949e+01
1.225499999999973113e+02, 6.970199662545704200e+01
1.226499999999973056e+02, 6.976868552303088222e+01
1.227499999999972999e+02, 6.983545866600861984e+01
1.228499999999972943e+02, 6.990231610662074502e+01
1.229499999999972886e+02, 6.996925789675255203e+01
1.230499999999972829e+02, 7.003628408794313032e+01
1.231499999999972772e+02, 7.010340186796327089e+01
1.232499999999972715e+02, 7.017061736738372701e+01
1.233499999999972658e+02, 7.023793068053734601e+01
1.234499999999972601e+02, 7.030534190142591910e+01
1.235499999999972545e+02, 7.037285112371830564e+01
1.236499999999972488e+02, 7.044045844074862828e+01
1.237499999999972431e+02, 7.050816394551442556e+01
1.238499999999972374e+02, 7.057596773067484719e+01
1.239499999999972317e+02, 7.064386988854880656e+01
1.240499999999972260e+02, 7.071187051111317601e+01
1.241499999999972204e+02, 7.077996969000096783e+01
1.242499999999972147e+02, 7.084816751649952948e+01
1.243499999999972090e+02, 7.091646408154873882e+01
1.244499999999972033e+02, 7.098485947573915666e+01
1.245499999999971976e+02, 7.105335378931030732e+01
1.246499999999971919e+02, 7.112194711214880272e+01
1.247499999999971863e+02, 7.119063953378659448e+01
1.248499999999971806e+02, 7.125943114339919759e+01
1.249499999999971749e+02, 7.132832202980385716e+01
1.250499999999971692e+02, 7.139731228145782893e+01
1.251499999999971635e+02, 7.146640198645654607e+01
1.252499999999971578e+02, 7.153559123253189966e+01
1.253499999999971521e+02, 7.160488010705044815e+01
1.254499999999971465e+02, 7.167426869701166936e+01
1.255499999999971408e+02, 7.174375708904619842e+01
1.256499999999971351e+02, 7.181334536941406554e+01
1.257499999999971294e+02, 7.188303362400296237e+01
1.258499999999971237e+02, 7.195282193832650819e+01
1.259499999999971180e+02, 7.202271039752251625e+01
1.260499999999971124e+02, 7.209269908635123159e+01
1.261499999999971067e+02, 7.216278808919363996e+01
1.262499999999971010e+02, 7.223297749004974833e+01
1.263499999999970953e+02, 7.230326737253683689e+01
1.264499999999970896e+02, 7.237365781988779645e+01
1.265499999999970839e+02, 7.244414891494938047e+01
1.266499999999970782e+02, 7.251474074018054239e+01
1.267499999999970726e+02, 7.258543337765073034e+01
1.268499999999970669e+02, 7.265622690903819603e+01
1.269499999999970612e+02, 7.272712141562831789e+01
1.270499999999970555e+02, 7.279811697831193840e+01
1.271499999999970498e+02, 7.286921367758368717e+01
1.272499999999970441e+02, 7.294041159354030412e+01
1.273499999999970385e+02, 7.301171080587903361e+01
1.274499999999970328e+02, 7.308311139389590494e+01
1.275499999999970271e+02, 7.315461343648415493e+01
1.276499999999970214e+02, 7.322621701213255108e+01
1.277499999999970157e+02, 7.329792219892377148e+01
1.278499999999970100e+02, 7.336972907453278481e+01
1.279499999999970044e+02, 7.344163771622524450e+01
1.280499999999969987e+02, 7.351364820085585450e+01
1.281499999999969930e+02, 7.358576060486679182e+01
1.282499999999969873e+02, 7.365797500428610078e+01
1.283499999999969816e+02, 7.373029147472610134e+01
1.284499999999969759e+02, 7.380271009138181171e+01
1.285499999999969702e+02, 7.387523092902937094e+01
1.286499999999969646e+02, 7.394785406202447575e+01
1.287499999999969589e+02, 7.402057956430081731e+01
1.288499999999969532e+02, 7.409340750936853226e+01
1.289499999999969475e+02, 7.416633797031265374e+01
1.290499999999969418e+02, 7.423937101979159081e+01
1.291499999999969361e+02, 7.431250673003555107e+01
1.292499999999969305e+02, 7.438574517284509113e+01
1.293499999999969248e+02, 7.445908641958955343e+01
1.294499999999969191e+02, 7.453253054120555987e+01
1.295499999999969134e+02, 7.460607760819551970e+01
1.296499999999969077e+02, 7.467972769062617999e+01
1.297499999999969020e+02, 7.475348085812707666e+01
1.298499999999968963e+02, 7.482733717988909916e+01
1.299499999999968907e+02, 7.490129672466302679e+01
1.300499999999968850e+02, 7.497535956075805075e+01
1.301499999999968793e+02, 7.504952575604035303e+01
1.302499999999968736e+02, 7.512379537793162854e+01
1.303499999999968679e+02, 7.519816849340770659e+01
1.304499999999968622e+02, 7.527264516899707303e+01
1.305499999999968566e+02, 7.534722547077947752e+01
1.306499999999968509e+02, 7.542190946438454091e+01
1.307499999999968452e+02, 7.549669721499034836e+01
1.308499999999968395e+02, 7.557158878732205665e+01
1.309499999999968338e+02, 7.564658424565051575e+01
1.310499999999968281e+02, 7.572168365379090460e+01
1.311499999999968225e+02, 7.579688707510136680e+01
1.312499999999968168e+02, 7.587219457248166066e+01
1.313499999999968111e+02, 7.594760620837182330e+01
1.314499999999968054e+02, 7.602312204475080648e+01
1.315499999999967997e+02, 7.609874214313519758e+01
1.316499999999967940e+02, 7.617446656457786958e+01
1.317499999999967883e+02, 7.625029536966670207e+01
1.318499999999967827e+02, 7.632622861852328811e+01
1.319499999999967770e+02, 7.640226637080159833e+01
1.320499999999967713e+02, 7.647840868568677308e+01
1.321499999999967656e+02, 7.655465562189381501e+01
1.322499999999967599e+02, 7.663100723766635269e+01
1.323499999999967542e+02, 7.670746359077537591e+01
1.324499999999967486e+02, 7.678402473851801346e+01
1.325499999999967429e+02, 7.686069073771631111e+01
1.326499999999967372e+02, 7.693746164471599513e+01
1.327499999999967315e+02, 7.701433751538529293e+01
1.328499999999967258e+02, 7.709131840511371081e+01
1.329499999999967201e+02, 7.716840436881085452e+01
1.330499999999967145e+02, 7.724559546090529238e+01
1.331499999999967088e+02, 7.732289173534333315e+01
1.332499999999967031e+02, 7.740029324558791757e+01
1.333499999999966974e+02, 7.747780004461743886e+01
1.334499999999966917e+02, 7.755541218492464850e+01
1.335499999999966860e+02, 7.763312971851549094e+01
1.336499999999966803e+02, 7.771095269690803775e+01
1.337499999999966747e+02, 7.778888117113133660e+01
1.338499999999966690e+02, 7.786691519172437381e+01
1.339499999999966633e+02, 7.794505480873496595e+01
1.340499999999966576e+02, 7.802330007171869397e+01
1.341499999999966519e+02, 7.810165102973785167e+01
1.342499999999966462e+02, 7.818010773136039404e+01
1.343499999999966406e+02, 7.825867022465891409e+01
1.344499999999966349e+02, 7.833733855720959127e+01
1.345499999999966292e+02, 7.841611277609122510e+01
1.346499999999966235e+02, 7.849499292788419780e+01
1.347499999999966178e+02, 7.857397905866950794e+01
1.348499999999966121e+02, 7.865307121402774726e+01
1.349499999999966064e+02, 7.873226943903820541e+01
1.350499999999966008e+02, 7.881157377827786092e+01
1.351499999999965951e+02, 7.889098427582044337e+01
1.352499999999965894e+02, 7.897050097523552381e+01
1.353499999999965837e+02, 7.905012391958757689e+01
1.354499999999965780e+02, 7.912985315143507137e+01
1.355499999999965723e+02, 7.920968871282958901e+01
1.356499999999965667e+02, 7.928963064531492932e+01
1.357499999999965610e+02, 7.936967898992622850e+01
1.358499999999965553e+02, 7.944983378718910672e+01
1.359499999999965496e+02, 7.953009507711881554e+01
1.360499999999965439e+02, 7.961046289921939945e+01
1.361499999999965382e+02, 7.969093729248288582e+01
1.362499999999965326e+02, 7.977151829538844652e+01
1.363499999999965269e+02, 7.985220594590160204e+01
1.364499999999965212e+02, 7.993300028147345415e+01
1.365499999999965155e+02, 8.001390133903989010e+01
1.366499999999965098e+02, 8.009491151230344030e+01
1.367499999999965041e+02, 8.017604222777082157e+01
1.368499999999964984e+02, 8.025729357247372775e+01
1.369499999999964928e+02, 8.033866563292606600e+01
1.370499999999964871e+02, 8.042015849512215198e+01
1.371499999999964814e+02, 8.050177224453490510e+01
1.372499999999964757e+02, 8.058350696611408637e+01
1.373499999999964700e+02, 8.066536274428446518e+01
1.374499999999964643e+02, 8.074733966294409981e+01
1.375499999999964587e+02, 8.082943780546256107e+01
1.376499999999964530e+02, 8.091165725467917014e+01
1.377499999999964473e+02, 8.099399809290129326e+01
1.378499999999964416e+02, 8.107646040190257963e+01
1.379499999999964359e+02, 8.115904426292128448e+01
1.380499999999964302e+02, 8.124174975665854959e+01
1.381499999999964245e+02, 8.132457696327668373e+01
1.382499999999964189e+02, 8.140752596239752847e+01
1.383499999999964132e+02, 8.149059683310075286e+01
1.384499999999964075e+02, 8.157378965392223336e+01
1.385499999999964018e+02, 8.165710450285237698e+01
1.386499999999963961e+02, 8.174054145733448706e+01
1.387499999999963904e+02, 8.182410059426315740e+01
1.388499999999963848e+02, 8.190778198998266646e+01
1.389499999999963791e+02, 8.199158572028535730e+01
1.390499999999963734e+02, 8.207551186041007441e+01
1.391499999999963677e+02, 8.215956048504055786e+01
1.392499999999963620e+02, 8.224373166830392279e+01
1.393499999999963563e+02, 8.232802548376908192e+01
1.394499999999963507e+02, 8.241244200444521084e+01
1.395499999999963450e+02, 8.249698130278024166e+01
1.396499999999963393e+02, 8.258164345065932821e+01
1.397499999999963336e+02, 8.266642851940335390e+01
1.398499999999963279e+02, 8.275133657976746804e+01
1.399499999999963222e+02, 8.283636770193957943e+01
1.400499999999963165e+02, 8.292152195553892113e+01
1.401499999999963109e+02, 8.300679940961457248e+01
1.402499999999963052e+02, 8.309220013264405225e+01
1.403499999999962995e+02, 8.317772419253188332e+01
1.404499999999962938e+02, 8.326337165660821427e+01
1.405499999999962881e+02, 8.334914259162736982e+01
1.406499999999962824e+02, 8.343503706376650086e+01
1.407499999999962768e+02, 8.352105513862423436e+01
1.408499999999962711e+02, 8.360719688121928073e+01
1.409499999999962654e+02, 8.369346235598911221e+01
1.410499999999962597e+02, 8.377985162678864128e+01
1.411499999999962540e+02, 8.386636475688888481e+01
1.412499999999962483e+02, 8.395300180897569930e+01
1.413499999999962427e+02, 8.403976284514844508e+01
1.414499999999962370e+02, 8.412664792691876414e+01
1.415499999999962313e+02, 8.421365711520928699e+01
1.416499999999962256e+02, 8.430079047035239626e+01
1.417499999999962199e+02, 8.438804805208901882e+01
1.418499999999962142e+02, 8.447542991956737524e+01
1.419499999999962085e+02, 8.456293613134181442e+01
1.420499999999962029e+02, 8.465056674537156312e+01
1.421499999999961972e+02, 8.473832181901964589e+01
1.422499999999961915e+02, 8.482620140905163453e+01
1.423499999999961858e+02, 8.491420557163456806e+01
1.424499999999961801e+02, 8.500233436233578743e+01
1.425499999999961744e+02, 8.509058783612184129e+01
1.426499999999961688e+02, 8.517896604735736332e+01
1.427499999999961631e+02, 8.526746904980402064e+01
1.428499999999961574e+02, 8.535609689661939115e+01
1.429499999999961517e+02, 8.544484964035595453e+01
1.430499999999961460e+02, 8.553372733296002650e+01
1.431499999999961403e+02, 8.562273002577074976e+01
1.432499999999961346e+02, 8.571185776951905666e+01
1.433499999999961290e+02, 8.580111061432670283e+01
1.434499999999961233e+02, 8.589048860970525823e+01
1.435499999999961176e+02, 8.597999180455515500e+01
1.436499999999961119e+02, 8.606962024716472115e+01
1.437499999999961062e+02, 8.615937398520928525e+01
1.438499999999961005e+02, 8.624925306575021011e+01
1.439499999999960949e+02, 8.633925753523401170e+01
1.440499999999960892e+02, 8.642938743949144964e+01
1.441499999999960835e+02, 8.651964282373666038e+01
1.442499999999960778e+02, 8.661002373256633291e+01
1.443499999999960721e+02, 8.670053020995881354e+01
1.444499999999960664e+02, 8.679116229927329584e+01
1.445499999999960608e+02, 8.688192004324902484e+01
1.446499999999960551e+02, 8.697280348400448702e+01
1.447499999999960494e+02, 8.706381266303660027e+01
1.448499999999960437e+02, 8.715494762122001760e+01
1.449499999999960380e+02, 8.724620839880630285e+01
1.450499999999960323e+02, 8.733759503542324865e+01
1.451499999999960266e+02, 8.742910757007412315e+01
1.452499999999960210e+02, 8.752074604113700218e+01
1.453499999999960153e+02, 8.761251048636405869e+01
1.454499999999960096e+02, 8.770440094288089483e+01
1.455499999999960039e+02, 8.779641744718587404e+01
1.456499999999959982e+02, 8.788856003514952420e+01
1.457499999999959925e+02, 8.798082874201388393e+01
1.458499999999959869e+02, 8.807322360239187731e+01
1.459499999999959812e+02, 8.816574465026677387e+01
1.460499999999959755e+02, 8.825839191899157754e+01
1.461499999999959698e+02, 8.835116544128847238e+01
1.462499999999959641e+02, 8.844406524924828261e+01
1.463499999999959584e+02, 8.853709137432994680e+01
1.464499999999959527e+02, 8.863024384736002048e+01
1.465499999999959471e+02, 8.872352269853216455e+01
1.466499999999959414e+02, 8.881692795740669055e+01
1.467499999999959357e+02, 8.891045965291004904e+01
1.468499999999959300e+02, 8.900411781333444594e+01
1.469499999999959243e+02, 8.909790246633737354e+01
1.470499999999959186e+02, 8.919181363894121262e+01
1.471499999999959130e+02, 8.928585135753283453e+01
1.472499999999959073e+02, 8.938001564786323172e+01
1.473499999999959016e+02, 8.947430653504711984e+01
1.474499999999958959e+02, 8.956872404356262507e+01
1.475499999999958902e+02, 8.966326819725094310e+01
1.476499999999958845e+02, 8.975793901931602647e+01
1.477499999999958789e+02, 8.985273653232427193e+01
1.478499999999958732e+02, 8.994766075820425044e+01
1.479499999999958675e+02, 9.004271171824646558e+01
1.480499999999958618e+02, 9.013789611612781982e+01
1.481499999999958561e+02, 9.023322220388382675e+01
1.482499999999958504e+02, 9.032869006053854832e+01
1.483499999999958447e+02, 9.042429976446749151e+01
1.484499999999958391e+02, 9.052005139339611617e+01
1.485499999999958334e+02, 9.061594502439844234e+01
1.486499999999958277e+02, 9.071198073389561500e+01
1.487499999999958220e+02, 9.080815859765448295e+01
1.488499999999958163e+02, 9.090447869078622034e+01
1.489499999999958106e+02, 9.100094108774497670e+01
1.490499999999958050e+02, 9.109754586232647000e+01
1.491499999999957993e+02, 9.119429308766670772e+01
1.492499999999957936e+02, 9.129118283624062258e+01
1.493499999999957879e+02, 9.138821517986076515e+01
1.494499999999957822e+02, 9.148539018967601066e+01
1.495499999999957765e+02, 9.158270793617029426e+01
1.496499999999957708e+02, 9.168016848916134620e+01
1.497499999999957652e+02, 9.177777191779945554e+01
1.498499999999957595e+02, 9.187551829056621955e+01
1.499499999999957538e+02, 9.197340767527336425e+01
1.500499999999957481e+02, 9.207144013906152225e+01
1.501499999999957424e+02, 9.216961574839906746e+01
1.502499999999957367e+02, 9.226793456908094981e+01
1.503499999999957311e+02, 9.236639666622754419e+01
1.504499999999957254e+02, 9.246500210428354194e+01
1.505499999999957197e+02, 9.256375094701684247e+01
1.506499999999957140e+02, 9.266264325751741637e+01
1.507499999999957083e+02, 9.276167909819626800e+01
1.508499999999957026e+02, 9.286085853078435548e+01
1.509499999999956970e+02, 9.296018161633156751e+01
1.510499999999956913e+02, 9.305964841520567177e+01
1.511499999999956856e+02, 9.315925898709133435e+01
1.512499999999956799e+02, 9.325901339098909659e+01
1.513499999999956742e+02, 9.335891168521440875e+01
1.514499999999956685e+02, 9.345895392739669205e+01
1.515499999999956628e+02, 9.355914017447837239e+01
1.516499999999956572e+02, 9.365947048271397080e+01
1.517499999999956515e+02, 9.375994490766917977e+01
1.518499999999956458e+02, 9.386056350422001060e+01
1.519499999999956401e+02, 9.396132632655188388e+01
1.520499999999956344e+02, 9.406223342815879107e+01
1.521499999999956287e+02, 9.416328486184247026e+01
1.522499999999956231e+02, 9.426448067971156775e+01
1.523499999999956174e+02, 9.436582093318082798e+01
1.524499999999956117e+02, 9.446730567297035464e+01
1.525499999999956060e+02, 9.456893494910480058e+01
1.526499999999956003e+02, 9.467070881091262891e+01
1.527499999999955946e+02, 9.477262730702538818e+01
1.528499999999955890e+02, 9.487469048537700189e+01
1.529499999999955833e+02, 9.497689839320308636e+01
1.530499999999955776e+02, 9.507925107704021173e+01
1.531499999999955719e+02, 9.518174858272533356e+01
1.532499999999955662e+02, 9.528439095539506809e+01
1.533499999999955605e+02, 9.538717823948512375e+01
1.534499999999955548e+02, 9.549011047872966174e+01
1.535499999999955492e+02, 9.559318771616072752e+01
1.536499999999955435e+02, 9.569640999410766824e+01
1.537499999999955378e+02, 9.579977735419659268e+01
1.538499999999955321e+02, 9.590328983734981705e+01
1.539499999999955264e+02, 9.600694748378535337e+01
1.540499999999955207e+02, 9.611075033301644055e+01
1.541499999999955151e+02, 9.621469842385100435e+01
1.542499999999955094e+02, 9.631879179439125949e+01
1.543499999999955037e+02, 9.642303048203322646e+01
1.544499999999954980e+02, 9.652741452346630524e+01
1.545499999999954923e+02, 9.663194395467287734e+01
1.546499999999954866e+02, 9.673661881092790793e+01
1.547499999999954809e+02, 9.684143912679857635e+01
1.548499999999954753e+02, 9.694640493614393506e+01
1.549499999999954696e+02, 9.705151627211454013e+01
1.550499999999954639e+02, 9.715677316715216705e+01
1.551499999999954582e+02, 9.726217565298948386e+01
1.552499999999954525e+02, 9.736772376064978118e+01
1.553499999999954468e+02, 9.747341752044671637e+01
1.554499999999954412e+02, 9.757925696198404353e+01
1.555499999999954355e+02, 9.768524211415541458e+01
1.556499999999954298e+02, 9.779137300514413766e+01
1.557499999999954241e+02, 9.789764966242302080e+01
1.558499999999954184e+02, 9.800407211275415875e+01
1.559499999999954127e+02, 9.811064038218880512e+01
1.560499999999954071e+02, 9.821735449606721602e+01
1.561499999999954014e+02, 9.832421447901855061e+01
1.562499999999953957e+02, 9.843122035496077160e+01
1.563499999999953900e+02, 9.853837214710051740e+01
1.564499999999953843e+02, 9.864566987793308783e+01
1.565499999999953786e+02, 9.875311356924235895e+01
1.566499999999953729e+02, 9.886070324210079718e+01
1.567499999999953673e+02, 9.896843891686940253e+01
1.568499999999953616e+02, 9.907632061319773698e+01
1.569499999999953559e+02, 9.918434835002393868e+01
1.570499999999953502e+02, 9.929252214557477885e+01
1.571499999999953445e+02, 9.940084201736571856e+01
1.572499999999953388e+02, 9.950930798220096563e+01
1.573499999999953332e+02, 9.961792005617358825e+01
1.574499999999953275e+02, 9.972667825466564295e+01
1.575499999999953218e+02, 9.983558259234825982e+01
1.576499999999953161e+02, 9.994463308318185568e+01
1.577499999999953104e+02, 1.000538297404162478e+02
1.578499999999953047e+02, 1.001631837126985687e+02
1.579499999999952990e+02, 1.002727065389608896e+02
1.580499999999952934e+02, 1.003823983296982334e+02
1.581499999999952877e+02, 1.004922591947204182e+02
1.582499999999952820e+02, 1.006022892431504090e+02
1.583499999999952763e+02, 1.007124885834226404e+02
1.584499999999952706e+02, 1.008228573232814540e+02
1.585499999999952649e+02, 1.009333955697794778e+02
1.586499999999952593e+02, 1.010441034292760492e+02
1.587499999999952536e+02, 1.011549810074356515e+02
1.588499999999952479e+02, 1.012660284092263367e+02
1.589499999999952422e+02, 1.013772457389182335e+02
1.590499999999952365e+02, 1.014886331000819979e+02
1.591499999999952308e+02, 1.016001905955873070e+02
1.592499999999952252e+02, 1.017119183276014098e+02
1.593499999999952195e+02, 1.018238163975876347e+02
1.594499999999952138e+02, 1.019358849063039116e+02
1.595499999999952081e+02, 1.020481239538013654e+02
1.596499999999952024e+02, 1.021605336394229084e+02
1.597499999999951967e+02, 1.022731140618017918e+02
1.598499999999951910e+02, 1.023858653188602545e+02
1.599499999999951854e+02, 1.024987875078081316e+02
1.600499999999951797e+02, 1.026118807251415319e+02
1.601499999999951740e+02, 1.027251450666414456e+02
1.602499999999951683e+02, 1.028385806273724654e+02
1.603499999999951626e+02, 1.029521875016814931e+02
1.604499999999951569e+02, 1.030659657831964040e+02
1.605499999999951513e+02, 1.031799155648248103e+02
1.606499999999951456e+02, 1.032940369387528250e+02
1.607499999999951399e+02, 1.034083299964437686e+02
1.608499999999951342e+02, 1.035227948286370037e+02
1.609499999999951285e+02, 1.036374315253467131e+02
1.610499999999951228e+02, 1.037522401758607202e+02
1.611499999999951172e+02, 1.038672208687393095e+02
1.612499999999951115e+02, 1.039823736918140753e+02
1.613499999999951058e+02, 1.040976987321868137e+02
1.614499999999951001e+02, 1.042131960762283711e+02
1.615499999999950944e+02, 1.043288658095775787e+02
1.616499999999950887e+02, 1.044447080171401581e+02
1.617499999999950830e+02, 1.045607227830876553e+02
1.618499999999950774e+02, 1.046769101908563897e+02
1.619499999999950717e+02, 1.047932703231464302e+02
1.620499999999950660e+02, 1.049098032619205867e+02
1.621499999999950603e+02, 1.050265090884034294e+02
1.622499999999950546e+02, 1.051433878830802797e+02
1.623499999999950489e+02, 1.052604397256962869e+02
1.624499999999950433e+02, 1.053776646952554472e+02
1.625499999999950376e+02, 1.054950628700197370e+02
1.626499999999950319e+02, 1.056126343275081467e+02
1.627499999999950262e+02, 1.057303791444958421e+02
1.628499999999950205e+02, 1.058482973970132690e+02
1.629499999999950148e+02, 1.059663891603452868e+02
1.630499999999950091e+02, 1.060846545090303721e+02
1.631499999999950035e+02, 1.062030935168597949e+02
1.632499999999949978e+02, 1.063217062568767801e+02
1.633499999999949921e+02, 1.064404928013757683e+02
1.634499999999949864e+02, 1.065594532219016486e+02
1.635499999999949807e+02, 1.066785875892489912e+02
1.636499999999949750e+02, 1.067978959734613511e+02
1.637499999999949694e+02, 1.069173784438305148e+02
1.638499999999949637e+02, 1.070370350688958609e+02
1.639499999999949580e+02, 1.071568659164436497e+02
1.640499999999949523e+02, 1.072768710535063974e+02
1.641499999999949466e+02, 1.073970505463621947e+02
1.642499999999949409e+02, 1.075174044605341237e+02
1.643499999999949353e+02, 1.076379328607896610e+02
1.644499999999949296e+02, 1.077586358111400813e+02
1.645499999999949239e+02, 1.078795133748398740e+02
1.646499999999949182e+02, 1.080005656143862183e+02
1.647499999999949125e+02, 1.081217925915184708e+02
1.648499999999949068e+02, 1.082431943672176118e+02
1.649499999999949011e+02, 1.083647710017057761e+02
1.650499999999948955e+02, 1.084865225544457843e+02
1.651499999999948898e+02, 1.086084490841406875e+02
1.652499999999948841e+02, 1.087305506487332849e+02
1.653499999999948784e+02, 1.088528273054057678e+02
1.654499999999948727e+02, 1.089752791105792795e+02
1.655499999999948670e+02, 1.090979061199135316e+02
1.656499999999948614e+02, 1.092207083883064485e+02
1.657499999999948557e+02, 1.093436859698937980e+02
1.658499999999948500e+02, 1.094668389180488930e+02
1.659499999999948443e+02, 1.095901672853822504e+02
1.660499999999948386e+02, 1.097136711237413209e+02
1.661499999999948329e+02, 1.098373504842101767e+02
1.662499999999948272e+02, 1.099612054171092979e+02
1.663499999999948216e+02, 1.100852359719953029e+02
