0.000000000000000000e+00, 9.149999999999998579e+00
1.000000000000000021e-03, 9.155157306137011730e+00
2.000000000000000042e-03, 9.157732695877992768e+00
3.000000000000000062e-03, 9.160305916845985053e+00
4.000000000000000083e-03, 9.162876974099365412e+00
5.000000000000000104e-03, 9.165445872676144745e+00
6.000000000000000125e-03, 9.168012617594079927e+00
7.000000000000000146e-03, 9.170577213850794607e+00
8.000000000000000167e-03, 9.173139666423892891e+00
9.000000000000001055e-03, 9.175699980271081913e+00
1.000000000000000194e-02, 9.178258160330283744e+00
1.100000000000000283e-02, 9.180814211519747303e+00
1.200000000000000372e-02, 9.183368138738162045e+00
1.300000000000000461e-02, 9.185919946864773422e+00
1.400000000000000550e-02, 9.188469640759493018e+00
1.500000000000000638e-02, 9.191017225263012236e+00
1.600000000000000727e-02, 9.193562705196901774e+00
1.700000000000000816e-02, 9.196106085363735971e+00
1.800000000000000905e-02, 9.198647370547188729e+00
1.900000000000000994e-02, 9.201186565512150750e+00
2.000000000000001082e-02, 9.203723675004823690e+00
2.100000000000001171e-02, 9.206258703752840944e+00
2.200000000000001260e-02, 9.208791656465363573e+00
2.300000000000001349e-02, 9.211322537833183333e+00
2.400000000000001438e-02, 9.213851352528832805e+00
2.500000000000001527e-02, 9.216378105206683102e+00
2.600000000000001615e-02, 9.218902800503050443e+00
2.700000000000001704e-02, 9.221425443036288527e+00
2.800000000000001793e-02, 9.223946037406898668e+00
2.900000000000001882e-02, 9.226464588197632821e+00
3.000000000000001971e-02, 9.228981099973569968e+00
3.100000000000002059e-02, 9.231495577282245790e+00
3.200000000000002148e-02, 9.234008024653725499e+00
3.300000000000002237e-02, 9.236518446600715748e+00
3.400000000000002326e-02, 9.239026847618648119e+00
3.500000000000002415e-02, 9.241533232185789259e+00
3.600000000000002504e-02, 9.244037604763320815e+00
3.700000000000002592e-02, 9.246539969795446012e+00
3.800000000000002681e-02, 9.249040331709473151e+00
3.900000000000002770e-02, 9.251538694915916849e+00
4.000000000000002859e-02, 9.254035063808583317e+00
4.100000000000002948e-02, 9.256529442764664495e+00
4.200000000000003036e-02, 9.259021836144833983e+00
4.300000000000003125e-02, 9.261512248293321647e+00
4.400000000000003214e-02, 9.264000683538021974e+00
4.500000000000003303e-02, 9.266487146190572233e+00
4.600000000000003392e-02, 9.268971640546439517e+00
4.700000000000003481e-02, 9.271454170885016666e+00
4.800000000000003569e-02, 9.273934741469698650e+00
4.900000000000003658e-02, 9.276413356547978495e+00
5.000000000000003747e-02, 9.278890020351523660e+00
1.500000000000000500e-01, 9.703412594715837614e+00
2.500000000000000555e-01, 9.959596443678227828e+00
3.500000000000000888e-01, 1.018013559616800023e+01
4.500000000000000666e-01, 1.038114374982965238e+01
5.500000000000000444e-01, 1.056844323848258327e+01
6.500000000000000222e-01, 1.074497140042485377e+01
7.500000000000000000e-01, 1.091255311498223435e+01
8.499999999999999778e-01, 1.107246377752508337e+01
9.499999999999999556e-01, 1.122552048432408611e+01
1.050000000000000044e+00, 1.137239545331011392e+01
1.150000000000000133e+00, 1.151369361634299437e+01
1.250000000000000222e+00, 1.164993381353667701e+01
1.350000000000000311e+00, 1.178156314439672769e+01
1.450000000000000400e+00, 1.190896912758852011e+01
1.550000000000000488e+00, 1.203248969083323416e+01
1.650000000000000577e+00, 1.215841640860913309e+01
1.750000000000000666e+00, 1.243235821700351629e+01
1.850000000000000755e+00, 1.268936394738363305e+01
1.950000000000000844e+00, 1.293186701662874150e+01
2.050000000000000711e+00, 1.316186949995121758e+01
2.150000000000000799e+00, 1.338090593114092997e+01
2.250000000000000888e+00, 1.359019237515514611e+01
2.350000000000000977e+00, 1.379071716497726996e+01
2.450000000000001066e+00, 1.398330153444498336e+01
2.550000000000001155e+00, 1.416868396221428839e+01
2.650000000000001243e+00, 1.434752827171978495e+01
2.750000000000001332e+00, 1.452039608904905066e+01
2.850000000000001421e+00, 1.468776859988493833e+01
2.950000000000001510e+00, 1.485006249646375132e+01
3.050000000000001599e+00, 1.500764194997966428e+01
3.150000000000001688e+00, 1.516081500004282212e+01
3.250000000000001776e+00, 1.530985145648703138e+01
3.350000000000001865e+00, 1.545499502365659339e+01
3.450000000000001954e+00, 1.559648444936365586e+01
3.550000000000002043e+00, 1.573454779042327445e+01
3.650000000000002132e+00, 1.586938909398743469e+01
3.750000000000002220e+00, 1.600119191528385088e+01
3.850000000000002309e+00, 1.613012218309617651e+01
3.950000000000002398e+00, 1.625633055767232094e+01
4.050000000000002487e+00, 1.637995438874172294e+01
4.150000000000002132e+00, 1.650111935495039006e+01
4.250000000000001776e+00, 1.661994084691559692e+01
4.350000000000001421e+00, 1.673652514205218367e+01
4.450000000000001066e+00, 1.685097040885054298e+01
4.550000000000000711e+00, 1.696336757038432097e+01
4.650000000000000355e+00, 1.707380134390734838e+01
4.750000000000000000e+00, 1.718235793649222032e+01
4.849999999999999645e+00, 1.728912418661472827e+01
4.949999999999999289e+00, 1.739417660529874610e+01
5.049999999999998934e+00, 1.749758227007577815e+01
5.149999999999998579e+00, 1.759940508877730636e+01
5.249999999999998224e+00, 1.769970470973613885e+01
5.349999999999997868e+00, 1.779853692028281387e+01
5.449999999999997513e+00, 1.789595399767978989e+01
5.549999999999997158e+00, 1.799200501934068441e+01
5.649999999999996803e+00, 1.808673613803511415e+01
5.749999999999996447e+00, 1.818019082685102106e+01
5.849999999999996092e+00, 1.827241009792912863e+01
5.949999999999995737e+00, 1.836343269836340042e+01
6.049999999999995381e+00, 1.845329528614960779e+01
6.149999999999995026e+00, 1.854203258863991266e+01
6.249999999999994671e+00, 1.862967754560842337e+01
6.349999999999994316e+00, 1.871626143873686487e+01
6.449999999999993960e+00, 1.880181409204498877e+01
6.549999999999993605e+00, 1.888636607079978802e+01
6.649999999999993250e+00, 1.896995063529352876e+01
6.749999999999992895e+00, 1.905259929420122589e+01
6.849999999999992539e+00, 1.913434193170460063e+01
6.949999999999992184e+00, 1.921520692290503263e+01
7.049999999999991829e+00, 1.929522123882789231e+01
7.149999999999991473e+00, 1.937441054215139502e+01
7.249999999999991118e+00, 1.945279927464946823e+01
7.349999999999990763e+00, 1.953046480835846666e+01
7.449999999999990408e+00, 1.960738361331830504e+01
7.549999999999990052e+00, 1.968355946476410523e+01
7.649999999999989697e+00, 1.975899648869624770e+01
7.749999999999989342e+00, 1.983369911366713367e+01
7.849999999999988987e+00, 1.990767202852972062e+01
7.949999999999988631e+00, 1.998092014534751115e+01
8.049999999999988276e+00, 2.005344856678478749e+01
8.149999999999987921e+00, 2.012526255739592784e+01
8.249999999999987566e+00, 2.019636751831597721e+01
8.349999999999987210e+00, 2.026676896492510949e+01
8.449999999999986855e+00, 2.033647250711873156e+01
8.549999999999986500e+00, 2.040548383186525783e+01
8.649999999999986144e+00, 2.047380868777625196e+01
8.749999999999985789e+00, 2.054145287144987009e+01
8.849999999999985434e+00, 2.060842072291207572e+01
8.949999999999985079e+00, 2.067468276331018728e+01
9.049999999999984723e+00, 2.074026446062759277e+01
9.149999999999984368e+00, 2.080518982157668972e+01
9.249999999999984013e+00, 2.086948150775415556e+01
9.349999999999983658e+00, 2.093316094006979355e+01
9.449999999999983302e+00, 2.099624839287749367e+01
9.549999999999982947e+00, 2.104686476688483765e+01
