0.000000000000000000e+00, 0.000000000000000000e+00
1.000000000000000021e-03, 5.470632558533024784e-08
2.000000000000000042e-03, 1.641193202598683697e-07
3.000000000000000062e-03, 3.282393278469857519e-07
4.000000000000000083e-03, 5.470666924892528003e-07
5.000000000000000104e-03, 8.206017586481446885e-07
6.000000000000000125e-03, 1.148844871103748139e-06
7.000000000000000146e-03, 1.531796374954468986e-06
8.000000000000000167e-03, 1.969456615616739311e-06
9.000000000000001055e-03, 2.461825938824726915e-06
1.000000000000000194e-02, 3.008904690630043405e-06
1.100000000000000283e-02, 3.610693217401455359e-06
1.200000000000000372e-02, 4.267191865824594216e-06
1.300000000000000461e-02, 4.978400982901667438e-06
1.400000000000000550e-02, 5.744320915951169672e-06
1.500000000000000638e-02, 6.564952012607597723e-06
1.600000000000000727e-02, 7.440294620821159596e-06
1.700000000000000816e-02, 8.370349088857492441e-06
1.800000000000000905e-02, 9.355115765297372012e-06
1.900000000000000994e-02, 1.039459499903643400e-05
2.000000000000001082e-02, 1.148878713928488349e-05
2.100000000000001171e-02, 1.263769253556721547e-05
2.200000000000001260e-02, 1.384131153772193017e-05
2.300000000000001349e-02, 1.509964449590125022e-05
2.400000000000001438e-02, 1.641269176057084109e-05
2.500000000000001527e-02, 1.778045368250952141e-05
2.600000000000001615e-02, 1.920293061280899869e-05
2.700000000000001704e-02, 2.068012290287356950e-05
2.800000000000001793e-02, 2.221203090441985515e-05
2.900000000000001882e-02, 2.379865496947651714e-05
3.000000000000001971e-02, 2.543999545038397927e-05
3.100000000000002059e-02, 2.713605269979414987e-05
3.200000000000002148e-02, 2.888682707067014734e-05
3.300000000000002237e-02, 3.069231891628601555e-05
3.400000000000002326e-02, 3.255252859022646293e-05
3.500000000000002415e-02, 3.446745644638656773e-05
3.600000000000002504e-02, 3.643710283897152053e-05
3.700000000000002592e-02, 3.846146812249634300e-05
3.800000000000002681e-02, 4.054055265178561007e-05
3.900000000000002770e-02, 4.267435678197319246e-05
4.000000000000002859e-02, 4.486288086850196528e-05
4.100000000000002948e-02, 4.710612526712355054e-05
4.200000000000003036e-02, 4.940409033389803932e-05
4.300000000000003125e-02, 5.175677642519372072e-05
4.400000000000003214e-02, 5.416418389768681081e-05
4.500000000000003303e-02, 5.662631310836118835e-05
4.600000000000003392e-02, 5.914316441450813053e-05
4.700000000000003481e-02, 6.171473817372602835e-05
4.800000000000003569e-02, 6.434103474392012913e-05
4.900000000000003658e-02, 6.702205448330227902e-05
5.000000000000003747e-02, 6.975779775039063837e-05
1.500000000000000500e-01, 8.909693680292767861e-04
2.500000000000000555e-01, 2.260243668364976099e-03
3.500000000000000888e-01, 4.178028970443982415e-03
4.500000000000000666e-01, 6.644791772824230544e-03
5.500000000000000444e-01, 9.661017251531147515e-03
6.500000000000000222e-01, 1.322720841301027947e-02
7.500000000000000000e-01, 1.734388532194055046e-02
8.499999999999999778e-01, 2.201158439840403269e-02
9.499999999999999556e-01, 2.723085489213089919e-02
1.050000000000000044e+00, 3.300225772290259207e-02
1.150000000000000133e+00, 3.932636565770619708e-02
1.250000000000000222e+00, 4.620376301907764410e-02
1.350000000000000311e+00, 5.363504540351740624e-02
1.450000000000000400e+00, 6.162081941187540213e-02
1.550000000000000488e+00, 7.016170239245378415e-02
1.650000000000000577e+00, 7.915939880051170441e-02
1.750000000000000666e+00, 8.816595340119379176e-02
1.850000000000000755e+00, 9.718159637998183276e-02
1.950000000000000844e+00, 1.062065412683999566e-01
2.050000000000000711e+00, 1.152409894406411228e-01
2.150000000000000799e+00, 1.242851309383345287e-01
2.250000000000000888e+00, 1.333391452431627044e-01
2.350000000000000977e+00, 1.424032019814402417e-01
2.450000000000001066e+00, 1.514774618619701418e-01
2.550000000000001155e+00, 1.605620788822794964e-01
2.650000000000001243e+00, 1.696572020072829312e-01
2.750000000000001332e+00, 1.787629753794540144e-01
2.850000000000001421e+00, 1.878795385290298325e-01
2.950000000000001510e+00, 1.970070265785437424e-01
3.050000000000001599e+00, 2.061455704388006349e-01
3.150000000000001688e+00, 2.152952957524858768e-01
3.250000000000001776e+00, 2.244563227489788648e-01
3.350000000000001865e+00, 2.336287668757847102e-01
3.450000000000001954e+00, 2.428127401564075527e-01
3.550000000000002043e+00, 2.520083520758860107e-01
3.650000000000002132e+00, 2.612157096415697044e-01
3.750000000000002220e+00, 2.704349174464665828e-01
3.850000000000002309e+00, 2.796660777336346104e-01
3.950000000000002398e+00, 2.889092904605641832e-01
4.050000000000002487e+00, 2.981646533628263818e-01
4.150000000000002132e+00, 3.074322620164954278e-01
4.250000000000001776e+00, 3.167122098990181600e-01
4.350000000000001421e+00, 3.260045884483204204e-01
4.450000000000001066e+00, 3.353094871200253402e-01
4.550000000000000711e+00, 3.446269934427180770e-01
4.650000000000000355e+00, 3.539571932005458610e-01
4.750000000000000000e+00, 3.633001711941482026e-01
4.849999999999999645e+00, 3.726560118393705823e-01
4.949999999999999289e+00, 3.820247985870743324e-01
5.049999999999998934e+00, 3.914066133357025912e-01
5.149999999999998579e+00, 4.008015366730648399e-01
5.249999999999998224e+00, 4.102096478998178974e-01
5.349999999999997868e+00, 4.196310250530449482e-01
5.449999999999997513e+00, 4.290657449297777259e-01
5.549999999999997158e+00, 4.385138831103425616e-01
5.649999999999996803e+00, 4.479755139814369236e-01
5.749999999999996447e+00, 4.574507107588657862e-01
5.849999999999996092e+00, 4.669395455098838132e-01
5.949999999999995737e+00, 4.764420891751035003e-01
6.049999999999995381e+00, 4.859584115899406309e-01
6.149999999999995026e+00, 4.954885815055766196e-01
6.249999999999994671e+00, 5.050326666094252515e-01
6.349999999999994316e+00, 5.145907335450965459e-01
6.449999999999993960e+00, 5.241628479872044721e-01
6.549999999999993605e+00, 5.337490750281740359e-01
6.649999999999993250e+00, 5.433494797221828376e-01
6.749999999999992895e+00, 5.529641270783546281e-01
6.849999999999992539e+00, 5.625930820549601696e-01
6.949999999999992184e+00, 5.722364095545090512e-01
7.049999999999991829e+00, 5.818941744196258758e-01
7.149999999999991473e+00, 5.915664414296217810e-01
7.249999999999991118e+00, 6.012532752976811334e-01
7.349999999999990763e+00, 6.109547521215072940e-01
7.449999999999990408e+00, 6.206709384406291496e-01
7.549999999999990052e+00, 6.304018969530175154e-01
7.649999999999989697e+00, 6.401476866584048242e-01
7.749999999999989342e+00, 6.499083629927507877e-01
7.849999999999988987e+00, 6.596839779546425087e-01
7.949999999999988631e+00, 6.694745802243267097e-01
8.049999999999988276e+00, 6.792802152759973566e-01
8.149999999999987921e+00, 6.891009254838940112e-01
8.249999999999987566e+00, 6.989367502227099571e-01
8.349999999999987210e+00, 7.087877259627565207e-01
8.449999999999986855e+00, 7.186538863602872640e-01
8.549999999999986500e+00, 7.285352623433446473e-01
8.649999999999986144e+00, 7.384318821934594546e-01
8.749999999999985789e+00, 7.483437716234999648e-01
8.849999999999985434e+00, 7.582709524137446477e-01
8.949999999999985079e+00, 7.682134381246510380e-01
9.049999999999984723e+00, 7.781712439410977122e-01
9.149999999999984368e+00, 7.881443865790621617e-01
9.249999999999984013e+00, 7.981328842000786628e-01
9.349999999999983658e+00, 8.081367563326722347e-01
9.449999999999983302e+00, 8.181560238000651353e-01
9.549999999999982947e+00, 8.281907086535365003e-01
9.649999999999982592e+00, 8.382408341108887884e-01
9.749999999999982236e+00, 8.483064244995393022e-01
9.849999999999981881e+00, 8.583875052038075770e-01
9.949999999999981526e+00, 8.684841026160182720e-01
1.004999999999998117e+01, 8.785962440910801696e-01
1.014999999999998082e+01, 8.887239579042378601e-01
1.024999999999998046e+01, 8.988672732117244379e-01
1.034999999999998010e+01, 9.090262200140720728e-01
1.044999999999997975e+01, 9.192008291218598526e-01
1.054999999999997939e+01, 9.293911321237028345e-01
1.064999999999997904e+01, 9.395971613563026681e-01
1.074999999999997868e+01, 9.498189498763990324e-01
1.084999999999997833e+01, 9.600565314344750023e-01
1.094999999999997797e+01, 9.703099404500841185e-01
1.104999999999997762e+01, 9.805792119886777014e-01
1.114999999999997726e+01, 9.908643817398229414e-01
1.124999999999997691e+01, 1.001165485996711402e+00
1.134999999999997655e+01, 1.011482561636865452e+00
1.144999999999997620e+01, 1.021815646103959363e+00
1.154999999999997584e+01, 1.032164777390678578e+00
1.164999999999997549e+01, 1.042529994022545647e+00
1.174999999999997513e+01, 1.052911335042648666e+00
1.184999999999997478e+01, 1.063308839997212596e+00
1.194999999999997442e+01, 1.073722548921958175e+00
1.204999999999997407e+01, 1.084152502329198242e+00
1.214999999999997371e+01, 1.094598741195624836e+00
1.224999999999997335e+01, 1.105061306950742894e+00
1.234999999999997300e+01, 1.115540241465913018e+00
1.244999999999997264e+01, 1.126035587043962449e+00
1.254999999999997229e+01, 1.136547386409334504e+00
1.264999999999997193e+01, 1.147075682698740273e+00
1.274999999999997158e+01, 1.157620519452286834e+00
1.284999999999997122e+01, 1.168181940605051317e+00
1.294999999999997087e+01, 1.178759990479078201e+00
1.304999999999997051e+01, 1.189354713775773176e+00
1.314999999999997016e+01, 1.199966155568673143e+00
1.324999999999996980e+01, 1.210594361296571719e+00
1.334999999999996945e+01, 1.221239376756979578e+00
1.344999999999996909e+01, 1.231901248099902979e+00
1.354999999999996874e+01, 1.242580021821922287e+00
1.364999999999996838e+01, 1.253275744760556032e+00
1.374999999999996803e+01, 1.263988464088894315e+00
1.384999999999996767e+01, 1.274718227310488450e+00
1.394999999999996732e+01, 1.285465082254484193e+00
1.404999999999996696e+01, 1.296229077070984559e+00
1.414999999999996660e+01, 1.307010260226633136e+00
1.424999999999996625e+01, 1.317808680500405227e+00
1.434999999999996589e+01, 1.328624386979597505e+00
1.444999999999996554e+01, 1.339457429056006399e+00
1.454999999999996518e+01, 1.350307856422286346e+00
1.464999999999996483e+01, 1.361175719068478562e+00
1.474999999999996447e+01, 1.372061067278703916e+00
1.484999999999996412e+01, 1.382963951628011889e+00
1.494999999999996376e+01, 1.393884422979376092e+00
1.504999999999996341e+01, 1.404822532480833885e+00
1.514999999999996305e+01, 1.415778331562759895e+00
1.524999999999996270e+01, 1.426751871935269866e+00
1.534999999999996234e+01, 1.437743205585747752e+00
1.544999999999996199e+01, 1.448752384776491375e+00
1.554999999999996163e+01, 1.459779462042471332e+00
1.564999999999996128e+01, 1.470824490189197808e+00
1.574999999999996092e+01, 1.481887522290692205e+00
1.584999999999996056e+01, 1.492968611687557567e+00
1.594999999999996021e+01, 1.504067811985144276e+00
1.604999999999996163e+01, 1.515185177051807663e+00
1.614999999999996305e+01, 1.526320761017253114e+00
1.624999999999996447e+01, 1.537474618270965543e+00
1.634999999999996589e+01, 1.548646803460719035e+00
1.644999999999996732e+01, 1.559837371491165303e+00
1.654999999999996874e+01, 1.571046377522495430e+00
1.664999999999997016e+01, 1.582273876969174431e+00
1.674999999999997158e+01, 1.593519925498744660e+00
1.684999999999997300e+01, 1.604784579030694935e+00
1.694999999999997442e+01, 1.616067893735393612e+00
1.704999999999997584e+01, 1.627369926033084280e+00
1.714999999999997726e+01, 1.638690732592938737e+00
1.724999999999997868e+01, 1.650030370332169261e+00
1.734999999999998010e+01, 1.661388896415194161e+00
1.744999999999998153e+01, 1.672766368252856628e+00
1.754999999999998295e+01, 1.684162843501695539e+00
1.764999999999998437e+01, 1.695578380063264889e+00
1.774999999999998579e+01, 1.707013036083501412e+00
1.784999999999998721e+01, 1.718466869952137266e+00
1.794999999999998863e+01, 1.729939940302158030e+00
1.804999999999999005e+01, 1.741432306009303321e+00
1.814999999999999147e+01, 1.752944026191609161e+00
1.824999999999999289e+01, 1.764475160208989868e+00
1.834999999999999432e+01, 1.776025767662859467e+00
1.844999999999999574e+01, 1.787595908395789746e+00
1.854999999999999716e+01, 1.799185642491206050e+00
1.864999999999999858e+01, 1.810795030273116613e+00
1.875000000000000000e+01, 1.822424132305877409e+00
1.885000000000000142e+01, 1.834073009393989206e+00
1.895000000000000284e+01, 1.845741722581926814e+00
1.905000000000000426e+01, 1.857430333153999413e+00
1.915000000000000568e+01, 1.869138902634241317e+00
1.925000000000000711e+01, 1.880867492786331141e+00
1.935000000000000853e+01, 1.892616165613540513e+00
1.945000000000000995e+01, 1.904384983358708761e+00
1.955000000000001137e+01, 1.916174008504245796e+00
1.965000000000001279e+01, 1.927983303772160317e+00
1.975000000000001421e+01, 1.939812932124113098e+00
1.985000000000001563e+01, 1.951662956761494927e+00
1.995000000000001705e+01, 1.963533441125528745e+00
2.005000000000001847e+01, 1.975424448897394880e+00
2.015000000000001990e+01, 1.987336043998378043e+00
2.025000000000002132e+01, 1.999268290590037855e+00
2.035000000000002274e+01, 2.011221253074399584e+00
2.045000000000002416e+01, 2.023194996094165976e+00
2.055000000000002558e+01, 2.035189584532949070e+00
2.065000000000002700e+01, 2.047205083515524215e+00
2.075000000000002842e+01, 2.059241558408098527e+00
2.085000000000002984e+01, 2.071299074818603980e+00
2.095000000000003126e+01, 2.083377698597003835e+00
2.105000000000003268e+01, 2.095477495835620374e+00
2.115000000000003411e+01, 2.107598532869478625e+00
2.125000000000003553e+01, 2.119740876276668295e+00
2.135000000000003695e+01, 2.131904592878719917e+00
2.145000000000003837e+01, 2.144089749741000528e+00
2.155000000000003979e+01, 2.156296414173123566e+00
2.165000000000004121e+01, 2.168524653729373863e+00
2.175000000000004263e+01, 2.180774536209150405e+00
2.185000000000004405e+01, 2.193046129657420185e+00
2.195000000000004547e+01, 2.205339502365189830e+00
2.205000000000004690e+01, 2.217654722869991435e+00
2.215000000000004832e+01, 2.229991859956379940e+00
2.225000000000004974e+01, 2.242350982656446501e+00
2.235000000000005116e+01, 2.254732160250344730e+00
2.245000000000005258e+01, 2.267135462266829826e+00
2.255000000000005400e+01, 2.279560958483811017e+00
2.265000000000005542e+01, 2.292008718928916888e+00
2.275000000000005684e+01, 2.304478813880071808e+00
2.285000000000005826e+01, 2.316971313866086568e+00
2.295000000000005969e+01, 2.329486289667259680e+00
2.305000000000006111e+01, 2.342023812315990661e+00
2.315000000000006253e+01, 2.354583953097406201e+00
2.325000000000006395e+01, 2.367166783549994769e+00
2.335000000000006537e+01, 2.379772375466256307e+00
2.345000000000006679e+01, 2.392400800893359047e+00
2.355000000000006821e+01, 2.405052132133810083e+00
2.365000000000006963e+01, 2.417726441746135713e+00
2.375000000000007105e+01, 2.430423802545571554e+00
2.385000000000007248e+01, 2.443144287604763321e+00
2.395000000000007390e+01, 2.455887970254478692e+00
2.405000000000007532e+01, 2.468654924084328073e+00
2.415000000000007674e+01, 2.481445222943495121e+00
2.425000000000007816e+01, 2.494258940941478819e+00
2.435000000000007958e+01, 2.507096152448842652e+00
2.445000000000008100e+01, 2.519956932097975333e+00
2.455000000000008242e+01, 2.532841354783859078e+00
2.465000000000008384e+01, 2.545749495664848983e+00
2.475000000000008527e+01, 2.558681430163459503e+00
2.485000000000008669e+01, 2.571637233967162040e+00
2.495000000000008811e+01, 2.584616983029189186e+00
2.505000000000008953e+01, 2.597620753569350072e+00
2.515000000000009095e+01, 2.610648622074851932e+00
2.525000000000009237e+01, 2.623700665301131885e+00
2.535000000000009379e+01, 2.636776960272697590e+00
2.545000000000009521e+01, 2.649877584283974130e+00
2.555000000000009663e+01, 2.663002614900161547e+00
2.565000000000009805e+01, 2.676152129958098591e+00
2.575000000000009948e+01, 2.689326207567135807e+00
2.585000000000010090e+01, 2.702524926110017045e+00
2.595000000000010232e+01, 2.715748364243767199e+00
2.605000000000010374e+01, 2.728996600900589264e+00
2.615000000000010516e+01, 2.742269715288769394e+00
2.625000000000010658e+01, 2.755567786893587723e+00
2.635000000000010800e+01, 2.768890895478239855e+00
2.645000000000010942e+01, 2.782239121084762790e+00
2.655000000000011084e+01, 2.795612544034971059e+00
2.665000000000011227e+01, 2.809011244931398199e+00
2.675000000000011369e+01, 2.822435304658247546e+00
2.685000000000011511e+01, 2.835884804382349245e+00
2.695000000000011653e+01, 2.849359825554123926e+00
2.705000000000011795e+01, 2.862860449908555704e+00
2.715000000000011937e+01, 2.876386759466170950e+00
2.725000000000012079e+01, 2.889938836534023281e+00
2.735000000000012221e+01, 2.903516763706688764e+00
2.745000000000012363e+01, 2.917120623867264673e+00
2.755000000000012506e+01, 2.930750500188377128e+00
2.765000000000012648e+01, 2.944406476133195838e+00
2.775000000000012790e+01, 2.958088635456455062e+00
2.785000000000012932e+01, 2.971797062205482121e+00
2.795000000000013074e+01, 2.985531840721232122e+00
2.805000000000013216e+01, 2.999293055639329353e+00
2.815000000000013358e+01, 3.013080791891116661e+00
2.825000000000013500e+01, 3.026895134704710166e+00
2.835000000000013642e+01, 3.040736169606061523e+00
2.845000000000013785e+01, 3.054603982420027730e+00
2.855000000000013927e+01, 3.068498659271444495e+00
2.865000000000014069e+01, 3.082420286586210256e+00
2.875000000000014211e+01, 3.096368951092373756e+00
2.885000000000014353e+01, 3.110344739821229165e+00
2.895000000000014495e+01, 3.124347740108419202e+00
2.905000000000014637e+01, 3.138378039595042246e+00
2.915000000000014779e+01, 3.152435726228767443e+00
2.925000000000014921e+01, 3.166520888264956479e+00
2.935000000000015064e+01, 3.180633614267790676e+00
2.945000000000015206e+01, 3.194773993111406085e+00
2.955000000000015348e+01, 3.208942113981033906e+00
2.965000000000015490e+01, 3.223138066374146682e+00
2.975000000000015632e+01, 3.237361940101613378e+00
2.985000000000015774e+01, 3.251613825284737302e+00
2.995000000000015916e+01, 3.265893810633683003e+00
3.005000000000016058e+01, 3.280201983315829128e+00
3.015000000000016200e+01, 3.294538429100070775e+00
3.025000000000016342e+01, 3.308903232355003166e+00
3.035000000000016485e+01, 3.323296476046999626e+00
3.045000000000016627e+01, 3.337718241738185654e+00
3.055000000000016769e+01, 3.352168609584308179e+00
3.065000000000016911e+01, 3.366647658332504900e+00
3.075000000000017053e+01, 3.381155465318970599e+00
3.085000000000017195e+01, 3.395692106466524418e+00
3.095000000000017337e+01, 3.410257656282077665e+00
3.105000000000017479e+01, 3.424852187854005248e+00
3.115000000000017621e+01, 3.439475772849418078e+00
3.125000000000017764e+01, 3.454128481511341331e+00
3.135000000000017906e+01, 3.468810382655797220e+00
3.145000000000018048e+01, 3.483521543853448144e+00
3.155000000000018190e+01, 3.498262032388481213e+00
3.165000000000018332e+01, 3.513031915821577034e+00
3.175000000000018474e+01, 3.527831261989472278e+00
3.185000000000018616e+01, 3.542660139004546238e+00
3.195000000000018758e+01, 3.557518615254428251e+00
3.205000000000018900e+01, 3.572406759401629106e+00
3.215000000000019043e+01, 3.587324640383192875e+00
3.225000000000019185e+01, 3.602272327410370956e+00
3.235000000000019327e+01, 3.617249889968314758e+00
3.245000000000019469e+01, 3.632257397815791045e+00
3.255000000000019611e+01, 3.647294920984915034e+00
3.265000000000019753e+01, 3.662362529780904374e+00
3.275000000000019895e+01, 3.677460294781850880e+00
3.285000000000020037e+01, 3.692588286838510925e+00
3.295000000000020179e+01, 3.707746577074114924e+00
3.305000000000020322e+01, 3.722935236884193255e+00
3.315000000000020464e+01, 3.738154337936420379e+00
3.325000000000020606e+01, 3.753403952170475844e+00
3.335000000000020748e+01, 3.768684151797920823e+00
3.345000000000020890e+01, 3.783995009302092871e+00
3.355000000000021032e+01, 3.799336597438015328e+00
3.365000000000021174e+01, 3.814708989232323155e+00
3.375000000000021316e+01, 3.830112257983202095e+00
3.385000000000021458e+01, 3.845546477260346041e+00
3.395000000000021600e+01, 3.861011720904927280e+00
3.405000000000021743e+01, 3.876508063029580509e+00
3.415000000000021885e+01, 3.892035578018402830e+00
3.425000000000022027e+01, 3.907594340526965748e+00
3.435000000000022169e+01, 3.923184425482342697e+00
3.445000000000022311e+01, 3.938805908083148566e+00
3.455000000000022453e+01, 3.954458863799592550e+00
3.465000000000022595e+01, 3.970143368373544313e+00
3.475000000000022737e+01, 3.985859497818612596e+00
3.485000000000022879e+01, 4.001607328420235810e+00
3.495000000000023022e+01, 4.017386936735785063e+00
3.505000000000023164e+01, 4.033198399594680517e+00
3.515000000000023306e+01, 4.049041794098516611e+00
3.525000000000023448e+01, 4.064917197621201517e+00
3.535000000000023590e+01, 4.080824687809105455e+00
3.545000000000023732e+01, 4.096764342581223239e+00
3.555000000000023874e+01, 4.112736240129343912e+00
3.565000000000024016e+01, 4.128740458918235490e+00
3.575000000000024158e+01, 4.144777077685836808e+00
3.585000000000024301e+01, 4.160846175443460915e+00
3.595000000000024443e+01, 4.176947831476008233e+00
3.605000000000024585e+01, 4.193082125342192157e+00
3.615000000000024727e+01, 4.209249136874770869e+00
3.625000000000024869e+01, 4.225448946180791587e+00
3.635000000000025011e+01, 4.241681633641841920e+00
3.645000000000025153e+01, 4.257947279914314542e+00
3.655000000000025295e+01, 4.274245965929676316e+00
3.665000000000025437e+01, 4.290577772894750730e+00
3.675000000000025580e+01, 4.306942782292005667e+00
3.685000000000025722e+01, 4.323341075879854500e+00
3.695000000000025864e+01, 4.339772735692960737e+00
3.705000000000026006e+01, 4.356237844042555096e+00
3.715000000000026148e+01, 4.372736483516758810e+00
3.725000000000026290e+01, 4.389268736980916685e+00
3.735000000000026432e+01, 4.405834687577937281e+00
3.745000000000026574e+01, 4.422434418728642846e+00
3.755000000000026716e+01, 4.439068014132123707e+00
3.765000000000026859e+01, 4.455735557766105082e+00
3.775000000000027001e+01, 4.472437133887317451e+00
3.785000000000027143e+01, 4.489172827031877588e+00
3.795000000000027285e+01, 4.505942722015675805e+00
3.805000000000027427e+01, 4.522746903934770302e+00
3.815000000000027569e+01, 4.539585458165789511e+00
3.825000000000027711e+01, 4.556458470366340663e+00
3.835000000000027853e+01, 4.573366026475427226e+00
3.845000000000027995e+01, 4.590308212713870795e+00
3.855000000000028137e+01, 4.607285115584743629e+00
3.865000000000028280e+01, 4.624296821873804753e+00
3.875000000000028422e+01, 4.641343418649942265e+00
3.885000000000028564e+01, 4.658424993265626313e+00
3.895000000000028706e+01, 4.675541633357364724e+00
3.905000000000028848e+01, 4.692693426846166638e+00
3.915000000000028990e+01, 4.709880461938013241e+00
3.925000000000029132e+01, 4.727102827124334716e+00
3.935000000000029274e+01, 4.744360611182490750e+00
3.945000000000029416e+01, 4.761653903176260805e+00
3.955000000000029559e+01, 4.778982792456338835e+00
3.965000000000029701e+01, 4.796347368660834221e+00
3.975000000000029843e+01, 4.813747721715778027e+00
3.985000000000029985e+01, 4.831183941835636375e+00
3.995000000000030127e+01, 4.848656119523829133e+00
4.005000000000030269e+01, 4.866164345573253946e+00
4.015000000000030411e+01, 4.883708711066816477e+00
4.025000000000030553e+01, 4.901289307377965976e+00
4.035000000000030695e+01, 4.918906226171236185e+00
4.045000000000030838e+01, 4.936559559402793340e+00
4.055000000000030980e+01, 4.954249399320986846e+00
4.065000000000031122e+01, 4.971975838466907049e+00
4.075000000000031264e+01, 4.989738969674951008e+00
4.085000000000031406e+01, 5.007538886073385598e+00
4.095000000000031548e+01, 5.025375681084925716e+00
4.105000000000031690e+01, 5.043249448427310710e+00
4.115000000000031832e+01, 5.061160282113888798e+00
4.125000000000031974e+01, 5.079108276454204152e+00
4.135000000000032117e+01, 5.097093526054593760e+00
4.145000000000032259e+01, 5.115116125818783388e+00
4.155000000000032401e+01, 5.133176170948493322e+00
4.165000000000032543e+01, 5.151273756944045878e+00
4.175000000000032685e+01, 5.169408979604979137e+00
4.185000000000032827e+01, 5.187581935030665115e+00
4.195000000000032969e+01, 5.205792719620933262e+00
4.205000000000033111e+01, 5.224041430076697523e+00
4.215000000000033253e+01, 5.242328163400588714e+00
4.225000000000033396e+01, 5.260653016897591350e+00
4.235000000000033538e+01, 5.279016088175684907e+00
4.245000000000033680e+01, 5.297417475146491306e+00
4.255000000000033822e+01, 5.315857276025923284e+00
4.265000000000033964e+01, 5.334335589334841643e+00
4.275000000000034106e+01, 5.352852513899712505e+00
4.285000000000034248e+01, 5.371408148853273445e+00
4.295000000000034390e+01, 5.390002593635197847e+00
4.305000000000034532e+01, 5.408635947992771698e+00
4.315000000000034674e+01, 5.427308311981567712e+00
4.325000000000034817e+01, 5.446019785966127458e+00
4.335000000000034959e+01, 5.464770470620644360e+00
4.345000000000035101e+01, 5.483560466929654709e+00
4.355000000000035243e+01, 5.502389876188732210e+00
4.365000000000035385e+01, 5.521258800005183431e+00
4.375000000000035527e+01, 5.540167340298750354e+00
4.385000000000035669e+01, 5.559115599302315580e+00
4.395000000000035811e+01, 5.578103679562611994e+00
4.405000000000035953e+01, 5.597131683940937741e+00
4.415000000000036096e+01, 5.616199715613871213e+00
4.425000000000036238e+01, 5.635307878073996690e+00
4.435000000000036380e+01, 5.654456275130625542e+00
4.445000000000036522e+01, 5.673645010910527198e+00
4.455000000000036664e+01, 5.692874189858663669e+00
4.465000000000036806e+01, 5.712143916738924077e+00
4.475000000000036948e+01, 5.731454296634867163e+00
4.485000000000037090e+01, 5.750805434950465589e+00
4.495000000000037232e+01, 5.770197437410853780e+00
4.505000000000037375e+01, 5.789630410063080213e+00
4.515000000000037517e+01, 5.809104459276862364e+00
4.525000000000037659e+01, 5.828619691745347886e+00
4.535000000000037801e+01, 5.848176214485874880e+00
4.545000000000037943e+01, 5.867774134840740174e+00
4.555000000000038085e+01, 5.887413560477970265e+00
4.565000000000038227e+01, 5.907094599392094025e+00
4.575000000000038369e+01, 5.926817359904919869e+00
4.585000000000038511e+01, 5.946581950666317340e+00
4.595000000000038654e+01, 5.966388480655001381e+00
4.605000000000038796e+01, 5.986237059179319253e+00
4.615000000000038938e+01, 6.006127795878042797e+00
4.625000000000039080e+01, 6.026060800721163346e+00
4.635000000000039222e+01, 6.046036184010689318e+00
4.645000000000039364e+01, 6.066054056381448234e+00
4.655000000000039506e+01, 6.086114528801892298e+00
4.665000000000039648e+01, 6.106217712574905754e+00
4.675000000000039790e+01, 6.126363719338615788e+00
4.685000000000039933e+01, 6.146552661067210543e+00
4.695000000000040075e+01, 6.166784650071755358e+00
4.705000000000040217e+01, 6.187059799001014326e+00
4.715000000000040359e+01, 6.207378220842275418e+00
4.725000000000040501e+01, 6.227740028922180926e+00
4.735000000000040643e+01, 6.248145336907554359e+00
4.745000000000040785e+01, 6.268594258806239772e+00
4.755000000000040927e+01, 6.289086908967936651e+00
4.765000000000041069e+01, 6.309623402085042798e+00
4.775000000000041211e+01, 6.330203853193497210e+00
4.785000000000041354e+01, 6.350828377673627401e+00
4.795000000000041496e+01, 6.371497091251002054e+00
4.805000000000041638e+01, 6.392210109997282785e+00
4.815000000000041780e+01, 6.412967550331080346e+00
4.825000000000041922e+01, 6.433769529018816158e+00
4.835000000000042064e+01, 6.454616163175585619e+00
4.845000000000042206e+01, 6.475507570266021418e+00
4.855000000000042348e+01, 6.496443868105165720e+00
4.865000000000042490e+01, 6.517425174859340586e+00
4.875000000000042633e+01, 6.538451609047022828e+00
4.885000000000042775e+01, 6.559523289539723301e+00
4.895000000000042917e+01, 6.580640335562867982e+00
4.905000000000043059e+01, 6.601802866696679928e+00
4.915000000000043201e+01, 6.623011002877069231e+00
4.925000000000043343e+01, 6.644264864396521197e+00
4.935000000000043485e+01, 6.665564571904990743e+00
4.945000000000043627e+01, 6.686910246410796788e+00
4.955000000000043769e+01, 6.708302009281521094e+00
4.965000000000043912e+01, 6.729739982244911545e+00
4.975000000000044054e+01, 6.751224287389784529e+00
4.985000000000044196e+01, 6.772755047166934439e+00
4.995000000000044338e+01, 6.794332384390043167e+00
5.005000000000044480e+01, 6.815956422236591372e+00
5.015000000000044622e+01, 6.837627284248778636e+00
5.025000000000044764e+01, 6.859345094334438286e+00
5.035000000000044906e+01, 6.881109976767960212e+00
5.045000000000045048e+01, 6.902922056191215461e+00
5.055000000000045191e+01, 6.924781457614484381e+00
5.065000000000045333e+01, 6.946688306417384773e+00
5.075000000000045475e+01, 6.968642728349805360e+00
5.085000000000045617e+01, 6.990644849532841931e+00
5.095000000000045759e+01, 7.012694796459734370e+00
5.105000000000045901e+01, 7.034792695996807232e+00
5.115000000000046043e+01, 7.056938675384413884e+00
5.125000000000046185e+01, 7.079132862237885071e+00
5.135000000000046327e+01, 7.101375384548473058e+00
5.145000000000046469e+01, 7.123666370684307303e+00
5.155000000000046612e+01, 7.146005949391347478e+00
5.165000000000046754e+01, 7.168394249794340034e+00
5.175000000000046896e+01, 7.190831401397778322e+00
5.185000000000047038e+01, 7.213317534086863603e+00
5.195000000000047180e+01, 7.235852778128471385e+00
5.205000000000047322e+01, 7.258437264172118653e+00
5.215000000000047464e+01, 7.281071123250933752e+00
5.225000000000047606e+01, 7.303754486782628064e+00
5.235000000000047748e+01, 7.326487486570471219e+00
5.245000000000047891e+01, 7.349270254804271651e+00
5.255000000000048033e+01, 7.372102924061352702e+00
5.265000000000048175e+01, 7.394985627307537612e+00
5.275000000000048317e+01, 7.417918497898136287e+00
5.285000000000048459e+01, 7.440901669578930289e+00
5.295000000000048601e+01, 7.463935276487164927e+00
5.305000000000048743e+01, 7.487019453152541359e+00
5.315000000000048885e+01, 7.510154334498213125e+00
5.325000000000049027e+01, 7.533340055841781790e+00
5.335000000000049170e+01, 7.556576752896299709e+00
5.345000000000049312e+01, 7.579864561771270992e+00
5.355000000000049454e+01, 7.603203618973656930e+00
5.365000000000049596e+01, 7.626594061408884073e+00
5.375000000000049738e+01, 7.650036026381854981e+00
5.385000000000049880e+01, 7.673529651597958967e+00
5.395000000000050022e+01, 7.697075075164087288e+00
5.405000000000050164e+01, 7.720672435589650995e+00
5.415000000000050306e+01, 7.744321871787599676e+00
5.425000000000050449e+01, 7.768023523075445524e+00
5.435000000000050591e+01, 7.791777529176284744e+00
5.445000000000050733e+01, 7.815584030219825173e+00
5.455000000000050875e+01, 7.839443166743415681e+00
5.465000000000051017e+01, 7.863355079693077343e+00
5.475000000000051159e+01, 7.887319910424537284e+00
5.485000000000051301e+01, 7.911337800704263401e+00
5.495000000000051443e+01, 7.935408892710503537e+00
5.505000000000051585e+01, 7.959533329034326421e+00
5.515000000000051728e+01, 7.983711252680662618e+00
5.525000000000051870e+01, 8.007942807069349911e+00
5.535000000000052012e+01, 8.032228136036183130e+00
5.545000000000052154e+01, 8.056567383833959539e+00
5.555000000000052296e+01, 8.080960695133533989e+00
5.565000000000052438e+01, 8.105408215024869634e+00
5.575000000000052580e+01, 8.129910089018096642e+00
5.585000000000052722e+01, 8.154466463044570901e+00
5.595000000000052864e+01, 8.179077483457929176e+00
5.605000000000053006e+01, 8.203743297035156701e+00
5.615000000000053149e+01, 8.228464050977652988e+00
5.625000000000053291e+01, 8.253239892912294096e+00
5.635000000000053433e+01, 8.278070970892503766e+00
5.645000000000053575e+01, 8.302957433399326348e+00
5.655000000000053717e+01, 8.327899429342497939e+00
5.665000000000053859e+01, 8.352897108061521081e+00
5.675000000000054001e+01, 8.377950619326744786e+00
5.685000000000054143e+01, 8.403060113340441006e+00
5.695000000000054285e+01, 8.428225740737889993e+00
5.705000000000054428e+01, 8.453447652588458539e+00
5.715000000000054570e+01, 8.478726000396690665e+00
5.725000000000054712e+01, 8.504060936103392976e+00
5.735000000000054854e+01, 8.529452612086727115e+00
5.745000000000054996e+01, 8.554901181163295121e+00
5.755000000000055138e+01, 8.580406796589238994e+00
5.765000000000055280e+01, 8.605969612061334928e+00
5.775000000000055422e+01, 8.631589781718089327e+00
5.785000000000055564e+01, 8.657267460140840143e+00
5.795000000000055707e+01, 8.683002802354859995e+00
5.805000000000055849e+01, 8.708795963830453957e+00
5.815000000000055991e+01, 8.734647100484071558e+00
5.825000000000056133e+01, 8.760556368679409900e+00
5.835000000000056275e+01, 8.786523925228523879e+00
5.845000000000056417e+01, 8.812549927392936411e+00
5.855000000000056559e+01, 8.838634532884755757e+00
5.865000000000056701e+01, 8.864777899867783972e+00
5.875000000000056843e+01, 8.890980186958637788e+00
5.885000000000056986e+01, 8.917241553227865936e+00
5.895000000000057128e+01, 8.943562158201070034e+00
5.905000000000057270e+01, 8.969942161860025465e+00
5.915000000000057412e+01, 8.996381724643805811e+00
5.925000000000057554e+01, 9.022881007449909063e+00
5.935000000000057696e+01, 9.049440171635385610e+00
5.945000000000057838e+01, 9.076059379003160288e+00
5.955000000000057980e+01, 9.102738791351153935e+00
5.965000000000058122e+01, 9.129478570554303118e+00
5.975000000000058265e+01, 9.156278878571379565e+00
5.985000000000058407e+01, 9.183139877444210342e+00
5.995000000000058549e+01, 9.210061729296880273e+00
6.005000000000058691e+01, 9.237044596334927249e+00
6.015000000000058833e+01, 9.264088640844528655e+00
6.025000000000058975e+01, 9.291194025191682471e+00
6.035000000000059117e+01, 9.318360911821372383e+00
6.045000000000059259e+01, 9.345589463256724017e+00
6.055000000000059401e+01, 9.372879842098159386e+00
6.065000000000059543e+01, 9.400232211022531814e+00
6.075000000000059686e+01, 9.427646732782257288e+00
6.085000000000059828e+01, 9.455123570204436945e+00
6.095000000000059970e+01, 9.482662886189961782e+00
6.105000000000060112e+01, 9.510264843767059162e+00
6.115000000000060254e+01, 9.537929606350948220e+00
6.125000000000060396e+01, 9.565657337805646421e+00
6.135000000000060538e+01, 9.593448202444943007e+00
6.145000000000060680e+01, 9.621302365033381321e+00
6.155000000000060822e+01, 9.649219990787239354e+00
6.165000000000060965e+01, 9.677201245375513849e+00
6.175000000000061107e+01, 9.705246294920900851e+00
6.185000000000061249e+01, 9.733355306000785134e+00
6.195000000000061391e+01, 9.761528445648222529e+00
6.205000000000061533e+01, 9.789765881352927579e+00
6.215000000000061675e+01, 9.818067781062261190e+00
6.225000000000061817e+01, 9.846434313182223619e+00
6.235000000000061959e+01, 9.874865646578438572e+00
6.245000000000062101e+01, 9.903361950577147965e+00
6.255000000000062244e+01, 9.931923394966204910e+00
6.265000000000062386e+01, 9.960550149996066693e+00
6.275000000000062528e+01, 9.989242386380787764e+00
6.285000000000062670e+01, 1.001800027529901449e+01
6.295000000000062812e+01, 1.004682398839498347e+01
6.305000000000062954e+01, 1.007571369777951631e+01
6.315000000000063096e+01, 1.010466957603102145e+01
6.325000000000063238e+01, 1.013369179619649074e+01
6.335000000000063380e+01, 1.016278053179249774e+01
6.345000000000063523e+01, 1.019193595680619957e+01
6.355000000000063665e+01, 1.022115824569633880e+01
6.365000000000063807e+01, 1.025044757339424883e+01
6.375000000000063949e+01, 1.027980411530485050e+01
6.385000000000064091e+01, 1.030922804730766273e+01
6.395000000000064233e+01, 1.033871954575780272e+01
6.405000000000063665e+01, 1.036827878748699128e+01
6.415000000000063096e+01, 1.039790594980456362e+01
6.425000000000062528e+01, 1.042760121049847299e+01
6.435000000000061959e+01, 1.045736474783629788e+01
6.445000000000061391e+01, 1.048719674056625095e+01
6.455000000000060822e+01, 1.051709736791818983e+01
6.465000000000060254e+01, 1.054706680960462428e+01
6.475000000000059686e+01, 1.057710524582172695e+01
6.485000000000059117e+01, 1.060721285725034591e+01
6.495000000000058549e+01, 1.063738982505701536e+01
6.505000000000057980e+01, 1.066763633089496643e+01
6.515000000000057412e+01, 1.069795255690513969e+01
6.525000000000056843e+01, 1.072833868571720117e+01
6.535000000000056275e+01, 1.075879490045055498e+01
6.545000000000055707e+01, 1.078932138471535396e+01
6.555000000000055138e+01, 1.081991832261351760e+01
6.565000000000054570e+01, 1.085058589873974633e+01
6.575000000000054001e+01, 1.088132429818253755e+01
6.585000000000053433e+01, 1.091213370652519998e+01
6.595000000000052864e+01, 1.094301430984687329e+01
6.605000000000052296e+01, 1.097396629472354057e+01
6.615000000000051728e+01, 1.100498984822904802e+01
6.625000000000051159e+01, 1.103608515793611922e+01
6.635000000000050591e+01, 1.106725241191737830e+01
6.645000000000050022e+01, 1.109849179874636249e+01
6.655000000000049454e+01, 1.112980350749854530e+01
6.665000000000048885e+01, 1.116118772775234902e+01
6.675000000000048317e+01, 1.119264464959016792e+01
6.685000000000047748e+01, 1.122417446359938609e+01
6.695000000000047180e+01, 1.125577736087339709e+01
6.705000000000046612e+01, 1.128745353301262178e+01
6.715000000000046043e+01, 1.131920317212552796e+01
6.725000000000045475e+01, 1.135102647082965355e+01
6.735000000000044906e+01, 1.138292362225261911e+01
6.745000000000044338e+01, 1.141489482003315459e+01
6.755000000000043769e+01, 1.144694025832211537e+01
6.765000000000043201e+01, 1.147906013178350371e+01
6.775000000000042633e+01, 1.151125463559548834e+01
6.785000000000042064e+01, 1.154352396545142234e+01
6.795000000000041496e+01, 1.157586831756086632e+01
6.805000000000040927e+01, 1.160828788865060623e+01
6.815000000000040359e+01, 1.164078287596567307e+01
6.825000000000039790e+01, 1.167335347727036599e+01
6.835000000000039222e+01, 1.170599989084926484e+01
6.845000000000038654e+01, 1.173872231550825518e+01
6.855000000000038085e+01, 1.177152095057554781e+01
6.865000000000037517e+01, 1.180439599590269317e+01
6.875000000000036948e+01, 1.183734765186560622e+01
6.885000000000036380e+01, 1.187037611936558079e+01
6.895000000000035811e+01, 1.190348159983030918e+01
6.905000000000035243e+01, 1.193666429521490180e+01
6.915000000000034674e+01, 1.196992440800290147e+01
6.925000000000034106e+01, 1.200326214120730484e+01
6.935000000000033538e+01, 1.203667769837157842e+01
6.945000000000032969e+01, 1.207017128357067470e+01
6.955000000000032401e+01, 1.210374310141204823e+01
6.965000000000031832e+01, 1.213739335703667344e+01
6.975000000000031264e+01, 1.217112225612006071e+01
6.985000000000030695e+01, 1.220493000487326718e+01
6.995000000000030127e+01, 1.223881681004391453e+01
7.005000000000029559e+01, 1.227278287891720687e+01
7.015000000000028990e+01, 1.230682841931693616e+01
7.025000000000028422e+01, 1.234095363960650360e+01
7.035000000000027853e+01, 1.237515874868992682e+01
7.045000000000027285e+01, 1.240944395601285244e+01
7.055000000000026716e+01, 1.244380947156356854e+01
7.065000000000026148e+01, 1.247825550587401722e+01
7.075000000000025580e+01, 1.251278227002080179e+01
7.085000000000025011e+01, 1.254738997562619396e+01
7.095000000000024443e+01, 1.258207883485914813e+01
7.105000000000023874e+01, 1.261684906043630683e+01
7.115000000000023306e+01, 1.265170086562300433e+01
7.125000000000022737e+01, 1.268663446423427921e+01
7.135000000000022169e+01, 1.272165007063587261e+01
7.145000000000021600e+01, 1.275674789974523904e+01
7.155000000000021032e+01, 1.279192816703254820e+01
7.165000000000020464e+01, 1.282719108852168510e+01
7.175000000000019895e+01, 1.286253688079125368e+01
7.185000000000019327e+01, 1.289796576097557868e+01
7.195000000000018758e+01, 1.293347794676570395e+01
7.205000000000018190e+01, 1.296907365641039434e+01
7.215000000000017621e+01, 1.300475310871712864e+01
7.225000000000017053e+01, 1.304051652305310149e+01
7.235000000000016485e+01, 1.307636411934621457e+01
7.245000000000015916e+01, 1.311229611808607487e+01
7.255000000000015348e+01, 1.314831274032498420e+01
7.265000000000014779e+01, 1.318441420767893568e+01
7.275000000000014211e+01, 1.322060074232860138e+01
7.285000000000013642e+01, 1.325687256702032535e+01
7.295000000000013074e+01, 1.329322990506710944e+01
7.305000000000012506e+01, 1.332967298034960102e+01
7.315000000000011937e+01, 1.336620201731708057e+01
7.325000000000011369e+01, 1.340281724098844407e+01
7.335000000000010800e+01, 1.343951887695319058e+01
7.345000000000010232e+01, 1.347630715137239754e+01
7.355000000000009663e+01, 1.351318229097970480e+01
7.365000000000009095e+01, 1.355014452308229700e+01
7.375000000000008527e+01, 1.358719407556187520e+01
7.385000000000007958e+01, 1.362433117687563389e+01
7.395000000000007390e+01, 1.366155605605724155e+01
7.405000000000006821e+01, 1.369886894271780520e+01
7.415000000000006253e+01, 1.373627006704684561e+01
7.425000000000005684e+01, 1.377375965981326900e+01
7.435000000000005116e+01, 1.381133795236633333e+01
7.445000000000004547e+01, 1.384900517663661113e+01
7.455000000000003979e+01, 1.388676156513696114e+01
7.465000000000003411e+01, 1.392460735096348401e+01
7.475000000000002842e+01, 1.396254276779648862e+01
7.485000000000002274e+01, 1.400056804990145132e+01
7.495000000000001705e+01, 1.403868343212996983e+01
7.505000000000001137e+01, 1.407688914992072071e+01
7.515000000000000568e+01, 1.411518543930041325e+01
7.525000000000000000e+01, 1.415357253688474337e+01
7.534999999999999432e+01, 1.419205067987934044e+01
7.544999999999998863e+01, 1.423062010608071404e+01
7.554999999999998295e+01, 1.426928105387720436e+01
7.564999999999997726e+01, 1.430803376224992363e+01
7.574999999999997158e+01, 1.434687847077369760e+01
7.584999999999996589e+01, 1.438581541961800347e+01
7.594999999999996021e+01, 1.442484484954791313e+01
7.604999999999995453e+01, 1.446396700192502216e+01
7.614999999999994884e+01, 1.450318211870838603e+01
7.624999999999994316e+01, 1.454249044245545086e+01
7.634999999999993747e+01, 1.458189221632298249e+01
7.644999999999993179e+01, 1.462138768406799016e+01
7.654999999999992610e+01, 1.466097709004865379e+01
7.664999999999992042e+01, 1.470066067922524411e+01
7.674999999999991473e+01, 1.474043869716104105e+01
7.684999999999990905e+01, 1.478031139002325389e+01
7.694999999999990337e+01, 1.482027900458393077e+01
7.704999999999989768e+01, 1.486034178822087348e+01
7.714999999999989200e+01, 1.490049998891854699e+01
7.724999999999988631e+01, 1.494075385526898714e+01
7.734999999999988063e+01, 1.498110363647269949e+01
7.744999999999987494e+01, 1.502154958233956883e+01
7.754999999999986926e+01, 1.506209194328975087e+01
7.764999999999986358e+01, 1.510273097035457468e+01
7.774999999999985789e+01, 1.514346691517742904e+01
7.784999999999985221e+01, 1.518430003001466133e+01
7.794999999999984652e+01, 1.522523056773645855e+01
7.804999999999984084e+01, 1.526625878182773555e+01
7.814999999999983515e+01, 1.530738492638901960e+01
7.824999999999982947e+01, 1.534860925613732263e+01
7.834999999999982379e+01, 1.538993202640702584e+01
7.844999999999981810e+01, 1.543135349315075011e+01
7.854999999999981242e+01, 1.547287391294022108e+01
7.864999999999980673e+01, 1.551449354296714667e+01
7.874999999999980105e+01, 1.555621264104407331e+01
7.884999999999979536e+01, 1.559803146560525100e+01
7.894999999999978968e+01, 1.563995027570749130e+01
7.904999999999978400e+01, 1.568196933103101998e+01
7.914999999999977831e+01, 1.572408889188033143e+01
7.924999999999977263e+01, 1.576630921918503603e+01
7.934999999999976694e+01, 1.580863057450070563e+01
7.944999999999976126e+01, 1.585105322000971384e+01
7.954999999999975557e+01, 1.589357741852207972e+01
7.964999999999974989e+01, 1.593620343347629564e+01
7.974999999999974420e+01, 1.597893152894016566e+01
7.984999999999973852e+01, 1.602176196961162802e+01
7.994999999999973284e+01, 1.606469502081958822e+01
8.004999999999972715e+01, 1.610773094852472909e+01
8.014999999999972147e+01, 1.615087001932034028e+01
8.024999999999971578e+01, 1.619411250043312478e+01
8.034999999999971010e+01, 1.623745865972400892e+01
8.044999999999970441e+01, 1.628090876568895240e+01
8.054999999999969873e+01, 1.632446308745975472e+01
8.064999999999969305e+01, 1.636812189480484747e+01
8.074999999999968736e+01, 1.641188545813009014e+01
8.084999999999968168e+01, 1.645575404847957302e+01
8.094999999999967599e+01, 1.649972793753638811e+01
8.104999999999967031e+01, 1.654380739762342856e+01
8.114999999999966462e+01, 1.658799270170415951e+01
8.124999999999965894e+01, 1.663228412338339979e+01
8.134999999999965326e+01, 1.667668193690808565e+01
8.144999999999964757e+01, 1.672118641716804888e+01
8.154999999999964189e+01, 1.676579783969677706e+01
8.164999999999963620e+01, 1.681051648067216675e+01
8.174999999999963052e+01, 1.685534261691729441e+01
8.184999999999962483e+01, 1.690027652590114826e+01
8.194999999999961915e+01, 1.694531848573939570e+01
8.204999999999961346e+01, 1.699046877519511156e+01
8.214999999999960778e+01, 1.703572767367952423e+01
8.224999999999960210e+01, 1.708109546125274392e+01
8.234999999999959641e+01, 1.712657241862450164e+01
8.244999999999959073e+01, 1.717215882715486686e+01
8.254999999999958504e+01, 1.721785496885497224e+01
8.264999999999957936e+01, 1.726366112638773131e+01
8.274999999999957367e+01, 1.730957758306854544e+01
8.284999999999956799e+01, 1.735560462286601435e+01
8.294999999999956231e+01, 1.740174253040263963e+01
8.304999999999955662e+01, 1.744799159095552454e+01
8.314999999999955094e+01, 1.749435209045706685e+01
8.324999999999954525e+01, 1.754082431549564092e+01
8.334999999999953957e+01, 1.758740855331629049e+01
8.344999999999953388e+01, 1.763410509182140373e+01
8.354999999999952820e+01, 1.768091421957138465e+01
8.364999999999952252e+01, 1.772783622578533524e+01
8.374999999999951683e+01, 1.777487140034170210e+01
8.384999999999951115e+01, 1.782202003377894783e+01
8.394999999999950546e+01, 1.786928241729620126e+01
8.404999999999949978e+01, 1.791665884275391107e+01
8.414999999999949409e+01, 1.796414960267448535e+01
8.424999999999948841e+01, 1.801175499024293103e+01
8.434999999999948272e+01, 1.805947529930749340e+01
8.444999999999947704e+01, 1.810731082438027784e+01
8.454999999999947136e+01, 1.815526186063787861e+01
8.464999999999946567e+01, 1.820332870392199354e+01
8.474999999999945999e+01, 1.825151165074004211e+01
8.484999999999945430e+01, 1.829981099826576241e+01
8.494999999999944862e+01, 1.834822704433982921e+01
8.504999999999944293e+01, 1.839676008747044023e+01
8.514999999999943725e+01, 1.844541042683390586e+01
8.524999999999943157e+01, 1.849417836227523892e+01
8.534999999999942588e+01, 1.854306419430873731e+01
8.544999999999942020e+01, 1.859206822411855597e+01
8.554999999999941451e+01, 1.864119075355926824e+01
8.564999999999940883e+01, 1.869043208515644494e+01
8.574999999999940314e+01, 1.873979252262373763e+01
8.584999999999939746e+01, 1.878927237128697314e+01
8.594999999999939178e+01, 1.883887193793387027e+01
8.604999999999938609e+01, 1.888859153081931908e+01
8.614999999999938041e+01, 1.893843145967067798e+01
8.624999999999937472e+01, 1.898839203569308154e+01
8.634999999999936904e+01, 1.903847357157476239e+01
8.644999999999936335e+01, 1.908867638149237678e+01
8.654999999999935767e+01, 1.913900078111634429e+01
8.664999999999935199e+01, 1.918944708761620177e+01
8.674999999999934630e+01, 1.924001561966596441e+01
8.684999999999934062e+01, 1.929070669744950095e+01
8.694999999999933493e+01, 1.934152064266591609e+01
8.704999999999932925e+01, 1.939245777853495056e+01
8.714999999999932356e+01, 1.944351842980237777e+01
8.724999999999931788e+01, 1.949470292269433003e+01
8.734999999999931219e+01, 1.954601158460076959e+01
8.744999999999930651e+01, 1.959744474367096601e+01
8.754999999999930083e+01, 1.964900272881422083e+01
8.764999999999929514e+01, 1.970068586970058178e+01
8.774999999999928946e+01, 1.975249449676156388e+01
8.784999999999928377e+01, 1.980442894119084940e+01
8.794999999999927809e+01, 1.985648953494499125e+01
8.804999999999927240e+01, 1.990867661074410577e+01
8.814999999999926672e+01, 1.996099050207255488e+01
8.824999999999926104e+01, 2.001343154317963169e+01
8.834999999999925535e+01, 2.006600006908022493e+01
8.844999999999924967e+01, 2.011869641555548682e+01
8.854999999999924398e+01, 2.017152091915349033e+01
8.864999999999923830e+01, 2.022447391718987930e+01
8.874999999999923261e+01, 2.027755574774850800e+01
8.884999999999922693e+01, 2.033076674968208053e+01
8.894999999999922125e+01, 2.038410726261277262e+01
8.904999999999921556e+01, 2.043757762693286395e+01
8.914999999999920988e+01, 2.049117818380533507e+01
8.924999999999920419e+01, 2.054490927516448195e+01
8.934999999999919851e+01, 2.059877124371651647e+01
8.944999999999919282e+01, 2.065276443294014541e+01
8.954999999999918714e+01, 2.070688918708716386e+01
8.964999999999918145e+01, 2.076114585118302358e+01
8.974999999999917577e+01, 2.081553477102740146e+01
8.984999999999917009e+01, 2.087005629319475375e+01
8.994999999999916440e+01, 2.092471076503487026e+01
9.004999999999915872e+01, 2.097949853467342152e+01
9.014999999999915303e+01, 2.103441995101248452e+01
9.024999999999914735e+01, 2.108947536373107567e+01
9.034999999999914166e+01, 2.114466512328566594e+01
9.044999999999913598e+01, 2.119998958091068886e+01
9.054999999999913030e+01, 2.125544908861904858e+01
9.064999999999912461e+01, 2.131104399920261017e+01
9.074999999999911893e+01, 2.136677466623268273e+01
9.084999999999911324e+01, 2.142264144406049908e+01
9.094999999999910756e+01, 2.147864468781768110e+01
9.104999999999910187e+01, 2.153478475341669807e+01
9.114999999999909619e+01, 2.159106199755132494e+01
9.124999999999909051e+01, 2.164747677769708289e+01
9.134999999999908482e+01, 2.170402945211166212e+01
9.144999999999907914e+01, 2.176072037983535878e+01
9.154999999999907345e+01, 2.181754992069148713e+01
9.164999999999906777e+01, 2.187451843528678808e+01
9.174999999999906208e+01, 2.193162628501182709e+01
9.184999999999905640e+01, 2.198887383204137791e+01
9.194999999999905071e+01, 2.204626143933480975e+01
9.204999999999904503e+01, 2.210378947063646038e+01
9.214999999999903935e+01, 2.216145829047599136e+01
9.224999999999903366e+01, 2.221926826416874690e+01
9.234999999999902798e+01, 2.227721975781608776e+01
9.244999999999902229e+01, 2.233531313830573950e+01
9.254999999999901661e+01, 2.239354877331211213e+01
9.264999999999901092e+01, 2.245192703129660927e+01
9.274999999999900524e+01, 2.251044828150794075e+01
9.284999999999899956e+01, 2.256911289398242104e+01
9.294999999999899387e+01, 2.262792123954424994e+01
9.304999999999898819e+01, 2.268687368980580032e+01
9.314999999999898250e+01, 2.274597061716787394e+01
9.324999999999897682e+01, 2.280521239481997142e+01
9.334999999999897113e+01, 2.286459939674052677e+01
9.344999999999896545e+01, 2.292413199769715959e+01
9.354999999999895977e+01, 2.298381057324690246e+01
9.364999999999895408e+01, 2.304363549973640701e+01
9.374999999999894840e+01, 2.310360715430216771e+01
9.384999999999894271e+01, 2.316372591487071020e+01
9.394999999999893703e+01, 2.322399216015879020e+01
9.404999999999893134e+01, 2.328440626967356408e+01
9.414999999999892566e+01, 2.334496862371275938e+01
9.424999999999891998e+01, 2.340567960336483111e+01
9.434999999999891429e+01, 2.346653959050911809e+01
9.444999999999890861e+01, 2.352754896781597083e+01
9.454999999999890292e+01, 2.358870811874688300e+01
9.464999999999889724e+01, 2.365001742755460512e+01
9.474999999999889155e+01, 2.371147727928326177e+01
9.484999999999888587e+01, 2.377308805976842976e+01
9.494999999999888018e+01, 2.383485015563723763e+01
9.504999999999887450e+01, 2.389676395430843669e+01
9.514999999999886882e+01, 2.395882984399245785e+01
9.524999999999886313e+01, 2.402104821369147203e+01
9.534999999999885745e+01, 2.408341945319943278e+01
9.544999999999885176e+01, 2.414594395310210473e+01
9.554999999999884608e+01, 2.420862210477708487e+01
9.564999999999884039e+01, 2.427145430039380614e+01
9.574999999999883471e+01, 2.433444093291354804e+01
9.584999999999882903e+01, 2.439758239608941892e+01
9.594999999999882334e+01, 2.446087908446632397e+01
9.604999999999881766e+01, 2.452433139338094392e+01
9.614999999999881197e+01, 2.458793971896167818e+01
9.624999999999880629e+01, 2.465170445812859157e+01
9.634999999999880060e+01, 2.471562600859335035e+01
9.644999999999879492e+01, 2.477970476885913698e+01
9.654999999999878924e+01, 2.484394113822055772e+01
9.664999999999878355e+01, 2.490833551676354318e+01
9.674999999999877787e+01, 2.497288830536523108e+01
9.684999999999877218e+01, 2.503759990569384541e+01
9.694999999999876650e+01, 2.510247072020855086e+01
9.704999999999876081e+01, 2.516750115215931061e+01
9.714999999999875513e+01, 2.523269160558672297e+01
9.724999999999874944e+01, 2.529804248532185085e+01
9.734999999999874376e+01, 2.536355419698603697e+01
9.744999999999873808e+01, 2.542922714699069786e+01
9.754999999999873239e+01, 2.549506174253713198e+01
9.764999999999872671e+01, 2.556105839161628879e+01
9.774999999999872102e+01, 2.562721750300854140e+01
9.784999999999871534e+01, 2.569353948628343787e+01
9.794999999999870965e+01, 2.576002475179945250e+01
9.804999999999870397e+01, 2.582667371070370521e+01
9.814999999999869829e+01, 2.589348677493169504e+01
9.824999999999869260e+01, 2.596046435720700174e+01
9.834999999999868692e+01, 2.602760687104097670e+01
9.844999999999868123e+01, 2.609491473073243384e+01
9.854999999999867555e+01, 2.616238835136730856e+01
9.864999999999866986e+01, 2.623002814881832734e+01
9.874999999999866418e+01, 2.629783453974464535e+01
9.884999999999865850e+01, 2.636580794159148766e+01
9.894999999999865281e+01, 2.643394877258976194e+01
9.904999999999864713e+01, 2.650225745175566772e+01
9.914999999999864144e+01, 2.657073439889029132e+01
9.924999999999863576e+01, 2.663938003457919379e+01
9.934999999999863007e+01, 2.670819478019197746e+01
9.944999999999862439e+01, 2.677717905788184183e+01
9.954999999999861870e+01, 2.684633329058512530e+01
9.964999999999861302e+01, 2.691565790202084330e+01
9.974999999999860734e+01, 2.698515331669020512e+01
9.984999999999860165e+01, 2.705481995987611654e+01
9.994999999999859597e+01, 2.712465825764267180e+01
1.000499999999985903e+02, 2.719466863683463842e+01
1.001499999999985846e+02, 2.726485152507692078e+01
1.002499999999985789e+02, 2.733520735077401653e+01
1.003499999999985732e+02, 2.740573654310944818e+01
1.004499999999985675e+02, 2.747643953204520173e+01
1.005499999999985619e+02, 2.754731674832113342e+01
1.006499999999985562e+02, 2.761836862345436927e+01
1.007499999999985505e+02, 2.768959558973870472e+01
1.008499999999985448e+02, 2.776099808024396154e+01
1.009499999999985391e+02, 2.783257652881535904e+01
1.010499999999985334e+02, 2.790433137007286390e+01
1.011499999999985278e+02, 2.797626303941051162e+01
1.012499999999985221e+02, 2.804837197299574214e+01
1.013499999999985164e+02, 2.812065860776869286e+01
1.014499999999985107e+02, 2.819312338144150587e+01
1.015499999999985050e+02, 2.826576673249759253e+01
1.016499999999984993e+02, 2.833858910019091226e+01
1.017499999999984936e+02, 2.841159092454521939e+01
1.018499999999984880e+02, 2.848477264635330286e+01
1.019499999999984823e+02, 2.855813470717620461e+01
1.020499999999984766e+02, 2.863167754934244513e+01
1.021499999999984709e+02, 2.870540161594720985e+01
1.022499999999984652e+02, 2.877930735085153557e+01
1.023499999999984595e+02, 2.885339519868147562e+01
1.024499999999984539e+02, 2.892766560482726845e+01
1.025499999999984482e+02, 2.900211901544246373e+01
1.026499999999984425e+02, 2.907675587744305901e+01
1.027499999999984368e+02, 2.915157663850661152e+01
1.028499999999984311e+02, 2.922658174707134293e+01
1.029499999999984254e+02, 2.930177165233521208e+01
1.030499999999984198e+02, 2.937714680425500191e+01
1.031499999999984141e+02, 2.945270765354536735e+01
1.032499999999984084e+02, 2.952845465167787964e+01
1.033499999999984027e+02, 2.960438825088005999e+01
1.034499999999983970e+02, 2.968050890413438481e+01
1.035499999999983913e+02, 2.975681706517730163e+01
1.036499999999983856e+02, 2.983331318849819525e+01
1.037499999999983800e+02, 2.990999772933838230e+01
1.038499999999983743e+02, 2.998687114369004902e+01
1.039499999999983686e+02, 3.006393388829520319e+01
1.040499999999983629e+02, 3.014118642064460829e+01
1.041499999999983572e+02, 3.021862919897668576e+01
1.042499999999983515e+02, 3.029626268227642782e+01
1.043499999999983459e+02, 3.037408733027427132e+01
1.044499999999983402e+02, 3.045210360344497857e+01
1.045499999999983345e+02, 3.053031196300648276e+01
1.046499999999983288e+02, 3.060871287091874393e+01
1.047499999999983231e+02, 3.068730678988256244e+01
1.048499999999983174e+02, 3.076609418333840296e+01
1.049499999999983118e+02, 3.084507551546518656e+01
1.050499999999983061e+02, 3.092425125117907214e+01
1.051499999999983004e+02, 3.100362185613223431e+01
1.052499999999982947e+02, 3.108318779671160570e+01
1.053499999999982890e+02, 3.116294954003762641e+01
1.054499999999982833e+02, 3.124290755396296504e+01
1.055499999999982776e+02, 3.132306230707122552e+01
1.056499999999982720e+02, 3.140341426867565033e+01
1.057499999999982663e+02, 3.148396390881779183e+01
1.058499999999982606e+02, 3.156471169826617995e+01
1.059499999999982549e+02, 3.164565810851497929e+01
1.060499999999982492e+02, 3.172680361178262132e+01
1.061499999999982435e+02, 3.180814868101041881e+01
1.062499999999982379e+02, 3.188969378986118741e+01
1.063499999999982322e+02, 3.197143941271782097e+01
1.064499999999982265e+02, 3.205338602468187759e+01
1.065499999999982208e+02, 3.213553410170086977e+01
1.066499999999982151e+02, 3.221788412323473239e+01
1.067499999999982094e+02, 3.230043657165467152e+01
1.068499999999982037e+02, 3.238319193223496484e+01
1.069499999999981981e+02, 3.246615069316477786e+01
1.070499999999981924e+02, 3.254931334556000877e+01
1.071499999999981867e+02, 3.263268038347513311e+01
1.072499999999981810e+02, 3.271625230391507699e+01
1.073499999999981753e+02, 3.280002960684707602e+01
1.074499999999981696e+02, 3.288401279521259113e+01
1.075499999999981640e+02, 3.296820237493917460e+01
1.076499999999981583e+02, 3.305259885495242145e+01
1.077499999999981526e+02, 3.313720274718785674e+01
1.078499999999981469e+02, 3.322201456660290830e+01
1.079499999999981412e+02, 3.330703483118882957e+01
1.080499999999981355e+02, 3.339226406198265806e+01
1.081499999999981299e+02, 3.347770278274214917e+01
1.082499999999981242e+02, 3.356335151837436825e+01
1.083499999999981185e+02, 3.364921079469539222e+01
1.084499999999981128e+02, 3.373528113842901632e+01
1.085499999999981071e+02, 3.382156307720545385e+01
1.086499999999981014e+02, 3.390805713956000744e+01
1.087499999999980957e+02, 3.399476385493174035e+01
1.088499999999980901e+02, 3.408168375366209801e+01
1.089499999999980844e+02, 3.416881736699354377e+01
1.090499999999980787e+02, 3.425616522706814493e+01
1.091499999999980730e+02, 3.434372786692617296e+01
1.092499999999980673e+02, 3.443150582050464692e+01
1.093499999999980616e+02, 3.451949962263589100e+01
1.094499999999980560e+02, 3.460770980904604244e+01
1.095499999999980503e+02, 3.469613691635356645e+01
1.096499999999980446e+02, 3.478478148206774279e+01
1.097499999999980389e+02, 3.487364404458711675e+01
1.098499999999980332e+02, 3.496272514319795732e+01
1.099499999999980275e+02, 3.505202531807267263e+01
1.100499999999980218e+02, 3.514154511026823258e+01
1.101499999999980162e+02, 3.523128506172453456e+01
1.102499999999980105e+02, 3.532124571526277634e+01
1.103499999999980048e+02, 3.541142761458381472e+01
1.104499999999979991e+02, 3.550183130426648148e+01
1.105499999999979934e+02, 3.559245732976588528e+01
1.106499999999979877e+02, 3.568330623741172047e+01
1.107499999999979821e+02, 3.577437857440651214e+01
1.108499999999979764e+02, 3.586567488882387522e+01
1.109499999999979707e+02, 3.595719572960674526e+01
1.110499999999979650e+02, 3.604894164656557365e+01
1.111499999999979593e+02, 3.614091319037652994e+01
1.112499999999979536e+02, 3.623311091257966865e+01
1.113499999999979480e+02, 3.632553536557707474e+01
1.114499999999979423e+02, 3.641818710263098069e+01
1.115499999999979366e+02, 3.651106667786189774e+01
1.116499999999979309e+02, 3.660417464624669037e+01
1.117499999999979252e+02, 3.669751156361664357e+01
1.118499999999979195e+02, 3.679107798665551599e+01
1.119499999999979138e+02, 3.688487447289757171e+01
1.120499999999979082e+02, 3.697890158072557654e+01
1.121499999999979025e+02, 3.707315986936880137e+01
1.122499999999978968e+02, 3.716764989890098292e+01
1.123499999999978911e+02, 3.726237223023827028e+01
1.124499999999978854e+02, 3.735732742513715721e+01
1.125499999999978797e+02, 3.745251604619238606e+01
1.126499999999978741e+02, 3.754793865683483745e+01
1.127499999999978684e+02, 3.764359582132939863e+01
1.128499999999978627e+02, 3.773948810477281057e+01
1.129499999999978570e+02, 3.783561607309149366e+01
1.130499999999978513e+02, 3.793198029303936636e+01
1.131499999999978456e+02, 3.802858133219560699e+01
1.132499999999978400e+02, 3.812541975896245106e+01
1.133499999999978343e+02, 3.822249614256291039e+01
1.134499999999978286e+02, 3.831981105303852075e+01
1.135499999999978229e+02, 3.841736506124703965e+01
1.136499999999978172e+02, 3.851515873886012997e+01
1.137499999999978115e+02, 3.861319265836102943e+01
1.138499999999978058e+02, 3.871146739304219864e+01
1.139499999999978002e+02, 3.880998351700294791e+01
1.140499999999977945e+02, 3.890874160514702851e+01
1.141499999999977888e+02, 3.900774223318023104e+01
1.142499999999977831e+02, 3.910698597760795536e+01
1.143499999999977774e+02, 3.920647341573274502e+01
1.144499999999977717e+02, 3.930620512565181457e+01
1.145499999999977661e+02, 3.940618168625456263e+01
1.146499999999977604e+02, 3.950640367722004243e+01
1.147499999999977547e+02, 4.950640367722004243e+01
