0.000000000000000000e+00, 9.149999999999998579e+00
1.000000000000000021e-03, 9.155157306137011730e+00
2.000000000000000042e-03, 9.157732695877992768e+00
3.000000000000000062e-03, 9.160305916845985053e+00
4.000000000000000083e-03, 9.162876974099365412e+00
5.000000000000000104e-03, 9.165445872676144745e+00
6.000000000000000125e-03, 9.168012617594079927e+00
7.000000000000000146e-03, 9.170577213850794607e+00
8.000000000000000167e-03, 9.173139666423892891e+00
9.000000000000001055e-03, 9.175699980271081913e+00
1.000000000000000194e-02, 9.178258160330283744e+00
1.100000000000000283e-02, 9.180814211519747303e+00
1.200000000000000372e-02, 9.183368138738162045e+00
1.300000000000000461e-02, 9.185919946864773422e+00
1.400000000000000550e-02, 9.188469640759493018e+00
1.500000000000000638e-02, 9.191017225263012236e+00
1.600000000000000727e-02, 9.193562705196901774e+00
1.700000000000000816e-02, 9.196106085363735971e+00
1.800000000000000905e-02, 9.198647370547188729e+00
1.900000000000000994e-02, 9.201186565512150750e+00
2.000000000000001082e-02, 9.203723675004823690e+00
2.100000000000001171e-02, 9.206258703752840944e+00
2.200000000000001260e-02, 9.208791656465363573e+00
2.300000000000001349e-02, 9.211322537833183333e+00
2.400000000000001438e-02, 9.213851352528832805e+00
2.500000000000001527e-02, 9.216378105206683102e+00
2.600000000000001615e-02, 9.218902800503050443e+00
2.700000000000001704e-02, 9.221425443036288527e+00
2.800000000000001793e-02, 9.223946037406898668e+00
2.900000000000001882e-02, 9.226464588197632821e+00
3.000000000000001971e-02, 9.228981099973569968e+00
3.100000000000002059e-02, 9.231495577282245790e+00
3.200000000000002148e-02, 9.234008024653725499e+00
3.300000000000002237e-02, 9.236518446600715748e+00
3.400000000000002326e-02, 9.239026847618648119e+00
3.500000000000002415e-02, 9.241533232185789259e+00
3.600000000000002504e-02, 9.244037604763320815e+00
3.700000000000002592e-02, 9.246539969795446012e+00
3.800000000000002681e-02, 9.249040331709473151e+00
3.900000000000002770e-02, 9.251538694915916849e+00
4.000000000000002859e-02, 9.254035063808583317e+00
4.100000000000002948e-02, 9.256529442764664495e+00
4.200000000000003036e-02, 9.259021836144833983e+00
4.300000000000003125e-02, 9.261512248293321647e+00
4.400000000000003214e-02, 9.264000683538021974e+00
4.500000000000003303e-02, 9.266487146190572233e+00
4.600000000000003392e-02, 9.268971640546439517e+00
4.700000000000003481e-02, 9.271454170885016666e+00
4.800000000000003569e-02, 9.273934741469698650e+00
4.900000000000003658e-02, 9.276413356547978495e+00
5.000000000000003747e-02, 9.278890020351523660e+00
1.500000000000000500e-01, 9.703412594715837614e+00
2.500000000000000555e-01, 9.959596443678227828e+00
3.500000000000000888e-01, 1.018013559616800023e+01
4.500000000000000666e-01, 1.038114374982965238e+01
5.500000000000000444e-01, 1.067116278986694233e+01
6.500000000000000222e-01, 1.103444546026160822e+01
7.500000000000000000e-01, 1.136854580673654347e+01
8.499999999999999778e-01, 1.167870019275611071e+01
9.499999999999999556e-01, 1.196868693231327718e+01
1.050000000000000044e+00, 1.224126564238326331e+01
1.150000000000000133e+00, 1.249861396622382870e+01
1.250000000000000222e+00, 1.274246547650850125e+01
1.350000000000000311e+00, 1.297431900367117485e+01
1.450000000000000400e+00, 1.319555309116277542e+01
1.550000000000000488e+00, 1.340736054788796139e+01
1.650000000000000577e+00, 1.361072753697061088e+01
1.750000000000000666e+00, 1.380648081542255845e+01
1.850000000000000755e+00, 1.399520823331316777e+01
1.950000000000000844e+00, 1.417740452540155616e+01
2.050000000000000711e+00, 1.435351444794831011e+01
2.150000000000000799e+00, 1.452392989170338922e+01
2.250000000000000888e+00, 1.468903627853179117e+01
2.350000000000000977e+00, 1.484923208945438944e+01
2.450000000000001066e+00, 1.500488969367083669e+01
2.550000000000001155e+00, 1.515633729869708901e+01
2.650000000000001243e+00, 1.530386597401300897e+01
2.750000000000001332e+00, 1.544773529405130397e+01
2.850000000000001421e+00, 1.558817791989863188e+01
2.950000000000001510e+00, 1.572540335492407060e+01
3.050000000000001599e+00, 1.585960105008292764e+01
3.150000000000001688e+00, 1.599090037970347034e+01
3.250000000000001776e+00, 1.611940864608433444e+01
3.350000000000001865e+00, 1.624523180165518710e+01
3.450000000000001954e+00, 1.636846828823900424e+01
3.550000000000002043e+00, 1.648922364764809601e+01
3.650000000000002132e+00, 1.660761980984598551e+01
3.750000000000002220e+00, 1.672377925501755769e+01
3.850000000000002309e+00, 1.683781444685907402e+01
3.950000000000002398e+00, 1.694982894318274091e+01
4.050000000000002487e+00, 1.705991835269470158e+01
4.150000000000002132e+00, 1.716817116327668558e+01
4.250000000000001776e+00, 1.727466946230297040e+01
4.350000000000001421e+00, 1.737948956574766157e+01
4.450000000000001066e+00, 1.748270256984198312e+01
4.550000000000000711e+00, 1.758437483664816625e+01
4.650000000000000355e+00, 1.768456842299255172e+01
4.750000000000000000e+00, 1.778334146064316812e+01
4.849999999999999645e+00, 1.788074849434948632e+01
4.949999999999999289e+00, 1.797682774597467414e+01
5.049999999999998934e+00, 1.807160218729097068e+01
5.149999999999998579e+00, 1.816509876514314925e+01
5.249999999999998224e+00, 1.825734332741168586e+01
5.349999999999997868e+00, 1.834836460569742300e+01
5.449999999999997513e+00, 1.843820131632651993e+01
5.549999999999997158e+00, 1.852689647544092821e+01
5.649999999999996803e+00, 1.861449063768097290e+01
5.749999999999996447e+00, 1.870102208859046655e+01
5.849999999999996092e+00, 1.878652701809275882e+01
5.949999999999995737e+00, 1.887103967726807596e+01
6.049999999999995381e+00, 1.895459252035805164e+01
6.149999999999995026e+00, 1.903721633366597743e+01
6.249999999999994671e+00, 1.911894035280253235e+01
6.349999999999994316e+00, 1.919979236954108970e+01
6.449999999999993960e+00, 1.927979882938715761e+01
6.549999999999993605e+00, 1.935898492083064681e+01
6.649999999999993250e+00, 1.943737465713198986e+01
6.749999999999992895e+00, 1.951499095139218909e+01
6.849999999999992539e+00, 1.959185568556931045e+01
6.949999999999992184e+00, 1.966798977402783777e+01
7.049999999999991829e+00, 1.974341322214150907e+01
7.149999999999991473e+00, 1.981814518041243289e+01
7.249999999999991118e+00, 1.989220399451894394e+01
7.349999999999990763e+00, 1.996578748880733301e+01
7.449999999999990408e+00, 2.003875999052341683e+01
7.549999999999990052e+00, 2.011107950243548359e+01
7.649999999999989697e+00, 2.018270768523730752e+01
7.749999999999989342e+00, 2.025353909888133330e+01
7.849999999999988987e+00, 2.032352369219307775e+01
7.949999999999988631e+00, 2.039269507585904151e+01
8.049999999999988276e+00, 2.046108475159467233e+01
8.149999999999987921e+00, 2.052872229340150412e+01
8.249999999999987566e+00, 2.059563550923662589e+01
8.349999999999987210e+00, 2.066185058562586008e+01
8.449999999999986855e+00, 2.072739221737348814e+01
8.549999999999986500e+00, 2.079228372420704574e+01
8.649999999999986144e+00, 2.085654715593291897e+01
8.749999999999985789e+00, 2.092020338745856733e+01
8.849999999999985434e+00, 2.098327220485163380e+01
8.949999999999985079e+00, 2.104577238344960222e+01
9.049999999999984723e+00, 2.110772175890071622e+01
9.149999999999984368e+00, 2.116913729190368443e+01
9.249999999999984013e+00, 2.123003512731698450e+01
9.349999999999983658e+00, 2.129043064822566578e+01
9.449999999999983302e+00, 2.135033852548228239e+01
9.549999999999982947e+00, 2.140977276317708800e+01
9.649999999999982592e+00, 2.146874674043946740e+01
9.749999999999982236e+00, 2.152727324992640945e+01
9.849999999999981881e+00, 2.158536453331376848e+01
9.949999999999981526e+00, 2.164303231407092554e+01
1.004999999999998117e+01, 2.170028782776915222e+01
1.014999999999998082e+01, 2.175714185014686919e+01
1.024999999999998046e+01, 2.181360472313164678e+01
1.034999999999998010e+01, 2.186968637899805756e+01
1.044999999999997975e+01, 2.192539636282215909e+01
1.054999999999997939e+01, 2.198074385337726255e+01
1.064999999999997904e+01, 2.203573768260136845e+01
1.074999999999997868e+01, 2.209038635375381787e+01
1.084999999999997833e+01, 2.214469805836765559e+01
1.094999999999997797e+01, 2.219868069209386618e+01
1.104999999999997762e+01, 2.225234186952487292e+01
1.114999999999997726e+01, 2.230568893807660302e+01
1.124999999999997691e+01, 2.235872899100119326e+01
1.134999999999997655e+01, 2.241146887959599709e+01
1.144999999999997620e+01, 2.246391522466885604e+01
1.154999999999997584e+01, 2.251607442731422637e+01
1.164999999999997549e+01, 2.256795267905015123e+01
1.174999999999997513e+01, 2.261955597136192608e+01
1.184999999999997478e+01, 2.267089010469427990e+01
1.194999999999997442e+01, 2.272196069693055165e+01
1.204999999999997407e+01, 2.277277319139431455e+01
1.214999999999997371e+01, 2.282333286440579911e+01
1.224999999999997335e+01, 2.287364483242308211e+01
1.234999999999997300e+01, 2.292371405879567448e+01
1.244999999999997264e+01, 2.297354536015580351e+01
1.254999999999997229e+01, 2.302314341247096507e+01
1.264999999999997193e+01, 2.307251275677942814e+01
1.274999999999997158e+01, 2.312165780462873244e+01
1.284999999999997122e+01, 2.317058284323579187e+01
1.294999999999997087e+01, 2.321929204038585937e+01
1.304999999999997051e+01, 2.326778944908625490e+01
1.314999999999997016e+01, 2.331607901198980670e+01
1.324999999999996980e+01, 2.336416456560169763e+01
1.334999999999996945e+01, 2.341204984428257063e+01
1.344999999999996909e+01, 2.345973848405989060e+01
1.354999999999996874e+01, 2.350723402625852998e+01
1.364999999999996838e+01, 2.355453992096114035e+01
1.374999999999996803e+01, 2.360165953030780628e+01
1.384999999999996767e+01, 2.364859613164408003e+01
1.394999999999996732e+01, 2.369535292052584552e+01
1.404999999999996696e+01, 2.374193301358886998e+01
1.414999999999996660e+01, 2.378833945129039762e+01
1.424999999999996625e+01, 2.383457520052973067e+01
1.434999999999996589e+01, 2.388064315715426744e+01
1.444999999999996554e+01, 2.392654614835700144e+01
1.454999999999996518e+01, 2.397228693497125107e+01
1.464999999999996483e+01, 2.401786821366789937e+01
1.474999999999996447e+01, 2.406329261906017436e+01
1.484999999999996412e+01, 2.410856272572070225e+01
1.494999999999996376e+01, 2.415368105011522815e+01
1.504999999999996341e+01, 2.419865005245722500e+01
1.514999999999996305e+01, 2.424347213848722404e+01
1.524999999999996270e+01, 2.428814966118068597e+01
1.534999999999996234e+01, 2.433268492238780212e+01
1.544999999999996199e+01, 2.437708017440852615e+01
1.554999999999996163e+01, 2.442133762150596610e+01
1.564999999999996128e+01, 2.446545942136107143e+01
1.574999999999996092e+01, 2.450944768647128313e+01
1.584999999999996056e+01, 2.455330448549591793e+01
1.594999999999996021e+01, 2.459703184455054981e+01
1.604999999999996163e+01, 2.464063174845296089e+01
1.614999999999996305e+01, 2.468410614192261576e+01
1.624999999999996447e+01, 2.472745693073600037e+01
1.634999999999996589e+01, 2.477068598283958067e+01
1.644999999999996732e+01, 2.481379512942242016e+01
1.654999999999996874e+01, 2.485678616595016166e+01
1.664999999999997016e+01, 2.489966085316205024e+01
1.674999999999997158e+01, 2.494242091803266348e+01
1.684999999999997300e+01, 2.498506805469977010e+01
1.694999999999997442e+01, 2.502760392535987677e+01
1.704999999999997584e+01, 2.507003016113271343e+01
1.714999999999997726e+01, 2.511234836289605354e+01
1.724999999999997868e+01, 2.515456010209205928e+01
1.734999999999998010e+01, 2.519666692150632770e+01
1.744999999999998153e+01, 2.523867033602081023e+01
1.754999999999998295e+01, 2.528057183334157187e+01
1.764999999999998437e+01, 2.532237287470254827e+01
1.774999999999998579e+01, 2.536407489554608574e+01
1.784999999999998721e+01, 2.540567930618140480e+01
1.794999999999998863e+01, 2.544718749242162659e+01
1.804999999999999005e+01, 2.548860081620040674e+01
1.814999999999999147e+01, 2.552992061616887298e+01
1.824999999999999289e+01, 2.557114820827361612e+01
1.834999999999999432e+01, 2.561228488631651956e+01
1.844999999999999574e+01, 2.565333192249708105e+01
1.854999999999999716e+01, 2.569429056793793720e+01
1.864999999999999858e+01, 2.573516205319412364e+01
1.875000000000000000e+01, 2.577594758874683478e+01
1.885000000000000142e+01, 2.581664836548208442e+01
1.895000000000000284e+01, 2.585726555515499570e+01
1.905000000000000426e+01, 2.589780031084009693e+01
1.915000000000000568e+01, 2.593825376736822008e+01
1.925000000000000711e+01, 2.597862704175052073e+01
1.935000000000000853e+01, 2.601892123358991782e+01
1.945000000000000995e+01, 2.605913742548063539e+01
1.955000000000001137e+01, 2.609927668339605589e+01
1.965000000000001279e+01, 2.613934005706544639e+01
1.975000000000001421e+01, 2.617932858033985966e+01
1.985000000000001563e+01, 2.621924327154762224e+01
1.995000000000001705e+01, 2.625908513383977549e+01
2.005000000000001847e+01, 2.629885515552578923e+01
2.015000000000001990e+01, 2.633855431039993178e+01
2.025000000000002132e+01, 2.637818355805851311e+01
2.035000000000002274e+01, 2.641774384420844157e+01
2.045000000000002416e+01, 2.645723610096727185e+01
2.055000000000002558e+01, 2.649666124715511017e+01
2.065000000000002700e+01, 2.653602018857857914e+01
2.075000000000002842e+01, 2.657531381830714423e+01
2.085000000000002984e+01, 2.661454301694205782e+01
2.095000000000003126e+01, 2.665370865287813729e+01
2.105000000000003268e+01, 2.669281158255860475e+01
2.115000000000003411e+01, 2.673185265072325123e+01
2.125000000000003553e+01, 2.677083269065010640e+01
2.135000000000003695e+01, 2.680975252439077750e+01
2.145000000000003837e+01, 2.684861296299983024e+01
2.155000000000003979e+01, 2.688741480675810536e+01
2.165000000000004121e+01, 2.692615884539048210e+01
2.175000000000004263e+01, 2.696484585827803926e+01
2.185000000000004405e+01, 2.700347661466486571e+01
2.195000000000004547e+01, 2.704205187385966269e+01
2.205000000000004690e+01, 2.708057238543235101e+01
2.215000000000004832e+01, 2.711903888940577190e+01
2.225000000000004974e+01, 2.715745211644263790e+01
2.235000000000005116e+01, 2.719581278802795410e+01
2.245000000000005258e+01, 2.723412161664686693e+01
2.255000000000005400e+01, 2.727237930595833859e+01
2.265000000000005542e+01, 2.731058655096450849e+01
2.275000000000005684e+01, 2.734874403817604360e+01
2.285000000000005826e+01, 2.738685244577351341e+01
2.295000000000005969e+01, 2.742491244376493498e+01
2.305000000000006111e+01, 2.746292469413961967e+01
2.315000000000006253e+01, 2.750088985101834282e+01
2.325000000000006395e+01, 2.753880856080004591e+01
2.335000000000006537e+01, 2.757668146230511041e+01
2.345000000000006679e+01, 2.761450918691533118e+01
2.355000000000006821e+01, 2.765229235871062485e+01
2.365000000000006963e+01, 2.769003159460262964e+01
2.375000000000007105e+01, 2.772772750446529244e+01
2.385000000000007248e+01, 2.776538069126241126e+01
2.395000000000007390e+01, 2.780299175117241717e+01
2.405000000000007532e+01, 2.784056127371021461e+01
2.415000000000007674e+01, 2.787808984184643180e+01
2.425000000000007816e+01, 2.791557803212393196e+01
2.435000000000007958e+01, 2.795302641477178085e+01
2.445000000000008100e+01, 2.799043555381672377e+01
2.455000000000008242e+01, 2.802780600719217574e+01
2.465000000000008384e+01, 2.806513832684489884e+01
2.475000000000008527e+01, 2.810243305883929565e+01
2.485000000000008669e+01, 2.813969074345950716e+01
2.495000000000008811e+01, 2.817691191530930439e+01
2.505000000000008953e+01, 2.821409710340983423e+01
2.515000000000009095e+01, 2.825124683129529402e+01
2.525000000000009237e+01, 2.828836161710659525e+01
2.535000000000009379e+01, 2.832544197368303074e+01
2.545000000000009521e+01, 2.836248840865204102e+01
2.555000000000009663e+01, 2.839950142451709070e+01
2.565000000000009805e+01, 2.843648151874374364e+01
2.575000000000009948e+01, 2.847342918384392618e+01
2.585000000000010090e+01, 2.851034490745849581e+01
2.595000000000010232e+01, 2.854722917243810087e+01
2.605000000000010374e+01, 2.858408245692237060e+01
2.615000000000010516e+01, 2.862090523441756673e+01
2.625000000000010658e+01, 2.865769797387256901e+01
2.635000000000010800e+01, 2.869446113975343593e+01
2.645000000000010942e+01, 2.873119519211638107e+01
2.655000000000011084e+01, 2.876790058667939221e+01
2.665000000000011227e+01, 2.880457777489232640e+01
2.675000000000011369e+01, 2.884122720400574025e+01
2.685000000000011511e+01, 2.887784931713823866e+01
2.695000000000011653e+01, 2.891444455334260866e+01
2.705000000000011795e+01, 2.895101334767064216e+01
2.715000000000011937e+01, 2.898755613123665142e+01
2.725000000000012079e+01, 2.902407333127982270e+01
2.735000000000012221e+01, 2.906056537122536199e+01
2.745000000000012363e+01, 2.909703267074440802e+01
2.755000000000012506e+01, 2.913347564581291493e+01
2.765000000000012648e+01, 2.916989470876931989e+01
2.775000000000012790e+01, 2.920629026837116271e+01
2.785000000000012932e+01, 2.924266272985065029e+01
2.795000000000013074e+01, 2.927901249496917302e+01
2.805000000000013216e+01, 2.931533996207077664e+01
2.815000000000013358e+01, 2.935164552613471756e+01
2.825000000000013500e+01, 2.938792957882695234e+01
2.835000000000013642e+01, 2.942419250855075319e+01
2.845000000000013785e+01, 2.946043470049635715e+01
2.855000000000013927e+01, 2.949665653668974485e+01
2.865000000000014069e+01, 2.953285839604046714e+01
2.875000000000014211e+01, 2.956904065438872564e+01
2.885000000000014353e+01, 2.960520368455145857e+01
2.895000000000014495e+01, 2.964134785636770175e+01
2.905000000000014637e+01, 2.967747353674313970e+01
2.915000000000014779e+01, 2.971358108969381462e+01
2.925000000000014921e+01, 2.974967087638905028e+01
2.935000000000015064e+01, 2.978574325519371513e+01
2.945000000000015206e+01, 2.982179858170965403e+01
2.955000000000015348e+01, 2.985783720881640946e+01
2.965000000000015490e+01, 2.989385948671125703e+01
2.975000000000015632e+01, 2.992986576294854473e+01
2.985000000000015774e+01, 2.996585636545112052e+01
2.995000000000015916e+01, 3.000182451769947889e+01
3.005000000000016058e+01, 3.003776298026793512e+01
3.015000000000016200e+01, 3.007366518117003551e+01
3.025000000000016342e+01, 3.010952460838968037e+01
3.035000000000016485e+01, 3.014533717678052938e+01
3.045000000000016627e+01, 3.018110227356507025e+01
3.055000000000016769e+01, 3.021682052918176353e+01
3.065000000000016911e+01, 3.025249256586424451e+01
3.075000000000017053e+01, 3.028811899780080452e+01
3.085000000000017195e+01, 3.032370043128988257e+01
3.095000000000017337e+01, 3.035923746489182662e+01
3.105000000000017479e+01, 3.039473068957690316e+01
3.115000000000017621e+01, 3.043018068886976835e+01
3.125000000000017764e+01, 3.046558803899046808e+01
3.135000000000017906e+01, 3.050095330899203461e+01
3.145000000000018048e+01, 3.053627706089485017e+01
3.155000000000018190e+01, 3.057155984981779184e+01
3.165000000000018332e+01, 3.060680222410633533e+01
3.175000000000018474e+01, 3.064200472545762111e+01
3.185000000000018616e+01, 3.067716788904260028e+01
3.195000000000018758e+01, 3.071229224362539867e+01
3.205000000000018900e+01, 3.074737831167988134e+01
3.215000000000019043e+01, 3.078242660950354903e+01
3.225000000000019185e+01, 3.081743764732888025e+01
3.235000000000019327e+01, 3.085241192943210464e+01
3.245000000000019469e+01, 3.088734995423947893e+01
3.255000000000019611e+01, 3.092225221443126770e+01
3.265000000000019753e+01, 3.095711919704334392e+01
3.275000000000019895e+01, 3.099195138356652990e+01
3.285000000000020037e+01, 3.102674925004372852e+01
3.295000000000020179e+01, 3.106151326716495120e+01
3.305000000000020322e+01, 3.109624390036021069e+01
3.315000000000020464e+01, 3.113094160989045278e+01
3.325000000000020606e+01, 3.116560685093642746e+01
3.335000000000020748e+01, 3.120024007368571262e+01
3.345000000000020890e+01, 3.123484172341782994e+01
3.355000000000021032e+01, 3.126941224058756674e+01
3.365000000000021174e+01, 3.130395206090645743e+01
3.375000000000021316e+01, 3.133846161542261299e+01
3.385000000000021458e+01, 3.137294133059883450e+01
3.395000000000021600e+01, 3.140739162838906751e+01
3.405000000000021743e+01, 3.144181292631328262e+01
3.415000000000021885e+01, 3.147620563753077505e+01
3.425000000000022027e+01, 3.151057017091200052e+01
3.435000000000022169e+01, 3.154490693110881594e+01
3.445000000000022311e+01, 3.157921631862341982e+01
3.455000000000022453e+01, 3.161349872987576859e+01
3.465000000000022595e+01, 3.164775455726968545e+01
3.475000000000022737e+01, 3.168198418925758375e+01
3.485000000000022879e+01, 3.171618801040396107e+01
3.495000000000023022e+01, 3.175036640144752553e+01
3.505000000000023164e+01, 3.178451973936213193e+01
3.515000000000023306e+01, 3.181864839741650286e+01
3.525000000000023448e+01, 3.185275274523277744e+01
3.535000000000023590e+01, 3.188683314884385211e+01
3.545000000000023732e+01, 3.192088997074968049e+01
3.555000000000023874e+01, 3.195492356997236527e+01
3.565000000000024016e+01, 3.198893430211028388e+01
3.575000000000024158e+01, 3.202292251939113044e+01
3.585000000000024301e+01, 3.205688857072384934e+01
3.595000000000024443e+01, 3.209083280174971975e+01
3.605000000000024585e+01, 3.212475555489234580e+01
3.615000000000024727e+01, 3.215865716940675156e+01
3.625000000000024869e+01, 3.219253798142749901e+01
3.635000000000025011e+01, 3.222639832401597459e+01
3.645000000000025153e+01, 3.226023852720668827e+01
3.655000000000025295e+01, 3.229405891805276951e+01
3.665000000000025437e+01, 3.232785982067063202e+01
3.675000000000025580e+01, 3.236164155628371475e+01
3.685000000000025722e+01, 3.239540444326550528e+01
3.695000000000025864e+01, 3.242914879718176735e+01
3.705000000000026006e+01, 3.246287493083189446e+01
3.715000000000026148e+01, 3.249658315428965949e+01
3.725000000000026290e+01, 3.253027377494306904e+01
3.735000000000026432e+01, 3.256394709753361383e+01
3.745000000000026574e+01, 3.259760342419473034e+01
3.755000000000026716e+01, 3.263124305448964435e+01
3.765000000000026859e+01, 3.266486628544844706e+01
3.775000000000027001e+01, 3.269847341160461696e+01
3.785000000000027143e+01, 3.273206472503076014e+01
3.795000000000027285e+01, 3.276564051537386035e+01
3.805000000000027427e+01, 3.279920106988980422e+01
3.815000000000027569e+01, 3.283274667347732390e+01
3.825000000000027711e+01, 3.286627760871141390e+01
3.835000000000027853e+01, 3.289979415587602318e+01
3.845000000000027995e+01, 3.293329659299634926e+01
3.855000000000028137e+01, 3.296678519587041478e+01
3.865000000000028280e+01, 3.300026023810024611e+01
3.875000000000028422e+01, 3.303372199112238405e+01
3.885000000000028564e+01, 3.306717072423796111e+01
3.895000000000028706e+01, 3.310060670464226007e+01
3.905000000000028848e+01, 3.313403019745371836e+01
3.915000000000028990e+01, 3.316744146574247054e+01
3.925000000000029132e+01, 3.320084077055843608e+01
3.935000000000029274e+01, 3.323422837095893101e+01
3.945000000000029416e+01, 3.326760452403576807e+01
3.955000000000029559e+01, 3.330096948494190201e+01
3.965000000000029701e+01, 3.333432350691779078e+01
3.975000000000029843e+01, 3.336766684131706029e+01
3.985000000000029985e+01, 3.340099973763197028e+01
3.995000000000030127e+01, 3.343432244351836857e+01
4.005000000000030269e+01, 3.346763520482021903e+01
4.015000000000030411e+01, 3.350093826559376708e+01
4.025000000000030553e+01, 3.353423186813132162e+01
4.035000000000030695e+01, 3.356751625298463892e+01
4.045000000000030838e+01, 3.360079165898784481e+01
4.055000000000030980e+01, 3.363405832328019329e+01
4.065000000000031122e+01, 3.366731648132824972e+01
4.075000000000031264e+01, 3.370056636694781815e+01
4.085000000000031406e+01, 3.373380821232553473e+01
4.095000000000031548e+01, 3.376704224804007737e+01
4.105000000000031690e+01, 3.380026870308306286e+01
4.115000000000031832e+01, 3.383348780487960283e+01
4.125000000000031974e+01, 3.386669977930856135e+01
4.135000000000032117e+01, 3.389990485072242166e+01
4.145000000000032259e+01, 3.393310324196700378e+01
4.155000000000032401e+01, 3.396629517440069179e+01
4.165000000000032543e+01, 3.399948086791345503e+01
4.175000000000032685e+01, 3.403266054094560644e+01
4.185000000000032827e+01, 3.406583441050619143e+01
4.195000000000032969e+01, 3.409900269219119195e+01
4.205000000000033111e+01, 3.413216560020132562e+01
4.215000000000033253e+01, 3.416532334735972398e+01
4.225000000000033396e+01, 3.419847614512920586e+01
4.235000000000033538e+01, 3.423162420362940139e+01
4.245000000000033680e+01, 3.426476773165352085e+01
4.255000000000033822e+01, 3.429790693668496715e+01
4.265000000000033964e+01, 3.433104202491362145e+01
4.275000000000034106e+01, 3.436417320125193697e+01
4.285000000000034248e+01, 3.439730066935074149e+01
4.295000000000034390e+01, 3.443042463161489053e+01
4.305000000000034532e+01, 3.446354528921861515e+01
4.315000000000034674e+01, 3.449666284212064227e+01
4.325000000000034817e+01, 3.452977748907914446e+01
4.335000000000034959e+01, 3.456288942766646954e+01
4.345000000000035101e+01, 3.459599885428357169e+01
4.355000000000035243e+01, 3.462910596417436437e+01
4.365000000000035385e+01, 3.466221095143972519e+01
4.375000000000035527e+01, 3.469531400905142249e+01
4.385000000000035669e+01, 3.472841532886575777e+01
4.395000000000035811e+01, 3.476151510163706604e+01
4.405000000000035953e+01, 3.479461351703098160e+01
4.415000000000036096e+01, 3.482771076363753338e+01
4.425000000000036238e+01, 3.486080702898406258e+01
4.435000000000036380e+01, 3.489390249954796275e+01
4.445000000000036522e+01, 3.492699736076918526e+01
4.455000000000036664e+01, 3.496009179706266679e+01
4.465000000000036806e+01, 3.499318599183048661e+01
4.475000000000036948e+01, 3.502628012747390329e+01
4.485000000000037090e+01, 3.505937438540520645e+01
4.495000000000037232e+01, 3.509246894605945499e+01
4.505000000000037375e+01, 3.512556398890595233e+01
4.515000000000037517e+01, 3.515865969245965061e+01
4.525000000000037659e+01, 3.519175623429237021e+01
4.535000000000037801e+01, 3.522485379104384151e+01
4.545000000000037943e+01, 3.525795253843264021e+01
4.555000000000038085e+01, 3.529105265126694491e+01
4.565000000000038227e+01, 3.532415430345514551e+01
4.575000000000038369e+01, 3.535725766801632375e+01
4.585000000000038511e+01, 3.539036291709059157e+01
4.595000000000038654e+01, 3.542347022194925898e+01
4.605000000000038796e+01, 3.545657975300491671e+01
4.615000000000038938e+01, 3.548969167982131978e+01
4.625000000000039080e+01, 3.552280617112323569e+01
4.635000000000039222e+01, 3.555592339480603670e+01
4.645000000000039364e+01, 3.558904351794527798e+01
4.655000000000039506e+01, 3.562216670680606256e+01
4.665000000000039648e+01, 3.565529312685234231e+01
4.675000000000039790e+01, 3.568842294275605553e+01
4.685000000000039933e+01, 3.572155631840621481e+01
4.695000000000040075e+01, 3.575469341691773906e+01
4.705000000000040217e+01, 3.578783440064033528e+01
4.715000000000040359e+01, 3.582097943116713168e+01
4.725000000000040501e+01, 3.585412866934327525e+01
4.735000000000040643e+01, 3.588728227527439429e+01
4.745000000000040785e+01, 3.592044040833493312e+01
4.755000000000040927e+01, 3.595360322717642276e+01
4.765000000000041069e+01, 3.598677088973561666e+01
4.775000000000041211e+01, 3.601994355324247721e+01
4.785000000000041354e+01, 3.605312137422820484e+01
4.795000000000041496e+01, 3.608630450853297589e+01
4.805000000000041638e+01, 3.611949311131371587e+01
4.815000000000041780e+01, 3.615268733705173787e+01
4.825000000000041922e+01, 3.618588733956026715e+01
4.835000000000042064e+01, 3.621909327199189477e+01
4.845000000000042206e+01, 3.625230528684589615e+01
4.855000000000042348e+01, 3.628552353597553548e+01
4.865000000000042490e+01, 3.631874817059518534e+01
4.875000000000042633e+01, 3.635197934128743924e+01
4.885000000000042775e+01, 3.638521719801008203e+01
4.895000000000042917e+01, 3.641846189010296087e+01
4.905000000000043059e+01, 3.645171356629487747e+01
4.915000000000043201e+01, 3.648497237471025301e+01
4.925000000000043343e+01, 3.651823846287580011e+01
4.935000000000043485e+01, 3.655151197772708116e+01
4.945000000000043627e+01, 3.658479306561502398e+01
4.955000000000043769e+01, 3.661808187231228118e+01
4.965000000000043912e+01, 3.665137854301959663e+01
4.975000000000044054e+01, 3.668468322237202983e+01
4.985000000000044196e+01, 3.671799605444518733e+01
4.995000000000044338e+01, 3.675131718276122683e+01
5.005000000000044480e+01, 3.678464675029499631e+01
5.015000000000044622e+01, 3.681798489947989594e+01
5.025000000000044764e+01, 3.685133177221380407e+01
5.035000000000044906e+01, 3.688468750986489653e+01
5.045000000000045048e+01, 3.691805225327736650e+01
5.055000000000045191e+01, 3.695142614277711601e+01
5.065000000000045333e+01, 3.698480931817736206e+01
5.075000000000045475e+01, 3.701820191878415045e+01
5.085000000000045617e+01, 3.705160408340186962e+01
5.095000000000045759e+01, 3.708501595033865073e+01
5.105000000000045901e+01, 3.711843765741166834e+01
5.115000000000046043e+01, 3.715186934195247659e+01
5.125000000000046185e+01, 3.718531114081222455e+01
5.135000000000046327e+01, 3.721876319036680059e+01
5.145000000000046469e+01, 3.725222562652191272e+01
5.155000000000046612e+01, 3.728569858471817611e+01
5.165000000000046754e+01, 3.731918219993606556e+01
5.175000000000046896e+01, 3.735267660670081824e+01
5.185000000000047038e+01, 3.738618193908734355e+01
5.195000000000047180e+01, 3.741969833072499085e+01
5.205000000000047322e+01, 3.745322591480236696e+01
5.215000000000047464e+01, 3.748676482407193333e+01
5.225000000000047606e+01, 3.752031519085475253e+01
5.235000000000047748e+01, 3.755387714704501434e+01
5.245000000000047891e+01, 3.758745082411461880e+01
5.255000000000048033e+01, 3.762103635311764549e+01
5.265000000000048175e+01, 3.765463386469476603e+01
5.275000000000048317e+01, 3.768824348907763522e+01
5.285000000000048459e+01, 3.772186535609331060e+01
5.295000000000048601e+01, 3.775549959516840914e+01
5.305000000000048743e+01, 3.778914633533342737e+01
5.315000000000048885e+01, 3.782280570522691932e+01
5.325000000000049027e+01, 3.785647783309962477e+01
5.335000000000049170e+01, 3.789016284681857627e+01
5.345000000000049312e+01, 3.792386087387112070e+01
5.355000000000049454e+01, 3.795757204136901208e+01
5.365000000000049596e+01, 3.799129647605225557e+01
5.375000000000049738e+01, 3.802503430429307230e+01
5.385000000000049880e+01, 3.805878565209982867e+01
5.395000000000050022e+01, 3.809255064512076672e+01
5.405000000000050164e+01, 3.812632940864785525e+01
5.415000000000050306e+01, 3.816012206762051306e+01
5.425000000000050449e+01, 3.819392874662931092e+01
5.435000000000050591e+01, 3.822774956991966633e+01
5.445000000000050733e+01, 3.826158466139538206e+01
5.455000000000050875e+01, 3.829543414462234097e+01
5.465000000000051017e+01, 3.832929814283195213e+01
5.475000000000051159e+01, 3.836317677892470357e+01
5.485000000000051301e+01, 3.839707017547364387e+01
5.495000000000051443e+01, 3.843097845472773599e+01
5.505000000000051585e+01, 3.846490173861532469e+01
5.515000000000051728e+01, 3.849884014874743343e+01
5.525000000000051870e+01, 3.853279380642114660e+01
5.535000000000052012e+01, 3.856676283262279270e+01
5.545000000000052154e+01, 3.860074734803129815e+01
5.555000000000052296e+01, 3.863474747302129941e+01
5.565000000000052438e+01, 3.866876332766639024e+01
5.575000000000052580e+01, 3.870279503174219826e+01
5.585000000000052722e+01, 3.873684270472958247e+01
5.595000000000052864e+01, 3.877090646581758193e+01
5.605000000000053006e+01, 3.880498643390655644e+01
5.615000000000053149e+01, 3.883908272761117786e+01
5.625000000000053291e+01, 3.887319546526332914e+01
5.635000000000053433e+01, 3.890732476491516678e+01
5.645000000000053575e+01, 3.894147074434192035e+01
5.655000000000053717e+01, 3.897563352104483414e+01
5.665000000000053859e+01, 3.900981321225402354e+01
5.675000000000054001e+01, 3.904400993493126037e+01
5.685000000000054143e+01, 3.907822380577275112e+01
5.695000000000054285e+01, 3.911245494121195065e+01
5.705000000000054428e+01, 3.914670345742224100e+01
5.715000000000054570e+01, 3.918096947031965982e+01
5.725000000000054712e+01, 3.921525309556555783e+01
5.735000000000054854e+01, 3.924955444856926334e+01
5.745000000000054996e+01, 3.928387364449063313e+01
5.755000000000055138e+01, 3.931821079824275955e+01
5.765000000000055280e+01, 3.935256602449439356e+01
5.775000000000055422e+01, 3.938693943767258077e+01
5.785000000000055564e+01, 3.942133115196513415e+01
5.795000000000055707e+01, 3.945574128132307834e+01
5.805000000000055849e+01, 3.949016993946316489e+01
5.815000000000055991e+01, 3.952461723987027398e+01
5.825000000000056133e+01, 3.955908329579977334e+01
5.835000000000056275e+01, 3.959356822027998390e+01
5.845000000000056417e+01, 3.962807212611447483e+01
5.855000000000056559e+01, 3.966259512588435854e+01
5.865000000000056701e+01, 3.969713733195067107e+01
5.875000000000056843e+01, 3.973169885645663157e+01
5.885000000000056986e+01, 3.976627981132981660e+01
5.895000000000057128e+01, 3.980088030828451906e+01
5.905000000000057270e+01, 3.983550045882386570e+01
5.915000000000057412e+01, 3.987014037424199842e+01
5.925000000000057554e+01, 3.990480016562631249e+01
5.935000000000057696e+01, 3.993947994385950295e+01
5.945000000000057838e+01, 3.997417979191077109e+01
5.955000000000057980e+01, 4.000889894805892766e+01
5.965000000000058122e+01, 4.004363680726779506e+01
5.975000000000058265e+01, 4.007839277945002010e+01
5.985000000000058407e+01, 4.011316627518540656e+01
5.995000000000058549e+01, 4.014795702209831774e+01
6.005000000000058691e+01, 4.018276507291107436e+01
6.015000000000058833e+01, 4.021759054110617626e+01
6.025000000000058975e+01, 4.025243353988375361e+01
6.035000000000059117e+01, 4.028729418216421010e+01
6.045000000000059259e+01, 4.032217258059099407e+01
6.055000000000059401e+01, 4.035706884753317780e+01
6.065000000000059543e+01, 4.039198309508821438e+01
6.075000000000059686e+01, 4.042691543508438912e+01
6.085000000000059828e+01, 4.046186597908351956e+01
6.095000000000059970e+01, 4.049683483838345666e+01
6.105000000000060112e+01, 4.053182212402059292e+01
6.115000000000060254e+01, 4.056682794677238491e+01
6.125000000000060396e+01, 4.060185241715980453e+01
6.135000000000060538e+01, 4.063689564544978339e+01
6.145000000000060680e+01, 4.067195774165760724e+01
6.155000000000060822e+01, 4.070703881554934611e+01
6.165000000000060965e+01, 4.074213897664417061e+01
6.175000000000061107e+01, 4.077725833421668256e+01
6.185000000000061249e+01, 4.081239699729929526e+01
6.195000000000061391e+01, 4.084755507468442204e+01
6.205000000000061533e+01, 4.088273267492680674e+01
6.215000000000061675e+01, 4.091792990634573357e+01
6.225000000000061817e+01, 4.095314687702723688e+01
6.235000000000061959e+01, 4.098838369482627542e+01
6.245000000000062101e+01, 4.102364046736894210e+01
6.255000000000062244e+01, 4.105891730205454593e+01
6.265000000000062386e+01, 4.109421430605777203e+01
6.275000000000062528e+01, 4.112953158633074935e+01
6.285000000000062670e+01, 4.116486924960514671e+01
6.295000000000062812e+01, 4.120022740239417658e+01
6.305000000000062954e+01, 4.123560615099469118e+01
6.315000000000063096e+01, 4.127100560148911512e+01
6.325000000000063238e+01, 4.130642585974747050e+01
6.335000000000063380e+01, 4.134186703142933084e+01
6.345000000000063523e+01, 4.137732922198576802e+01
6.355000000000063665e+01, 4.141281253666124940e+01
6.365000000000063807e+01, 4.144831708049554209e+01
6.375000000000063949e+01, 4.148384295832561008e+01
6.385000000000064091e+01, 4.151939027478745459e+01
6.395000000000064233e+01, 4.155495913431795429e+01
6.405000000000063665e+01, 4.159054964115669151e+01
6.415000000000063096e+01, 4.162616189934772848e+01
6.425000000000062528e+01, 4.166179601274141220e+01
6.435000000000061959e+01, 4.169745208499610101e+01
6.445000000000061391e+01, 4.173313021957994096e+01
6.455000000000060822e+01, 4.176883051977255690e+01
6.465000000000060254e+01, 4.180455308866676489e+01
6.475000000000059686e+01, 4.184029802917027752e+01
6.485000000000059117e+01, 4.187606544400732389e+01
6.495000000000058549e+01, 4.191185543572032657e+01
6.505000000000057980e+01, 4.194766810667152157e+01
6.515000000000057412e+01, 4.198350355904457842e+01
6.525000000000056843e+01, 4.201936189484617756e+01
6.535000000000056275e+01, 4.205524321590760906e+01
6.545000000000055707e+01, 4.209114762388631448e+01
6.555000000000055138e+01, 4.212707522026741458e+01
6.565000000000054570e+01, 4.216302610636527959e+01
6.575000000000054001e+01, 4.219900038332498582e+01
6.585000000000053433e+01, 4.223499815212384334e+01
6.595000000000052864e+01, 4.227101951357285259e+01
6.605000000000052296e+01, 4.230706456831817519e+01
6.615000000000051728e+01, 4.234313341684255505e+01
6.625000000000051159e+01, 4.237922615946676075e+01
6.635000000000050591e+01, 4.241534289635102795e+01
6.645000000000050022e+01, 4.245148372749635968e+01
6.655000000000049454e+01, 4.248764875274604691e+01
6.665000000000048885e+01, 4.252383807178687647e+01
6.675000000000048317e+01, 4.256005178415060186e+01
6.685000000000047748e+01, 4.259628998921520804e+01
6.695000000000047180e+01, 4.263255278620628985e+01
6.705000000000046612e+01, 4.266884027419828840e+01
6.715000000000046043e+01, 4.270515255211582684e+01
6.725000000000045475e+01, 4.274148971873496805e+01
6.735000000000044906e+01, 4.277785187268449363e+01
6.745000000000044338e+01, 4.281423911244711178e+01
6.755000000000043769e+01, 4.285065153636072210e+01
6.765000000000043201e+01, 4.288708924261964484e+01
6.775000000000042633e+01, 4.292355232927578612e+01
6.785000000000042064e+01, 4.296004089423985306e+01
6.795000000000041496e+01, 4.299655503528254030e+01
6.805000000000040927e+01, 4.303309485003564561e+01
6.815000000000040359e+01, 4.306966043599331329e+01
6.825000000000039790e+01, 4.310625189051307160e+01
6.835000000000039222e+01, 4.314286931081698384e+01
6.845000000000038654e+01, 4.317951279399281361e+01
6.855000000000038085e+01, 4.321618243699506934e+01
6.865000000000037517e+01, 4.325287833664609849e+01
6.875000000000036948e+01, 4.328960058963716051e+01
6.885000000000036380e+01, 4.332634929252949973e+01
6.895000000000035811e+01, 4.335611151012174247e+01
