0.000000000000000000e+00, 0.000000000000000000e+00
1.000000000000000021e-03, 5.470632558533024625e-06
2.000000000000000042e-03, 1.094129946745381107e-05
3.000000000000000062e-03, 1.641200075871173907e-05
4.000000000000000083e-03, 2.188273646422670484e-05
5.000000000000000104e-03, 2.735350661588918712e-05
6.000000000000000125e-03, 3.282431124556035396e-05
7.000000000000000146e-03, 3.829515038507207619e-05
8.000000000000000167e-03, 4.376602406622703254e-05
9.000000000000001055e-03, 4.923693232079874344e-05
1.000000000000000194e-02, 5.470787518053165917e-05
1.100000000000000283e-02, 6.017885267714121405e-05
1.200000000000000372e-02, 6.564986484231388742e-05
1.300000000000000461e-02, 7.112091170770730528e-05
1.400000000000000550e-02, 7.659199330495025388e-05
1.500000000000000638e-02, 8.206310966564276776e-05
1.600000000000000727e-02, 8.753426082135619076e-05
1.700000000000000816e-02, 9.300544680363320314e-05
1.800000000000000905e-02, 9.847666764398798418e-05
1.900000000000000994e-02, 1.039479233739061580e-04
2.000000000000001082e-02, 1.094192140248449833e-04
2.100000000000001171e-02, 1.148905396282332719e-04
2.200000000000001260e-02, 1.203619002154715381e-04
2.300000000000001349e-02, 1.258332958179320799e-04
2.400000000000001438e-02, 1.313047264669589651e-04
2.500000000000001527e-02, 1.367761921938681808e-04
2.600000000000001615e-02, 1.422476930299475793e-04
2.700000000000001704e-02, 1.477192290064570943e-04
2.800000000000001793e-02, 1.531908001546286602e-04
2.900000000000001882e-02, 1.586624065056663202e-04
3.000000000000001971e-02, 1.641340480907463621e-04
3.100000000000002059e-02, 1.696057249410171824e-04
3.200000000000002148e-02, 1.750774370875996389e-04
3.300000000000002237e-02, 1.805491845615868883e-04
3.400000000000002326e-02, 1.860209673940444396e-04
3.500000000000002415e-02, 1.914927856160103449e-04
3.600000000000002504e-02, 1.969646392584951716e-04
3.700000000000002592e-02, 2.024365283524821109e-04
3.800000000000002681e-02, 2.079084529289270051e-04
3.900000000000002770e-02, 2.133804130187583745e-04
4.000000000000002859e-02, 2.188524086528775532e-04
4.100000000000002948e-02, 2.243244398621586076e-04
4.200000000000003036e-02, 2.297965066774487427e-04
4.300000000000003125e-02, 2.352686091295678149e-04
4.400000000000003214e-02, 2.407407472493087921e-04
4.500000000000003303e-02, 2.462129210674378083e-04
4.600000000000003392e-02, 2.516851306146940010e-04
4.700000000000003481e-02, 2.571573759217896191e-04
4.800000000000003569e-02, 2.626296570194104033e-04
4.900000000000003658e-02, 2.681019739382150971e-04
5.000000000000003747e-02, 2.735743267088359900e-04
1.500000000000000500e-01, 8.212115702788860393e-04
2.500000000000000555e-01, 1.369274300335699204e-03
3.500000000000000888e-01, 1.917785302079006750e-03
4.500000000000000666e-01, 2.466762802380248129e-03
5.500000000000000444e-01, 3.016225478706916971e-03
6.500000000000000222e-01, 3.566191161479131521e-03
7.500000000000000000e-01, 4.116676908930270128e-03
8.499999999999999778e-01, 4.667699076463483095e-03
9.499999999999999556e-01, 5.219270493726865627e-03
1.050000000000000044e+00, 5.771402830771692020e-03
1.150000000000000133e+00, 6.324107934803601533e-03
1.250000000000000222e+00, 6.877397361371444424e-03
1.350000000000000311e+00, 7.431282384439763869e-03
1.450000000000000400e+00, 7.985774008357999360e-03
1.550000000000000488e+00, 8.540882980578385492e-03
1.650000000000000577e+00, 8.997696408057920259e-03
1.750000000000000666e+00, 9.006554600682080414e-03
1.850000000000000755e+00, 9.015642978788040995e-03
1.950000000000000844e+00, 9.024944888418130751e-03
2.050000000000000711e+00, 9.034448172241159314e-03
2.150000000000000799e+00, 9.044141497693400714e-03
2.250000000000000888e+00, 9.054014304828168769e-03
2.350000000000000977e+00, 9.064056738277545891e-03
2.450000000000001066e+00, 9.074259880529912323e-03
2.550000000000001155e+00, 9.084617020309358054e-03
2.650000000000001243e+00, 9.095123125003439987e-03
2.750000000000001332e+00, 9.105773372171086649e-03
2.850000000000001421e+00, 9.116563149575809474e-03
2.950000000000001510e+00, 9.127488049513908172e-03
3.050000000000001599e+00, 9.138543860256885532e-03
3.150000000000001688e+00, 9.149725313685245359e-03
3.250000000000001776e+00, 9.161026996492977609e-03
3.350000000000001865e+00, 9.172444126805848891e-03
3.450000000000001954e+00, 9.183973280622845931e-03
3.550000000000002043e+00, 9.195611919478471896e-03
3.650000000000002132e+00, 9.207357565683700618e-03
3.750000000000002220e+00, 9.219207804896862798e-03
3.850000000000002309e+00, 9.231160287168051898e-03
3.950000000000002398e+00, 9.243212726929583151e-03
4.050000000000002487e+00, 9.255362902262177782e-03
4.150000000000002132e+00, 9.267608653669049540e-03
4.250000000000001776e+00, 9.279947882522730437e-03
4.350000000000001421e+00, 9.292378549302262106e-03
4.450000000000001066e+00, 9.304898671704912860e-03
4.550000000000000711e+00, 9.317506322692764575e-03
4.650000000000000355e+00, 9.330199757827783991e-03
4.750000000000000000e+00, 9.342977993602324255e-03
4.849999999999999645e+00, 9.355840645222403967e-03
4.949999999999999289e+00, 9.368786747703746615e-03
5.049999999999998934e+00, 9.381814748628276163e-03
5.149999999999998579e+00, 9.394923337362255655e-03
5.249999999999998224e+00, 9.408111226753074902e-03
5.349999999999997868e+00, 9.421377153227022960e-03
5.449999999999997513e+00, 9.434719876732751767e-03
5.549999999999997158e+00, 9.448138180564809654e-03
5.649999999999996803e+00, 9.461630871094360226e-03
5.749999999999996447e+00, 9.475196777428869510e-03
5.849999999999996092e+00, 9.488834751018020153e-03
5.949999999999995737e+00, 9.502543665219697483e-03
6.049999999999995381e+00, 9.516322414837116717e-03
6.149999999999995026e+00, 9.530169915635966146e-03
6.249999999999994671e+00, 9.544085103848650928e-03
6.349999999999994316e+00, 9.558066935671292660e-03
6.449999999999993960e+00, 9.572114442107875973e-03
6.549999999999993605e+00, 9.586227040969510019e-03
6.649999999999993250e+00, 9.600404694008850270e-03
6.749999999999992895e+00, 9.614647356171741877e-03
6.849999999999992539e+00, 9.628954976605593602e-03
6.949999999999992184e+00, 9.643327499548878107e-03
7.049999999999991829e+00, 9.657764865116770861e-03
7.149999999999991473e+00, 9.672267009995908632e-03
7.249999999999991118e+00, 9.686833868059336813e-03
7.349999999999990763e+00, 9.701476823826134591e-03
7.449999999999990408e+00, 9.716186319121812229e-03
7.549999999999990052e+00, 9.730958512388376141e-03
7.649999999999989697e+00, 9.745789705387256779e-03
7.749999999999989342e+00, 9.760676334345949612e-03
7.849999999999988987e+00, 9.775614961891729640e-03
7.949999999999988631e+00, 9.790602269684254774e-03
8.049999999999988276e+00, 9.805635051670655647e-03
8.149999999999987921e+00, 9.820710207896682364e-03
8.249999999999987566e+00, 9.835824738815958021e-03
8.349999999999987210e+00, 9.850975740046605256e-03
8.449999999999986855e+00, 9.866160397530699885e-03
8.549999999999986500e+00, 9.881375983057362478e-03
8.649999999999986144e+00, 9.896619850114776046e-03
8.749999999999985789e+00, 9.911889430040529345e-03
8.849999999999985434e+00, 9.927180790244695061e-03
8.949999999999985079e+00, 9.942485710906428381e-03
9.049999999999984723e+00, 9.957805816446688163e-03
9.149999999999984368e+00, 9.973142637964459850e-03
9.249999999999984013e+00, 9.988497621016476785e-03
9.349999999999983658e+00, 1.000387213259357894e-02
9.449999999999983302e+00, 1.001926746739294737e-02
9.549999999999982947e+00, 1.003468485347131824e-02
9.649999999999982592e+00, 1.005012545735223771e-02
9.749999999999982236e+00, 1.006559038865047218e-02
9.849999999999981881e+00, 1.008108070426825577e-02
9.949999999999981526e+00, 1.009659741221071751e-02
1.004999999999998117e+01, 1.011214147506193060e-02
1.014999999999998082e+01, 1.012771381315768181e-02
1.024999999999998046e+01, 1.014331530748661427e-02
1.034999999999998010e+01, 1.015894680234758103e-02
1.044999999999997975e+01, 1.017460910778772258e-02
1.054999999999997939e+01, 1.019030300184292984e-02
1.064999999999997904e+01, 1.020602923259983710e-02
1.074999999999997868e+01, 1.022178852009637123e-02
1.084999999999997833e+01, 1.023758155807599941e-02
1.094999999999997797e+01, 1.025340901560909540e-02
1.104999999999997762e+01, 1.026927153859354298e-02
1.114999999999997726e+01, 1.028516975114527297e-02
1.124999999999997691e+01, 1.030110425688845338e-02
1.134999999999997655e+01, 1.031707564015394048e-02
1.144999999999997620e+01, 1.033308446709384036e-02
1.154999999999997584e+01, 1.034913128671918064e-02
1.164999999999997549e+01, 1.036521663186708991e-02
1.174999999999997513e+01, 1.038134102010311588e-02
1.184999999999997478e+01, 1.039750495456401996e-02
1.194999999999997442e+01, 1.041370892474561931e-02
1.204999999999997407e+01, 1.042995340724009110e-02
1.214999999999997371e+01, 1.044623886642648269e-02
1.224999999999997335e+01, 1.046256575511812781e-02
1.234999999999997300e+01, 1.047893451517006858e-02
1.244999999999997264e+01, 1.049534557804951244e-02
1.254999999999997229e+01, 1.051179936537200918e-02
1.264999999999997193e+01, 1.052829628940576447e-02
1.274999999999997158e+01, 1.054483675354646495e-02
1.284999999999997122e+01, 1.056142115276453852e-02
1.294999999999997087e+01, 1.057804987402691937e-02
1.304999999999997051e+01, 1.059472329669492764e-02
1.314999999999997016e+01, 1.061144179289998449e-02
1.324999999999996980e+01, 1.062820572789857990e-02
1.334999999999996945e+01, 1.064501546040789830e-02
1.344999999999996909e+01, 1.066187134292338225e-02
1.354999999999996874e+01, 1.067877372201934093e-02
1.364999999999996838e+01, 1.069572293863376052e-02
1.374999999999996803e+01, 1.071271932833827226e-02
1.384999999999996767e+01, 1.072976322159421847e-02
1.394999999999996732e+01, 1.074685494399569598e-02
1.404999999999996696e+01, 1.076399481650032117e-02
1.414999999999996660e+01, 1.078118315564854067e-02
1.424999999999996625e+01, 1.079842027377209135e-02
1.434999999999996589e+01, 1.081570647919233470e-02
1.444999999999996554e+01, 1.083304207640898610e-02
1.454999999999996518e+01, 1.085042736627985817e-02
1.464999999999996483e+01, 1.086786264619210921e-02
1.474999999999996447e+01, 1.088534821022545465e-02
1.484999999999996412e+01, 1.090288434930787587e-02
1.494999999999996376e+01, 1.092047135136416103e-02
1.504999999999996341e+01, 1.093810950145770663e-02
1.514999999999996305e+01, 1.095579908192599594e-02
1.524999999999996270e+01, 1.097354037251001280e-02
1.534999999999996234e+01, 1.099133365047798294e-02
1.544999999999996199e+01, 1.100917919074372378e-02
1.554999999999996163e+01, 1.102707726597990101e-02
1.564999999999996128e+01, 1.104502814672644710e-02
1.574999999999996092e+01, 1.106303210149437062e-02
1.584999999999996056e+01, 1.108108939686525476e-02
1.594999999999996021e+01, 1.109920029758661858e-02
1.604999999999996163e+01, 1.111736506666336985e-02
1.614999999999996305e+01, 1.113558396544552659e-02
1.624999999999996447e+01, 1.115385725371241359e-02
1.634999999999996589e+01, 1.117218518975352654e-02
1.644999999999996732e+01, 1.119056803044616265e-02
1.654999999999996874e+01, 1.120900603133006060e-02
1.664999999999997016e+01, 1.122749944667910012e-02
1.674999999999997158e+01, 1.124604852957031623e-02
1.684999999999997300e+01, 1.126465353195022813e-02
1.694999999999997442e+01, 1.128331470469873254e-02
1.704999999999997584e+01, 1.130203229769056669e-02
1.714999999999997726e+01, 1.132080655985454043e-02
1.724999999999997868e+01, 1.133963773923060345e-02
1.734999999999998010e+01, 1.135852608302482560e-02
1.744999999999998153e+01, 1.137747183766241697e-02
1.754999999999998295e+01, 1.139647524883890227e-02
1.764999999999998437e+01, 1.141553656156944589e-02
1.774999999999998579e+01, 1.143465602023648574e-02
1.784999999999998721e+01, 1.145383386863575367e-02
1.794999999999998863e+01, 1.147307035002067231e-02
1.804999999999999005e+01, 1.149236570714531024e-02
1.814999999999999147e+01, 1.151172018230586097e-02
1.824999999999999289e+01, 1.153113401738077755e-02
1.834999999999999432e+01, 1.155060745386957480e-02
1.844999999999999574e+01, 1.157014073293038958e-02
1.854999999999999716e+01, 1.158973409541631978e-02
1.864999999999999858e+01, 1.160938778191063572e-02
1.875000000000000000e+01, 1.162910203276085533e-02
1.885000000000000142e+01, 1.164887708811179409e-02
1.895000000000000284e+01, 1.166871318793756204e-02
1.905000000000000426e+01, 1.168861057207262397e-02
1.915000000000000568e+01, 1.170856948024188646e-02
1.925000000000000711e+01, 1.172859015208993147e-02
1.935000000000000853e+01, 1.174867282720934956e-02
1.945000000000000995e+01, 1.176881774516827864e-02
1.955000000000001137e+01, 1.178902514553713601e-02
1.965000000000001279e+01, 1.180929526791457511e-02
1.975000000000001421e+01, 1.182962835195274648e-02
1.985000000000001563e+01, 1.185002463738181640e-02
1.995000000000001705e+01, 1.187048436403385920e-02
2.005000000000001847e+01, 1.189100777186602627e-02
2.015000000000001990e+01, 1.191159510098318414e-02
2.025000000000002132e+01, 1.193224659165985184e-02
2.035000000000002274e+01, 1.195296248436166636e-02
2.045000000000002416e+01, 1.197374301976620106e-02
2.055000000000002558e+01, 1.199458843878331224e-02
2.065000000000002700e+01, 1.201549898257493060e-02
2.075000000000002842e+01, 1.203647489257439127e-02
2.085000000000002984e+01, 1.205751641050526596e-02
2.095000000000003126e+01, 1.207862377839973370e-02
2.105000000000003268e+01, 1.209979723861653172e-02
2.115000000000003411e+01, 1.212103703385847102e-02
2.125000000000003553e+01, 1.214234340718952157e-02
2.135000000000003695e+01, 1.216371660205154380e-02
2.145000000000003837e+01, 1.218515686228058975e-02
2.155000000000003979e+01, 1.220666443212289204e-02
2.165000000000004121e+01, 1.222823955625046422e-02
2.175000000000004263e+01, 1.224988247977634552e-02
2.185000000000004405e+01, 1.227159344826957328e-02
2.195000000000004547e+01, 1.229337270776979102e-02
2.205000000000004690e+01, 1.231522050480155471e-02
2.215000000000004832e+01, 1.233713708638837885e-02
2.225000000000004974e+01, 1.235912270006644942e-02
2.235000000000005116e+01, 1.238117759389811660e-02
2.245000000000005258e+01, 1.240330201648505784e-02
2.255000000000005400e+01, 1.242549621698125877e-02
2.265000000000005542e+01, 1.244776044510567670e-02
2.275000000000005684e+01, 1.247009495115474625e-02
2.285000000000005826e+01, 1.249249998601455539e-02
2.295000000000005969e+01, 1.251497580117290169e-02
2.305000000000006111e+01, 1.253752264873105558e-02
2.315000000000006253e+01, 1.256014078141536733e-02
2.325000000000006395e+01, 1.258283045258865029e-02
2.335000000000006537e+01, 1.260559191626137859e-02
2.345000000000006679e+01, 1.262842542710269217e-02
2.355000000000006821e+01, 1.265133124045123882e-02
2.365000000000006963e+01, 1.267430961232582365e-02
2.375000000000007105e+01, 1.269736079943591112e-02
2.385000000000007248e+01, 1.272048505919192232e-02
2.395000000000007390e+01, 1.274368264971546122e-02
2.405000000000007532e+01, 1.276695382984927192e-02
2.415000000000007674e+01, 1.279029885916717520e-02
2.425000000000007816e+01, 1.281371799798374130e-02
2.435000000000007958e+01, 1.283721150736395408e-02
2.445000000000008100e+01, 1.286077964913261845e-02
2.455000000000008242e+01, 1.288442268588374344e-02
2.465000000000008384e+01, 1.290814088098972065e-02
2.475000000000008527e+01, 1.293193449861046451e-02
2.485000000000008669e+01, 1.295580380370235478e-02
2.495000000000008811e+01, 1.297974906202714780e-02
2.505000000000008953e+01, 1.300377054016070566e-02
2.515000000000009095e+01, 1.302786850550168712e-02
2.525000000000009237e+01, 1.305204322628009984e-02
2.535000000000009379e+01, 1.307629497156575886e-02
2.545000000000009521e+01, 1.310062401127666878e-02
2.555000000000009663e+01, 1.312503061618731579e-02
2.565000000000009805e+01, 1.314951505793683813e-02
2.575000000000009948e+01, 1.317407760903717071e-02
2.585000000000010090e+01, 1.319871854288104732e-02
2.595000000000010232e+01, 1.322343813374996825e-02
2.605000000000010374e+01, 1.324823665682208461e-02
2.615000000000010516e+01, 1.327311438817998547e-02
2.625000000000010658e+01, 1.329807160481845038e-02
2.635000000000010800e+01, 1.332310858465209774e-02
2.645000000000010942e+01, 1.334822560652298984e-02
2.655000000000011084e+01, 1.337342295020819451e-02
2.665000000000011227e+01, 1.339870089642722188e-02
2.675000000000011369e+01, 1.342405972684947504e-02
2.685000000000011511e+01, 1.344949972410158963e-02
2.695000000000011653e+01, 1.347502117177475089e-02
2.705000000000011795e+01, 1.350062435443194486e-02
2.715000000000011937e+01, 1.352630955761515742e-02
2.725000000000012079e+01, 1.355207706785253180e-02
2.735000000000012221e+01, 1.357792717266547398e-02
2.745000000000012363e+01, 1.360386016057571479e-02
2.755000000000012506e+01, 1.362987632111231293e-02
2.765000000000012648e+01, 1.365597594481864768e-02
2.775000000000012790e+01, 1.368215932325935608e-02
2.785000000000012932e+01, 1.370842674902719369e-02
2.795000000000013074e+01, 1.373477851574994406e-02
2.805000000000013216e+01, 1.376121491809719974e-02
2.815000000000013358e+01, 1.378773625178715892e-02
2.825000000000013500e+01, 1.381434281359339433e-02
2.835000000000013642e+01, 1.384103490135154407e-02
2.845000000000013785e+01, 1.386781281396605447e-02
2.855000000000013927e+01, 1.389467685141677206e-02
2.865000000000014069e+01, 1.392162731476564129e-02
2.875000000000014211e+01, 1.394866450616327747e-02
2.885000000000014353e+01, 1.397578872885554477e-02
2.895000000000014495e+01, 1.400300028719014302e-02
2.905000000000014637e+01, 1.403029948662310594e-02
2.915000000000014779e+01, 1.405768663372533242e-02
2.925000000000014921e+01, 1.408516203618906393e-02
2.935000000000015064e+01, 1.411272600283435333e-02
2.945000000000015206e+01, 1.414037884361553365e-02
2.955000000000015348e+01, 1.416812086962761751e-02
2.965000000000015490e+01, 1.419595239311273807e-02
2.975000000000015632e+01, 1.422387372746651904e-02
2.985000000000015774e+01, 1.425188518312407032e-02
2.995000000000015916e+01, 1.427998534894567469e-02
3.005000000000016058e+01, 1.430817268214620158e-02
3.015000000000016200e+01, 1.433644578424178931e-02
3.025000000000016342e+01, 1.436480325493251844e-02
3.035000000000016485e+01, 1.439324369199661800e-02
3.045000000000016627e+01, 1.442176569118593099e-02
3.055000000000016769e+01, 1.445036784612256306e-02
3.065000000000016911e+01, 1.447904874819670729e-02
3.075000000000017053e+01, 1.450780698646560521e-02
3.085000000000017195e+01, 1.453664114755361114e-02
3.095000000000017337e+01, 1.456554981555328518e-02
3.105000000000017479e+01, 1.459453157192756520e-02
3.115000000000017621e+01, 1.462358499541289818e-02
3.125000000000017764e+01, 1.465270866192337589e-02
3.135000000000017906e+01, 1.468190114445574838e-02
3.145000000000018048e+01, 1.471116119765103480e-02
3.155000000000018190e+01, 1.474048853503321863e-02
3.165000000000018332e+01, 1.476988343309590737e-02
3.175000000000018474e+01, 1.479934616789540039e-02
3.185000000000018616e+01, 1.482887701507385435e-02
3.195000000000018758e+01, 1.485847624988190577e-02
3.205000000000018900e+01, 1.488814414720077486e-02
3.215000000000019043e+01, 1.491788098156388367e-02
3.225000000000019185e+01, 1.494768702717797285e-02
3.235000000000019327e+01, 1.497756255794376046e-02
3.245000000000019469e+01, 1.500750784747614808e-02
3.255000000000019611e+01, 1.503752316912396192e-02
3.265000000000019753e+01, 1.506760879598927766e-02
3.275000000000019895e+01, 1.509776500094633413e-02
3.285000000000020037e+01, 1.512799205666002719e-02
3.295000000000020179e+01, 1.515829023560401508e-02
3.305000000000020322e+01, 1.518865981007844028e-02
3.315000000000020464e+01, 1.521910105222729417e-02
3.325000000000020606e+01, 1.524961423405538259e-02
3.335000000000020748e+01, 1.528019962744498958e-02
3.345000000000020890e+01, 1.531085750417214911e-02
3.355000000000021032e+01, 1.534158813592263922e-02
3.365000000000021174e+01, 1.537239179430761188e-02
3.375000000000021316e+01, 1.540326875087890193e-02
3.385000000000021458e+01, 1.543421927714410356e-02
3.395000000000021600e+01, 1.546524364458124953e-02
3.405000000000021743e+01, 1.549634212465327357e-02
3.415000000000021885e+01, 1.552751498882216918e-02
3.425000000000022027e+01, 1.555876250856289000e-02
3.435000000000022169e+01, 1.559008495537694133e-02
3.445000000000022311e+01, 1.562148260080577222e-02
3.455000000000022453e+01, 1.565295571644388303e-02
3.465000000000022595e+01, 1.568450457395167280e-02
3.475000000000022737e+01, 1.571612944506810272e-02
3.485000000000022879e+01, 1.574783060162306819e-02
3.495000000000023022e+01, 1.577960831554958351e-02
3.505000000000023164e+01, 1.581146285889573413e-02
3.515000000000023306e+01, 1.584339450383641379e-02
3.525000000000023448e+01, 1.587540352268485694e-02
3.535000000000023590e+01, 1.590749018790396652e-02
3.545000000000023732e+01, 1.593965477211741963e-02
3.555000000000023874e+01, 1.597189754812066917e-02
3.565000000000024016e+01, 1.600421878889161584e-02
3.575000000000024158e+01, 1.603661876760122465e-02
3.585000000000024301e+01, 1.606909775762388817e-02
3.595000000000024443e+01, 1.610165603254766833e-02
3.605000000000024585e+01, 1.613429386618430925e-02
3.615000000000024727e+01, 1.616701153257913900e-02
3.625000000000024869e+01, 1.619980930602076680e-02
3.635000000000025011e+01, 1.623268746105067245e-02
3.645000000000025153e+01, 1.626564627247259823e-02
3.655000000000025295e+01, 1.629868601536180531e-02
3.665000000000025437e+01, 1.633180696507418803e-02
3.675000000000025580e+01, 1.636500939725526321e-02
3.685000000000025722e+01, 1.639829358784897217e-02
3.695000000000025864e+01, 1.643165981310640289e-02
3.705000000000026006e+01, 1.646510834959433872e-02
3.715000000000026148e+01, 1.649863947420371693e-02
3.725000000000026290e+01, 1.653225346415790331e-02
3.735000000000026432e+01, 1.656595059702092171e-02
3.745000000000026574e+01, 1.659973115070548927e-02
3.755000000000026716e+01, 1.663359540348097881e-02
3.765000000000026859e+01, 1.666754363398127020e-02
3.775000000000027001e+01, 1.670157612121244903e-02
3.785000000000027143e+01, 1.673569314456043941e-02
3.795000000000027285e+01, 1.676989498379851881e-02
3.805000000000027427e+01, 1.680418191909471490e-02
3.815000000000027569e+01, 1.683855423101911220e-02
3.825000000000027711e+01, 1.687301220055104772e-02
3.835000000000027853e+01, 1.690755610908625112e-02
3.845000000000027995e+01, 1.694218623844383903e-02
3.855000000000028137e+01, 1.697690287087321587e-02
3.865000000000028280e+01, 1.701170628906095023e-02
3.875000000000028422e+01, 1.704659677613748134e-02
3.885000000000028564e+01, 1.708157461568380123e-02
3.895000000000028706e+01, 1.711664009173801543e-02
3.905000000000028848e+01, 1.715179348880183086e-02
3.915000000000028990e+01, 1.718703509184697428e-02
3.925000000000029132e+01, 1.722236518632152755e-02
3.935000000000029274e+01, 1.725778405815615521e-02
3.945000000000029416e+01, 1.729329199377032875e-02
3.955000000000029559e+01, 1.732888928007837726e-02
3.965000000000029701e+01, 1.736457620449556941e-02
3.975000000000029843e+01, 1.740035305494405313e-02
3.985000000000029985e+01, 1.743622011985873979e-02
3.995000000000030127e+01, 1.747217768819315717e-02
4.005000000000030269e+01, 1.750822604942518443e-02
4.015000000000030411e+01, 1.754436549356276978e-02
4.025000000000030553e+01, 1.758059631114954405e-02
4.035000000000030695e+01, 1.761691879327039606e-02
4.045000000000030838e+01, 1.765333323155699602e-02
4.055000000000030980e+01, 1.768983991819322518e-02
4.065000000000031122e+01, 1.772643914592058820e-02
4.075000000000031264e+01, 1.776313120804354911e-02
4.085000000000031406e+01, 1.779991639843478413e-02
4.095000000000031548e+01, 1.783679501154044472e-02
4.105000000000031690e+01, 1.787376734238530288e-02
4.115000000000031832e+01, 1.791083368657789623e-02
4.125000000000031974e+01, 1.794799434031557270e-02
4.135000000000032117e+01, 1.798524960038952458e-02
4.145000000000032259e+01, 1.802259976418974993e-02
4.155000000000032401e+01, 1.806004512970999995e-02
4.165000000000032543e+01, 1.809758599555261888e-02
4.175000000000032685e+01, 1.813522266093340121e-02
4.185000000000032827e+01, 1.817295542568635527e-02
4.195000000000032969e+01, 1.821078459026846674e-02
4.205000000000033111e+01, 1.824871045576436507e-02
4.215000000000033253e+01, 1.828673332389101069e-02
4.225000000000033396e+01, 1.832485349700227473e-02
4.235000000000033538e+01, 1.836307127809354289e-02
4.245000000000033680e+01, 1.840138697080621888e-02
4.255000000000033822e+01, 1.843980087943222768e-02
4.265000000000033964e+01, 1.847831330891847035e-02
4.275000000000034106e+01, 1.851692456487124758e-02
4.285000000000034248e+01, 1.855563495356062423e-02
4.295000000000034390e+01, 1.859444478192476616e-02
4.305000000000034532e+01, 1.863335435757427702e-02
4.315000000000034674e+01, 1.867236398879643447e-02
4.325000000000034817e+01, 1.871147398455945757e-02
4.335000000000034959e+01, 1.875068465451668054e-02
4.345000000000035101e+01, 1.878999630901075080e-02
4.355000000000035243e+01, 1.882940925907775759e-02
4.365000000000035385e+01, 1.886892381645132594e-02
4.375000000000035527e+01, 1.890854029356671059e-02
4.385000000000035669e+01, 1.894825900356483100e-02
4.395000000000035811e+01, 1.898808026029628546e-02
4.405000000000035953e+01, 1.902800437832533401e-02
4.415000000000036096e+01, 1.906803167293386406e-02
4.425000000000036238e+01, 1.910816246012530042e-02
4.435000000000036380e+01, 1.914839705662852234e-02
4.445000000000036522e+01, 1.918873577990171803e-02
4.455000000000036664e+01, 1.922917894813625309e-02
4.465000000000036806e+01, 1.926972688026045571e-02
4.475000000000036948e+01, 1.931037989594343654e-02
4.485000000000037090e+01, 1.935113831559883910e-02
4.495000000000037232e+01, 1.939200246038857989e-02
4.505000000000037375e+01, 1.943297265222658499e-02
4.515000000000037517e+01, 1.947404921378244683e-02
4.525000000000037659e+01, 1.951523246848512264e-02
4.535000000000037801e+01, 1.955652274052656001e-02
4.545000000000037943e+01, 1.959792035486533635e-02
4.555000000000038085e+01, 1.963942563723022200e-02
4.565000000000038227e+01, 1.968103891412379888e-02
4.575000000000038369e+01, 1.972276051282598544e-02
4.585000000000038511e+01, 1.976459076139757201e-02
4.595000000000038654e+01, 1.980652998868372497e-02
4.605000000000038796e+01, 1.984857852431750475e-02
4.615000000000038938e+01, 1.989073669872330752e-02
4.625000000000039080e+01, 1.993300484312031037e-02
4.635000000000039222e+01, 1.997538328952591299e-02
4.645000000000039364e+01, 2.001787237075915160e-02
4.655000000000039506e+01, 2.006047242044405043e-02
4.665000000000039648e+01, 2.010318377301303916e-02
4.675000000000039790e+01, 2.014600676371027660e-02
4.685000000000039933e+01, 2.018894172859497793e-02
4.695000000000040075e+01, 2.023198900454473842e-02
4.705000000000040217e+01, 2.027514892925882939e-02
4.715000000000040359e+01, 2.031842184126146644e-02
4.725000000000040501e+01, 2.036180807990506728e-02
4.735000000000040643e+01, 2.040530798537352336e-02
4.745000000000040785e+01, 2.044892189868537102e-02
4.755000000000040927e+01, 2.049265016169704232e-02
4.765000000000041069e+01, 2.053649311710604650e-02
4.775000000000041211e+01, 2.058045110845412723e-02
4.785000000000041354e+01, 2.062452448013045794e-02
4.795000000000041496e+01, 2.066871357737473658e-02
4.805000000000041638e+01, 2.071301874628035666e-02
4.815000000000041780e+01, 2.075744033379746389e-02
4.825000000000041922e+01, 2.080197868773611680e-02
4.835000000000042064e+01, 2.084663415676931558e-02
4.845000000000042206e+01, 2.089140709043610031e-02
4.855000000000042348e+01, 2.093629783914455547e-02
4.865000000000042490e+01, 2.098130675417490820e-02
4.875000000000042633e+01, 2.102643418768249117e-02
4.885000000000042775e+01, 2.107168049270078530e-02
4.895000000000042917e+01, 2.111704602314438961e-02
4.905000000000043059e+01, 2.116253113381200493e-02
4.915000000000043201e+01, 2.120813618038940376e-02
4.925000000000043343e+01, 2.125386151945237237e-02
4.935000000000043485e+01, 2.129970750846964245e-02
4.945000000000043627e+01, 2.134567450580582976e-02
4.955000000000043769e+01, 2.139176287072432070e-02
4.965000000000043912e+01, 2.143797296339019359e-02
4.975000000000044054e+01, 2.148430514487308096e-02
4.985000000000044196e+01, 2.153075977715003184e-02
4.995000000000044338e+01, 2.157733722310838445e-02
5.005000000000044480e+01, 2.162403784654862160e-02
5.015000000000044622e+01, 2.167086201218715313e-02
5.025000000000044764e+01, 2.171781008565920601e-02
5.035000000000044906e+01, 2.176488243352154434e-02
5.045000000000045048e+01, 2.181207942325532820e-02
5.055000000000045191e+01, 2.185940142326888574e-02
5.065000000000045333e+01, 2.190684880290043324e-02
5.075000000000045475e+01, 2.195442193242088530e-02
5.085000000000045617e+01, 2.200212118303658537e-02
5.095000000000045759e+01, 2.204994692689200841e-02
5.105000000000045901e+01, 2.209789953707252258e-02
5.115000000000046043e+01, 2.214597938760706416e-02
5.125000000000046185e+01, 2.219418685347085418e-02
5.135000000000046327e+01, 2.224252231058808371e-02
5.145000000000046469e+01, 2.229098613583454375e-02
5.155000000000046612e+01, 2.233957870704037993e-02
5.165000000000046754e+01, 2.238830040299262872e-02
5.175000000000046896e+01, 2.243715160343795478e-02
5.185000000000047038e+01, 2.248613268908518717e-02
5.195000000000047180e+01, 2.253524404160801506e-02
5.205000000000047322e+01, 2.258448604364755863e-02
5.215000000000047464e+01, 2.263385907881493991e-02
5.225000000000047606e+01, 2.268336353169391612e-02
5.235000000000047748e+01, 2.273299978784337760e-02
5.245000000000047891e+01, 2.278276823380000204e-02
5.255000000000048033e+01, 2.283266925708070383e-02
5.265000000000048175e+01, 2.288270324618523269e-02
5.275000000000048317e+01, 2.293287059059869598e-02
5.285000000000048459e+01, 2.298317168079406017e-02
5.295000000000048601e+01, 2.303360690823463494e-02
5.305000000000048743e+01, 2.308417666537661631e-02
5.315000000000048885e+01, 2.313488134567151522e-02
5.325000000000049027e+01, 2.318572134356867293e-02
5.335000000000049170e+01, 2.323669705451769651e-02
5.345000000000049312e+01, 2.328780887497090835e-02
5.355000000000049454e+01, 2.333905720238578507e-02
5.365000000000049596e+01, 2.339044243522742442e-02
5.375000000000049738e+01, 2.344196497297088358e-02
5.385000000000049880e+01, 2.349362521610365989e-02
5.395000000000050022e+01, 2.354542356612803269e-02
5.405000000000050164e+01, 2.359736042556349889e-02
5.415000000000050306e+01, 2.364943619794908358e-02
5.425000000000050449e+01, 2.370165128784577219e-02
5.435000000000050591e+01, 2.375400610083880718e-02
5.445000000000050733e+01, 2.380650104354004384e-02
5.455000000000050875e+01, 2.385913652359029566e-02
5.465000000000051017e+01, 2.391191294966164144e-02
5.475000000000051159e+01, 2.396483073145972559e-02
5.485000000000051301e+01, 2.401789027972608265e-02
5.495000000000051443e+01, 2.407109200624039935e-02
5.505000000000051585e+01, 2.412443632382278019e-02
5.515000000000051728e+01, 2.417792364633605806e-02
5.525000000000051870e+01, 2.423155438868798695e-02
5.535000000000052012e+01, 2.428532896683353870e-02
5.545000000000052154e+01, 2.433924779777710962e-02
5.555000000000052296e+01, 2.439331129957472699e-02
5.565000000000052438e+01, 2.444751989133631120e-02
5.575000000000052580e+01, 2.450187399322779555e-02
5.585000000000052722e+01, 2.455637402647339873e-02
5.595000000000052864e+01, 2.461102041335772039e-02
5.605000000000053006e+01, 2.466581357722798240e-02
5.615000000000053149e+01, 2.472075394249612090e-02
5.625000000000053291e+01, 2.477584193464095128e-02
5.635000000000053433e+01, 2.483107798021031223e-02
5.645000000000053575e+01, 2.488646250682319261e-02
5.655000000000053717e+01, 2.494199594317179566e-02
5.665000000000053859e+01, 2.499767871902367974e-02
5.675000000000054001e+01, 2.505351126522383648e-02
5.685000000000054143e+01, 2.510949401369673775e-02
5.695000000000054285e+01, 2.516562739744842431e-02
5.705000000000054428e+01, 2.522191185056857007e-02
5.715000000000054570e+01, 2.527834780823249097e-02
5.725000000000054712e+01, 2.533493570670319189e-02
5.735000000000054854e+01, 2.539167598333336509e-02
5.745000000000054996e+01, 2.544856907656740941e-02
5.755000000000055138e+01, 2.550561542594344602e-02
5.765000000000055280e+01, 2.556281547209524052e-02
5.775000000000055422e+01, 2.562016965675423252e-02
5.785000000000055564e+01, 2.567767842275145776e-02
5.795000000000055707e+01, 2.573534221401949790e-02
5.805000000000055849e+01, 2.579316147559441996e-02
5.815000000000055991e+01, 2.585113665361768454e-02
5.825000000000056133e+01, 2.590926819533808517e-02
5.835000000000056275e+01, 2.596755654911361150e-02
5.845000000000056417e+01, 2.602600216441335393e-02
5.855000000000056559e+01, 2.608460549181935290e-02
5.865000000000056701e+01, 2.614336698302847234e-02
5.875000000000056843e+01, 2.620228709085425239e-02
5.885000000000056986e+01, 2.626136626922874473e-02
5.895000000000057128e+01, 2.632060497320430625e-02
5.905000000000057270e+01, 2.638000365895544833e-02
5.915000000000057412e+01, 2.643956278378057842e-02
5.925000000000057554e+01, 2.649928280610383546e-02
5.935000000000057696e+01, 2.655916418547682456e-02
5.945000000000057838e+01, 2.661920736777408786e-02
5.955000000000057980e+01, 2.667941234799343919e-02
5.965000000000058122e+01, 2.673977920314844769e-02
5.975000000000058265e+01, 2.680030801707694935e-02
5.985000000000058407e+01, 2.686099887283148815e-02
5.995000000000058549e+01, 2.692185185267003539e-02
6.005000000000058691e+01, 2.698286703804662207e-02
6.015000000000058833e+01, 2.704404450960202350e-02
6.025000000000058975e+01, 2.710538434715432585e-02
6.035000000000059117e+01, 2.716688662968953089e-02
6.045000000000059259e+01, 2.722855143535208092e-02
6.055000000000059401e+01, 2.729037884143541842e-02
6.065000000000059543e+01, 2.735236892437240691e-02
6.075000000000059686e+01, 2.741452175972585587e-02
6.085000000000059828e+01, 2.747683742217891384e-02
6.095000000000059970e+01, 2.753931598552545115e-02
6.105000000000060112e+01, 2.760195757709713038e-02
6.115000000000060254e+01, 2.766476258388989376e-02
6.125000000000060396e+01, 2.772773145469849959e-02
6.135000000000060538e+01, 2.779086463929662104e-02
6.145000000000060680e+01, 2.785416258843808474e-02
6.155000000000060822e+01, 2.791762575385805384e-02
6.165000000000060965e+01, 2.798125458827416950e-02
6.175000000000061107e+01, 2.804504954538775477e-02
6.185000000000061249e+01, 2.810901107988491091e-02
6.195000000000061391e+01, 2.817313964743769356e-02
6.205000000000061533e+01, 2.823743570470514663e-02
6.215000000000061675e+01, 2.830189970933445417e-02
6.225000000000061817e+01, 2.836653211996198118e-02
6.235000000000061959e+01, 2.843133339621433178e-02
6.245000000000062101e+01, 2.849630399870940051e-02
6.255000000000062244e+01, 2.856144438905736799e-02
6.265000000000062386e+01, 2.862675502986173487e-02
6.275000000000062528e+01, 2.869223638472028631e-02
6.285000000000062670e+01, 2.875788891822605650e-02
6.295000000000062812e+01, 2.882371309596830355e-02
6.305000000000062954e+01, 2.888970938453342199e-02
6.315000000000063096e+01, 2.895587825150586561e-02
6.325000000000063238e+01, 2.902222016546904954e-02
6.335000000000063380e+01, 2.908873559600623840e-02
6.345000000000063523e+01, 2.915542501370139289e-02
6.355000000000063665e+01, 2.922228889014000588e-02
6.365000000000063807e+01, 2.928932769790999063e-02
6.375000000000063949e+01, 2.935654191060238158e-02
6.385000000000064091e+01, 2.942393200281224336e-02
6.395000000000064233e+01, 2.949149845013938204e-02
6.405000000000063665e+01, 2.955924172918907022e-02
6.415000000000063096e+01, 2.962716231757287974e-02
6.425000000000062528e+01, 2.969526069390930959e-02
6.435000000000061959e+01, 2.976353733782452146e-02
6.445000000000061391e+01, 2.983199272995303020e-02
6.455000000000060822e+01, 2.990062735193835253e-02
6.465000000000060254e+01, 2.996944168643366282e-02
6.475000000000059686e+01, 3.003843621710238637e-02
6.485000000000059117e+01, 3.010761142861886550e-02
6.495000000000058549e+01, 3.017696780666889733e-02
6.505000000000057980e+01, 3.024650583795031669e-02
6.515000000000057412e+01, 3.031622601017354771e-02
6.525000000000056843e+01, 3.038612881206214852e-02
6.535000000000056275e+01, 3.045621473335329010e-02
6.545000000000055707e+01, 3.052648426479829397e-02
6.555000000000055138e+01, 3.059693789816305201e-02
6.565000000000054570e+01, 3.066757612622853305e-02
6.575000000000054001e+01, 3.073839944279116790e-02
6.585000000000053433e+01, 3.080940834266330738e-02
6.595000000000052864e+01, 3.088060332167356925e-02
6.605000000000052296e+01, 3.095198487666724757e-02
6.615000000000051728e+01, 3.102355350550669438e-02
6.625000000000051159e+01, 3.109530970707155562e-02
6.635000000000050591e+01, 3.116725398125919089e-02
6.645000000000050022e+01, 3.123938682898490249e-02
6.655000000000049454e+01, 3.131170875218225458e-02
6.665000000000048885e+01, 3.138422025380327440e-02
6.675000000000048317e+01, 3.145692183781872986e-02
6.685000000000047748e+01, 3.152981400921830990e-02
6.695000000000047180e+01, 3.160289727401086046e-02
6.705000000000046612e+01, 3.167617213922448161e-02
6.715000000000046043e+01, 3.174963911290675650e-02
6.725000000000045475e+01, 3.182329870412482081e-02
6.735000000000044906e+01, 3.189715142296550149e-02
6.745000000000044338e+01, 3.197119778053538613e-02
6.755000000000043769e+01, 3.204543828896092017e-02
6.765000000000043201e+01, 3.211987346138837907e-02
6.775000000000042633e+01, 3.219450381198398631e-02
6.785000000000042064e+01, 3.226932985593382319e-02
6.795000000000041496e+01, 3.234435210944387740e-02
6.805000000000040927e+01, 3.241957108973995277e-02
6.815000000000040359e+01, 3.249498731506762772e-02
6.825000000000039790e+01, 3.257060130469213721e-02
6.835000000000039222e+01, 3.264641357889833811e-02
6.845000000000038654e+01, 3.272242465899045938e-02
6.855000000000038085e+01, 3.279863506729206735e-02
6.865000000000037517e+01, 3.287504532714580208e-02
6.875000000000036948e+01, 3.295165596291321775e-02
6.885000000000036380e+01, 3.302846749997456061e-02
6.895000000000035811e+01, 3.310548046472850531e-02
6.905000000000035243e+01, 3.318269538459191204e-02
6.915000000000034674e+01, 3.326011278799949344e-02
6.925000000000034106e+01, 3.333773320440355792e-02
6.935000000000033538e+01, 3.341555716427362793e-02
6.945000000000032969e+01, 3.349358519909607923e-02
6.955000000000032401e+01, 3.357181784137379388e-02
6.965000000000031832e+01, 3.365025562462570924e-02
6.975000000000031264e+01, 3.372889908338641551e-02
6.985000000000030695e+01, 3.380774875320567696e-02
6.995000000000030127e+01, 3.388680517064796005e-02
7.005000000000029559e+01, 3.396606887329196856e-02
7.015000000000028990e+01, 3.404554039973002599e-02
7.025000000000028422e+01, 3.412522028956763154e-02
7.035000000000027853e+01, 3.420510908342278000e-02
7.045000000000027285e+01, 3.428520732292544143e-02
7.055000000000026716e+01, 3.436551555071687414e-02
7.065000000000026148e+01, 3.444603431044905573e-02
7.075000000000025580e+01, 3.452676414678389205e-02
7.085000000000025011e+01, 3.460770560539262047e-02
7.095000000000024443e+01, 3.468885923295501189e-02
7.105000000000023874e+01, 3.477022557715869072e-02
7.115000000000023306e+01, 3.485180518669825367e-02
7.125000000000022737e+01, 3.493359861127459665e-02
7.135000000000022169e+01, 3.501560640159398496e-02
7.145000000000021600e+01, 3.509782910936722761e-02
7.155000000000021032e+01, 3.518026728730884456e-02
7.165000000000020464e+01, 3.526292148913609537e-02
7.175000000000019895e+01, 3.534579226956806319e-02
7.185000000000019327e+01, 3.542888018432473196e-02
7.195000000000018758e+01, 3.551218579012599408e-02
7.205000000000018190e+01, 3.559570964469059573e-02
7.215000000000017621e+01, 3.567945230673513768e-02
7.225000000000017053e+01, 3.576341433597300667e-02
7.235000000000016485e+01, 3.584759629311327911e-02
7.245000000000015916e+01, 3.593199873985961079e-02
7.255000000000015348e+01, 3.601662223890909897e-02
7.265000000000014779e+01, 3.610146735395104722e-02
7.275000000000014211e+01, 3.618653464966588296e-02
7.285000000000013642e+01, 3.627182469172381823e-02
7.295000000000013074e+01, 3.635733804678367015e-02
7.305000000000012506e+01, 3.644307528249154243e-02
7.315000000000011937e+01, 3.652903696747951401e-02
7.325000000000011369e+01, 3.661522367136433448e-02
7.335000000000010800e+01, 3.670163596474600165e-02
7.345000000000010232e+01, 3.678827441920642927e-02
7.355000000000009663e+01, 3.687513960730800372e-02
7.365000000000009095e+01, 3.696223210259209913e-02
7.375000000000008527e+01, 3.704955247957762710e-02
7.385000000000007958e+01, 3.713710131375953100e-02
7.395000000000007390e+01, 3.722487918160725939e-02
7.405000000000006821e+01, 3.731288666056317010e-02
7.415000000000006253e+01, 3.740112432904095507e-02
7.425000000000005684e+01, 3.748959276642399585e-02
7.435000000000005116e+01, 3.757829255306374683e-02
7.445000000000004547e+01, 3.766722427027802828e-02
7.455000000000003979e+01, 3.775638850034929855e-02
7.465000000000003411e+01, 3.784578582652294715e-02
7.475000000000002842e+01, 3.793541683300549056e-02
7.485000000000002274e+01, 3.802528210496279593e-02
7.495000000000001705e+01, 3.811538222851823532e-02
7.505000000000001137e+01, 3.820571779075083302e-02
7.515000000000000568e+01, 3.829628937969334346e-02
7.525000000000000000e+01, 3.838709758433037772e-02
7.534999999999999432e+01, 3.847814299459639820e-02
7.544999999999998863e+01, 3.856942620137378958e-02
7.554999999999998295e+01, 3.866094779649076330e-02
7.564999999999997726e+01, 3.875270837271942159e-02
7.574999999999997158e+01, 3.884470852377356481e-02
7.584999999999996589e+01, 3.893694884430669301e-02
7.594999999999996021e+01, 3.902942992990975080e-02
7.604999999999995453e+01, 3.912215237710906651e-02
7.614999999999994884e+01, 3.921511678336406931e-02
7.624999999999994316e+01, 3.930832374706510340e-02
7.634999999999993747e+01, 3.940177386753115213e-02
7.644999999999993179e+01, 3.949546774500747870e-02
7.654999999999992610e+01, 3.958940598066341271e-02
7.664999999999992042e+01, 3.968358917658990070e-02
7.674999999999991473e+01, 3.977801793579712614e-02
7.684999999999990905e+01, 3.987269286221209463e-02
7.694999999999990337e+01, 3.996761456067617069e-02
7.704999999999989768e+01, 4.006278363694260047e-02
7.714999999999989200e+01, 4.015820069767395140e-02
7.724999999999988631e+01, 4.025386635043957939e-02
7.734999999999988063e+01, 4.034978120371304766e-02
7.744999999999987494e+01, 4.044594586686946908e-02
7.754999999999986926e+01, 4.054236095018287633e-02
7.764999999999986358e+01, 4.063902706482351579e-02
7.774999999999985789e+01, 4.073594482285514129e-02
7.784999999999985221e+01, 4.083311483723224555e-02
7.794999999999984652e+01, 4.093053772179724992e-02
7.804999999999984084e+01, 4.102821409127771490e-02
7.814999999999983515e+01, 4.112614456128343976e-02
7.824999999999982947e+01, 4.122432974830365221e-02
7.834999999999982379e+01, 4.132277026970393452e-02
7.844999999999981810e+01, 4.142146674372339243e-02
7.854999999999981242e+01, 4.152041978947162981e-02
7.864999999999980673e+01, 4.161963002692566083e-02
7.874999999999980105e+01, 4.171909807692691236e-02
7.884999999999979536e+01, 4.181882456117806679e-02
7.894999999999978968e+01, 4.191881010223999504e-02
7.904999999999978400e+01, 4.201905532352850914e-02
7.914999999999977831e+01, 4.211956084931121197e-02
7.924999999999977263e+01, 4.222032730470423600e-02
7.934999999999976694e+01, 4.232135531566894038e-02
7.944999999999976126e+01, 4.242264550900869124e-02
7.954999999999975557e+01, 4.252419851236538539e-02
7.964999999999974989e+01, 4.262601495421614733e-02
7.974999999999974420e+01, 4.272809546386990842e-02
7.984999999999973852e+01, 4.283044067146395129e-02
7.994999999999973284e+01, 4.293305120796037794e-02
8.004999999999972715e+01, 4.303592770514259869e-02
8.014999999999972147e+01, 4.313907079561185576e-02
8.024999999999971578e+01, 4.324248111278344853e-02
8.034999999999971010e+01, 4.334615929088329878e-02
8.044999999999970441e+01, 4.345010596494408572e-02
8.054999999999969873e+01, 4.355432177080168638e-02
8.064999999999969305e+01, 4.365880734509135913e-02
8.074999999999968736e+01, 4.376356332524396209e-02
8.084999999999968168e+01, 4.386859034948217134e-02
8.094999999999967599e+01, 4.397388905681656746e-02
8.104999999999967031e+01, 4.407946008704180518e-02
8.114999999999966462e+01, 4.418530408073260279e-02
8.124999999999965894e+01, 4.429142167923988405e-02
8.134999999999965326e+01, 4.439781352468664954e-02
8.144999999999964757e+01, 4.450448025996401463e-02
8.154999999999964189e+01, 4.461142252872709463e-02
8.164999999999963620e+01, 4.471864097539093169e-02
8.174999999999963052e+01, 4.482613624512624129e-02
8.184999999999962483e+01, 4.493390898385533905e-02
8.194999999999961915e+01, 4.504195983824779703e-02
8.204999999999961346e+01, 4.515028945571625263e-02
8.214999999999960778e+01, 4.525889848441205787e-02
8.224999999999960210e+01, 4.536778757322096345e-02
8.234999999999959641e+01, 4.547695737175865699e-02
8.244999999999959073e+01, 4.558640853036644708e-02
8.254999999999958504e+01, 4.569614170010673215e-02
8.264999999999957936e+01, 4.580615753275849023e-02
8.274999999999957367e+01, 4.591645668081279635e-02
8.284999999999956799e+01, 4.602703979746817359e-02
8.294999999999956231e+01, 4.613790753662603411e-02
8.304999999999955662e+01, 4.624906055288597467e-02
8.314999999999955094e+01, 4.636049950154112059e-02
8.324999999999954525e+01, 4.647222503857335874e-02
8.334999999999953957e+01, 4.658423782064859825e-02
8.344999999999953388e+01, 4.669653850511186477e-02
8.354999999999952820e+01, 4.680912774998261666e-02
8.364999999999952252e+01, 4.692200621394966575e-02
8.374999999999951683e+01, 4.703517455636636868e-02
8.384999999999951115e+01, 4.714863343724558231e-02
8.394999999999950546e+01, 4.726238351725474407e-02
8.404999999999949978e+01, 4.737642545771070246e-02
8.414999999999949409e+01, 4.749075992057465861e-02
8.424999999999948841e+01, 4.760538756844719110e-02
8.434999999999948272e+01, 4.772030906456278115e-02
8.444999999999947704e+01, 4.783552507278487909e-02
8.454999999999947136e+01, 4.795103625760052668e-02
8.464999999999946567e+01, 4.806684328411504892e-02
8.474999999999945999e+01, 4.818294681804681512e-02
8.484999999999945430e+01, 4.829934752572172946e-02
8.494999999999944862e+01, 4.841604607406796434e-02
8.504999999999944293e+01, 4.853304313061039543e-02
8.514999999999943725e+01, 4.865033936346516152e-02
8.524999999999943157e+01, 4.876793544133413427e-02
8.534999999999942588e+01, 4.888583203349930462e-02
8.544999999999942020e+01, 4.900402980981721779e-02
8.554999999999941451e+01, 4.912252944071322791e-02
8.564999999999940883e+01, 4.924133159717591912e-02
8.574999999999940314e+01, 4.936043746729217030e-02
8.584999999999939746e+01, 4.947984866323591746e-02
8.594999999999939178e+01, 4.959956664689638139e-02
8.604999999999938609e+01, 4.971959288544720162e-02
8.614999999999938041e+01, 4.983992885135780232e-02
8.624999999999937472e+01, 4.996057602240469575e-02
8.634999999999936904e+01, 5.008153588168258452e-02
8.644999999999936335e+01, 5.020280991761574135e-02
8.654999999999935767e+01, 5.032439962396896560e-02
8.664999999999935199e+01, 5.044630649985869242e-02
8.674999999999934630e+01, 5.056853204976403254e-02
8.684999999999934062e+01, 5.069107778353768023e-02
8.694999999999933493e+01, 5.081394521641688367e-02
8.704999999999932925e+01, 5.093713586903422103e-02
8.714999999999932356e+01, 5.106065126742844601e-02
8.724999999999931788e+01, 5.118449289195089319e-02
8.734999999999931219e+01, 5.130866190643972036e-02
8.744999999999930651e+01, 5.143315907019787442e-02
8.754999999999930083e+01, 5.155798514325528326e-02
8.764999999999929514e+01, 5.168314088636209724e-02
8.774999999999928946e+01, 5.180862706098194465e-02
8.784999999999928377e+01, 5.193444442928500659e-02
8.794999999999927809e+01, 5.206059375414118229e-02
8.804999999999927240e+01, 5.218707579911306682e-02
8.814999999999926672e+01, 5.231389132844901230e-02
8.824999999999926104e+01, 5.244104110707603628e-02
8.834999999999925535e+01, 5.256852590059270941e-02
8.844999999999924967e+01, 5.269634647526195981e-02
8.854999999999924398e+01, 5.282450359800390516e-02
8.864999999999923830e+01, 5.295299803638858771e-02
8.874999999999923261e+01, 5.308183055862861210e-02
8.884999999999922693e+01, 5.321100193357180402e-02
8.894999999999922125e+01, 5.334051293069377864e-02
8.904999999999921556e+01, 5.347036432009045354e-02
8.914999999999920988e+01, 5.360055687247053391e-02
8.924999999999920419e+01, 5.373109135914787282e-02
8.934999999999919851e+01, 5.386196855203393558e-02
8.944999999999919282e+01, 5.399318922363000040e-02
8.954999999999918714e+01, 5.412475414701953258e-02
8.964999999999918145e+01, 5.425666409586024641e-02
8.974999999999917577e+01, 5.438891984437640298e-02
8.984999999999917009e+01, 5.452152216735081658e-02
8.994999999999916440e+01, 5.465447184011690274e-02
9.004999999999915872e+01, 5.478776963855072624e-02
9.014999999999915303e+01, 5.492141633906286180e-02
9.024999999999914735e+01, 5.505541271859037966e-02
9.034999999999914166e+01, 5.518975955458859523e-02
9.044999999999913598e+01, 5.532445762502288811e-02
9.054999999999913030e+01, 5.545950770836040322e-02
9.064999999999912461e+01, 5.559491058356174492e-02
9.074999999999911893e+01, 5.573066703007259481e-02
9.084999999999911324e+01, 5.586677782781526713e-02
9.094999999999910756e+01, 5.600324375718026410e-02
9.104999999999910187e+01, 5.614006559901765087e-02
9.114999999999909619e+01, 5.627724413462850683e-02
9.124999999999909051e+01, 5.641478014575636302e-02
9.134999999999908482e+01, 5.655267441457834804e-02
9.144999999999907914e+01, 5.669092772369653532e-02
9.154999999999907345e+01, 5.682954085612910988e-02
9.164999999999906777e+01, 5.696851459530153511e-02
9.174999999999906208e+01, 5.710784972503757384e-02
9.184999999999905640e+01, 5.724754702955039271e-02
9.194999999999905071e+01, 5.738760729343347911e-02
9.204999999999904503e+01, 5.752803130165164147e-02
9.214999999999903935e+01, 5.766881983953182911e-02
9.224999999999903366e+01, 5.780997369275394510e-02
9.234999999999902798e+01, 5.795149364734166614e-02
9.244999999999902229e+01, 5.809338048965309587e-02
9.254999999999901661e+01, 5.823563500637147367e-02
9.264999999999901092e+01, 5.837825798449569614e-02
9.274999999999900524e+01, 5.852125021133108146e-02
9.284999999999899956e+01, 5.866461247447955774e-02
9.294999999999899387e+01, 5.880834556183041351e-02
9.304999999999898819e+01, 5.895245026155049306e-02
9.314999999999898250e+01, 5.909692736207459995e-02
9.324999999999897682e+01, 5.924177765209581725e-02
9.334999999999897113e+01, 5.938700192055570981e-02
9.344999999999896545e+01, 5.953260095663451962e-02
9.354999999999895977e+01, 5.967857554974129175e-02
9.364999999999895408e+01, 5.982492648950393788e-02
9.374999999999894840e+01, 5.997165456575932058e-02
9.384999999999894271e+01, 6.011876056854313644e-02
9.394999999999893703e+01, 6.026624528807990322e-02
9.404999999999893134e+01, 6.041410951477282215e-02
9.414999999999892566e+01, 6.056235403919357774e-02
9.424999999999891998e+01, 6.071097965207210290e-02
9.434999999999891429e+01, 6.085998714428628165e-02
9.444999999999890861e+01, 6.100937730685165178e-02
9.454999999999890292e+01, 6.115915093091091326e-02
9.464999999999889724e+01, 6.130930880772364477e-02
9.474999999999889155e+01, 6.145985172865565949e-02
9.484999999999888587e+01, 6.161078048516851341e-02
9.494999999999888018e+01, 6.176209586880893748e-02
9.504999999999887450e+01, 6.191379867119811004e-02
9.514999999999886882e+01, 6.206588968402103335e-02
9.524999999999886313e+01, 6.221836969901571590e-02
9.534999999999885745e+01, 6.237123950796244487e-02
9.544999999999885176e+01, 6.252449990267283653e-02
9.554999999999884608e+01, 6.267815167497899076e-02
9.564999999999884039e+01, 6.283219561672255538e-02
9.574999999999883471e+01, 6.298663251974365163e-02
9.584999999999882903e+01, 6.314146317586982748e-02
9.594999999999882334e+01, 6.329668837690502481e-02
9.604999999999881766e+01, 6.345230891461831058e-02
9.614999999999881197e+01, 6.360832558073276077e-02
9.624999999999880629e+01, 6.376473916691413613e-02
9.634999999999880060e+01, 6.392155046475962721e-02
9.644999999999879492e+01, 6.407876026578646078e-02
9.654999999999878924e+01, 6.423636936142043674e-02
9.664999999999878355e+01, 6.439437854298464547e-02
9.674999999999877787e+01, 6.455278860168779664e-02
9.684999999999877218e+01, 6.471160032861268674e-02
9.694999999999876650e+01, 6.487081451470466664e-02
9.704999999999876081e+01, 6.503043195075994265e-02
9.714999999999875513e+01, 6.519045342741387750e-02
9.724999999999874944e+01, 6.535087973512922199e-02
9.734999999999874376e+01, 6.551171166418437442e-02
9.744999999999873808e+01, 6.567295000466150112e-02
9.754999999999873239e+01, 6.583459554643458778e-02
9.764999999999872671e+01, 6.599664907915764323e-02
9.774999999999872102e+01, 6.615911139225252868e-02
9.784999999999871534e+01, 6.632198327489710610e-02
9.794999999999870965e+01, 6.648526551601297019e-02
9.804999999999870397e+01, 6.664895890425349967e-02
9.814999999999869829e+01, 6.681306422799154765e-02
9.824999999999869260e+01, 6.697758227530729858e-02
9.834999999999868692e+01, 6.714251383397597250e-02
9.844999999999868123e+01, 6.730785969145548775e-02
9.854999999999867555e+01, 6.747362063487415129e-02
9.864999999999866986e+01, 6.763979745101822427e-02
9.874999999999866418e+01, 6.780639092631947362e-02
9.884999999999865850e+01, 6.797340184684268205e-02
9.894999999999865281e+01, 6.814083099827314416e-02
9.904999999999864713e+01, 6.830867916590400990e-02
9.914999999999864144e+01, 6.847694713462371130e-02
9.924999999999863576e+01, 6.864563568890330592e-02
9.934999999999863007e+01, 6.881474561278368152e-02
9.944999999999862439e+01, 6.898427768986291342e-02
9.954999999999861870e+01, 6.915423270328335814e-02
9.964999999999861302e+01, 6.932461143571888584e-02
9.974999999999860734e+01, 6.949541466936193235e-02
9.984999999999860165e+01, 6.966664318591060667e-02
9.994999999999859597e+01, 6.983829776655572918e-02
1.000499999999985903e+02, 7.001037919196784198e-02
1.001499999999985846e+02, 7.018288824228403888e-02
1.002499999999985789e+02, 7.035582569709501743e-02
1.003499999999985732e+02, 7.052919233543185340e-02
1.004499999999985675e+02, 7.070298893575285848e-02
1.005499999999985619e+02, 7.087721627593036866e-02
1.006499999999985562e+02, 7.105187513323740767e-02
1.007499999999985505e+02, 7.122696628433457244e-02
1.008499999999985448e+02, 7.140249050525654395e-02
1.009499999999985391e+02, 7.157844857139870898e-02
1.010499999999985334e+02, 7.175484125750385134e-02
1.011499999999985278e+02, 7.193166933764866267e-02
1.012499999999985221e+02, 7.210893358523018382e-02
1.013499999999985164e+02, 7.228663477295239892e-02
1.014499999999985107e+02, 7.246477367281256576e-02
1.015499999999985050e+02, 7.264335105608768495e-02
1.016499999999984993e+02, 7.282236769332083026e-02
1.017499999999984936e+02, 7.300182435430750683e-02
1.018499999999984880e+02, 7.318172180808188432e-02
1.019499999999984823e+02, 7.336206082290316899e-02
1.020499999999984766e+02, 7.354284216624167037e-02
1.021499999999984709e+02, 7.372406660476511775e-02
1.022499999999984652e+02, 7.390573490432472692e-02
1.023499999999984595e+02, 7.408784782994141949e-02
1.024499999999984539e+02, 7.427040614579177857e-02
1.025499999999984482e+02, 7.445341061519421266e-02
1.026499999999984425e+02, 7.463686200059489739e-02
1.027499999999984368e+02, 7.482076106355378675e-02
1.028499999999984311e+02, 7.500510856473065202e-02
1.029499999999984254e+02, 7.518990526387081541e-02
1.030499999999984198e+02, 7.537515191979124451e-02
1.031499999999984141e+02, 7.556084929036629982e-02
1.032499999999984084e+02, 7.574699813251357938e-02
1.033499999999984027e+02, 7.593359920217973569e-02
1.034499999999983970e+02, 7.612065325432625096e-02
1.035499999999983913e+02, 7.630816104291517077e-02
1.036499999999983856e+02, 7.649612332089482380e-02
1.037499999999983800e+02, 7.668454084018545835e-02
1.038499999999983743e+02, 7.687341435166503145e-02
1.039499999999983686e+02, 7.706274460515465108e-02
1.040499999999983629e+02, 7.725253234940436531e-02
1.041499999999983572e+02, 7.744277833207857675e-02
1.042499999999983515e+02, 7.763348329974172068e-02
1.043499999999983459e+02, 7.782464799784372111e-02
1.044499999999983402e+02, 7.801627317070555789e-02
1.045499999999983345e+02, 7.820835956150459789e-02
1.046499999999983288e+02, 7.840090791226017597e-02
1.047499999999983231e+02, 7.859391896381906495e-02
1.048499999999983174e+02, 7.878739345584072351e-02
1.049499999999983118e+02, 7.898133212678273840e-02
1.050499999999983061e+02, 7.917573571388628051e-02
1.051499999999983004e+02, 7.937060495316129727e-02
1.052499999999982947e+02, 7.956594057937191322e-02
1.053499999999982890e+02, 7.976174332602170569e-02
1.054499999999982833e+02, 7.995801392533899432e-02
1.055499999999982776e+02, 8.015475310826206123e-02
1.056499999999982720e+02, 8.035196160442442670e-02
1.057499999999982663e+02, 8.054964014214001378e-02
1.058499999999982606e+02, 8.074778944838839623e-02
1.059499999999982549e+02, 8.094641024879994928e-02
1.060499999999982492e+02, 8.114550326764105592e-02
1.061499999999982435e+02, 8.134506922779916049e-02
1.062499999999982379e+02, 8.154510885076801663e-02
1.063499999999982322e+02, 8.174562285663274086e-02
1.064499999999982265e+02, 8.194661196405483850e-02
1.065499999999982208e+02, 8.214807701899468073e-02
1.066499999999982151e+02, 8.235002153386250523e-02
1.067499999999982094e+02, 8.255244841993839011e-02
1.068499999999982037e+02, 8.275536058029037134e-02
1.069499999999981981e+02, 8.295876092981048500e-02
1.070499999999981924e+02, 8.316265239522827035e-02
1.071499999999981867e+02, 8.336703791512384276e-02
1.072499999999981810e+02, 8.357192043994120245e-02
1.073499999999981753e+02, 8.377730293200072453e-02
1.074499999999981696e+02, 8.398318836551174615e-02
1.075499999999981640e+02, 8.418957972658488997e-02
1.076499999999981583e+02, 8.439648001324405457e-02
1.077499999999981526e+02, 8.460389223543796078e-02
1.078499999999981469e+02, 8.481181941505203103e-02
1.079499999999981412e+02, 8.502026458591929736e-02
1.080499999999981355e+02, 8.522923079383151745e-02
1.081499999999981299e+02, 8.543872075948928668e-02
1.082499999999981242e+02, 8.564873563221903074e-02
1.083499999999981185e+02, 8.585927632102446916e-02
1.084499999999981128e+02, 8.607034373362529300e-02
1.085499999999981071e+02, 8.628193877643780541e-02
1.086499999999981014e+02, 8.649406235455589509e-02
1.087499999999980957e+02, 8.670671537173188503e-02
1.088499999999980901e+02, 8.691989873035731173e-02
1.089499999999980844e+02, 8.713361333144356569e-02
1.090499999999980787e+02, 8.734786007460282331e-02
1.091499999999980730e+02, 8.756263985802845151e-02
1.092499999999980673e+02, 8.777795357847592572e-02
1.093499999999980616e+02, 8.799380213124331773e-02
1.094499999999980560e+02, 8.821018641015174189e-02
1.095499999999980503e+02, 8.842710730752616211e-02
1.096499999999980446e+02, 8.864456571417565767e-02
1.097499999999980389e+02, 8.886256251937399431e-02
1.098499999999980332e+02, 8.908109861084015368e-02
1.099499999999980275e+02, 8.930017487471855753e-02
1.100499999999980218e+02, 8.951979219555966649e-02
1.101499999999980162e+02, 8.973995145630006554e-02
1.102499999999980105e+02, 8.996065353824314603e-02
1.103499999999980048e+02, 9.018189932103901074e-02
1.104499999999979991e+02, 9.040368968266507266e-02
1.105499999999979934e+02, 9.062602549940608487e-02
1.106499999999979877e+02, 9.084890764583450351e-02
1.107499999999979821e+02, 9.107233699479051758e-02
1.108499999999979764e+02, 9.129631441736243969e-02
1.109499999999979707e+02, 9.152084078286656932e-02
1.110499999999979650e+02, 9.174591695882756970e-02
1.111499999999979593e+02, 9.197154381095849762e-02
1.112499999999979536e+02, 9.219772220314079170e-02
1.113499999999979480e+02, 9.242445299740445486e-02
1.114499999999979423e+02, 9.265173705390802872e-02
1.115499999999979366e+02, 9.287957523091860956e-02
1.116499999999979309e+02, 9.310796838479186432e-02
1.117499999999979252e+02, 9.333691736995207433e-02
1.118499999999979195e+02, 9.356642303887202639e-02
1.119499999999979138e+02, 9.379648624205302876e-02
1.120499999999979082e+02, 9.402710782800473288e-02
1.121499999999979025e+02, 9.425828864322534362e-02
1.122499999999978968e+02, 9.449002953218120504e-02
1.123499999999978911e+02, 9.472233133728684418e-02
1.124499999999978854e+02, 9.495519489888497311e-02
1.125499999999978797e+02, 9.518862105522618577e-02
1.126499999999978741e+02, 9.542261064244890456e-02
1.127499999999978684e+02, 9.565716449455927139e-02
1.128499999999978627e+02, 9.589228344341105270e-02
1.129499999999978570e+02, 9.612796831868536396e-02
1.130499999999978513e+02, 9.636421994787049139e-02
1.131499999999978456e+02, 9.660103915624199122e-02
1.132499999999978400e+02, 9.683842676684221995e-02
1.133499999999978343e+02, 9.707638360046032255e-02
1.134499999999978286e+02, 9.731491047561206809e-02
1.135499999999978229e+02, 9.755400820851960197e-02
1.136499999999978172e+02, 9.779367761309132323e-02
1.137499999999978115e+02, 9.803391950090173390e-02
1.138499999999978058e+02, 9.827473468117117750e-02
1.139499999999978002e+02, 9.851612396074579947e-02
1.140499999999977945e+02, 9.875808814407728564e-02
1.141499999999977888e+02, 9.900062803320272553e-02
1.142499999999977831e+02, 9.924374442772450344e-02
1.143499999999977774e+02, 9.948743812479005078e-02
1.144499999999977717e+02, 9.973170991907172322e-02
1.145499999999977661e+02, 9.997656060274681677e-02
1.146499999999977604e+02, 1.002219909654772506e-01
1.147499999999977547e+02, 1.004680017943894998e-01
