0.000000000000000000e+00, 9.149999999999998579e+00
1.000000000000000021e-03, 9.155157306137011730e+00
2.000000000000000042e-03, 9.160308085618973806e+00
3.000000000000000062e-03, 9.165452358781967845e+00
4.000000000000000083e-03, 9.170590145859510045e+00
5.000000000000000104e-03, 9.175721466983263852e+00
6.000000000000000125e-03, 9.180846342183754061e+00
7.000000000000000146e-03, 9.185964791391073803e+00
8.000000000000000167e-03, 9.191076834435584431e+00
9.000000000000001055e-03, 9.196182491048604746e+00
1.000000000000000194e-02, 9.201281780863103776e+00
1.100000000000000283e-02, 9.206374723414377570e+00
1.200000000000000372e-02, 9.211461338140724209e+00
1.300000000000000461e-02, 9.216541644384117049e+00
1.400000000000000550e-02, 9.221615661390861973e+00
1.500000000000000638e-02, 9.226683408312259971e+00
1.600000000000000727e-02, 9.231744904205255509e+00
1.700000000000000816e-02, 9.236800168033081349e+00
1.800000000000000905e-02, 9.241849218665901589e+00
1.900000000000000994e-02, 9.246892074881444046e+00
2.000000000000001082e-02, 9.251928755365629087e+00
2.100000000000001171e-02, 9.256959278713196682e+00
2.200000000000001260e-02, 9.261983663428319247e+00
2.300000000000001349e-02, 9.267001927925216265e+00
2.400000000000001438e-02, 9.272014090528761798e+00
2.500000000000001527e-02, 9.277020169475088451e+00
2.600000000000001615e-02, 9.282020182912182449e+00
2.700000000000001704e-02, 9.287014148900473387e+00
2.800000000000001793e-02, 9.292002085413423984e+00
2.900000000000001882e-02, 9.296984010338109172e+00
3.000000000000001971e-02, 9.301959941475796967e+00
3.100000000000002059e-02, 9.306929896542516900e+00
3.200000000000002148e-02, 9.311893893169624903e+00
3.300000000000002237e-02, 9.316851948904369962e+00
3.400000000000002326e-02, 9.321804081210448345e+00
3.500000000000002415e-02, 9.326750307468556045e+00
3.600000000000002504e-02, 9.331690644976937676e+00
3.700000000000002592e-02, 9.336625110951930040e+00
3.800000000000002681e-02, 9.341553722528498582e+00
3.900000000000002770e-02, 9.346476496760773855e+00
4.000000000000002859e-02, 9.351393450622580872e+00
4.100000000000002948e-02, 9.356304601007961352e+00
4.200000000000003036e-02, 9.361209964731697752e+00
4.300000000000003125e-02, 9.366109558529828405e+00
4.400000000000003214e-02, 9.371003399060157335e+00
4.500000000000003303e-02, 9.375891502902767627e+00
4.600000000000003392e-02, 9.380773886560518804e+00
4.700000000000003481e-02, 9.385650566459549538e+00
4.800000000000003569e-02, 9.390521558949773251e+00
4.900000000000003658e-02, 9.395386880305366617e+00
5.000000000000003747e-02, 9.400246546725259833e+00
1.500000000000000500e-01, 9.885649307560997912e+00
2.500000000000000555e-01, 1.031918404586764026e+01
3.500000000000000888e-01, 1.070974547467601212e+01
4.500000000000000666e-01, 1.106604040468224248e+01
5.500000000000000444e-01, 1.139491734163055092e+01
6.500000000000000222e-01, 1.170122252365582050e+01
7.500000000000000000e-01, 1.198853660310737901e+01
8.499999999999999778e-01, 1.225959470532542106e+01
9.499999999999999556e-01, 1.251512314489762545e+01
1.050000000000000044e+00, 1.275720829708136428e+01
1.150000000000000133e+00, 1.298755842610675337e+01
1.250000000000000222e+00, 1.320755184475592614e+01
1.350000000000000311e+00, 1.341831988258563690e+01
1.450000000000000400e+00, 1.362080476069381163e+01
1.550000000000000488e+00, 1.381580108578052268e+01
1.650000000000000577e+00, 1.400398630660300547e+01
1.750000000000000666e+00, 1.418593004119814616e+01
1.850000000000000755e+00, 1.436157831952269426e+01
1.950000000000000844e+00, 1.453148118120347121e+01
2.050000000000000711e+00, 1.469611406182935909e+01
2.150000000000000799e+00, 1.485589123668640710e+01
2.250000000000000888e+00, 1.501117629689614574e+01
2.350000000000000977e+00, 1.516229042250562919e+01
2.450000000000001066e+00, 1.530951899437082098e+01
2.550000000000001155e+00, 1.545311693570297962e+01
2.650000000000001243e+00, 1.559331306977441400e+01
2.750000000000001332e+00, 1.573031370683253094e+01
2.850000000000001421e+00, 1.586430562074881401e+01
2.950000000000001510e+00, 1.599545853781685523e+01
3.050000000000001599e+00, 1.612392723208427370e+01
3.150000000000001688e+00, 1.624962231314324868e+01
3.250000000000001776e+00, 1.637269378253429863e+01
3.350000000000001865e+00, 1.649328639165956290e+01
3.450000000000001954e+00, 1.661153233675264218e+01
3.550000000000002043e+00, 1.672755273031659584e+01
3.650000000000002132e+00, 1.684145885786888641e+01
3.750000000000002220e+00, 1.695335325711496566e+01
3.850000000000002309e+00, 1.706333064931068222e+01
3.950000000000002398e+00, 1.717147874684819087e+01
4.050000000000002487e+00, 1.727787895660995687e+01
4.150000000000002132e+00, 1.738260699508698437e+01
4.250000000000001776e+00, 1.748573342843267753e+01
4.350000000000001421e+00, 1.758732414835976243e+01
4.450000000000001066e+00, 1.768744079296142502e+01
4.550000000000000711e+00, 1.778614112005585923e+01
4.650000000000000355e+00, 1.788347933944374191e+01
4.750000000000000000e+00, 1.797950640947554390e+01
4.849999999999999645e+00, 1.807427030250688205e+01
4.949999999999999289e+00, 1.816773191682316835e+01
5.049999999999998934e+00, 1.825991842331224646e+01
5.149999999999998579e+00, 1.835087813106499510e+01
5.249999999999998224e+00, 1.844065646536347813e+01
5.349999999999997868e+00, 1.852929620245633657e+01
5.449999999999997513e+00, 1.861683768031829089e+01
5.549999999999997158e+00, 1.870331898833112660e+01
5.649999999999996803e+00, 1.878877613840796812e+01
5.749999999999996447e+00, 1.887324321973342123e+01
5.849999999999996092e+00, 1.895675253899772628e+01
5.949999999999995737e+00, 1.903933474775361745e+01
6.049999999999995381e+00, 1.912101895831274589e+01
6.149999999999995026e+00, 1.920183284941776236e+01
6.249999999999994671e+00, 1.928180276277160488e+01
6.349999999999994316e+00, 1.936095379137275430e+01
6.449999999999993960e+00, 1.943930986049104703e+01
6.549999999999993605e+00, 1.951689380201989721e+01
6.649999999999993250e+00, 1.959372742285538749e+01
6.749999999999992895e+00, 1.966983156787848586e+01
6.849999999999992539e+00, 1.974522617805202529e+01
6.949999999999992184e+00, 1.981993034408776921e+01
7.049999999999991829e+00, 1.989396235608951002e+01
7.149999999999991473e+00, 1.996733974953490076e+01
7.249999999999991118e+00, 2.004007934792070600e+01
7.349999999999990763e+00, 2.011266549501861434e+01
7.449999999999990408e+00, 2.018433350114323233e+01
7.549999999999990052e+00, 2.025512155969830985e+01
7.649999999999989697e+00, 2.032506535229083866e+01
7.749999999999989342e+00, 2.039419827445935951e+01
7.849999999999988987e+00, 2.046255163595003523e+01
7.949999999999988631e+00, 2.053015483896546201e+01
8.049999999999988276e+00, 2.059703553727910119e+01
8.149999999999987921e+00, 2.066321977866934745e+01
8.249999999999987566e+00, 2.072873213276351123e+01
8.349999999999987210e+00, 2.079359580607907532e+01
8.449999999999986855e+00, 2.085783274579631552e+01
8.549999999999986500e+00, 2.092146373358358957e+01
8.649999999999986144e+00, 2.098450847061720026e+01
8.749999999999985789e+00, 2.104698565478591732e+01
8.849999999999985434e+00, 2.110891305094119730e+01
8.949999999999985079e+00, 2.117030755494420546e+01
9.049999999999984723e+00, 2.123118525216660402e+01
9.149999999999984368e+00, 2.129156147102141716e+01
9.249999999999984013e+00, 2.135145083203072147e+01
9.349999999999983658e+00, 2.141086729287698276e+01
9.449999999999983302e+00, 2.146982418983285257e+01
9.549999999999982947e+00, 2.151719706959373823e+01
