0.000000000000000000e+00, 9.149999999999998579e+00
1.000000000000000021e-03, 9.155157306137011730e+00
2.000000000000000042e-03, 9.157732695877992768e+00
3.000000000000000062e-03, 9.160305916845985053e+00
4.000000000000000083e-03, 9.162876974099367189e+00
5.000000000000000104e-03, 9.165445872676144745e+00
6.000000000000000125e-03, 9.168012617594079927e+00
7.000000000000000146e-03, 9.170577213850794607e+00
8.000000000000000167e-03, 9.173139666423892891e+00
9.000000000000001055e-03, 9.175699980271083689e+00
1.000000000000000194e-02, 9.178258160330285520e+00
1.100000000000000283e-02, 9.180814211519749080e+00
1.200000000000000372e-02, 9.183368138738162045e+00
1.300000000000000461e-02, 9.185919946864775198e+00
1.400000000000000550e-02, 9.188469640759496571e+00
1.500000000000000638e-02, 9.191017225263012236e+00
1.600000000000000727e-02, 9.193562705196903551e+00
1.700000000000000816e-02, 9.196106085363735971e+00
1.800000000000000905e-02, 9.198647370547190505e+00
1.900000000000000994e-02, 9.201186565512150750e+00
2.000000000000001082e-02, 9.203723675004823690e+00
2.100000000000001171e-02, 9.206258703752844497e+00
2.200000000000001260e-02, 9.208791656465365350e+00
2.300000000000001349e-02, 9.211322537833183333e+00
2.400000000000001438e-02, 9.213851352528834582e+00
2.500000000000001527e-02, 9.216378105206683102e+00
2.600000000000001615e-02, 9.218902800503046890e+00
2.700000000000001704e-02, 9.221425443036286751e+00
2.800000000000001793e-02, 9.223946037406896892e+00
2.900000000000001882e-02, 9.226464588197629269e+00
3.000000000000001971e-02, 9.228981099973568192e+00
3.100000000000002059e-02, 9.231495577282244014e+00
3.200000000000002148e-02, 9.234008024653725499e+00
3.300000000000002237e-02, 9.236518446600715748e+00
3.400000000000002326e-02, 9.239026847618648119e+00
3.500000000000002415e-02, 9.241533232185787483e+00
3.600000000000002504e-02, 9.244037604763319038e+00
3.700000000000002592e-02, 9.246539969795444236e+00
3.800000000000002681e-02, 9.249040331709471374e+00
3.900000000000002770e-02, 9.251538694915915073e+00
4.000000000000002859e-02, 9.254035063808583317e+00
4.100000000000002948e-02, 9.256529442764666271e+00
4.200000000000003036e-02, 9.259021836144832207e+00
4.300000000000003125e-02, 9.261512248293319871e+00
4.400000000000003214e-02, 9.264000683538020198e+00
4.500000000000003303e-02, 9.266487146190570456e+00
4.600000000000003392e-02, 9.268971640546441293e+00
4.700000000000003481e-02, 9.271454170885018442e+00
4.800000000000003569e-02, 9.273934741469698650e+00
4.900000000000003658e-02, 9.276413356547978495e+00
5.000000000000003747e-02, 9.278890020351523660e+00
1.500000000000000500e-01, 9.703412594715835837e+00
2.500000000000000555e-01, 9.959596443678226052e+00
3.500000000000000888e-01, 1.018013559616800023e+01
4.500000000000000666e-01, 1.038114374982964883e+01
5.500000000000000444e-01, 1.056844323848258149e+01
6.500000000000000222e-01, 1.074497140042485555e+01
7.500000000000000000e-01, 1.091255311498223435e+01
8.499999999999999778e-01, 1.107246377752508515e+01
9.499999999999999556e-01, 1.122552048432408611e+01
1.050000000000000044e+00, 1.137239545331011570e+01
1.150000000000000133e+00, 1.151369361634299082e+01
1.250000000000000222e+00, 1.164993381353667523e+01
1.350000000000000311e+00, 1.178156314439672592e+01
1.450000000000000400e+00, 1.190896912758852366e+01
1.550000000000000488e+00, 1.203248969083323594e+01
1.650000000000000577e+00, 1.217995602146766920e+01
1.750000000000000666e+00, 1.245232475515327586e+01
1.850000000000000755e+00, 1.270800972796950745e+01
1.950000000000000844e+00, 1.294939957291547294e+01
2.050000000000000711e+00, 1.317844275359988515e+01
2.150000000000000799e+00, 1.339663812348384475e+01
2.250000000000000888e+00, 1.360517676724770020e+01
2.350000000000000977e+00, 1.380502884273848530e+01
2.450000000000001066e+00, 1.399700866134863197e+01
2.550000000000001155e+00, 1.418184866159240798e+01
2.650000000000001243e+00, 1.436020196621082867e+01
2.750000000000001332e+00, 1.453262191305564066e+01
2.850000000000001421e+00, 1.469958314185407744e+01
2.950000000000001510e+00, 1.486149708898351562e+01
3.050000000000001599e+00, 1.501872364551518757e+01
3.150000000000001688e+00, 1.517156721202529823e+01
3.250000000000001776e+00, 1.532029452987014650e+01
3.350000000000001865e+00, 1.546514959522967025e+01
3.450000000000001954e+00, 1.560637073327228919e+01
3.550000000000002043e+00, 1.574418357683078895e+01
3.650000000000002132e+00, 1.587879012095356224e+01
3.750000000000002220e+00, 1.601037216944581232e+01
3.850000000000002309e+00, 1.613909414536605169e+01
3.950000000000002398e+00, 1.626510540592387244e+01
4.050000000000002487e+00, 1.638854216646131690e+01
4.150000000000002132e+00, 1.650952911267010492e+01
4.250000000000001776e+00, 1.662818076167205206e+01
4.350000000000001421e+00, 1.674460261894896718e+01
4.450000000000001066e+00, 1.685889216792793732e+01
4.550000000000000711e+00, 1.697113972133715265e+01
4.650000000000000355e+00, 1.708143050379146288e+01
4.750000000000000000e+00, 1.718985118450426341e+01
4.849999999999999645e+00, 1.729648804554028629e+01
4.949999999999999289e+00, 1.740141706748660866e+01
5.049999999999998934e+00, 1.750470481741734119e+01
5.149999999999998579e+00, 1.760641475512545995e+01
5.249999999999998224e+00, 1.770660612389653465e+01
5.349999999999997868e+00, 1.780533434382916624e+01
5.449999999999997513e+00, 1.790265135834394172e+01
5.549999999999997158e+00, 1.799860594060133323e+01
5.649999999999996803e+00, 1.809324396542669433e+01
5.749999999999996447e+00, 1.818660865143079519e+01
5.849999999999996092e+00, 1.827874077727232915e+01
5.949999999999995737e+00, 1.836967887540010480e+01
6.049999999999995381e+00, 1.845945940611067115e+01
6.149999999999995026e+00, 1.854811691434055732e+01
6.249999999999994671e+00, 1.863568417126581878e+01
6.349999999999994316e+00, 1.872219230249104527e+01
6.449999999999993960e+00, 1.880767128540553301e+01
6.549999999999993605e+00, 1.889215217052781526e+01
6.649999999999993250e+00, 1.897566807563816482e+01
6.749999999999992895e+00, 1.905825037771599639e+01
6.849999999999992539e+00, 1.913992883902612974e+01
6.949999999999992184e+00, 1.922073172161376320e+01
7.049999999999991829e+00, 1.930068589149442815e+01
7.149999999999991473e+00, 1.937981691365859049e+01
7.249999999999991118e+00, 1.945814913886855280e+01
7.349999999999990763e+00, 1.953576032148353292e+01
7.449999999999990408e+00, 1.961262645676560368e+01
7.549999999999990052e+00, 1.968875109487932917e+01
7.649999999999989697e+00, 1.976413815259180851e+01
7.749999999999989342e+00, 1.983879186377260240e+01
7.849999999999988987e+00, 1.991271673598163261e+01
7.949999999999988631e+00, 1.998591751232984493e+01
8.049999999999988276e+00, 2.005839913791907492e+01
8.149999999999987921e+00, 2.013016673026875125e+01
8.249999999999987566e+00, 2.020122555322227598e+01
8.349999999999987210e+00, 2.027158099389707857e+01
8.449999999999986855e+00, 2.034123854230299955e+01
8.549999999999986500e+00, 2.041020377330443836e+01
8.649999999999986144e+00, 2.047848233064535250e+01
8.749999999999985789e+00, 2.054607991279294765e+01
8.849999999999985434e+00, 2.061299540569467936e+01
8.949999999999985079e+00, 2.067920708385003792e+01
9.049999999999984723e+00, 2.074474029444785472e+01
9.149999999999984368e+00, 2.080961893347572911e+01
9.249999999999984013e+00, 2.087386556081456135e+01
9.349999999999983658e+00, 2.093750150374080121e+01
9.449999999999983302e+00, 2.100054695024538987e+01
9.549999999999982947e+00, 2.105112929299001578e+01
