0.000000000000000000e+00, 0.000000000000000000e+00
1.000000000000000021e-03, 5.470632558533025049e-07
2.000000000000000042e-03, 1.094129946745381192e-06
3.000000000000000062e-03, 1.641200075871174034e-06
4.000000000000000083e-03, 2.188273646422670484e-06
5.000000000000000104e-03, 2.735350661588918882e-06
6.000000000000000125e-03, 3.282431124556035142e-06
7.000000000000000146e-03, 3.829515038507207619e-06
8.000000000000000167e-03, 4.376602406622703254e-06
9.000000000000001055e-03, 4.923693232079874344e-06
1.000000000000000194e-02, 5.470787518053165747e-06
1.100000000000000283e-02, 6.017885267714121235e-06
1.200000000000000372e-02, 6.564986484231388572e-06
1.300000000000000461e-02, 7.112091170770730528e-06
1.400000000000000550e-02, 7.659199330495025727e-06
1.500000000000000638e-02, 8.206310966564277115e-06
1.600000000000000727e-02, 8.753426082135618737e-06
1.700000000000000816e-02, 9.300544680363319975e-06
1.800000000000000905e-02, 9.847666764398799096e-06
1.900000000000000994e-02, 1.039479233739061648e-05
2.000000000000001082e-02, 1.094192140248449833e-05
2.100000000000001171e-02, 1.148905396282332651e-05
2.200000000000001260e-02, 1.203619002154715381e-05
2.300000000000001349e-02, 1.258332958179320731e-05
2.400000000000001438e-02, 1.313047264669589685e-05
2.500000000000001527e-02, 1.367761921938681842e-05
2.600000000000001615e-02, 1.422476930299475928e-05
2.700000000000001704e-02, 1.477192290064570977e-05
2.800000000000001793e-02, 1.531908001546286669e-05
2.900000000000001882e-02, 1.586624065056663338e-05
3.000000000000001971e-02, 1.641340480907463485e-05
3.100000000000002059e-02, 1.696057249410171959e-05
3.200000000000002148e-02, 1.750774370875996457e-05
3.300000000000002237e-02, 1.805491845615868883e-05
3.400000000000002326e-02, 1.860209673940444328e-05
3.500000000000002415e-02, 1.914927856160103449e-05
3.600000000000002504e-02, 1.969646392584951784e-05
3.700000000000002592e-02, 2.024365283524821109e-05
3.800000000000002681e-02, 2.079084529289270119e-05
3.900000000000002770e-02, 2.133804130187583745e-05
4.000000000000002859e-02, 2.188524086528775532e-05
4.100000000000002948e-02, 2.243244398621585940e-05
4.200000000000003036e-02, 2.297965066774487427e-05
4.300000000000003125e-02, 2.352686091295678013e-05
4.400000000000003214e-02, 2.407407472493088056e-05
4.500000000000003303e-02, 2.462129210674378219e-05
4.600000000000003392e-02, 2.516851306146940145e-05
4.700000000000003481e-02, 2.571573759217896462e-05
4.800000000000003569e-02, 2.626296570194104168e-05
4.900000000000003658e-02, 2.681019739382151242e-05
5.000000000000003747e-02, 2.735743267088360035e-05
1.500000000000000500e-01, 8.212115702788859851e-05
2.500000000000000555e-01, 1.369274300335699096e-04
3.500000000000000888e-01, 1.917785302079006750e-04
4.500000000000000666e-01, 2.466762802380248237e-04
5.500000000000000444e-01, 3.016225478706917188e-04
6.500000000000000222e-01, 3.566191161479131413e-04
7.500000000000000000e-01, 4.116676908930270344e-04
8.499999999999999778e-01, 4.667699076463482878e-04
9.499999999999999556e-01, 5.219270493726865410e-04
1.050000000000000044e+00, 5.771402830771692020e-04
1.150000000000000133e+00, 6.324107934803601099e-04
1.250000000000000222e+00, 6.877397361371444424e-04
1.350000000000000311e+00, 7.431282384439763869e-04
1.450000000000000400e+00, 7.985774008357998492e-04
1.550000000000000488e+00, 8.540882980578385275e-04
1.650000000000000577e+00, 8.997696408057920259e-04
1.750000000000000666e+00, 9.006554600682081281e-04
1.850000000000000755e+00, 9.015642978788041863e-04
1.950000000000000844e+00, 9.024944888418131618e-04
2.050000000000000711e+00, 9.034448172241158447e-04
2.150000000000000799e+00, 9.044141497693401364e-04
2.250000000000000888e+00, 9.054014304828169419e-04
2.350000000000000977e+00, 9.064056738277546542e-04
2.450000000000001066e+00, 9.074259880529912106e-04
2.550000000000001155e+00, 9.084617020309357187e-04
2.650000000000001243e+00, 9.095123125003439770e-04
2.750000000000001332e+00, 9.105773372171087083e-04
2.850000000000001421e+00, 9.116563149575810125e-04
2.950000000000001510e+00, 9.127488049513908172e-04
3.050000000000001599e+00, 9.138543860256885965e-04
3.150000000000001688e+00, 9.149725313685246010e-04
3.250000000000001776e+00, 9.161026996492977175e-04
3.350000000000001865e+00, 9.172444126805849108e-04
3.450000000000001954e+00, 9.183973280622845280e-04
3.550000000000002043e+00, 9.195611919478471029e-04
3.650000000000002132e+00, 9.207357565683700184e-04
3.750000000000002220e+00, 9.219207804896862365e-04
3.850000000000002309e+00, 9.231160287168051681e-04
3.950000000000002398e+00, 9.243212726929582500e-04
4.050000000000002487e+00, 9.255362902262178650e-04
4.150000000000002132e+00, 9.267608653669049757e-04
4.250000000000001776e+00, 9.279947882522730437e-04
4.350000000000001421e+00, 9.292378549302261889e-04
4.450000000000001066e+00, 9.304898671704912860e-04
4.550000000000000711e+00, 9.317506322692763925e-04
4.650000000000000355e+00, 9.330199757827783557e-04
4.750000000000000000e+00, 9.342977993602324688e-04
4.849999999999999645e+00, 9.355840645222404618e-04
4.949999999999999289e+00, 9.368786747703747048e-04
5.049999999999998934e+00, 9.381814748628276163e-04
5.149999999999998579e+00, 9.394923337362256089e-04
5.249999999999998224e+00, 9.408111226753075769e-04
5.349999999999997868e+00, 9.421377153227022310e-04
5.449999999999997513e+00, 9.434719876732751767e-04
5.549999999999997158e+00, 9.448138180564810305e-04
5.649999999999996803e+00, 9.461630871094360660e-04
5.749999999999996447e+00, 9.475196777428869510e-04
5.849999999999996092e+00, 9.488834751018019502e-04
5.949999999999995737e+00, 9.502543665219697700e-04
6.049999999999995381e+00, 9.516322414837117150e-04
6.149999999999995026e+00, 9.530169915635966363e-04
6.249999999999994671e+00, 9.544085103848651361e-04
6.349999999999994316e+00, 9.558066935671293094e-04
6.449999999999993960e+00, 9.572114442107875322e-04
6.549999999999993605e+00, 9.586227040969510019e-04
6.649999999999993250e+00, 9.600404694008850270e-04
6.749999999999992895e+00, 9.614647356171741443e-04
6.849999999999992539e+00, 9.628954976605593168e-04
6.949999999999992184e+00, 9.643327499548877239e-04
7.049999999999991829e+00, 9.657764865116770861e-04
7.149999999999991473e+00, 9.672267009995909066e-04
7.249999999999991118e+00, 9.686833868059336597e-04
7.349999999999990763e+00, 9.701476823826135024e-04
7.449999999999990408e+00, 9.716186319121811578e-04
7.549999999999990052e+00, 9.730958512388376575e-04
7.649999999999989697e+00, 9.745789705387255912e-04
7.749999999999989342e+00, 9.760676334345948744e-04
7.849999999999988987e+00, 9.775614961891729206e-04
7.949999999999988631e+00, 9.790602269684255208e-04
8.049999999999988276e+00, 9.805635051670655647e-04
8.149999999999987921e+00, 9.820710207896683232e-04
8.249999999999987566e+00, 9.835824738815958455e-04
8.349999999999987210e+00, 9.850975740046605256e-04
8.449999999999986855e+00, 9.866160397530700319e-04
8.549999999999986500e+00, 9.881375983057361610e-04
8.649999999999986144e+00, 9.896619850114775178e-04
8.749999999999985789e+00, 9.911889430040529345e-04
8.849999999999985434e+00, 9.927180790244695494e-04
8.949999999999985079e+00, 9.942485710906427514e-04
9.049999999999984723e+00, 9.957805816446687729e-04
9.149999999999984368e+00, 9.973142637964460717e-04
9.249999999999984013e+00, 9.988497621016476351e-04
9.349999999999983658e+00, 1.000387213259357807e-03
9.449999999999983302e+00, 1.001926746739294737e-03
9.549999999999982947e+00, 1.003468485347131824e-03
9.649999999999982592e+00, 1.005012545735223728e-03
9.749999999999982236e+00, 1.006559038865047218e-03
9.849999999999981881e+00, 1.008108070426825577e-03
9.949999999999981526e+00, 1.009659741221071707e-03
1.004999999999998117e+01, 1.011214147506193104e-03
1.014999999999998082e+01, 1.012771381315768224e-03
1.024999999999998046e+01, 1.014331530748661427e-03
1.034999999999998010e+01, 1.015894680234758103e-03
1.044999999999997975e+01, 1.017460910778772258e-03
1.054999999999997939e+01, 1.019030300184292984e-03
1.064999999999997904e+01, 1.020602923259983667e-03
1.074999999999997868e+01, 1.022178852009637210e-03
1.084999999999997833e+01, 1.023758155807599941e-03
1.094999999999997797e+01, 1.025340901560909497e-03
1.104999999999997762e+01, 1.026927153859354255e-03
1.114999999999997726e+01, 1.028516975114527254e-03
1.124999999999997691e+01, 1.030110425688845381e-03
1.134999999999997655e+01, 1.031707564015394048e-03
1.144999999999997620e+01, 1.033308446709384036e-03
1.154999999999997584e+01, 1.034913128671918108e-03
1.164999999999997549e+01, 1.036521663186708991e-03
1.174999999999997513e+01, 1.038134102010311675e-03
1.184999999999997478e+01, 1.039750495456401910e-03
1.194999999999997442e+01, 1.041370892474561931e-03
1.204999999999997407e+01, 1.042995340724009023e-03
1.214999999999997371e+01, 1.044623886642648356e-03
1.224999999999997335e+01, 1.046256575511812868e-03
1.234999999999997300e+01, 1.047893451517006771e-03
1.244999999999997264e+01, 1.049534557804951288e-03
1.254999999999997229e+01, 1.051179936537200831e-03
1.264999999999997193e+01, 1.052829628940576403e-03
1.274999999999997158e+01, 1.054483675354646495e-03
1.284999999999997122e+01, 1.056142115276453896e-03
1.294999999999997087e+01, 1.057804987402692024e-03
1.304999999999997051e+01, 1.059472329669492764e-03
1.314999999999997016e+01, 1.061144179289998405e-03
1.324999999999996980e+01, 1.062820572789857990e-03
1.334999999999996945e+01, 1.064501546040789873e-03
1.344999999999996909e+01, 1.066187134292338225e-03
1.354999999999996874e+01, 1.067877372201934049e-03
1.364999999999996838e+01, 1.069572293863376095e-03
1.374999999999996803e+01, 1.071271932833827269e-03
1.384999999999996767e+01, 1.072976322159421760e-03
1.394999999999996732e+01, 1.074685494399569598e-03
1.404999999999996696e+01, 1.076399481650032160e-03
1.414999999999996660e+01, 1.078118315564854067e-03
1.424999999999996625e+01, 1.079842027377209135e-03
1.434999999999996589e+01, 1.081570647919233470e-03
1.444999999999996554e+01, 1.083304207640898610e-03
1.454999999999996518e+01, 1.085042736627985860e-03
1.464999999999996483e+01, 1.086786264619210834e-03
1.474999999999996447e+01, 1.088534821022545465e-03
1.484999999999996412e+01, 1.090288434930787587e-03
1.494999999999996376e+01, 1.092047135136416016e-03
1.504999999999996341e+01, 1.093810950145770620e-03
1.514999999999996305e+01, 1.095579908192599638e-03
1.524999999999996270e+01, 1.097354037251001366e-03
1.534999999999996234e+01, 1.099133365047798381e-03
1.544999999999996199e+01, 1.100917919074372465e-03
1.554999999999996163e+01, 1.102707726597990188e-03
1.564999999999996128e+01, 1.104502814672644710e-03
1.574999999999996092e+01, 1.106303210149437019e-03
1.584999999999996056e+01, 1.108108939686525433e-03
1.594999999999996021e+01, 1.109920029758661815e-03
1.604999999999996163e+01, 1.111736506666337028e-03
1.614999999999996305e+01, 1.113558396544552572e-03
1.624999999999996447e+01, 1.115385725371241359e-03
1.634999999999996589e+01, 1.117218518975352610e-03
1.644999999999996732e+01, 1.119056803044616265e-03
1.654999999999996874e+01, 1.120900603133005973e-03
1.664999999999997016e+01, 1.122749944667910012e-03
1.674999999999997158e+01, 1.124604852957031579e-03
1.684999999999997300e+01, 1.126465353195022813e-03
1.694999999999997442e+01, 1.128331470469873341e-03
1.704999999999997584e+01, 1.130203229769056626e-03
1.714999999999997726e+01, 1.132080655985454043e-03
1.724999999999997868e+01, 1.133963773923060388e-03
1.734999999999998010e+01, 1.135852608302482516e-03
1.744999999999998153e+01, 1.137747183766241741e-03
1.754999999999998295e+01, 1.139647524883890184e-03
1.764999999999998437e+01, 1.141553656156944546e-03
1.774999999999998579e+01, 1.143465602023648574e-03
1.784999999999998721e+01, 1.145383386863575281e-03
1.794999999999998863e+01, 1.147307035002067188e-03
1.804999999999999005e+01, 1.149236570714531067e-03
1.814999999999999147e+01, 1.151172018230586097e-03
1.824999999999999289e+01, 1.153113401738077798e-03
1.834999999999999432e+01, 1.155060745386957523e-03
1.844999999999999574e+01, 1.157014073293039002e-03
1.854999999999999716e+01, 1.158973409541631935e-03
1.864999999999999858e+01, 1.160938778191063486e-03
1.875000000000000000e+01, 1.162910203276085489e-03
1.885000000000000142e+01, 1.164887708811179323e-03
1.895000000000000284e+01, 1.166871318793756248e-03
1.905000000000000426e+01, 1.168861057207262353e-03
1.915000000000000568e+01, 1.170856948024188732e-03
1.925000000000000711e+01, 1.172859015208993190e-03
1.935000000000000853e+01, 1.174867282720935000e-03
1.945000000000000995e+01, 1.176881774516827907e-03
1.955000000000001137e+01, 1.178902514553713558e-03
1.965000000000001279e+01, 1.180929526791457511e-03
1.975000000000001421e+01, 1.182962835195274561e-03
1.985000000000001563e+01, 1.185002463738181640e-03
1.995000000000001705e+01, 1.187048436403385877e-03
2.005000000000001847e+01, 1.189100777186602627e-03
2.015000000000001990e+01, 1.191159510098318414e-03
2.025000000000002132e+01, 1.193224659165985141e-03
2.035000000000002274e+01, 1.195296248436166593e-03
2.045000000000002416e+01, 1.197374301976620106e-03
2.055000000000002558e+01, 1.199458843878331181e-03
2.065000000000002700e+01, 1.201549898257493016e-03
2.075000000000002842e+01, 1.203647489257439213e-03
2.085000000000002984e+01, 1.205751641050526596e-03
2.095000000000003126e+01, 1.207862377839973370e-03
2.105000000000003268e+01, 1.209979723861653259e-03
2.115000000000003411e+01, 1.212103703385847145e-03
2.125000000000003553e+01, 1.214234340718952200e-03
2.135000000000003695e+01, 1.216371660205154380e-03
2.145000000000003837e+01, 1.218515686228059062e-03
2.155000000000003979e+01, 1.220666443212289161e-03
2.165000000000004121e+01, 1.222823955625046378e-03
2.175000000000004263e+01, 1.224988247977634509e-03
2.185000000000004405e+01, 1.227159344826957372e-03
2.195000000000004547e+01, 1.229337270776979015e-03
2.205000000000004690e+01, 1.231522050480155514e-03
2.215000000000004832e+01, 1.233713708638837928e-03
2.225000000000004974e+01, 1.235912270006644898e-03
2.235000000000005116e+01, 1.238117759389811617e-03
2.245000000000005258e+01, 1.240330201648505827e-03
2.255000000000005400e+01, 1.242549621698125833e-03
2.265000000000005542e+01, 1.244776044510567713e-03
2.275000000000005684e+01, 1.247009495115474539e-03
2.285000000000005826e+01, 1.249249998601455452e-03
2.295000000000005969e+01, 1.251497580117290212e-03
2.305000000000006111e+01, 1.253752264873105558e-03
2.315000000000006253e+01, 1.256014078141536820e-03
2.325000000000006395e+01, 1.258283045258865029e-03
2.335000000000006537e+01, 1.260559191626137773e-03
2.345000000000006679e+01, 1.262842542710269217e-03
2.355000000000006821e+01, 1.265133124045123882e-03
2.365000000000006963e+01, 1.267430961232582408e-03
2.375000000000007105e+01, 1.269736079943591068e-03
2.385000000000007248e+01, 1.272048505919192189e-03
2.395000000000007390e+01, 1.274368264971546122e-03
2.405000000000007532e+01, 1.276695382984927192e-03
2.415000000000007674e+01, 1.279029885916717476e-03
2.425000000000007816e+01, 1.281371799798374130e-03
2.435000000000007958e+01, 1.283721150736395408e-03
2.445000000000008100e+01, 1.286077964913261758e-03
2.455000000000008242e+01, 1.288442268588374301e-03
2.465000000000008384e+01, 1.290814088098972065e-03
2.475000000000008527e+01, 1.293193449861046408e-03
2.485000000000008669e+01, 1.295580380370235478e-03
2.495000000000008811e+01, 1.297974906202714780e-03
2.505000000000008953e+01, 1.300377054016070609e-03
2.515000000000009095e+01, 1.302786850550168712e-03
2.525000000000009237e+01, 1.305204322628009941e-03
2.535000000000009379e+01, 1.307629497156575929e-03
2.545000000000009521e+01, 1.310062401127666965e-03
2.555000000000009663e+01, 1.312503061618731622e-03
2.565000000000009805e+01, 1.314951505793683813e-03
2.575000000000009948e+01, 1.317407760903717027e-03
2.585000000000010090e+01, 1.319871854288104688e-03
2.595000000000010232e+01, 1.322343813374996825e-03
2.605000000000010374e+01, 1.324823665682208504e-03
2.615000000000010516e+01, 1.327311438817998504e-03
2.625000000000010658e+01, 1.329807160481844951e-03
2.635000000000010800e+01, 1.332310858465209687e-03
2.645000000000010942e+01, 1.334822560652298941e-03
2.655000000000011084e+01, 1.337342295020819451e-03
2.665000000000011227e+01, 1.339870089642722232e-03
2.675000000000011369e+01, 1.342405972684947418e-03
2.685000000000011511e+01, 1.344949972410158920e-03
2.695000000000011653e+01, 1.347502117177475176e-03
2.705000000000011795e+01, 1.350062435443194486e-03
2.715000000000011937e+01, 1.352630955761515786e-03
2.725000000000012079e+01, 1.355207706785253137e-03
2.735000000000012221e+01, 1.357792717266547398e-03
2.745000000000012363e+01, 1.360386016057571392e-03
2.755000000000012506e+01, 1.362987632111231379e-03
2.765000000000012648e+01, 1.365597594481864855e-03
2.775000000000012790e+01, 1.368215932325935521e-03
2.785000000000012932e+01, 1.370842674902719369e-03
2.795000000000013074e+01, 1.373477851574994449e-03
2.805000000000013216e+01, 1.376121491809720017e-03
2.815000000000013358e+01, 1.378773625178715892e-03
2.825000000000013500e+01, 1.381434281359339433e-03
2.835000000000013642e+01, 1.384103490135154494e-03
2.845000000000013785e+01, 1.386781281396605361e-03
2.855000000000013927e+01, 1.389467685141677249e-03
2.865000000000014069e+01, 1.392162731476564172e-03
2.875000000000014211e+01, 1.394866450616327703e-03
2.885000000000014353e+01, 1.397578872885554433e-03
2.895000000000014495e+01, 1.400300028719014302e-03
2.905000000000014637e+01, 1.403029948662310681e-03
2.915000000000014779e+01, 1.405768663372533285e-03
2.925000000000014921e+01, 1.408516203618906306e-03
2.935000000000015064e+01, 1.411272600283435246e-03
2.945000000000015206e+01, 1.414037884361553322e-03
2.955000000000015348e+01, 1.416812086962761794e-03
2.965000000000015490e+01, 1.419595239311273764e-03
2.975000000000015632e+01, 1.422387372746651904e-03
2.985000000000015774e+01, 1.425188518312407076e-03
2.995000000000015916e+01, 1.427998534894567425e-03
3.005000000000016058e+01, 1.430817268214620245e-03
3.015000000000016200e+01, 1.433644578424178974e-03
3.025000000000016342e+01, 1.436480325493251888e-03
3.035000000000016485e+01, 1.439324369199661800e-03
3.045000000000016627e+01, 1.442176569118593056e-03
3.055000000000016769e+01, 1.445036784612256263e-03
3.065000000000016911e+01, 1.447904874819670772e-03
3.075000000000017053e+01, 1.450780698646560564e-03
3.085000000000017195e+01, 1.453664114755361158e-03
3.095000000000017337e+01, 1.456554981555328431e-03
3.105000000000017479e+01, 1.459453157192756520e-03
3.115000000000017621e+01, 1.462358499541289818e-03
3.125000000000017764e+01, 1.465270866192337545e-03
3.135000000000017906e+01, 1.468190114445574838e-03
3.145000000000018048e+01, 1.471116119765103394e-03
3.155000000000018190e+01, 1.474048853503321776e-03
3.165000000000018332e+01, 1.476988343309590650e-03
3.175000000000018474e+01, 1.479934616789540039e-03
3.185000000000018616e+01, 1.482887701507385391e-03
3.195000000000018758e+01, 1.485847624988190533e-03
3.205000000000018900e+01, 1.488814414720077486e-03
3.215000000000019043e+01, 1.491788098156388367e-03
3.225000000000019185e+01, 1.494768702717797198e-03
3.235000000000019327e+01, 1.497756255794375959e-03
3.245000000000019469e+01, 1.500750784747614894e-03
3.255000000000019611e+01, 1.503752316912396192e-03
3.265000000000019753e+01, 1.506760879598927766e-03
3.275000000000019895e+01, 1.509776500094633456e-03
3.285000000000020037e+01, 1.512799205666002676e-03
3.295000000000020179e+01, 1.515829023560401464e-03
3.305000000000020322e+01, 1.518865981007844071e-03
3.315000000000020464e+01, 1.521910105222729417e-03
3.325000000000020606e+01, 1.524961423405538303e-03
3.335000000000020748e+01, 1.528019962744498958e-03
3.345000000000020890e+01, 1.531085750417214867e-03
3.355000000000021032e+01, 1.534158813592263965e-03
3.365000000000021174e+01, 1.537239179430761188e-03
3.375000000000021316e+01, 1.540326875087890237e-03
3.385000000000021458e+01, 1.543421927714410400e-03
3.395000000000021600e+01, 1.546524364458124997e-03
3.405000000000021743e+01, 1.549634212465327270e-03
3.415000000000021885e+01, 1.552751498882217005e-03
3.425000000000022027e+01, 1.555876250856288957e-03
3.435000000000022169e+01, 1.559008495537694177e-03
3.445000000000022311e+01, 1.562148260080577266e-03
3.455000000000022453e+01, 1.565295571644388260e-03
3.465000000000022595e+01, 1.568450457395167410e-03
3.475000000000022737e+01, 1.571612944506810229e-03
3.485000000000022879e+01, 1.574783060162306732e-03
3.495000000000023022e+01, 1.577960831554958351e-03
3.505000000000023164e+01, 1.581146285889573370e-03
3.515000000000023306e+01, 1.584339450383641552e-03
3.525000000000023448e+01, 1.587540352268485781e-03
3.535000000000023590e+01, 1.590749018790396565e-03
3.545000000000023732e+01, 1.593965477211742050e-03
3.555000000000023874e+01, 1.597189754812066960e-03
3.565000000000024016e+01, 1.600421878889161627e-03
3.575000000000024158e+01, 1.603661876760122335e-03
3.585000000000024301e+01, 1.606909775762388904e-03
3.595000000000024443e+01, 1.610165603254766877e-03
3.605000000000024585e+01, 1.613429386618430838e-03
3.615000000000024727e+01, 1.616701153257913857e-03
3.625000000000024869e+01, 1.619980930602076550e-03
3.635000000000025011e+01, 1.623268746105067245e-03
3.645000000000025153e+01, 1.626564627247259823e-03
3.655000000000025295e+01, 1.629868601536180487e-03
3.665000000000025437e+01, 1.633180696507418716e-03
3.675000000000025580e+01, 1.636500939725526495e-03
3.685000000000025722e+01, 1.639829358784897174e-03
3.695000000000025864e+01, 1.643165981310640202e-03
3.705000000000026006e+01, 1.646510834959433959e-03
3.715000000000026148e+01, 1.649863947420371650e-03
3.725000000000026290e+01, 1.653225346415790288e-03
3.735000000000026432e+01, 1.656595059702092301e-03
3.745000000000026574e+01, 1.659973115070548927e-03
3.755000000000026716e+01, 1.663359540348097968e-03
3.765000000000026859e+01, 1.666754363398127020e-03
3.775000000000027001e+01, 1.670157612121244773e-03
3.785000000000027143e+01, 1.673569314456043854e-03
3.795000000000027285e+01, 1.676989498379851968e-03
3.805000000000027427e+01, 1.680418191909471533e-03
3.815000000000027569e+01, 1.683855423101911089e-03
3.825000000000027711e+01, 1.687301220055104772e-03
3.835000000000027853e+01, 1.690755610908625285e-03
3.845000000000027995e+01, 1.694218623844383860e-03
3.855000000000028137e+01, 1.697690287087321760e-03
3.865000000000028280e+01, 1.701170628906094849e-03
3.875000000000028422e+01, 1.704659677613748177e-03
3.885000000000028564e+01, 1.708157461568380166e-03
3.895000000000028706e+01, 1.711664009173801586e-03
3.905000000000028848e+01, 1.715179348880183042e-03
3.915000000000028990e+01, 1.718703509184697472e-03
3.925000000000029132e+01, 1.722236518632152668e-03
3.935000000000029274e+01, 1.725778405815615564e-03
3.945000000000029416e+01, 1.729329199377032831e-03
3.955000000000029559e+01, 1.732888928007837812e-03
3.965000000000029701e+01, 1.736457620449557027e-03
3.975000000000029843e+01, 1.740035305494405183e-03
3.985000000000029985e+01, 1.743622011985874109e-03
3.995000000000030127e+01, 1.747217768819315630e-03
4.005000000000030269e+01, 1.750822604942518573e-03
4.015000000000030411e+01, 1.754436549356277108e-03
4.025000000000030553e+01, 1.758059631114954535e-03
4.035000000000030695e+01, 1.761691879327039693e-03
4.045000000000030838e+01, 1.765333323155699472e-03
4.055000000000030980e+01, 1.768983991819322648e-03
4.065000000000031122e+01, 1.772643914592058950e-03
4.075000000000031264e+01, 1.776313120804354868e-03
4.085000000000031406e+01, 1.779991639843478413e-03
4.095000000000031548e+01, 1.783679501154044516e-03
4.105000000000031690e+01, 1.787376734238530244e-03
4.115000000000031832e+01, 1.791083368657789580e-03
4.125000000000031974e+01, 1.794799434031557140e-03
4.135000000000032117e+01, 1.798524960038952328e-03
4.145000000000032259e+01, 1.802259976418975037e-03
4.155000000000032401e+01, 1.806004512971000038e-03
4.165000000000032543e+01, 1.809758599555262061e-03
4.175000000000032685e+01, 1.813522266093340208e-03
4.185000000000032827e+01, 1.817295542568635658e-03
4.195000000000032969e+01, 1.821078459026846544e-03
4.205000000000033111e+01, 1.824871045576436550e-03
4.215000000000033253e+01, 1.828673332389101113e-03
4.225000000000033396e+01, 1.832485349700227559e-03
4.235000000000033538e+01, 1.836307127809354376e-03
4.245000000000033680e+01, 1.840138697080621801e-03
4.255000000000033822e+01, 1.843980087943222637e-03
4.265000000000033964e+01, 1.847831330891847208e-03
4.275000000000034106e+01, 1.851692456487124844e-03
4.285000000000034248e+01, 1.855563495356062336e-03
4.295000000000034390e+01, 1.859444478192476529e-03
4.305000000000034532e+01, 1.863335435757427572e-03
4.315000000000034674e+01, 1.867236398879643490e-03
4.325000000000034817e+01, 1.871147398455945627e-03
4.335000000000034959e+01, 1.875068465451668010e-03
4.345000000000035101e+01, 1.878999630901075210e-03
4.355000000000035243e+01, 1.882940925907775629e-03
4.365000000000035385e+01, 1.886892381645132637e-03
4.375000000000035527e+01, 1.890854029356671146e-03
4.385000000000035669e+01, 1.894825900356483100e-03
4.395000000000035811e+01, 1.898808026029628632e-03
4.405000000000035953e+01, 1.902800437832533314e-03
4.415000000000036096e+01, 1.906803167293386276e-03
4.425000000000036238e+01, 1.910816246012530086e-03
4.435000000000036380e+01, 1.914839705662852365e-03
4.445000000000036522e+01, 1.918873577990171976e-03
4.455000000000036664e+01, 1.922917894813625222e-03
4.465000000000036806e+01, 1.926972688026045745e-03
4.475000000000036948e+01, 1.931037989594343784e-03
4.485000000000037090e+01, 1.935113831559883910e-03
4.495000000000037232e+01, 1.939200246038857989e-03
4.505000000000037375e+01, 1.943297265222658369e-03
4.515000000000037517e+01, 1.947404921378244553e-03
4.525000000000037659e+01, 1.951523246848512264e-03
4.535000000000037801e+01, 1.955652274052656001e-03
4.545000000000037943e+01, 1.959792035486533548e-03
4.555000000000038085e+01, 1.963942563723022026e-03
4.565000000000038227e+01, 1.968103891412379802e-03
4.575000000000038369e+01, 1.972276051282598631e-03
4.585000000000038511e+01, 1.976459076139757114e-03
4.595000000000038654e+01, 1.980652998868372410e-03
4.605000000000038796e+01, 1.984857852431750648e-03
4.615000000000038938e+01, 1.989073669872330839e-03
4.625000000000039080e+01, 1.993300484312030951e-03
4.635000000000039222e+01, 1.997538328952591386e-03
4.645000000000039364e+01, 2.001787237075914987e-03
4.655000000000039506e+01, 2.006047242044404870e-03
4.665000000000039648e+01, 2.010318377301304003e-03
4.675000000000039790e+01, 2.014600676371027833e-03
4.685000000000039933e+01, 2.018894172859497793e-03
4.695000000000040075e+01, 2.023198900454473929e-03
4.705000000000040217e+01, 2.027514892925882765e-03
4.715000000000040359e+01, 2.031842184126146471e-03
4.725000000000040501e+01, 2.036180807990506814e-03
4.735000000000040643e+01, 2.040530798537352163e-03
4.745000000000040785e+01, 2.044892189868537102e-03
4.755000000000040927e+01, 2.049265016169704232e-03
4.765000000000041069e+01, 2.053649311710604650e-03
4.775000000000041211e+01, 2.058045110845412810e-03
4.785000000000041354e+01, 2.062452448013045708e-03
4.795000000000041496e+01, 2.066871357737473831e-03
4.805000000000041638e+01, 2.071301874628035580e-03
4.815000000000041780e+01, 2.075744033379746476e-03
4.825000000000041922e+01, 2.080197868773611854e-03
4.835000000000042064e+01, 2.084663415676931732e-03
4.845000000000042206e+01, 2.089140709043610031e-03
4.855000000000042348e+01, 2.093629783914455547e-03
4.865000000000042490e+01, 2.098130675417490733e-03
4.875000000000042633e+01, 2.102643418768249204e-03
4.885000000000042775e+01, 2.107168049270078444e-03
4.895000000000042917e+01, 2.111704602314439048e-03
4.905000000000043059e+01, 2.116253113381200493e-03
4.915000000000043201e+01, 2.120813618038940376e-03
4.925000000000043343e+01, 2.125386151945237150e-03
4.935000000000043485e+01, 2.129970750846964158e-03
4.945000000000043627e+01, 2.134567450580582802e-03
4.955000000000043769e+01, 2.139176287072432243e-03
4.965000000000043912e+01, 2.143797296339019533e-03
4.975000000000044054e+01, 2.148430514487308009e-03
4.985000000000044196e+01, 2.153075977715003097e-03
4.995000000000044338e+01, 2.157733722310838532e-03
5.005000000000044480e+01, 2.162403784654862160e-03
5.015000000000044622e+01, 2.167086201218715227e-03
5.025000000000044764e+01, 2.171781008565920774e-03
5.035000000000044906e+01, 2.176488243352154260e-03
5.045000000000045048e+01, 2.181207942325532820e-03
5.055000000000045191e+01, 2.185940142326888488e-03
5.065000000000045333e+01, 2.190684880290043150e-03
5.075000000000045475e+01, 2.195442193242088703e-03
5.085000000000045617e+01, 2.200212118303658537e-03
5.095000000000045759e+01, 2.204994692689200755e-03
5.105000000000045901e+01, 2.209789953707252258e-03
5.115000000000046043e+01, 2.214597938760706330e-03
5.125000000000046185e+01, 2.219418685347085418e-03
5.135000000000046327e+01, 2.224252231058808284e-03
5.145000000000046469e+01, 2.229098613583454548e-03
5.155000000000046612e+01, 2.233957870704037906e-03
5.165000000000046754e+01, 2.238830040299262872e-03
5.175000000000046896e+01, 2.243715160343795392e-03
5.185000000000047038e+01, 2.248613268908518717e-03
5.195000000000047180e+01, 2.253524404160801419e-03
5.205000000000047322e+01, 2.258448604364755863e-03
5.215000000000047464e+01, 2.263385907881494078e-03
5.225000000000047606e+01, 2.268336353169391438e-03
5.235000000000047748e+01, 2.273299978784337760e-03
5.245000000000047891e+01, 2.278276823380000118e-03
5.255000000000048033e+01, 2.283266925708070470e-03
5.265000000000048175e+01, 2.288270324618523269e-03
5.275000000000048317e+01, 2.293287059059869598e-03
5.285000000000048459e+01, 2.298317168079406104e-03
5.295000000000048601e+01, 2.303360690823463494e-03
5.305000000000048743e+01, 2.308417666537661544e-03
5.315000000000048885e+01, 2.313488134567151522e-03
5.325000000000049027e+01, 2.318572134356867293e-03
5.335000000000049170e+01, 2.323669705451769478e-03
5.345000000000049312e+01, 2.328780887497090921e-03
5.355000000000049454e+01, 2.333905720238578681e-03
5.365000000000049596e+01, 2.339044243522742528e-03
5.375000000000049738e+01, 2.344196497297088271e-03
5.385000000000049880e+01, 2.349362521610365816e-03
5.395000000000050022e+01, 2.354542356612803356e-03
5.405000000000050164e+01, 2.359736042556349802e-03
5.415000000000050306e+01, 2.364943619794908532e-03
5.425000000000050449e+01, 2.370165128784577219e-03
5.435000000000050591e+01, 2.375400610083880718e-03
5.445000000000050733e+01, 2.380650104354004384e-03
5.455000000000050875e+01, 2.385913652359029566e-03
5.465000000000051017e+01, 2.391191294966164317e-03
5.475000000000051159e+01, 2.396483073145972385e-03
5.485000000000051301e+01, 2.401789027972608265e-03
5.495000000000051443e+01, 2.407109200624040109e-03
5.505000000000051585e+01, 2.412443632382277846e-03
5.515000000000051728e+01, 2.417792364633605633e-03
5.525000000000051870e+01, 2.423155438868798695e-03
5.535000000000052012e+01, 2.428532896683354043e-03
5.545000000000052154e+01, 2.433924779777710788e-03
5.555000000000052296e+01, 2.439331129957472612e-03
5.565000000000052438e+01, 2.444751989133631120e-03
5.575000000000052580e+01, 2.450187399322779642e-03
5.585000000000052722e+01, 2.455637402647340047e-03
5.595000000000052864e+01, 2.461102041335772213e-03
5.605000000000053006e+01, 2.466581357722798240e-03
5.615000000000053149e+01, 2.472075394249611917e-03
5.625000000000053291e+01, 2.477584193464095128e-03
5.635000000000053433e+01, 2.483107798021031223e-03
5.645000000000053575e+01, 2.488646250682319261e-03
5.655000000000053717e+01, 2.494199594317179566e-03
5.665000000000053859e+01, 2.499767871902367974e-03
5.675000000000054001e+01, 2.505351126522383561e-03
5.685000000000054143e+01, 2.510949401369673775e-03
5.695000000000054285e+01, 2.516562739744842604e-03
5.705000000000054428e+01, 2.522191185056857007e-03
5.715000000000054570e+01, 2.527834780823249011e-03
5.725000000000054712e+01, 2.533493570670319103e-03
5.735000000000054854e+01, 2.539167598333336596e-03
5.745000000000054996e+01, 2.544856907656740854e-03
5.755000000000055138e+01, 2.550561542594344689e-03
5.765000000000055280e+01, 2.556281547209523879e-03
5.775000000000055422e+01, 2.562016965675423166e-03
5.785000000000055564e+01, 2.567767842275145776e-03
5.795000000000055707e+01, 2.573534221401949876e-03
5.805000000000055849e+01, 2.579316147559441996e-03
5.815000000000055991e+01, 2.585113665361768280e-03
5.825000000000056133e+01, 2.590926819533808344e-03
5.835000000000056275e+01, 2.596755654911361323e-03
5.845000000000056417e+01, 2.602600216441335393e-03
5.855000000000056559e+01, 2.608460549181935116e-03
5.865000000000056701e+01, 2.614336698302847060e-03
5.875000000000056843e+01, 2.620228709085425413e-03
5.885000000000056986e+01, 2.626136626922874560e-03
5.895000000000057128e+01, 2.632060497320430799e-03
5.905000000000057270e+01, 2.638000365895544919e-03
5.915000000000057412e+01, 2.643956278378057842e-03
5.925000000000057554e+01, 2.649928280610383633e-03
5.935000000000057696e+01, 2.655916418547682543e-03
5.945000000000057838e+01, 2.661920736777408959e-03
5.955000000000057980e+01, 2.667941234799344093e-03
5.965000000000058122e+01, 2.673977920314844856e-03
5.975000000000058265e+01, 2.680030801707694935e-03
5.985000000000058407e+01, 2.686099887283148815e-03
5.995000000000058549e+01, 2.692185185267003712e-03
6.005000000000058691e+01, 2.698286703804662380e-03
6.015000000000058833e+01, 2.704404450960202436e-03
6.025000000000058975e+01, 2.710538434715432671e-03
6.035000000000059117e+01, 2.716688662968953262e-03
6.045000000000059259e+01, 2.722855143535208178e-03
6.055000000000059401e+01, 2.729037884143541929e-03
6.065000000000059543e+01, 2.735236892437240691e-03
6.075000000000059686e+01, 2.741452175972585587e-03
6.085000000000059828e+01, 2.747683742217891210e-03
6.095000000000059970e+01, 2.753931598552545029e-03
6.105000000000060112e+01, 2.760195757709713125e-03
6.115000000000060254e+01, 2.766476258388989376e-03
6.125000000000060396e+01, 2.772773145469849786e-03
6.135000000000060538e+01, 2.779086463929662104e-03
6.145000000000060680e+01, 2.785416258843808560e-03
6.155000000000060822e+01, 2.791762575385805557e-03
6.165000000000060965e+01, 2.798125458827416864e-03
6.175000000000061107e+01, 2.804504954538775477e-03
6.185000000000061249e+01, 2.810901107988491177e-03
6.195000000000061391e+01, 2.817313964743769356e-03
6.205000000000061533e+01, 2.823743570470514663e-03
6.215000000000061675e+01, 2.830189970933445504e-03
6.225000000000061817e+01, 2.836653211996198118e-03
6.235000000000061959e+01, 2.843133339621433265e-03
6.245000000000062101e+01, 2.849630399870939877e-03
6.255000000000062244e+01, 2.856144438905736972e-03
6.265000000000062386e+01, 2.862675502986173400e-03
6.275000000000062528e+01, 2.869223638472028458e-03
6.285000000000062670e+01, 2.875788891822605563e-03
6.295000000000062812e+01, 2.882371309596830269e-03
6.305000000000062954e+01, 2.888970938453342199e-03
6.315000000000063096e+01, 2.895587825150586561e-03
6.325000000000063238e+01, 2.902222016546904780e-03
6.335000000000063380e+01, 2.908873559600623840e-03
6.345000000000063523e+01, 2.915542501370139115e-03
6.355000000000063665e+01, 2.922228889014000675e-03
6.365000000000063807e+01, 2.928932769790999150e-03
6.375000000000063949e+01, 2.935654191060238158e-03
6.385000000000064091e+01, 2.942393200281224509e-03
6.395000000000064233e+01, 2.949149845013938030e-03
6.405000000000063665e+01, 2.955924172918907022e-03
6.415000000000063096e+01, 2.962716231757288061e-03
6.425000000000062528e+01, 2.969526069390931045e-03
6.435000000000061959e+01, 2.976353733782452059e-03
6.445000000000061391e+01, 2.983199272995303193e-03
6.455000000000060822e+01, 2.990062735193835426e-03
6.465000000000060254e+01, 2.996944168643366282e-03
6.475000000000059686e+01, 3.003843621710238811e-03
6.485000000000059117e+01, 3.010761142861886636e-03
6.495000000000058549e+01, 3.017696780666889907e-03
6.505000000000057980e+01, 3.024650583795031669e-03
6.515000000000057412e+01, 3.031622601017354684e-03
6.525000000000056843e+01, 3.038612881206214766e-03
6.535000000000056275e+01, 3.045621473335328924e-03
6.545000000000055707e+01, 3.052648426479829570e-03
6.555000000000055138e+01, 3.059693789816305288e-03
6.565000000000054570e+01, 3.066757612622853305e-03
6.575000000000054001e+01, 3.073839944279116790e-03
6.585000000000053433e+01, 3.080940834266330825e-03
6.595000000000052864e+01, 3.088060332167357099e-03
6.605000000000052296e+01, 3.095198487666724670e-03
6.615000000000051728e+01, 3.102355350550669438e-03
6.625000000000051159e+01, 3.109530970707155388e-03
6.635000000000050591e+01, 3.116725398125919262e-03
6.645000000000050022e+01, 3.123938682898490075e-03
6.655000000000049454e+01, 3.131170875218225545e-03
6.665000000000048885e+01, 3.138422025380327267e-03
6.675000000000048317e+01, 3.145692183781873246e-03
6.685000000000047748e+01, 3.152981400921831337e-03
6.695000000000047180e+01, 3.160289727401085699e-03
6.705000000000046612e+01, 3.167617213922448074e-03
6.715000000000046043e+01, 3.174963911290675563e-03
6.725000000000045475e+01, 3.182329870412481908e-03
6.735000000000044906e+01, 3.189715142296550062e-03
6.745000000000044338e+01, 3.197119778053538700e-03
6.755000000000043769e+01, 3.204543828896091757e-03
6.765000000000043201e+01, 3.211987346138837560e-03
6.775000000000042633e+01, 3.219450381198398371e-03
6.785000000000042064e+01, 3.226932985593382579e-03
6.795000000000041496e+01, 3.234435210944387740e-03
6.805000000000040927e+01, 3.241957108973995364e-03
6.815000000000040359e+01, 3.249498731506762685e-03
6.825000000000039790e+01, 3.257060130469213981e-03
6.835000000000039222e+01, 3.264641357889833638e-03
6.845000000000038654e+01, 3.272242465899046198e-03
6.855000000000038085e+01, 3.279863506729206388e-03
6.865000000000037517e+01, 3.287504532714580034e-03
6.875000000000036948e+01, 3.295165596291321948e-03
6.885000000000036380e+01, 3.302846749997455974e-03
6.895000000000035811e+01, 3.310548046472850704e-03
6.905000000000035243e+01, 3.318269538459190857e-03
6.915000000000034674e+01, 3.326011278799949518e-03
6.925000000000034106e+01, 3.333773320440356052e-03
6.935000000000033538e+01, 3.341555716427362707e-03
6.945000000000032969e+01, 3.349358519909607750e-03
6.955000000000032401e+01, 3.357181784137379475e-03
6.965000000000031832e+01, 3.365025562462571097e-03
6.975000000000031264e+01, 3.372889908338641725e-03
6.985000000000030695e+01, 3.380774875320567349e-03
6.995000000000030127e+01, 3.388680517064796179e-03
7.005000000000029559e+01, 3.396606887329197029e-03
7.015000000000028990e+01, 3.404554039973002946e-03
7.025000000000028422e+01, 3.412522028956763501e-03
7.035000000000027853e+01, 3.420510908342278000e-03
7.045000000000027285e+01, 3.428520732292543883e-03
7.055000000000026716e+01, 3.436551555071687761e-03
7.065000000000026148e+01, 3.444603431044905573e-03
7.075000000000025580e+01, 3.452676414678389292e-03
7.085000000000025011e+01, 3.460770560539261874e-03
7.095000000000024443e+01, 3.468885923295501363e-03
7.105000000000023874e+01, 3.477022557715868899e-03
7.115000000000023306e+01, 3.485180518669825454e-03
7.125000000000022737e+01, 3.493359861127459838e-03
7.135000000000022169e+01, 3.501560640159398496e-03
7.145000000000021600e+01, 3.509782910936722674e-03
7.155000000000021032e+01, 3.518026728730884282e-03
7.165000000000020464e+01, 3.526292148913609190e-03
7.175000000000019895e+01, 3.534579226956806146e-03
7.185000000000019327e+01, 3.542888018432473543e-03
7.195000000000018758e+01, 3.551218579012599668e-03
7.205000000000018190e+01, 3.559570964469059920e-03
7.215000000000017621e+01, 3.567945230673514028e-03
7.225000000000017053e+01, 3.576341433597300667e-03
7.235000000000016485e+01, 3.584759629311327737e-03
7.245000000000015916e+01, 3.593199873985961339e-03
7.255000000000015348e+01, 3.601662223890909550e-03
7.265000000000014779e+01, 3.610146735395104896e-03
7.275000000000014211e+01, 3.618653464966588556e-03
7.285000000000013642e+01, 3.627182469172381997e-03
7.295000000000013074e+01, 3.635733804678367275e-03
7.305000000000012506e+01, 3.644307528249154330e-03
7.315000000000011937e+01, 3.652903696747951314e-03
7.325000000000011369e+01, 3.661522367136433188e-03
7.335000000000010800e+01, 3.670163596474600338e-03
7.345000000000010232e+01, 3.678827441920643274e-03
7.355000000000009663e+01, 3.687513960730800372e-03
7.365000000000009095e+01, 3.696223210259209999e-03
7.375000000000008527e+01, 3.704955247957762623e-03
7.385000000000007958e+01, 3.713710131375952926e-03
7.395000000000007390e+01, 3.722487918160725853e-03
7.405000000000006821e+01, 3.731288666056317010e-03
7.415000000000006253e+01, 3.740112432904095681e-03
7.425000000000005684e+01, 3.748959276642399585e-03
7.435000000000005116e+01, 3.757829255306374423e-03
7.445000000000004547e+01, 3.766722427027803001e-03
7.455000000000003979e+01, 3.775638850034930029e-03
7.465000000000003411e+01, 3.784578582652294715e-03
7.475000000000002842e+01, 3.793541683300549056e-03
7.485000000000002274e+01, 3.802528210496279593e-03
7.495000000000001705e+01, 3.811538222851823532e-03
7.505000000000001137e+01, 3.820571779075083128e-03
7.515000000000000568e+01, 3.829628937969334432e-03
7.525000000000000000e+01, 3.838709758433037772e-03
7.534999999999999432e+01, 3.847814299459639993e-03
7.544999999999998863e+01, 3.856942620137378871e-03
7.554999999999998295e+01, 3.866094779649076676e-03
7.564999999999997726e+01, 3.875270837271941986e-03
7.574999999999997158e+01, 3.884470852377356741e-03
7.584999999999996589e+01, 3.893694884430668954e-03
7.594999999999996021e+01, 3.902942992990974993e-03
7.604999999999995453e+01, 3.912215237710906651e-03
7.614999999999994884e+01, 3.921511678336406931e-03
7.624999999999994316e+01, 3.930832374706510167e-03
7.634999999999993747e+01, 3.940177386753115213e-03
7.644999999999993179e+01, 3.949546774500748217e-03
7.654999999999992610e+01, 3.958940598066341444e-03
7.664999999999992042e+01, 3.968358917658990417e-03
7.674999999999991473e+01, 3.977801793579712787e-03
7.684999999999990905e+01, 3.987269286221209810e-03
7.694999999999990337e+01, 3.996761456067617416e-03
7.704999999999989768e+01, 4.006278363694259874e-03
7.714999999999989200e+01, 4.015820069767394793e-03
7.724999999999988631e+01, 4.025386635043958113e-03
7.734999999999988063e+01, 4.034978120371304766e-03
7.744999999999987494e+01, 4.044594586686946734e-03
7.754999999999986926e+01, 4.054236095018287633e-03
7.764999999999986358e+01, 4.063902706482351232e-03
7.774999999999985789e+01, 4.073594482285514302e-03
7.784999999999985221e+01, 4.083311483723224729e-03
7.794999999999984652e+01, 4.093053772179724818e-03
7.804999999999984084e+01, 4.102821409127771143e-03
7.814999999999983515e+01, 4.112614456128343976e-03
7.824999999999982947e+01, 4.122432974830365394e-03
7.834999999999982379e+01, 4.132277026970393105e-03
7.844999999999981810e+01, 4.142146674372339417e-03
7.854999999999981242e+01, 4.152041978947163328e-03
7.864999999999980673e+01, 4.161963002692566083e-03
7.874999999999980105e+01, 4.171909807692691062e-03
7.884999999999979536e+01, 4.181882456117806332e-03
7.894999999999978968e+01, 4.191881010223999331e-03
7.904999999999978400e+01, 4.201905532352850740e-03
7.914999999999977831e+01, 4.211956084931121370e-03
7.924999999999977263e+01, 4.222032730470423427e-03
7.934999999999976694e+01, 4.232135531566894385e-03
7.944999999999976126e+01, 4.242264550900869124e-03
7.954999999999975557e+01, 4.252419851236538192e-03
7.964999999999974989e+01, 4.262601495421614733e-03
7.974999999999974420e+01, 4.272809546386991016e-03
7.984999999999973852e+01, 4.283044067146394955e-03
7.994999999999973284e+01, 4.293305120796037967e-03
8.004999999999972715e+01, 4.303592770514260216e-03
8.014999999999972147e+01, 4.313907079561185402e-03
8.024999999999971578e+01, 4.324248111278345200e-03
8.034999999999971010e+01, 4.334615929088329704e-03
8.044999999999970441e+01, 4.345010596494408399e-03
8.054999999999969873e+01, 4.355432177080168464e-03
8.064999999999969305e+01, 4.365880734509135740e-03
8.074999999999968736e+01, 4.376356332524396556e-03
8.084999999999968168e+01, 4.386859034948216961e-03
8.094999999999967599e+01, 4.397388905681656746e-03
8.104999999999967031e+01, 4.407946008704180865e-03
8.114999999999966462e+01, 4.418530408073260453e-03
8.124999999999965894e+01, 4.429142167923988578e-03
8.134999999999965326e+01, 4.439781352468664781e-03
8.144999999999964757e+01, 4.450448025996401290e-03
8.154999999999964189e+01, 4.461142252872709289e-03
8.164999999999963620e+01, 4.471864097539092996e-03
8.174999999999963052e+01, 4.482613624512623782e-03
8.184999999999962483e+01, 4.493390898385534252e-03
8.194999999999961915e+01, 4.504195983824779356e-03
8.204999999999961346e+01, 4.515028945571625263e-03
8.214999999999960778e+01, 4.525889848441206134e-03
8.224999999999960210e+01, 4.536778757322096518e-03
8.234999999999959641e+01, 4.547695737175865525e-03
8.244999999999959073e+01, 4.558640853036644881e-03
8.254999999999958504e+01, 4.569614170010673562e-03
8.264999999999957936e+01, 4.580615753275849369e-03
8.274999999999957367e+01, 4.591645668081279635e-03
8.284999999999956799e+01, 4.602703979746817185e-03
8.294999999999956231e+01, 4.613790753662603238e-03
8.304999999999955662e+01, 4.624906055288597294e-03
8.314999999999955094e+01, 4.636049950154112233e-03
8.324999999999954525e+01, 4.647222503857335527e-03
8.334999999999953957e+01, 4.658423782064859998e-03
8.344999999999953388e+01, 4.669653850511186824e-03
8.354999999999952820e+01, 4.680912774998261493e-03
8.364999999999952252e+01, 4.692200621394966402e-03
8.374999999999951683e+01, 4.703517455636636868e-03
8.384999999999951115e+01, 4.714863343724558058e-03
8.394999999999950546e+01, 4.726238351725474060e-03
8.404999999999949978e+01, 4.737642545771070073e-03
8.414999999999949409e+01, 4.749075992057465861e-03
8.424999999999948841e+01, 4.760538756844718764e-03
8.434999999999948272e+01, 4.772030906456278115e-03
8.444999999999947704e+01, 4.783552507278488256e-03
8.454999999999947136e+01, 4.795103625760052495e-03
8.464999999999946567e+01, 4.806684328411504892e-03
8.474999999999945999e+01, 4.818294681804681165e-03
8.484999999999945430e+01, 4.829934752572173119e-03
8.494999999999944862e+01, 4.841604607406796087e-03
8.504999999999944293e+01, 4.853304313061039890e-03
8.514999999999943725e+01, 4.865033936346516326e-03
8.524999999999943157e+01, 4.876793544133413601e-03
8.534999999999942588e+01, 4.888583203349930809e-03
8.544999999999942020e+01, 4.900402980981721952e-03
8.554999999999941451e+01, 4.912252944071322618e-03
8.564999999999940883e+01, 4.924133159717592259e-03
8.574999999999940314e+01, 4.936043746729216856e-03
8.584999999999939746e+01, 4.947984866323591746e-03
8.594999999999939178e+01, 4.959956664689638139e-03
8.604999999999938609e+01, 4.971959288544719989e-03
8.614999999999938041e+01, 4.983992885135780232e-03
8.624999999999937472e+01, 4.996057602240469228e-03
8.634999999999936904e+01, 5.008153588168258452e-03
8.644999999999936335e+01, 5.020280991761574135e-03
8.654999999999935767e+01, 5.032439962396896213e-03
8.664999999999935199e+01, 5.044630649985869415e-03
8.674999999999934630e+01, 5.056853204976403081e-03
8.684999999999934062e+01, 5.069107778353768370e-03
8.694999999999933493e+01, 5.081394521641688540e-03
8.704999999999932925e+01, 5.093713586903422276e-03
8.714999999999932356e+01, 5.106065126742844427e-03
8.724999999999931788e+01, 5.118449289195089492e-03
8.734999999999931219e+01, 5.130866190643972383e-03
8.744999999999930651e+01, 5.143315907019787268e-03
8.754999999999930083e+01, 5.155798514325527979e-03
8.764999999999929514e+01, 5.168314088636209724e-03
8.774999999999928946e+01, 5.180862706098194291e-03
8.784999999999928377e+01, 5.193444442928500486e-03
8.794999999999927809e+01, 5.206059375414118055e-03
8.804999999999927240e+01, 5.218707579911306856e-03
8.814999999999926672e+01, 5.231389132844901230e-03
8.824999999999926104e+01, 5.244104110707603975e-03
8.834999999999925535e+01, 5.256852590059270768e-03
8.844999999999924967e+01, 5.269634647526196328e-03
8.854999999999924398e+01, 5.282450359800390169e-03
8.864999999999923830e+01, 5.295299803638858424e-03
8.874999999999923261e+01, 5.308183055862861384e-03
8.884999999999922693e+01, 5.321100193357180576e-03
8.894999999999922125e+01, 5.334051293069378037e-03
8.904999999999921556e+01, 5.347036432009045180e-03
8.914999999999920988e+01, 5.360055687247053391e-03
8.924999999999920419e+01, 5.373109135914787282e-03
8.934999999999919851e+01, 5.386196855203393558e-03
8.944999999999919282e+01, 5.399318922363000386e-03
8.954999999999918714e+01, 5.412475414701953258e-03
8.964999999999918145e+01, 5.425666409586024815e-03
8.974999999999917577e+01, 5.438891984437640298e-03
8.984999999999917009e+01, 5.452152216735081311e-03
8.994999999999916440e+01, 5.465447184011690447e-03
9.004999999999915872e+01, 5.478776963855072450e-03
9.014999999999915303e+01, 5.492141633906285833e-03
9.024999999999914735e+01, 5.505541271859037966e-03
9.034999999999914166e+01, 5.518975955458859349e-03
9.044999999999913598e+01, 5.532445762502289158e-03
9.054999999999913030e+01, 5.545950770836039975e-03
9.064999999999912461e+01, 5.559491058356174666e-03
9.074999999999911893e+01, 5.573066703007259828e-03
9.084999999999911324e+01, 5.586677782781527060e-03
9.094999999999910756e+01, 5.600324375718026410e-03
9.104999999999910187e+01, 5.614006559901765087e-03
9.114999999999909619e+01, 5.627724413462850510e-03
9.124999999999909051e+01, 5.641478014575635955e-03
9.134999999999908482e+01, 5.655267441457834977e-03
9.144999999999907914e+01, 5.669092772369653185e-03
9.154999999999907345e+01, 5.682954085612911335e-03
9.164999999999906777e+01, 5.696851459530153684e-03
9.174999999999906208e+01, 5.710784972503757211e-03
9.184999999999905640e+01, 5.724754702955039097e-03
9.194999999999905071e+01, 5.738760729343347737e-03
9.204999999999904503e+01, 5.752803130165164147e-03
9.214999999999903935e+01, 5.766881983953182564e-03
9.224999999999903366e+01, 5.780997369275394510e-03
9.234999999999902798e+01, 5.795149364734166787e-03
9.244999999999902229e+01, 5.809338048965309934e-03
9.254999999999901661e+01, 5.823563500637147540e-03
9.264999999999901092e+01, 5.837825798449569961e-03
9.274999999999900524e+01, 5.852125021133107972e-03
9.284999999999899956e+01, 5.866461247447956120e-03
9.294999999999899387e+01, 5.880834556183041177e-03
9.304999999999898819e+01, 5.895245026155048959e-03
9.314999999999898250e+01, 5.909692736207459822e-03
9.324999999999897682e+01, 5.924177765209581552e-03
9.334999999999897113e+01, 5.938700192055570981e-03
9.344999999999896545e+01, 5.953260095663452135e-03
9.354999999999895977e+01, 5.967857554974129175e-03
9.364999999999895408e+01, 5.982492648950394135e-03
9.374999999999894840e+01, 5.997165456575932058e-03
9.384999999999894271e+01, 6.011876056854313990e-03
9.394999999999893703e+01, 6.026624528807989975e-03
9.404999999999893134e+01, 6.041410951477282042e-03
9.414999999999892566e+01, 6.056235403919358121e-03
9.424999999999891998e+01, 6.071097965207210290e-03
9.434999999999891429e+01, 6.085998714428627818e-03
9.444999999999890861e+01, 6.100937730685165004e-03
9.454999999999890292e+01, 6.115915093091091673e-03
9.464999999999889724e+01, 6.130930880772364477e-03
9.474999999999889155e+01, 6.145985172865566122e-03
9.484999999999888587e+01, 6.161078048516851514e-03
9.494999999999888018e+01, 6.176209586880893922e-03
9.504999999999887450e+01, 6.191379867119811177e-03
9.514999999999886882e+01, 6.206588968402103161e-03
9.524999999999886313e+01, 6.221836969901571937e-03
9.534999999999885745e+01, 6.237123950796244487e-03
9.544999999999885176e+01, 6.252449990267283306e-03
9.554999999999884608e+01, 6.267815167497899596e-03
9.564999999999884039e+01, 6.283219561672256058e-03
9.574999999999883471e+01, 6.298663251974365336e-03
9.584999999999882903e+01, 6.314146317586983269e-03
9.594999999999882334e+01, 6.329668837690502134e-03
9.604999999999881766e+01, 6.345230891461830884e-03
9.614999999999881197e+01, 6.360832558073276251e-03
9.624999999999880629e+01, 6.376473916691414306e-03
9.634999999999880060e+01, 6.392155046475962894e-03
9.644999999999879492e+01, 6.407876026578645384e-03
9.654999999999878924e+01, 6.423636936142044021e-03
9.664999999999878355e+01, 6.439437854298464547e-03
9.674999999999877787e+01, 6.455278860168779144e-03
9.684999999999877218e+01, 6.471160032861268500e-03
9.694999999999876650e+01, 6.487081451470467358e-03
9.704999999999876081e+01, 6.503043195075994438e-03
9.714999999999875513e+01, 6.519045342741387576e-03
9.724999999999874944e+01, 6.535087973512922373e-03
9.734999999999874376e+01, 6.551171166418437788e-03
9.744999999999873808e+01, 6.567295000466150459e-03
9.754999999999873239e+01, 6.583459554643459472e-03
9.764999999999872671e+01, 6.599664907915765016e-03
9.774999999999872102e+01, 6.615911139225253215e-03
9.784999999999871534e+01, 6.632198327489710436e-03
9.794999999999870965e+01, 6.648526551601296845e-03
9.804999999999870397e+01, 6.664895890425349446e-03
9.814999999999869829e+01, 6.681306422799154765e-03
9.824999999999869260e+01, 6.697758227530730205e-03
9.834999999999868692e+01, 6.714251383397597597e-03
9.844999999999868123e+01, 6.730785969145548948e-03
9.854999999999867555e+01, 6.747362063487415650e-03
9.864999999999866986e+01, 6.763979745101822080e-03
9.874999999999866418e+01, 6.780639092631947015e-03
9.884999999999865850e+01, 6.797340184684267685e-03
9.894999999999865281e+01, 6.814083099827314242e-03
9.904999999999864713e+01, 6.830867916590400817e-03
9.914999999999864144e+01, 6.847694713462370436e-03
9.924999999999863576e+01, 6.864563568890330418e-03
9.934999999999863007e+01, 6.881474561278367805e-03
9.944999999999862439e+01, 6.898427768986291689e-03
9.954999999999861870e+01, 6.915423270328335641e-03
9.964999999999861302e+01, 6.932461143571888758e-03
9.974999999999860734e+01, 6.949541466936192888e-03
9.984999999999860165e+01, 6.966664318591060667e-03
9.994999999999859597e+01, 6.983829776655573612e-03
1.000499999999985903e+02, 7.001037919196783678e-03
1.001499999999985846e+02, 7.018288824228404409e-03
1.002499999999985789e+02, 7.035582569709501223e-03
1.003499999999985732e+02, 7.052919233543185167e-03
1.004499999999985675e+02, 7.070298893575285848e-03
1.005499999999985619e+02, 7.087721627593036519e-03
1.006499999999985562e+02, 7.105187513323740940e-03
1.007499999999985505e+02, 7.122696628433457591e-03
1.008499999999985448e+02, 7.140249050525654395e-03
1.009499999999985391e+02, 7.157844857139870377e-03
1.010499999999985334e+02, 7.175484125750385134e-03
1.011499999999985278e+02, 7.193166933764865746e-03
1.012499999999985221e+02, 7.210893358523018035e-03
1.013499999999985164e+02, 7.228663477295239545e-03
1.014499999999985107e+02, 7.246477367281256056e-03
1.015499999999985050e+02, 7.264335105608768495e-03
1.016499999999984993e+02, 7.282236769332082506e-03
1.017499999999984936e+02, 7.300182435430750162e-03
1.018499999999984880e+02, 7.318172180808189126e-03
1.019499999999984823e+02, 7.336206082290316552e-03
1.020499999999984766e+02, 7.354284216624166516e-03
1.021499999999984709e+02, 7.372406660476511775e-03
1.022499999999984652e+02, 7.390573490432472518e-03
1.023499999999984595e+02, 7.408784782994142469e-03
1.024499999999984539e+02, 7.427040614579178551e-03
1.025499999999984482e+02, 7.445341061519421787e-03
1.026499999999984425e+02, 7.463686200059489566e-03
1.027499999999984368e+02, 7.482076106355379196e-03
1.028499999999984311e+02, 7.500510856473065376e-03
1.029499999999984254e+02, 7.518990526387081194e-03
1.030499999999984198e+02, 7.537515191979124278e-03
1.031499999999984141e+02, 7.556084929036629982e-03
1.032499999999984084e+02, 7.574699813251357591e-03
1.033499999999984027e+02, 7.593359920217973916e-03
1.034499999999983970e+02, 7.612065325432624749e-03
1.035499999999983913e+02, 7.630816104291517597e-03
1.036499999999983856e+02, 7.649612332089481860e-03
1.037499999999983800e+02, 7.668454084018546356e-03
1.038499999999983743e+02, 7.687341435166502972e-03
1.039499999999983686e+02, 7.706274460515465108e-03
1.040499999999983629e+02, 7.725253234940436531e-03
1.041499999999983572e+02, 7.744277833207857675e-03
1.042499999999983515e+02, 7.763348329974171895e-03
1.043499999999983459e+02, 7.782464799784372632e-03
1.044499999999983402e+02, 7.801627317070555789e-03
1.045499999999983345e+02, 7.820835956150459095e-03
1.046499999999983288e+02, 7.840090791226017944e-03
1.047499999999983231e+02, 7.859391896381906495e-03
1.048499999999983174e+02, 7.878739345584072698e-03
1.049499999999983118e+02, 7.898133212678274187e-03
1.050499999999983061e+02, 7.917573571388628051e-03
1.051499999999983004e+02, 7.937060495316129380e-03
1.052499999999982947e+02, 7.956594057937190628e-03
1.053499999999982890e+02, 7.976174332602170569e-03
1.054499999999982833e+02, 7.995801392533899779e-03
1.055499999999982776e+02, 8.015475310826206123e-03
1.056499999999982720e+02, 8.035196160442441976e-03
1.057499999999982663e+02, 8.054964014214001031e-03
1.058499999999982606e+02, 8.074778944838840317e-03
1.059499999999982549e+02, 8.094641024879995275e-03
1.060499999999982492e+02, 8.114550326764105245e-03
1.061499999999982435e+02, 8.134506922779916396e-03
1.062499999999982379e+02, 8.154510885076802010e-03
1.063499999999982322e+02, 8.174562285663274086e-03
1.064499999999982265e+02, 8.194661196405484543e-03
1.065499999999982208e+02, 8.214807701899468420e-03
1.066499999999982151e+02, 8.235002153386249829e-03
1.067499999999982094e+02, 8.255244841993839358e-03
1.068499999999982037e+02, 8.275536058029036440e-03
1.069499999999981981e+02, 8.295876092981048847e-03
1.070499999999981924e+02, 8.316265239522826688e-03
1.071499999999981867e+02, 8.336703791512384276e-03
1.072499999999981810e+02, 8.357192043994120245e-03
1.073499999999981753e+02, 8.377730293200071759e-03
1.074499999999981696e+02, 8.398318836551173922e-03
1.075499999999981640e+02, 8.418957972658489691e-03
1.076499999999981583e+02, 8.439648001324405110e-03
1.077499999999981526e+02, 8.460389223543796772e-03
1.078499999999981469e+02, 8.481181941505202757e-03
1.079499999999981412e+02, 8.502026458591929389e-03
1.080499999999981355e+02, 8.522923079383151052e-03
1.081499999999981299e+02, 8.543872075948928668e-03
1.082499999999981242e+02, 8.564873563221903768e-03
1.083499999999981185e+02, 8.585927632102446916e-03
1.084499999999981128e+02, 8.607034373362529647e-03
1.085499999999981071e+02, 8.628193877643779847e-03
1.086499999999981014e+02, 8.649406235455589162e-03
1.087499999999980957e+02, 8.670671537173189197e-03
1.088499999999980901e+02, 8.691989873035731173e-03
1.089499999999980844e+02, 8.713361333144356916e-03
1.090499999999980787e+02, 8.734786007460281984e-03
1.091499999999980730e+02, 8.756263985802845845e-03
1.092499999999980673e+02, 8.777795357847593266e-03
1.093499999999980616e+02, 8.799380213124331426e-03
1.094499999999980560e+02, 8.821018641015174883e-03
1.095499999999980503e+02, 8.842710730752616557e-03
1.096499999999980446e+02, 8.864456571417565767e-03
1.097499999999980389e+02, 8.886256251937400125e-03
1.098499999999980332e+02, 8.908109861084015715e-03
1.099499999999980275e+02, 8.930017487471856447e-03
1.100499999999980218e+02, 8.951979219555965955e-03
1.101499999999980162e+02, 8.973995145630006554e-03
1.102499999999980105e+02, 8.996065353824314603e-03
1.103499999999980048e+02, 9.018189932103900380e-03
1.104499999999979991e+02, 9.040368968266506919e-03
1.105499999999979934e+02, 9.062602549940608140e-03
1.106499999999979877e+02, 9.084890764583450351e-03
1.107499999999979821e+02, 9.107233699479052105e-03
1.108499999999979764e+02, 9.129631441736243969e-03
1.109499999999979707e+02, 9.152084078286656238e-03
1.110499999999979650e+02, 9.174591695882756970e-03
1.111499999999979593e+02, 9.197154381095850109e-03
1.112499999999979536e+02, 9.219772220314078823e-03
1.113499999999979480e+02, 9.242445299740446180e-03
1.114499999999979423e+02, 9.265173705390802872e-03
1.115499999999979366e+02, 9.287957523091860956e-03
1.116499999999979309e+02, 9.310796838479186779e-03
1.117499999999979252e+02, 9.333691736995207780e-03
1.118499999999979195e+02, 9.356642303887201945e-03
1.119499999999979138e+02, 9.379648624205302876e-03
1.120499999999979082e+02, 9.402710782800473635e-03
1.121499999999979025e+02, 9.425828864322534362e-03
1.122499999999978968e+02, 9.449002953218120504e-03
1.123499999999978911e+02, 9.472233133728684418e-03
1.124499999999978854e+02, 9.495519489888496964e-03
1.125499999999978797e+02, 9.518862105522617884e-03
1.126499999999978741e+02, 9.542261064244890456e-03
1.127499999999978684e+02, 9.565716449455927486e-03
1.128499999999978627e+02, 9.589228344341105964e-03
1.129499999999978570e+02, 9.612796831868535702e-03
1.130499999999978513e+02, 9.636421994787048792e-03
1.131499999999978456e+02, 9.660103915624199469e-03
1.132499999999978400e+02, 9.683842676684222342e-03
1.133499999999978343e+02, 9.707638360046032255e-03
1.134499999999978286e+02, 9.731491047561206809e-03
1.135499999999978229e+02, 9.755400820851960197e-03
1.136499999999978172e+02, 9.779367761309132670e-03
1.137499999999978115e+02, 9.803391950090173043e-03
1.138499999999978058e+02, 9.827473468117117750e-03
1.139499999999978002e+02, 9.851612396074580294e-03
1.140499999999977945e+02, 9.875808814407728564e-03
1.141499999999977888e+02, 9.900062803320272553e-03
1.142499999999977831e+02, 9.924374442772450344e-03
1.143499999999977774e+02, 9.948743812479005424e-03
1.144499999999977717e+02, 9.973170991907172669e-03
1.145499999999977661e+02, 9.997656060274681677e-03
1.146499999999977604e+02, 1.002219909654772541e-02
1.147499999999977547e+02, 1.004680017943894964e-02
