fieldmap_name:     	SWLS Sirius
timestamp:         	2022-08-05_13-49-39
filename:          	2022-08-05_SWLS_Sirius_Model8.0_Currents_X=-10_10mm_Z=-600_600mm_I=200A.txt
MagNet_file:       	SWLS_Sirius_Model8.0_Currents.mn
nr_magnets:        	1

magnet_name:       	SWLS
gap[mm]:           	
control_gap[mm]:   	--
magnet_length[mm]: 	
current_main[A]:   	--
NI_main[A.esp]:    	--
center_pos_z[mm]:  	0
center_pos_x[mm]:  	0
rotation[deg]:     	0

X[mm]	Y[mm]	Z[mm]	Bx	By	Bz [T]
------------------------------------------------------------------------------------------------------------------------------------------------------------------
-10	0	0	-6.45449670248395E-18	-5.68247427936037	2.82360881111347E-16
-9	0	0	0	-5.69060574174337	0
-8	0	0	0	-5.6974169004799	0
-7	0	0	0	-5.70310903920034	0
-6	0	0	0	-5.70784651940965	0
-5	0	0	0	-5.71162847476861	0
-4	0	0	0	-5.71446288913986	0
-3	0	0	0	-5.71641385022374	0
-2	0	0	0	-5.71766659082566	0
-1	0	0	0	-5.71838041890998	0
0	0	0	0	-5.71866465112559	0
1	0	0	0	-5.7185217218052	0
2	0	0	0	-5.71791030397455	0
3	0	0	0	-5.71674641076725	0
4	0	0	0	-5.71476432358002	0
5	0	0	0	-5.7117993124312	0
6	0	0	0	-5.70774125485279	0
7	0	0	0	-5.70279192800032	0
8	0	0	3.3350915914723E-19	-5.69699019923637	-3.08848946407377E-16
9	0	0	-6.17300351831889E-16	-5.69013006987435	2.45429653496472E-21
10	0	0	3.99905041520157E-18	-5.68200093682595	8.21486620421622E-17