"Energy (eV)"	"Flux Density (ph/s/mm<sup>2</sup>/0.1%B.W.)"
1.00000e+1	3.70468e+10
1.01036e+1	3.67479e+10
1.02083e+1	3.64533e+10
1.03141e+1	3.61629e+10
1.04210e+1	3.58768e+10
1.05290e+1	3.55952e+10
1.06381e+1	3.53181e+10
1.07483e+1	3.50455e+10
1.08597e+1	3.47775e+10
1.09722e+1	3.45142e+10
1.10859e+1	3.42556e+10
1.12008e+1	3.40018e+10
1.13168e+1	3.37529e+10
1.14341e+1	3.35088e+10
1.15526e+1	3.32697e+10
1.16723e+1	3.30355e+10
1.17933e+1	3.28064e+10
1.19155e+1	3.25823e+10
1.20389e+1	3.23633e+10
1.21637e+1	3.21494e+10
1.22897e+1	3.19407e+10
1.24171e+1	3.17372e+10
1.25458e+1	3.15389e+10
1.26758e+1	3.13458e+10
1.28071e+1	3.11579e+10
1.29398e+1	3.09754e+10
1.30739e+1	3.07981e+10
1.32094e+1	3.06262e+10
1.33463e+1	3.04595e+10
1.34846e+1	3.02982e+10
1.36243e+1	3.01422e+10
1.37655e+1	2.99916e+10
1.39081e+1	2.98462e+10
1.40522e+1	2.97063e+10
1.41978e+1	2.95716e+10
1.43450e+1	2.94424e+10
1.44936e+1	2.93184e+10
1.46438e+1	2.91997e+10
1.47955e+1	2.90864e+10
1.49488e+1	2.89784e+10
1.51038e+1	2.88757e+10
1.52603e+1	2.87782e+10
1.54184e+1	2.86860e+10
1.55782e+1	2.85991e+10
1.57396e+1	2.85174e+10
1.59027e+1	2.84409e+10
1.60675e+1	2.83695e+10
1.62340e+1	2.83034e+10
1.64022e+1	2.82423e+10
1.65722e+1	2.81864e+10
1.67439e+1	2.81356e+10
1.69174e+1	2.80898e+10
1.70927e+1	2.80490e+10
1.72698e+1	2.80132e+10
1.74488e+1	2.79823e+10
1.76296e+1	2.79564e+10
1.78123e+1	2.79354e+10
1.79968e+1	2.79192e+10
1.81833e+1	2.79079e+10
1.83717e+1	2.79013e+10
1.85621e+1	2.78994e+10
1.87545e+1	2.79023e+10
1.89488e+1	2.79098e+10
1.91451e+1	2.79220e+10
1.93435e+1	2.79387e+10
1.95440e+1	2.79600e+10
1.97465e+1	2.79857e+10
1.99511e+1	2.80159e+10
2.01579e+1	2.80506e+10
2.03667e+1	2.80896e+10
2.05778e+1	2.81329e+10
2.07910e+1	2.81805e+10
2.10065e+1	2.82323e+10
2.12241e+1	2.82883e+10
2.14441e+1	2.83485e+10
2.16663e+1	2.84128e+10
2.18908e+1	2.84811e+10
2.21176e+1	2.85534e+10
2.23468e+1	2.86297e+10
2.25784e+1	2.87099e+10
2.28123e+1	2.87940e+10
2.30487e+1	2.88819e+10
2.32876e+1	2.89736e+10
2.35289e+1	2.90690e+10
2.37727e+1	2.91682e+10
2.40190e+1	2.92709e+10
2.42679e+1	2.93773e+10
2.45194e+1	2.94872e+10
2.47735e+1	2.96007e+10
2.50302e+1	2.97176e+10
2.52895e+1	2.98379e+10
2.55516e+1	2.99616e+10
2.58164e+1	3.00886e+10
2.60839e+1	3.02190e+10
2.63542e+1	3.03526e+10
2.66273e+1	3.04894e+10
2.69032e+1	3.06293e+10
2.71820e+1	3.07724e+10
2.74636e+1	3.09186e+10
2.77482e+1	3.10679e+10
2.80357e+1	3.12201e+10
2.83263e+1	3.13753e+10
2.86198e+1	3.15335e+10
2.89164e+1	3.16946e+10
2.92160e+1	3.18585e+10
2.95187e+1	3.20252e+10
2.98246e+1	3.21948e+10
3.01337e+1	3.23671e+10
3.04459e+1	3.25421e+10
3.07614e+1	3.27198e+10
3.10802e+1	3.29002e+10
3.14022e+1	3.30832e+10
3.17276e+1	3.32688e+10
3.20564e+1	3.34569e+10
3.23886e+1	3.36476e+10
3.27242e+1	3.38408e+10
3.30633e+1	3.40365e+10
3.34059e+1	3.42347e+10
3.37521e+1	3.44352e+10
3.41018e+1	3.46382e+10
3.44552e+1	3.48436e+10
3.48122e+1	3.50513e+10
3.51729e+1	3.52614e+10
3.55374e+1	3.54737e+10
3.59057e+1	3.56884e+10
3.62777e+1	3.59053e+10
3.66537e+1	3.61245e+10
3.70335e+1	3.63459e+10
3.74172e+1	3.65695e+10
3.78049e+1	3.67954e+10
3.81967e+1	3.70234e+10
3.85925e+1	3.72535e+10
3.89924e+1	3.74858e+10
3.93965e+1	3.77203e+10
3.98047e+1	3.79569e+10
4.02172e+1	3.81955e+10
4.06339e+1	3.84363e+10
4.10550e+1	3.86792e+10
4.14804e+1	3.89241e+10
4.19102e+1	3.91711e+10
4.23445e+1	3.94201e+10
4.27833e+1	3.96712e+10
4.32266e+1	3.99243e+10
4.36745e+1	4.01794e+10
4.41271e+1	4.04366e+10
4.45844e+1	4.06957e+10
4.50464e+1	4.09569e+10
4.55131e+1	4.12200e+10
4.59848e+1	4.14851e+10
4.64613e+1	4.17523e+10
4.69427e+1	4.20214e+10
4.74291e+1	4.22924e+10
4.79206e+1	4.25655e+10
4.84172e+1	4.28405e+10
4.89189e+1	4.31174e+10
4.94258e+1	4.33964e+10
4.99380e+1	4.36772e+10
5.04554e+1	4.39601e+10
5.09783e+1	4.42449e+10
5.15065e+1	4.45316e+10
5.20403e+1	4.48203e+10
5.25795e+1	4.51109e+10
5.31244e+1	4.54035e+10
5.36748e+1	4.56980e+10
5.42310e+1	4.59945e+10
5.47930e+1	4.62929e+10
5.53608e+1	4.65932e+10
5.59344e+1	4.68955e+10
5.65140e+1	4.71997e+10
5.70997e+1	4.75059e+10
5.76913e+1	4.78141e+10
5.82892e+1	4.81241e+10
5.88932e+1	4.84362e+10
5.95034e+1	4.87501e+10
6.01200e+1	4.90661e+10
6.07430e+1	4.93839e+10
6.13724e+1	4.97037e+10
6.20084e+1	5.00255e+10
6.26509e+1	5.03492e+10
6.33001e+1	5.06749e+10
6.39561e+1	5.10026e+10
6.46188e+1	5.13322e+10
6.52884e+1	5.16637e+10
6.59649e+1	5.19973e+10
6.66485e+1	5.23328e+10
6.73391e+1	5.26702e+10
6.80369e+1	5.30096e+10
6.87419e+1	5.33510e+10
6.94542e+1	5.36944e+10
7.01739e+1	5.40398e+10
7.09011e+1	5.43871e+10
7.16358e+1	5.47364e+10
7.23781e+1	5.50876e+10
7.31281e+1	5.54409e+10
7.38859e+1	5.57961e+10
7.46515e+1	5.61533e+10
7.54251e+1	5.65126e+10
7.62067e+1	5.68737e+10
7.69963e+1	5.72369e+10
7.77942e+1	5.76021e+10
7.86003e+1	5.79692e+10
7.94148e+1	5.83384e+10
8.02377e+1	5.87095e+10
8.10691e+1	5.90826e+10
8.19092e+1	5.94578e+10
8.27580e+1	5.98349e+10
8.36155e+1	6.02140e+10
8.44820e+1	6.05951e+10
8.53574e+1	6.09782e+10
8.62419e+1	6.13633e+10
8.71356e+1	6.17504e+10
8.80385e+1	6.21394e+10
8.89508e+1	6.25305e+10
8.98725e+1	6.29236e+10
9.08038e+1	6.33187e+10
9.17447e+1	6.37157e+10
9.26954e+1	6.41148e+10
9.36559e+1	6.45158e+10
9.46264e+1	6.49188e+10
9.56070e+1	6.53238e+10
9.65977e+1	6.57308e+10
9.75986e+1	6.61398e+10
9.86100e+1	6.65508e+10
9.96318e+1	6.69637e+10
1.00664e+2	6.73786e+10
1.01707e+2	6.77955e+10
1.02761e+2	6.82143e+10
1.03826e+2	6.86351e+10
1.04902e+2	6.90579e+10
1.05989e+2	6.94826e+10
1.07087e+2	6.99093e+10
1.08197e+2	7.03379e+10
1.09318e+2	7.07684e+10
1.10451e+2	7.12009e+10
1.11595e+2	7.16353e+10
1.12752e+2	7.20716e+10
1.13920e+2	7.25099e+10
1.15101e+2	7.29500e+10
1.16293e+2	7.33921e+10
1.17498e+2	7.38360e+10
1.18716e+2	7.42818e+10
1.19946e+2	7.47295e+10
1.21189e+2	7.51791e+10
1.22445e+2	7.56305e+10
1.23714e+2	7.60837e+10
1.24996e+2	7.65388e+10
1.26291e+2	7.69958e+10
1.27599e+2	7.74545e+10
1.28922e+2	7.79150e+10
1.30258e+2	7.83773e+10
1.31607e+2	7.88414e+10
1.32971e+2	7.93073e+10
1.34349e+2	7.97749e+10
1.35741e+2	8.02443e+10
1.37148e+2	8.07154e+10
1.38569e+2	8.11881e+10
1.40005e+2	8.16626e+10
1.41456e+2	8.21388e+10
1.42921e+2	8.26166e+10
1.44402e+2	8.30960e+10
1.45899e+2	8.35771e+10
1.47411e+2	8.40598e+10
1.48938e+2	8.45440e+10
1.50481e+2	8.50299e+10
1.52041e+2	8.55172e+10
1.53616e+2	8.60061e+10
1.55208e+2	8.64966e+10
1.56816e+2	8.69884e+10
1.58441e+2	8.74818e+10
1.60083e+2	8.79766e+10
1.61742e+2	8.84728e+10
1.63418e+2	8.89704e+10
1.65111e+2	8.94693e+10
1.66822e+2	8.99696e+10
1.68551e+2	9.04712e+10
1.70298e+2	9.09741e+10
1.72062e+2	9.14782e+10
1.73845e+2	9.19836e+10
1.75647e+2	9.24902e+10
1.77467e+2	9.29979e+10
1.79306e+2	9.35067e+10
1.81164e+2	9.40167e+10
1.83041e+2	9.45277e+10
1.84938e+2	9.50398e+10
1.86854e+2	9.55529e+10
1.88790e+2	9.60669e+10
1.90747e+2	9.65819e+10
1.92723e+2	9.70978e+10
1.94720e+2	9.76145e+10
1.96738e+2	9.81320e+10
1.98777e+2	9.86504e+10
2.00836e+2	9.91694e+10
2.02917e+2	9.96892e+10
2.05020e+2	1.00210e+11
2.07145e+2	1.00731e+11
2.09291e+2	1.01252e+11
2.11460e+2	1.01774e+11
2.13651e+2	1.02297e+11
2.15865e+2	1.02820e+11
2.18102e+2	1.03343e+11
2.20362e+2	1.03867e+11
2.22645e+2	1.04391e+11
2.24952e+2	1.04915e+11
2.27283e+2	1.05440e+11
2.29639e+2	1.05964e+11
2.32018e+2	1.06489e+11
2.34422e+2	1.07014e+11
2.36852e+2	1.07538e+11
2.39306e+2	1.08063e+11
2.41786e+2	1.08587e+11
2.44291e+2	1.09111e+11
2.46822e+2	1.09635e+11
2.49380e+2	1.10159e+11
2.51964e+2	1.10682e+11
2.54575e+2	1.11205e+11
2.57213e+2	1.11727e+11
2.59878e+2	1.12249e+11
2.62571e+2	1.12770e+11
2.65292e+2	1.13290e+11
2.68041e+2	1.13810e+11
2.70819e+2	1.14328e+11
2.73625e+2	1.14846e+11
2.76460e+2	1.15363e+11
2.79325e+2	1.15878e+11
2.82220e+2	1.16393e+11
2.85144e+2	1.16906e+11
2.88099e+2	1.17418e+11
2.91084e+2	1.17928e+11
2.94101e+2	1.18437e+11
2.97148e+2	1.18945e+11
3.00227e+2	1.19451e+11
3.03338e+2	1.19955e+11
3.06481e+2	1.20457e+11
3.09657e+2	1.20958e+11
3.12866e+2	1.21456e+11
3.16108e+2	1.21953e+11
3.19384e+2	1.22447e+11
3.22693e+2	1.22939e+11
3.26037e+2	1.23429e+11
3.29416e+2	1.23916e+11
3.32829e+2	1.24401e+11
3.36278e+2	1.24884e+11
3.39763e+2	1.25363e+11
3.43283e+2	1.25840e+11
3.46840e+2	1.26314e+11
3.50434e+2	1.26784e+11
3.54066e+2	1.27252e+11
3.57735e+2	1.27717e+11
3.61442e+2	1.28178e+11
3.65187e+2	1.28636e+11
3.68971e+2	1.29090e+11
3.72795e+2	1.29541e+11
3.76658e+2	1.29987e+11
3.80561e+2	1.30430e+11
3.84504e+2	1.30870e+11
3.88488e+2	1.31305e+11
3.92514e+2	1.31735e+11
3.96581e+2	1.32162e+11
4.00691e+2	1.32584e+11
4.04843e+2	1.33002e+11
4.09038e+2	1.33415e+11
4.13277e+2	1.33823e+11
4.17559e+2	1.34226e+11
4.21886e+2	1.34624e+11
4.26258e+2	1.35018e+11
4.30675e+2	1.35405e+11
4.35137e+2	1.35788e+11
4.39646e+2	1.36165e+11
4.44202e+2	1.36537e+11
4.48805e+2	1.36902e+11
4.53456e+2	1.37262e+11
4.58155e+2	1.37616e+11
4.62902e+2	1.37964e+11
4.67699e+2	1.38305e+11
4.72545e+2	1.38640e+11
4.77442e+2	1.38969e+11
4.82389e+2	1.39291e+11
4.87388e+2	1.39606e+11
4.92438e+2	1.39914e+11
4.97541e+2	1.40216e+11
5.02697e+2	1.40510e+11
5.07906e+2	1.40797e+11
5.13169e+2	1.41076e+11
5.18486e+2	1.41348e+11
5.23859e+2	1.41612e+11
5.29288e+2	1.41868e+11
5.34772e+2	1.42117e+11
5.40314e+2	1.42357e+11
5.45913e+2	1.42589e+11
5.51569e+2	1.42813e+11
5.57285e+2	1.43028e+11
5.63060e+2	1.43234e+11
5.68894e+2	1.43432e+11
5.74789e+2	1.43621e+11
5.80745e+2	1.43801e+11
5.86763e+2	1.43972e+11
5.92843e+2	1.44133e+11
5.98987e+2	1.44285e+11
6.05194e+2	1.44428e+11
6.11465e+2	1.44561e+11
6.17801e+2	1.44684e+11
6.24203e+2	1.44797e+11
6.30671e+2	1.44900e+11
6.37206e+2	1.44992e+11
6.43809e+2	1.45075e+11
6.50480e+2	1.45147e+11
6.57221e+2	1.45209e+11
6.64031e+2	1.45259e+11
6.70912e+2	1.45300e+11
6.77864e+2	1.45329e+11
6.84888e+2	1.45347e+11
6.91985e+2	1.45354e+11
6.99156e+2	1.45349e+11
7.06401e+2	1.45334e+11
7.13721e+2	1.45307e+11
7.21116e+2	1.45268e+11
7.28589e+2	1.45217e+11
7.36139e+2	1.45155e+11
7.43767e+2	1.45081e+11
7.51474e+2	1.44995e+11
7.59261e+2	1.44897e+11
7.67128e+2	1.44786e+11
7.75078e+2	1.44664e+11
7.83109e+2	1.44529e+11
7.91224e+2	1.44381e+11
7.99423e+2	1.44221e+11
8.07707e+2	1.44049e+11
8.16076e+2	1.43864e+11
8.24533e+2	1.43666e+11
8.33077e+2	1.43455e+11
8.41709e+2	1.43231e+11
8.50431e+2	1.42995e+11
8.59244e+2	1.42745e+11
8.68147e+2	1.42483e+11
8.77143e+2	1.42207e+11
8.86233e+2	1.41918e+11
8.95416e+2	1.41616e+11
9.04695e+2	1.41301e+11
9.14069e+2	1.40973e+11
9.23541e+2	1.40631e+11
9.33111e+2	1.40276e+11
9.42780e+2	1.39908e+11
9.52550e+2	1.39526e+11
9.62420e+2	1.39131e+11
9.72393e+2	1.38723e+11
9.82469e+2	1.38302e+11
9.92650e+2	1.37867e+11
1.00294e+3	1.37419e+11
1.01333e+3	1.36957e+11
1.02383e+3	1.36483e+11
1.03444e+3	1.35995e+11
1.04516e+3	1.35494e+11
1.05599e+3	1.34980e+11
1.06693e+3	1.34453e+11
1.07799e+3	1.33913e+11
1.08916e+3	1.33360e+11
1.10044e+3	1.32794e+11
1.11185e+3	1.32215e+11
1.12337e+3	1.31623e+11
1.13501e+3	1.31019e+11
1.14677e+3	1.30402e+11
1.15865e+3	1.29773e+11
1.17066e+3	1.29132e+11
1.18279e+3	1.28478e+11
1.19505e+3	1.27812e+11
1.20743e+3	1.27134e+11
1.21994e+3	1.26445e+11
1.23258e+3	1.25743e+11
1.24535e+3	1.25030e+11
1.25826e+3	1.24306e+11
1.27130e+3	1.23571e+11
1.28447e+3	1.22824e+11
1.29778e+3	1.22067e+11
1.31123e+3	1.21298e+11
1.32482e+3	1.20520e+11
1.33854e+3	1.19731e+11
1.35241e+3	1.18931e+11
1.36643e+3	1.18122e+11
1.38059e+3	1.17304e+11
1.39489e+3	1.16475e+11
1.40935e+3	1.15638e+11
1.42395e+3	1.14791e+11
1.43871e+3	1.13936e+11
1.45362e+3	1.13072e+11
1.46868e+3	1.12199e+11
1.48390e+3	1.11319e+11
1.49927e+3	1.10431e+11
1.51481e+3	1.09536e+11
1.53051e+3	1.08633e+11
1.54637e+3	1.07723e+11
1.56239e+3	1.06807e+11
1.57858e+3	1.05884e+11
1.59494e+3	1.04955e+11
1.61146e+3	1.04021e+11
1.62816e+3	1.03080e+11
1.64503e+3	1.02136e+11
1.66208e+3	1.01186e+11
1.67930e+3	1.00232e+11
1.69671e+3	9.92732e+10
1.71429e+3	9.83113e+10
1.73205e+3	9.73458e+10
1.75000e+3	9.63773e+10
1.76813e+3	9.54061e+10
1.78645e+3	9.44325e+10
1.80497e+3	9.34569e+10
1.82367e+3	9.24797e+10
1.84257e+3	9.15012e+10
1.86166e+3	9.05217e+10
1.88095e+3	8.95417e+10
1.90044e+3	8.85615e+10
1.92014e+3	8.75815e+10
1.94003e+3	8.66020e+10
1.96014e+3	8.56234e+10
1.98045e+3	8.46461e+10
2.00097e+3	8.36705e+10
2.02170e+3	8.26969e+10
2.04265e+3	8.17257e+10
2.06382e+3	8.07573e+10
2.08521e+3	7.97920e+10
2.10681e+3	7.88303e+10
2.12864e+3	7.78724e+10
2.15070e+3	7.69188e+10
2.17299e+3	7.59699e+10
2.19550e+3	7.50259e+10
2.21826e+3	7.40873e+10
2.24124e+3	7.31544e+10
2.26447e+3	7.22276e+10
2.28793e+3	7.13073e+10
2.31164e+3	7.03936e+10
2.33559e+3	6.94871e+10
2.35979e+3	6.85881e+10
2.38425e+3	6.76969e+10
2.40895e+3	6.68137e+10
2.43392e+3	6.59391e+10
2.45914e+3	6.50732e+10
2.48462e+3	6.42163e+10
2.51037e+3	6.33689e+10
2.53638e+3	6.25311e+10
2.56266e+3	6.17033e+10
2.58922e+3	6.08858e+10
2.61605e+3	6.00788e+10
2.64315e+3	5.92826e+10
2.67054e+3	5.84975e+10
2.69822e+3	5.77237e+10
2.72618e+3	5.69615e+10
2.75443e+3	5.62110e+10
2.78297e+3	5.54727e+10
2.81181e+3	5.47465e+10
2.84094e+3	5.40328e+10
2.87038e+3	5.33318e+10
2.90012e+3	5.26436e+10
2.93018e+3	5.19685e+10
2.96054e+3	5.13065e+10
2.99122e+3	5.06579e+10
3.02221e+3	5.00228e+10
3.05353e+3	4.94014e+10
3.08517e+3	4.87937e+10
3.11714e+3	4.81999e+10
3.14944e+3	4.76200e+10
3.18208e+3	4.70543e+10
3.21505e+3	4.65028e+10
3.24837e+3	4.59654e+10
3.28203e+3	4.54424e+10
3.31604e+3	4.49338e+10
3.35040e+3	4.44396e+10
3.38512e+3	4.39597e+10
3.42019e+3	4.34944e+10
3.45563e+3	4.30435e+10
3.49144e+3	4.26071e+10
3.52762e+3	4.21851e+10
3.56418e+3	4.17775e+10
3.60111e+3	4.13844e+10
3.63842e+3	4.10056e+10
3.67613e+3	4.06411e+10
3.71422e+3	4.02908e+10
3.75271e+3	3.99547e+10
3.79159e+3	3.96327e+10
3.83088e+3	3.93247e+10
3.87058e+3	3.90306e+10
3.91069e+3	3.87503e+10
3.95121e+3	3.84836e+10
3.99216e+3	3.82306e+10
4.03352e+3	3.79909e+10
4.07532e+3	3.77645e+10
4.11755e+3	3.75512e+10
4.16022e+3	3.73510e+10
4.20333e+3	3.71635e+10
4.24688e+3	3.69887e+10
4.29089e+3	3.68264e+10
4.33535e+3	3.66764e+10
4.38028e+3	3.65385e+10
4.42567e+3	3.64125e+10
4.47153e+3	3.62982e+10
4.51786e+3	3.61955e+10
4.56468e+3	3.61042e+10
4.61198e+3	3.60239e+10
4.65977e+3	3.59546e+10
4.70805e+3	3.58960e+10
4.75684e+3	3.58478e+10
4.80613e+3	3.58099e+10
4.85593e+3	3.57821e+10
4.90625e+3	3.57641e+10
4.95709e+3	3.57558e+10
5.00846e+3	3.57568e+10
5.06036e+3	3.57669e+10
5.11279e+3	3.57860e+10
5.16577e+3	3.58138e+10
5.21930e+3	3.58501e+10
5.27339e+3	3.58946e+10
5.32803e+3	3.59472e+10
5.38324e+3	3.60076e+10
5.43903e+3	3.60756e+10
5.49539e+3	3.61510e+10
5.55233e+3	3.62335e+10
5.60987e+3	3.63229e+10
5.66800e+3	3.64191e+10
5.72673e+3	3.65218e+10
5.78607e+3	3.66308e+10
5.84603e+3	3.67459e+10
5.90661e+3	3.68669e+10
5.96781e+3	3.69937e+10
6.02965e+3	3.71259e+10
6.09213e+3	3.72634e+10
6.15526e+3	3.74061e+10
6.21904e+3	3.75537e+10
6.28349e+3	3.77061e+10
6.34860e+3	3.78631e+10
6.41439e+3	3.80244e+10
6.48085e+3	3.81901e+10
6.54801e+3	3.83598e+10
6.61586e+3	3.85334e+10
6.68442e+3	3.87108e+10
6.75368e+3	3.88918e+10
6.82367e+3	3.90763e+10
6.89437e+3	3.92641e+10
6.96582e+3	3.94551e+10
7.03800e+3	3.96492e+10
7.11093e+3	3.98462e+10
7.18461e+3	4.00460e+10
7.25906e+3	4.02485e+10
7.33428e+3	4.04535e+10
7.41028e+3	4.06610e+10
7.48707e+3	4.08708e+10
7.56465e+3	4.10829e+10
7.64304e+3	4.12971e+10
7.72224e+3	4.15133e+10
7.80226e+3	4.17315e+10
7.88311e+3	4.19515e+10
7.96479e+3	4.21733e+10
8.04733e+3	4.23968e+10
8.13072e+3	4.26218e+10
8.21497e+3	4.28485e+10
8.30009e+3	4.30765e+10
8.38610e+3	4.33059e+10
8.47300e+3	4.35367e+10
8.56080e+3	4.37687e+10
8.64951e+3	4.40018e+10
8.73914e+3	4.42361e+10
8.82970e+3	4.44715e+10
8.92119e+3	4.47079e+10
9.01364e+3	4.49452e+10
9.10704e+3	4.51834e+10
9.20141e+3	4.54225e+10
9.29676e+3	4.56623e+10
9.39309e+3	4.59029e+10
9.49042e+3	4.61443e+10
9.58877e+3	4.63863e+10
9.68813e+3	4.66289e+10
9.78852e+3	4.68721e+10
9.88995e+3	4.71159e+10
9.99243e+3	4.73601e+10
1.00960e+4	4.76049e+10
1.02006e+4	4.78500e+10
1.03063e+4	4.80956e+10
1.04131e+4	4.83415e+10
1.05210e+4	4.85877e+10
1.06300e+4	4.88342e+10
1.07402e+4	4.90810e+10
1.08515e+4	4.93279e+10
1.09639e+4	4.95751e+10
1.10775e+4	4.98224e+10
1.11923e+4	5.00699e+10
1.13083e+4	5.03174e+10
1.14255e+4	5.05650e+10
1.15439e+4	5.08126e+10
1.16635e+4	5.10602e+10
1.17843e+4	5.13078e+10
1.19065e+4	5.15552e+10
1.20298e+4	5.18026e+10
1.21545e+4	5.20498e+10
1.22804e+4	5.22969e+10
1.24077e+4	5.25438e+10
1.25363e+4	5.27904e+10
1.26662e+4	5.30367e+10
1.27974e+4	5.32827e+10
1.29300e+4	5.35284e+10
1.30640e+4	5.37737e+10
1.31994e+4	5.40186e+10
1.33362e+4	5.42630e+10
1.34743e+4	5.45070e+10
1.36140e+4	5.47504e+10
1.37550e+4	5.49933e+10
1.38976e+4	5.52356e+10
1.40416e+4	5.54772e+10
1.41871e+4	5.57182e+10
1.43341e+4	5.59584e+10
1.44826e+4	5.61979e+10
1.46327e+4	5.64366e+10
1.47843e+4	5.66744e+10
1.49375e+4	5.69114e+10
1.50923e+4	5.71475e+10
1.52487e+4	5.73826e+10
1.54067e+4	5.76167e+10
1.55664e+4	5.78497e+10
1.57277e+4	5.80817e+10
1.58907e+4	5.83125e+10
1.60553e+4	5.85421e+10
1.62217e+4	5.87705e+10
1.63898e+4	5.89976e+10
1.65596e+4	5.92234e+10
1.67312e+4	5.94478e+10
1.69046e+4	5.96708e+10
1.70798e+4	5.98923e+10
1.72567e+4	6.01124e+10
1.74356e+4	6.03308e+10
1.76162e+4	6.05476e+10
1.77988e+4	6.07627e+10
1.79832e+4	6.09762e+10
1.81696e+4	6.11878e+10
1.83578e+4	6.13976e+10
1.85481e+4	6.16055e+10
1.87403e+4	6.18115e+10
1.89345e+4	6.20155e+10
1.91307e+4	6.22174e+10
1.93289e+4	6.24172e+10
1.95292e+4	6.26149e+10
1.97316e+4	6.28103e+10
1.99360e+4	6.30034e+10
2.01426e+4	6.31943e+10
2.03513e+4	6.33827e+10
2.05622e+4	6.35686e+10
2.07753e+4	6.37521e+10
2.09906e+4	6.39329e+10
2.12081e+4	6.41111e+10
2.14278e+4	6.42866e+10
2.16499e+4	6.44594e+10
2.18742e+4	6.46293e+10
2.21009e+4	6.47963e+10
2.23299e+4	6.49604e+10
2.25613e+4	6.51215e+10
2.27951e+4	6.52794e+10
2.30313e+4	6.54343e+10
2.32699e+4	6.55859e+10
2.35111e+4	6.57342e+10
2.37547e+4	6.58792e+10
2.40008e+4	6.60208e+10
2.42495e+4	6.61589e+10
2.45008e+4	6.62935e+10
2.47547e+4	6.64245e+10
2.50112e+4	6.65518e+10
2.52704e+4	6.66753e+10
2.55323e+4	6.67950e+10
2.57968e+4	6.69109e+10
2.60641e+4	6.70228e+10
2.63342e+4	6.71307e+10
2.66071e+4	6.72345e+10
2.68828e+4	6.73342e+10
2.71614e+4	6.74296e+10
2.74428e+4	6.75207e+10
2.77272e+4	6.76075e+10
2.80145e+4	6.76899e+10
2.83048e+4	6.77678e+10
2.85981e+4	6.78411e+10
2.88945e+4	6.79097e+10
2.91939e+4	6.79737e+10
2.94964e+4	6.80329e+10
2.98020e+4	6.80873e+10
3.01109e+4	6.81368e+10
3.04229e+4	6.81813e+10
3.07381e+4	6.82208e+10
3.10566e+4	6.82551e+10
3.13785e+4	6.82843e+10
3.17036e+4	6.83083e+10
3.20321e+4	6.83270e+10
3.23641e+4	6.83403e+10
3.26994e+4	6.83482e+10
3.30383e+4	6.83506e+10
3.33806e+4	6.83474e+10
3.37265e+4	6.83387e+10
3.40760e+4	6.83242e+10
3.44291e+4	6.83040e+10
3.47859e+4	6.82781e+10
3.51463e+4	6.82462e+10
3.55105e+4	6.82085e+10
3.58785e+4	6.81648e+10
3.62503e+4	6.81150e+10
3.66259e+4	6.80592e+10
3.70054e+4	6.79973e+10
3.73889e+4	6.79292e+10
3.77763e+4	6.78548e+10
3.81678e+4	6.77741e+10
3.85633e+4	6.76871e+10
3.89629e+4	6.75938e+10
3.93666e+4	6.74940e+10
3.97746e+4	6.73877e+10
4.01867e+4	6.72749e+10
4.06032e+4	6.71556e+10
4.10239e+4	6.70296e+10
4.14490e+4	6.68970e+10
4.18785e+4	6.67578e+10
4.23125e+4	6.66119e+10
4.27509e+4	6.64592e+10
4.31939e+4	6.62997e+10
4.36415e+4	6.61335e+10
4.40937e+4	6.59604e+10
4.45506e+4	6.57805e+10
4.50123e+4	6.55937e+10
4.54787e+4	6.54000e+10
4.59500e+4	6.51994e+10
4.64261e+4	6.49919e+10
4.69072e+4	6.47775e+10
4.73933e+4	6.45561e+10
4.78844e+4	6.43277e+10
4.83805e+4	6.40924e+10
4.88819e+4	6.38502e+10
4.93884e+4	6.36009e+10
4.99002e+4	6.33448e+10
5.04173e+4	6.30816e+10
5.09397e+4	6.28115e+10
5.14676e+4	6.25345e+10
5.20009e+4	6.22505e+10
5.25397e+4	6.19597e+10
5.30842e+4	6.16619e+10
5.36342e+4	6.13573e+10
5.41900e+4	6.10459e+10
5.47515e+4	6.07276e+10
5.53189e+4	6.04026e+10
5.58921e+4	6.00708e+10
5.64713e+4	5.97323e+10
5.70564e+4	5.93872e+10
5.76477e+4	5.90354e+10
5.82450e+4	5.86771e+10
5.88486e+4	5.83122e+10
5.94584e+4	5.79409e+10
6.00745e+4	5.75632e+10
6.06970e+4	5.71791e+10
6.13260e+4	5.67887e+10
6.19615e+4	5.63922e+10
6.26035e+4	5.59895e+10
6.32522e+4	5.55807e+10
6.39077e+4	5.51660e+10
6.45699e+4	5.47453e+10
6.52390e+4	5.43189e+10
6.59150e+4	5.38867e+10
6.65981e+4	5.34489e+10
6.72882e+4	5.30055e+10
6.79854e+4	5.25567e+10
6.86899e+4	5.21026e+10
6.94017e+4	5.16433e+10
7.01208e+4	5.11788e+10
7.08475e+4	5.07093e+10
7.15816e+4	5.02350e+10
7.23233e+4	4.97559e+10
7.30728e+4	4.92721e+10
7.38300e+4	4.87839e+10
7.45950e+4	4.82913e+10
7.53680e+4	4.77944e+10
7.61490e+4	4.72934e+10
7.69381e+4	4.67884e+10
7.77353e+4	4.62796e+10
7.85408e+4	4.57672e+10
7.93547e+4	4.52485e+10
8.01770e+4	4.47287e+10
8.10078e+4	4.42057e+10
8.18472e+4	4.36796e+10
8.26954e+4	4.31506e+10
8.35523e+4	4.26189e+10
8.44181e+4	4.20845e+10
8.52928e+4	4.15476e+10
8.61766e+4	4.10085e+10
8.70696e+4	4.04673e+10
8.79719e+4	3.99242e+10
8.88835e+4	3.93794e+10
8.98045e+4	3.88329e+10
9.07351e+4	3.82851e+10
9.16753e+4	3.77360e+10
9.26253e+4	3.71859e+10
9.35851e+4	3.66349e+10
9.45548e+4	3.60833e+10
9.55346e+4	3.55312e+10
9.65246e+4	3.49788e+10
9.75248e+4	3.44262e+10
9.85354e+4	3.38738e+10
9.95564e+4	3.33216e+10
1.00588e+5	3.27699e+10
1.01630e+5	3.22188e+10
1.02683e+5	3.16685e+10
1.03748e+5	3.11192e+10
1.04823e+5	3.05711e+10
1.05909e+5	3.00245e+10
1.07006e+5	2.94794e+10
1.08115e+5	2.89360e+10
1.09235e+5	2.83946e+10
1.10367e+5	2.78554e+10
1.11511e+5	2.73184e+10
1.12666e+5	2.67840e+10
1.13834e+5	2.62522e+10
1.15014e+5	2.57233e+10
1.16205e+5	2.51974e+10
1.17409e+5	2.46747e+10
1.18626e+5	2.41553e+10
1.19855e+5	2.36395e+10
1.21097e+5	2.31275e+10
1.22352e+5	2.26193e+10
1.23620e+5	2.21151e+10
1.24901e+5	2.16151e+10
1.26195e+5	2.11195e+10
1.27503e+5	2.06283e+10
1.28824e+5	2.01418e+10
1.30159e+5	1.96601e+10
1.31508e+5	1.91833e+10
1.32871e+5	1.87116e+10
1.34247e+5	1.82450e+10
1.35638e+5	1.77838e+10
1.37044e+5	1.73281e+10
1.38464e+5	1.68779e+10
1.39899e+5	1.64333e+10
1.41349e+5	1.59946e+10
1.42813e+5	1.55618e+10
1.44293e+5	1.51349e+10
1.45788e+5	1.47142e+10
1.47299e+5	1.42996e+10
1.48825e+5	1.38913e+10
1.50368e+5	1.34893e+10
1.51926e+5	1.30937e+10
1.53500e+5	1.27047e+10
1.55091e+5	1.23221e+10
1.56698e+5	1.19462e+10
1.58321e+5	1.15769e+10
1.59962e+5	1.12144e+10
1.61620e+5	1.08586e+10
1.63294e+5	1.05096e+10
1.64986e+5	1.01673e+10
1.66696e+5	9.83196e+9
1.68423e+5	9.50345e+9
1.70169e+5	9.18180e+9
1.71932e+5	8.86704e+9
1.73714e+5	8.55915e+9
1.75514e+5	8.25815e+9
1.77332e+5	7.96402e+9
1.79170e+5	7.67675e+9
1.81027e+5	7.39631e+9
1.82902e+5	7.12270e+9
1.84798e+5	6.85587e+9
1.86713e+5	6.59580e+9
1.88647e+5	6.34245e+9
1.90602e+5	6.09577e+9
1.92577e+5	5.85571e+9
1.94573e+5	5.62223e+9
1.96589e+5	5.39526e+9
1.98626e+5	5.17475e+9
2.00684e+5	4.96063e+9
2.02764e+5	4.75283e+9
2.04865e+5	4.55128e+9
2.06988e+5	4.35590e+9
2.09133e+5	4.16661e+9
2.11300e+5	3.98332e+9
2.13489e+5	3.80596e+9
2.15702e+5	3.63443e+9
2.17937e+5	3.46863e+9
2.20195e+5	3.30848e+9
2.22477e+5	3.15387e+9
2.24782e+5	3.00470e+9
2.27111e+5	2.86088e+9
2.29465e+5	2.72229e+9
2.31843e+5	2.58883e+9
2.34245e+5	2.46039e+9
2.36672e+5	2.33686e+9
2.39125e+5	2.21814e+9
2.41603e+5	2.10411e+9
2.44106e+5	1.99465e+9
2.46636e+5	1.88965e+9
2.49191e+5	1.78901e+9
2.51774e+5	1.69260e+9
2.54383e+5	1.60031e+9
2.57019e+5	1.51202e+9
2.59682e+5	1.42763e+9
2.62373e+5	1.34701e+9
2.65091e+5	1.27006e+9
2.67838e+5	1.19665e+9
2.70614e+5	1.12668e+9
2.73418e+5	1.06004e+9
2.76251e+5	9.96612e+8
2.79114e+5	9.36287e+8
2.82006e+5	8.78958e+8
2.84928e+5	8.24518e+8
2.87881e+5	7.72862e+8
2.90864e+5	7.23885e+8
2.93878e+5	6.77485e+8
2.96923e+5	6.33562e+8
3.00000e+5	5.92016e+8