# energy[keV] vert_div_fwhm[mrad] vert_div_rms[mrad] flux[ph/s/0.1%/100mA]
1.000000e+00 1.001928e+00 2.902495e-01 3.247700e+12
2.000000e+00 9.903341e-01 2.728683e-01 4.656472e+12
3.000000e+00 8.547955e-01 2.550216e-01 5.449456e+12
4.000000e+00 7.681521e-01 2.385509e-01 5.929431e+12
5.000000e+00 7.057812e-01 2.239395e-01 6.236205e+12
6.000000e+00 6.576746e-01 2.112034e-01 6.439800e+12
7.000000e+00 6.188558e-01 2.001689e-01 6.577265e+12
8.000000e+00 5.865132e-01 1.906007e-01 6.669333e+12
9.000000e+00 5.589112e-01 1.822631e-01 6.728338e+12
1.000000e+01 5.349167e-01 1.749465e-01 6.762108e+12
1.100000e+01 5.137489e-01 1.684744e-01 6.775926e+12
1.200000e+01 4.948462e-01 1.627031e-01 6.773566e+12
1.300000e+01 4.777998e-01 1.575170e-01 6.757848e+12
1.400000e+01 4.622928e-01 1.528234e-01 6.730962e+12
1.500000e+01 4.480842e-01 1.485480e-01 6.694654e+12
1.600000e+01 4.349819e-01 1.446308e-01 6.650345e+12
1.700000e+01 4.228355e-01 1.410231e-01 6.599217e+12
1.800000e+01 4.115182e-01 1.376849e-01 6.542262e+12
1.900000e+01 4.009287e-01 1.345832e-01 6.480318e+12
2.000000e+01 3.909973e-01 1.316903e-01 6.414103e+12
2.100000e+01 3.817026e-01 1.289831e-01 6.344244e+12
2.200000e+01 3.729805e-01 1.264418e-01 6.271277e+12
2.300000e+01 3.647737e-01 1.240496e-01 6.195671e+12
2.400000e+01 3.570346e-01 1.217919e-01 6.117840e+12
2.500000e+01 3.497178e-01 1.196563e-01 6.038146e+12
2.600000e+01 3.427885e-01 1.176317e-01 5.956909e+12
2.700000e+01 3.362116e-01 1.157086e-01 5.874416e+12
2.800000e+01 3.299587e-01 1.138786e-01 5.790913e+12
2.900000e+01 3.240053e-01 1.121340e-01 5.706631e+12
3.000000e+01 3.183271e-01 1.104684e-01 5.621768e+12
3.100000e+01 3.129046e-01 1.088757e-01 5.536505e+12
3.200000e+01 3.077185e-01 1.073507e-01 5.451001e+12
3.300000e+01 3.027533e-01 1.058885e-01 5.365397e+12
3.400000e+01 2.979935e-01 1.044849e-01 5.279827e+12
3.500000e+01 2.934253e-01 1.031360e-01 5.194406e+12
3.600000e+01 2.890371e-01 1.018382e-01 5.109236e+12
3.700000e+01 2.848171e-01 1.005883e-01 5.024415e+12
3.800000e+01 2.807557e-01 9.938331e-02 4.940019e+12
3.900000e+01 2.768430e-01 9.822063e-02 4.856126e+12
4.000000e+01 2.730703e-01 9.709777e-02 4.772802e+12
4.100000e+01 2.694296e-01 9.601245e-02 4.690113e+12
4.200000e+01 2.659148e-01 9.496259e-02 4.608107e+12
4.300000e+01 2.625176e-01 9.394627e-02 4.526836e+12
4.400000e+01 2.592319e-01 9.296170e-02 4.446341e+12
4.500000e+01 2.560535e-01 9.200725e-02 4.366660e+12
4.600000e+01 2.529748e-01 9.108136e-02 4.287827e+12
4.700000e+01 2.499917e-01 9.018263e-02 4.209872e+12
4.800000e+01 2.471010e-01 8.930976e-02 4.132816e+12
4.900000e+01 2.442955e-01 8.846148e-02 4.056689e+12
5.000000e+01 2.415739e-01 8.763665e-02 3.981505e+12
5.100000e+01 2.389301e-01 8.683421e-02 3.907284e+12
5.200000e+01 2.363623e-01 8.605314e-02 3.834037e+12
5.300000e+01 2.338655e-01 8.529251e-02 3.761778e+12
5.400000e+01 2.314387e-01 8.455143e-02 3.690516e+12
5.500000e+01 2.290764e-01 8.382904e-02 3.620259e+12
5.600000e+01 2.267782e-01 8.312460e-02 3.551012e+12
5.700000e+01 2.245390e-01 8.243734e-02 3.482781e+12
5.800000e+01 2.223596e-01 8.176659e-02 3.415565e+12
5.900000e+01 2.202339e-01 8.111167e-02 3.349369e+12
6.000000e+01 2.181628e-01 8.047199e-02 3.284190e+12
6.100000e+01 2.161423e-01 7.984693e-02 3.220029e+12
6.200000e+01 2.141710e-01 7.923597e-02 3.156881e+12
6.300000e+01 2.122480e-01 7.863856e-02 3.094745e+12
6.400000e+01 2.103689e-01 7.805422e-02 3.033615e+12
6.500000e+01 2.085353e-01 7.748246e-02 2.973488e+12
6.600000e+01 2.067439e-01 7.692284e-02 2.914356e+12
6.700000e+01 2.049915e-01 7.637493e-02 2.856213e+12
6.800000e+01 2.032810e-01 7.583834e-02 2.799053e+12
6.900000e+01 2.016073e-01 7.531266e-02 2.742868e+12
7.000000e+01 1.999687e-01 7.479755e-02 2.687648e+12
7.100000e+01 1.983683e-01 7.429264e-02 2.633385e+12
7.200000e+01 1.968010e-01 7.379760e-02 2.580071e+12
7.300000e+01 1.952655e-01 7.331212e-02 2.527697e+12
7.400000e+01 1.937635e-01 7.283588e-02 2.476252e+12
7.500000e+01 1.922926e-01 7.236862e-02 2.425725e+12
7.600000e+01 1.908505e-01 7.191002e-02 2.376108e+12
7.700000e+01 1.894369e-01 7.145983e-02 2.327388e+12
7.800000e+01 1.880535e-01 7.101781e-02 2.279556e+12
7.900000e+01 1.866964e-01 7.058371e-02 2.232599e+12
8.000000e+01 1.853641e-01 7.015729e-02 2.186508e+12
8.100000e+01 1.840587e-01 6.973832e-02 2.141271e+12
8.200000e+01 1.827792e-01 6.932660e-02 2.096876e+12
8.300000e+01 1.815223e-01 6.892192e-02 2.053311e+12
8.400000e+01 1.802873e-01 6.852408e-02 2.010567e+12
8.500000e+01 1.790774e-01 6.813288e-02 1.968630e+12
8.600000e+01 1.778896e-01 6.774814e-02 1.927489e+12
8.700000e+01 1.767223e-01 6.736969e-02 1.887131e+12
8.800000e+01 1.755746e-01 6.699737e-02 1.847547e+12
8.900000e+01 1.744483e-01 6.663099e-02 1.808723e+12
9.000000e+01 1.733428e-01 6.627042e-02 1.770649e+12
9.100000e+01 1.722555e-01 6.591549e-02 1.733313e+12
9.200000e+01 1.711860e-01 6.556607e-02 1.696703e+12
9.300000e+01 1.701332e-01 6.522201e-02 1.660807e+12
9.400000e+01 1.691010e-01 6.488317e-02 1.625614e+12
9.500000e+01 1.680860e-01 6.454943e-02 1.591113e+12
9.600000e+01 1.670869e-01 6.422066e-02 1.557293e+12
9.700000e+01 1.661032e-01 6.389674e-02 1.524141e+12
9.800000e+01 1.651337e-01 6.357754e-02 1.491647e+12
9.900000e+01 1.641828e-01 6.326296e-02 1.459801e+12
1.000000e+02 1.632469e-01 6.295289e-02 1.428589e+12
1.010000e+02 1.623255e-01 6.264722e-02 1.398002e+12
1.020000e+02 1.614173e-01 6.234585e-02 1.368030e+12
1.030000e+02 1.605216e-01 6.204868e-02 1.338661e+12
1.040000e+02 1.596405e-01 6.175560e-02 1.309885e+12
1.050000e+02 1.587751e-01 6.146655e-02 1.281691e+12
1.060000e+02 1.579219e-01 6.118141e-02 1.254069e+12
1.070000e+02 1.570810e-01 6.090009e-02 1.227009e+12
1.080000e+02 1.562514e-01 6.062255e-02 1.200500e+12
1.090000e+02 1.554328e-01 6.034864e-02 1.174533e+12
1.100000e+02 1.546269e-01 6.007833e-02 1.149098e+12
1.110000e+02 1.538351e-01 5.981153e-02 1.124185e+12
1.120000e+02 1.530537e-01 5.954815e-02 1.099785e+12
1.130000e+02 1.522832e-01 5.928814e-02 1.075888e+12
1.140000e+02 1.515223e-01 5.903142e-02 1.052484e+12
1.150000e+02 1.507712e-01 5.877791e-02 1.029565e+12
1.160000e+02 1.500296e-01 5.852757e-02 1.007122e+12
1.170000e+02 1.493014e-01 5.828031e-02 9.851441e+11
1.180000e+02 1.485833e-01 5.803608e-02 9.636240e+11
1.190000e+02 1.478742e-01 5.779481e-02 9.425533e+11
1.200000e+02 1.471737e-01 5.755645e-02 9.219232e+11
1.210000e+02 1.464819e-01 5.732095e-02 9.017246e+11
1.220000e+02 1.457987e-01 5.708824e-02 8.819489e+11
1.230000e+02 1.451228e-01 5.685826e-02 8.625891e+11
1.240000e+02 1.444592e-01 5.663096e-02 8.436371e+11
1.250000e+02 1.438049e-01 5.640631e-02 8.250844e+11
1.260000e+02 1.431578e-01 5.618423e-02 8.069230e+11
1.270000e+02 1.425187e-01 5.596469e-02 7.891456e+11
1.280000e+02 1.418869e-01 5.574764e-02 7.717446e+11
1.290000e+02 1.412619e-01 5.553303e-02 7.547128e+11
1.300000e+02 1.406451e-01 5.532083e-02 7.380427e+11
1.310000e+02 1.400337e-01 5.511097e-02 7.217269e+11
1.320000e+02 1.394339e-01 5.490343e-02 7.057585e+11
1.330000e+02 1.388414e-01 5.469815e-02 6.901313e+11
1.340000e+02 1.382558e-01 5.449511e-02 6.748372e+11
1.350000e+02 1.376760e-01 5.429424e-02 6.598706e+11
1.360000e+02 1.371032e-01 5.409555e-02 6.452244e+11
1.370000e+02 1.365362e-01 5.389896e-02 6.308922e+11
1.380000e+02 1.359755e-01 5.370444e-02 6.168677e+11
1.390000e+02 1.354205e-01 5.351197e-02 6.031448e+11
1.400000e+02 1.348724e-01 5.332149e-02 5.897175e+11
1.410000e+02 1.343330e-01 5.313298e-02 5.765796e+11
1.420000e+02 1.338001e-01 5.294642e-02 5.637252e+11
1.430000e+02 1.332726e-01 5.276175e-02 5.511484e+11
1.440000e+02 1.327503e-01 5.257896e-02 5.388434e+11
1.450000e+02 1.322335e-01 5.239800e-02 5.268052e+11
1.460000e+02 1.317221e-01 5.221886e-02 5.150279e+11
1.470000e+02 1.312155e-01 5.204150e-02 5.035060e+11
1.480000e+02 1.307141e-01 5.186587e-02 4.922346e+11
1.490000e+02 1.302171e-01 5.169199e-02 4.812085e+11
1.500000e+02 1.297280e-01 5.151978e-02 4.704225e+11
1.510000e+02 1.292453e-01 5.134926e-02 4.598710e+11
1.520000e+02 1.287671e-01 5.118038e-02 4.495499e+11
1.530000e+02 1.282944e-01 5.101310e-02 4.394538e+11
1.540000e+02 1.278260e-01 5.084743e-02 4.295790e+11
1.550000e+02 1.273619e-01 5.068330e-02 4.199199e+11
1.560000e+02 1.269023e-01 5.052075e-02 4.104727e+11
1.570000e+02 1.264471e-01 5.035967e-02 4.012321e+11
1.580000e+02 1.259957e-01 5.020012e-02 3.921944e+11
1.590000e+02 1.255485e-01 5.004204e-02 3.833556e+11
1.600000e+02 1.251053e-01 4.988537e-02 3.747103e+11
1.610000e+02 1.246696e-01 4.973016e-02 3.662557e+11
1.620000e+02 1.242389e-01 4.957636e-02 3.579875e+11
1.630000e+02 1.238121e-01 4.942393e-02 3.499012e+11
1.640000e+02 1.233894e-01 4.927286e-02 3.419928e+11
1.650000e+02 1.229703e-01 4.912313e-02 3.342595e+11
1.660000e+02 1.225553e-01 4.897474e-02 3.266973e+11
1.670000e+02 1.221432e-01 4.882765e-02 3.193020e+11
1.680000e+02 1.217353e-01 4.868185e-02 3.120701e+11
1.690000e+02 1.213307e-01 4.853731e-02 3.049983e+11
1.700000e+02 1.209296e-01 4.839401e-02 2.980836e+11
1.710000e+02 1.205321e-01 4.825195e-02 2.913223e+11
1.720000e+02 1.201373e-01 4.811111e-02 2.847106e+11
1.730000e+02 1.197487e-01 4.797147e-02 2.782458e+11
1.740000e+02 1.193649e-01 4.783302e-02 2.719250e+11
1.750000e+02 1.189851e-01 4.769573e-02 2.657450e+11
1.760000e+02 1.186076e-01 4.755958e-02 2.597023e+11
1.770000e+02 1.182339e-01 4.742457e-02 2.537939e+11
1.780000e+02 1.178630e-01 4.729067e-02 2.480175e+11
1.790000e+02 1.174953e-01 4.715789e-02 2.423700e+11
1.800000e+02 1.171305e-01 4.702619e-02 2.368487e+11
1.810000e+02 1.167689e-01 4.689556e-02 2.314505e+11
1.820000e+02 1.164096e-01 4.676597e-02 2.261732e+11
1.830000e+02 1.160537e-01 4.663745e-02 2.210138e+11
1.840000e+02 1.157001e-01 4.650995e-02 2.159700e+11
1.850000e+02 1.153498e-01 4.638347e-02 2.110391e+11
1.860000e+02 1.150010e-01 4.625797e-02 2.062187e+11
1.870000e+02 1.146603e-01 4.613350e-02 2.015063e+11
1.880000e+02 1.143212e-01 4.600999e-02 1.968998e+11
1.890000e+02 1.139862e-01 4.588744e-02 1.923967e+11
1.900000e+02 1.136526e-01 4.576583e-02 1.879948e+11
1.910000e+02 1.133219e-01 4.564518e-02 1.836918e+11
1.920000e+02 1.129944e-01 4.552547e-02 1.794855e+11
1.930000e+02 1.126683e-01 4.540665e-02 1.753741e+11
1.940000e+02 1.123455e-01 4.528875e-02 1.713551e+11
1.950000e+02 1.120253e-01 4.517173e-02 1.674268e+11
1.960000e+02 1.117064e-01 4.505561e-02 1.635871e+11
1.970000e+02 1.113903e-01 4.494036e-02 1.598337e+11
1.980000e+02 1.110773e-01 4.482593e-02 1.561650e+11
1.990000e+02 1.107653e-01 4.471239e-02 1.525796e+11
2.000000e+02 1.104557e-01 4.459972e-02 1.490752e+11
2.010000e+02 1.101487e-01 4.448787e-02 1.456497e+11
2.020000e+02 1.098458e-01 4.437682e-02 1.423015e+11
2.030000e+02 1.095471e-01 4.426653e-02 1.390296e+11
2.040000e+02 1.092503e-01 4.415709e-02 1.358315e+11
2.050000e+02 1.089553e-01 4.404845e-02 1.327059e+11
2.060000e+02 1.086630e-01 4.394063e-02 1.296510e+11
2.070000e+02 1.083730e-01 4.383354e-02 1.266655e+11
2.080000e+02 1.080848e-01 4.372724e-02 1.237478e+11
2.090000e+02 1.077989e-01 4.362167e-02 1.208962e+11
2.100000e+02 1.075148e-01 4.351684e-02 1.181093e+11
2.110000e+02 1.072326e-01 4.341275e-02 1.153857e+11
2.120000e+02 1.069523e-01 4.330939e-02 1.127242e+11
2.130000e+02 1.066742e-01 4.320676e-02 1.101233e+11
2.140000e+02 1.063976e-01 4.310484e-02 1.075814e+11
2.150000e+02 1.061230e-01 4.300362e-02 1.050974e+11
2.160000e+02 1.058498e-01 4.290311e-02 1.026699e+11
2.170000e+02 1.055782e-01 4.280327e-02 1.002979e+11
2.180000e+02 1.053089e-01 4.270413e-02 9.797979e+10
2.190000e+02 1.050414e-01 4.260567e-02 9.571454e+10
2.200000e+02 1.047780e-01 4.250787e-02 9.350103e+10
2.210000e+02 1.045171e-01 4.241075e-02 9.133802e+10
2.220000e+02 1.042583e-01 4.231426e-02 8.922436e+10
2.230000e+02 1.040012e-01 4.221840e-02 8.715906e+10
2.240000e+02 1.037458e-01 4.212321e-02 8.514094e+10
2.250000e+02 1.034926e-01 4.202863e-02 8.316896e+10
2.260000e+02 1.032410e-01 4.193469e-02 8.124195e+10
2.270000e+02 1.029905e-01 4.184135e-02 7.935918e+10
2.280000e+02 1.027421e-01 4.174863e-02 7.751954e+10
2.290000e+02 1.024944e-01 4.165652e-02 7.572195e+10
2.300000e+02 1.022478e-01 4.156499e-02 7.396549e+10
2.310000e+02 1.020039e-01 4.147406e-02 7.224925e+10
2.320000e+02 1.017623e-01 4.138374e-02 7.057242e+10
2.330000e+02 1.015212e-01 4.129401e-02 6.893408e+10
2.340000e+02 1.012807e-01 4.120480e-02 6.733336e+10
2.350000e+02 1.010426e-01 4.111619e-02 6.576927e+10
2.360000e+02 1.008062e-01 4.102814e-02 6.424109e+10
2.370000e+02 1.005710e-01 4.094065e-02 6.274814e+10
2.380000e+02 1.003364e-01 4.085370e-02 6.128942e+10
2.390000e+02 1.001037e-01 4.076730e-02 5.986419e+10
2.400000e+02 9.987532e-02 4.068144e-02 5.847172e+10
2.410000e+02 9.964759e-02 4.059612e-02 5.711133e+10
2.420000e+02 9.942213e-02 4.051134e-02 5.578228e+10
2.430000e+02 9.919986e-02 4.042709e-02 5.448377e+10
2.440000e+02 9.897667e-02 4.034332e-02 5.321517e+10
2.450000e+02 9.875531e-02 4.026009e-02 5.197573e+10
2.460000e+02 9.853690e-02 4.017738e-02 5.076490e+10
2.470000e+02 9.831712e-02 4.009513e-02 4.958206e+10
2.480000e+02 9.810098e-02 4.001341e-02 4.842638e+10
2.490000e+02 9.788553e-02 3.993222e-02 4.729737e+10
2.500000e+02 9.767007e-02 3.985145e-02 4.619452e+10
2.510000e+02 9.745780e-02 3.977121e-02 4.511698e+10
2.520000e+02 9.724438e-02 3.969146e-02 4.406438e+10
2.530000e+02 9.703484e-02 3.961216e-02 4.303612e+10
2.540000e+02 9.682483e-02 3.953332e-02 4.203157e+10
2.550000e+02 9.661574e-02 3.945497e-02 4.105023e+10
2.560000e+02 9.640892e-02 3.937708e-02 4.009159e+10
2.570000e+02 9.620187e-02 3.929964e-02 3.915511e+10
2.580000e+02 9.599801e-02 3.922268e-02 3.824032e+10
2.590000e+02 9.579255e-02 3.914613e-02 3.734666e+10
2.600000e+02 9.559119e-02 3.907005e-02 3.647367e+10
2.610000e+02 9.538778e-02 3.899435e-02 3.562101e+10
2.620000e+02 9.518823e-02 3.891918e-02 3.478798e+10
2.630000e+02 9.498691e-02 3.884437e-02 3.397431e+10
2.640000e+02 9.479259e-02 3.877003e-02 3.317933e+10
2.650000e+02 9.459736e-02 3.869608e-02 3.240298e+10
2.660000e+02 9.440463e-02 3.862260e-02 3.164455e+10
2.670000e+02 9.421327e-02 3.854949e-02 3.090377e+10
2.680000e+02 9.402076e-02 3.847678e-02 3.018007e+10
2.690000e+02 9.383258e-02 3.840452e-02 2.947321e+10
2.700000e+02 9.364076e-02 3.833261e-02 2.878282e+10
2.710000e+02 9.345462e-02 3.826115e-02 2.810837e+10
2.720000e+02 9.326644e-02 3.819008e-02 2.744966e+10
2.730000e+02 9.308053e-02 3.811943e-02 2.680617e+10
2.740000e+02 9.289644e-02 3.804918e-02 2.617771e+10
2.750000e+02 9.271121e-02 3.797926e-02 2.556379e+10
2.760000e+02 9.252961e-02 3.790978e-02 2.496419e+10
2.770000e+02 9.234666e-02 3.784068e-02 2.437850e+10
2.780000e+02 9.216461e-02 3.777196e-02 2.380645e+10
2.790000e+02 9.198665e-02 3.770357e-02 2.324771e+10
2.800000e+02 9.180552e-02 3.763559e-02 2.270196e+10
2.810000e+02 9.162711e-02 3.756799e-02 2.216897e+10
2.820000e+02 9.145051e-02 3.750076e-02 2.164836e+10
2.830000e+02 9.127233e-02 3.743384e-02 2.113988e+10
2.840000e+02 9.109642e-02 3.736727e-02 2.064329e+10
2.850000e+02 9.092278e-02 3.730114e-02 2.015818e+10
2.860000e+02 9.074755e-02 3.723531e-02 1.968452e+10
2.870000e+02 9.057346e-02 3.716985e-02 1.922172e+10
2.880000e+02 9.040278e-02 3.710469e-02 1.876986e+10
2.890000e+02 9.023141e-02 3.703997e-02 1.832840e+10
2.900000e+02 9.005891e-02 3.697554e-02 1.789738e+10
2.910000e+02 8.989032e-02 3.691142e-02 1.747635e+10
2.920000e+02 8.972622e-02 3.684764e-02 1.706513e+10
2.930000e+02 8.955918e-02 3.678421e-02 1.666355e+10
2.940000e+02 8.939327e-02 3.672114e-02 1.627133e+10
2.950000e+02 8.923008e-02 3.665845e-02 1.588833e+10
2.960000e+02 8.906895e-02 3.659604e-02 1.551413e+10
2.970000e+02 8.890735e-02 3.653390e-02 1.514887e+10
2.980000e+02 8.874508e-02 3.647211e-02 1.479194e+10
2.990000e+02 8.858349e-02 3.641067e-02 1.444358e+10
3.000000e+02 8.842417e-02 3.634953e-02 1.410321e+10
3.010000e+02 8.826394e-02 3.628867e-02 1.377094e+10
3.020000e+02 8.810712e-02 3.622821e-02 1.344624e+10
3.030000e+02 8.795098e-02 3.616799e-02 1.312927e+10
3.040000e+02 8.779462e-02 3.610814e-02 1.281970e+10
3.050000e+02 8.763757e-02 3.604859e-02 1.251735e+10
3.060000e+02 8.748098e-02 3.598930e-02 1.222217e+10
3.070000e+02 8.732575e-02 3.593028e-02 1.193382e+10
3.080000e+02 8.717416e-02 3.587165e-02 1.165229e+10
3.090000e+02 8.702097e-02 3.581328e-02 1.137726e+10
3.100000e+02 8.686756e-02 3.575524e-02 1.110877e+10
3.110000e+02 8.671574e-02 3.569750e-02 1.084649e+10
3.120000e+02 8.656620e-02 3.564001e-02 1.059043e+10
3.130000e+02 8.641665e-02 3.558278e-02 1.034033e+10
3.140000e+02 8.626642e-02 3.552588e-02 1.009611e+10
3.150000e+02 8.611574e-02 3.546931e-02 9.857639e+09
3.160000e+02 8.596687e-02 3.541298e-02 9.624790e+09
3.170000e+02 8.581869e-02 3.535692e-02 9.397398e+09
3.180000e+02 8.567255e-02 3.530110e-02 9.175296e+09
3.190000e+02 8.552573e-02 3.524554e-02 8.958419e+09
3.200000e+02 8.538028e-02 3.519035e-02 8.746644e+09
3.210000e+02 8.523527e-02 3.513548e-02 8.539831e+09
3.220000e+02 8.509164e-02 3.508093e-02 8.337884e+09
3.230000e+02 8.494850e-02 3.502661e-02 8.140637e+09
3.240000e+02 8.480827e-02 3.497249e-02 7.948113e+09
3.250000e+02 8.466850e-02 3.491856e-02 7.760082e+09
3.260000e+02 8.452940e-02 3.486505e-02 7.576431e+09
3.270000e+02 8.439145e-02 3.481188e-02 7.397118e+09
3.280000e+02 8.425168e-02 3.475879e-02 7.222073e+09
3.290000e+02 8.411190e-02 3.470595e-02 7.051177e+09
3.300000e+02 8.397440e-02 3.465342e-02 6.884198e+09
3.310000e+02 8.383872e-02 3.460106e-02 6.721260e+09
3.320000e+02 8.370122e-02 3.454896e-02 6.562070e+09
3.330000e+02 8.356553e-02 3.449726e-02 6.406708e+09
3.340000e+02 8.343326e-02 3.444591e-02 6.254880e+09
3.350000e+02 8.329894e-02 3.439480e-02 6.106728e+09
3.360000e+02 8.316394e-02 3.434387e-02 5.962005e+09
3.370000e+02 8.303007e-02 3.429304e-02 5.820774e+09
3.380000e+02 8.289780e-02 3.424246e-02 5.682796e+09
3.390000e+02 8.276393e-02 3.419212e-02 5.548113e+09
3.400000e+02 8.263121e-02 3.414223e-02 5.416649e+09
3.410000e+02 8.250098e-02 3.409284e-02 5.288176e+09
3.420000e+02 8.237257e-02 3.404349e-02 5.162797e+09
3.430000e+02 8.224347e-02 3.399421e-02 5.040330e+09
3.440000e+02 8.211302e-02 3.394544e-02 4.920788e+09
3.450000e+02 8.198734e-02 3.389713e-02 4.803981e+09
3.460000e+02 8.186029e-02 3.384872e-02 4.690013e+09
3.470000e+02 8.173279e-02 3.380054e-02 4.578662e+09
3.480000e+02 8.160892e-02 3.375279e-02 4.469996e+09
3.490000e+02 8.148188e-02 3.370553e-02 4.363848e+09
3.500000e+02 8.135665e-02 3.365840e-02 4.260260e+09
3.510000e+02 8.123324e-02 3.361150e-02 4.159092e+09
3.520000e+02 8.110937e-02 3.356486e-02 4.060280e+09
3.530000e+02 8.098415e-02 3.351811e-02 3.963883e+09
3.540000e+02 8.086255e-02 3.347169e-02 3.869700e+09
3.550000e+02 8.073869e-02 3.342579e-02 3.777772e+09
3.560000e+02 8.061482e-02 3.338023e-02 3.688011e+09
3.570000e+02 8.049414e-02 3.333474e-02 3.600385e+09
3.580000e+02 8.037028e-02 3.328947e-02 3.514821e+09
3.590000e+02 8.024846e-02 3.324472e-02 3.431285e+09
3.600000e+02 8.012686e-02 3.320023e-02 3.349733e+09
3.610000e+02 8.000414e-02 3.315573e-02 3.270087e+09
3.620000e+02 7.988554e-02 3.311132e-02 3.192351e+09
3.630000e+02 7.976691e-02 3.306755e-02 3.116432e+09
3.640000e+02 7.965009e-02 3.302387e-02 3.042313e+09
3.650000e+02 7.953418e-02 3.298048e-02 2.969964e+09
3.660000e+02 7.941986e-02 3.293763e-02 2.899304e+09
3.670000e+02 7.930599e-02 3.289517e-02 2.830333e+09
3.680000e+02 7.919213e-02 3.285245e-02 2.762983e+09
3.690000e+02 7.907963e-02 3.281023e-02 2.697237e+09
3.700000e+02 7.896576e-02 3.276851e-02 2.633036e+09
3.710000e+02 7.884872e-02 3.272684e-02 2.570387e+09
3.720000e+02 7.873622e-02 3.268502e-02 2.509185e+09
3.730000e+02 7.862076e-02 3.264375e-02 2.449457e+09
3.740000e+02 7.850712e-02 3.260300e-02 2.391151e+09
3.750000e+02 7.839621e-02 3.256261e-02 2.334183e+09
3.760000e+02 7.828826e-02 3.252233e-02 2.278610e+09
3.770000e+02 7.817576e-02 3.248262e-02 2.224324e+09
3.780000e+02 7.807144e-02 3.244318e-02 2.171354e+09
3.790000e+02 7.795507e-02 3.240355e-02 2.119603e+09
3.800000e+02 7.784621e-02 3.236459e-02 2.069137e+09
3.810000e+02 7.773325e-02 3.232600e-02 2.019804e+09
3.820000e+02 7.762393e-02 3.228712e-02 1.971702e+09
3.830000e+02 7.752120e-02 3.224873e-02 1.924674e+09
3.840000e+02 7.741257e-02 3.221078e-02 1.878817e+09
3.850000e+02 7.730757e-02 3.217352e-02 1.834018e+09
3.860000e+02 7.720075e-02 3.213605e-02 1.790291e+09
3.870000e+02 7.708393e-02 3.209906e-02 1.747630e+09
3.880000e+02 7.698006e-02 3.206292e-02 1.705934e+09
3.890000e+02 7.687574e-02 3.202646e-02 1.665265e+09
3.900000e+02 7.677233e-02 3.199073e-02 1.625527e+09
3.910000e+02 7.666961e-02 3.195536e-02 1.586771e+09
3.920000e+02 7.656279e-02 3.192012e-02 1.548900e+09
3.930000e+02 7.645370e-02 3.188449e-02 1.511963e+09
3.940000e+02 7.634528e-02 3.184984e-02 1.475882e+09
3.950000e+02 7.624937e-02 3.181589e-02 1.440655e+09
3.960000e+02 7.614846e-02 3.178162e-02 1.406270e+09
3.970000e+02 7.604255e-02 3.174795e-02 1.372703e+09
3.980000e+02 7.593460e-02 3.171491e-02 1.339945e+09
3.990000e+02 7.583392e-02 3.168209e-02 1.307957e+09
4.000000e+02 7.573460e-02 3.164936e-02 1.276726e+09
4.010000e+02 7.563619e-02 3.161802e-02 1.246244e+09
4.020000e+02 7.552937e-02 3.158636e-02 1.216474e+09
4.030000e+02 7.542528e-02 3.155440e-02 1.187443e+09
4.040000e+02 7.532459e-02 3.152387e-02 1.159066e+09
4.050000e+02 7.522891e-02 3.149391e-02 1.131385e+09
4.060000e+02 7.513050e-02 3.146314e-02 1.104360e+09
4.070000e+02 7.502800e-02 3.143360e-02 1.077962e+09
4.080000e+02 7.492054e-02 3.140431e-02 1.052229e+09
4.090000e+02 7.483123e-02 3.137486e-02 1.027074e+09
4.100000e+02 7.474077e-02 3.134646e-02 1.002523e+09
4.110000e+02 7.464259e-02 3.131916e-02 9.785703e+08
4.120000e+02 7.454350e-02 3.129089e-02 9.551830e+08
4.130000e+02 7.444009e-02 3.126322e-02 9.323444e+08
4.140000e+02 7.435463e-02 3.123799e-02 9.100729e+08
4.150000e+02 7.426168e-02 3.121119e-02 8.882834e+08
4.160000e+02 7.415940e-02 3.118519e-02 8.670716e+08
4.170000e+02 7.406349e-02 3.116161e-02 8.463415e+08
4.180000e+02 7.398326e-02 3.113585e-02 8.260813e+08
4.190000e+02 7.388213e-02 3.111107e-02 8.063354e+08
4.200000e+02 7.378803e-02 3.108938e-02 7.870585e+08
4.210000e+02 7.369690e-02 3.106503e-02 7.682126e+08
4.220000e+02 7.360508e-02 3.104163e-02 7.498500e+08
4.230000e+02 7.351621e-02 3.102093e-02 7.319203e+08
4.240000e+02 7.341599e-02 3.099834e-02 7.143747e+08
4.250000e+02 7.331848e-02 3.097683e-02 6.973171e+08
4.260000e+02 7.324167e-02 3.095799e-02 6.806208e+08
4.270000e+02 7.315348e-02 3.093715e-02 6.643040e+08
4.280000e+02 7.303712e-02 3.091691e-02 6.484320e+08
4.290000e+02 7.296712e-02 3.089990e-02 6.329170e+08
4.300000e+02 7.288325e-02 3.088191e-02 6.177203e+08
4.310000e+02 7.277393e-02 3.086357e-02 6.029590e+08
4.320000e+02 7.268007e-02 3.084765e-02 5.885539e+08
4.330000e+02 7.262575e-02 3.083161e-02 5.743931e+08
4.340000e+02 7.250711e-02 3.081607e-02 5.606563e+08
4.350000e+02 7.240916e-02 3.080210e-02 5.472861e+08
4.360000e+02 7.235689e-02 3.078781e-02 5.341172e+08
4.370000e+02 7.225779e-02 3.077597e-02 5.213008e+08
4.380000e+02 7.212938e-02 3.076058e-02 5.089114e+08
4.390000e+02 7.209416e-02 3.074936e-02 4.966666e+08
4.400000e+02 7.201097e-02 3.074174e-02 4.846990e+08
4.410000e+02 7.186006e-02 3.072635e-02 4.732058e+08
4.420000e+02 7.181983e-02 3.071741e-02 4.618479e+08
4.430000e+02 7.176847e-02 3.071255e-02 4.506689e+08
4.440000e+02 7.160438e-02 3.069885e-02 4.399745e+08
4.450000e+02 7.153756e-02 3.069103e-02 4.294682e+08
4.460000e+02 7.152120e-02 3.069060e-02 4.190416e+08
4.470000e+02 7.136233e-02 3.067952e-02 4.090586e+08
4.480000e+02 7.126483e-02 3.067260e-02 3.993468e+08
4.490000e+02 7.126460e-02 3.067504e-02 3.896284e+08
4.500000e+02 7.111256e-02 3.066587e-02 3.803401e+08
4.510000e+02 7.101346e-02 3.066376e-02 3.713007e+08
4.520000e+02 7.100505e-02 3.066622e-02 3.622779e+08
4.530000e+02 7.085619e-02 3.065997e-02 3.536386e+08
4.540000e+02 7.077210e-02 3.066258e-02 3.452257e+08
4.550000e+02 7.075983e-02 3.066542e-02 3.368230e+08
4.560000e+02 7.059119e-02 3.066409e-02 3.288113e+08
4.570000e+02 7.052505e-02 3.066806e-02 3.209870e+08
4.580000e+02 7.051710e-02 3.067388e-02 3.131489e+08
4.590000e+02 7.033732e-02 3.067500e-02 3.057353e+08
4.600000e+02 7.029300e-02 3.068362e-02 2.984214e+08
4.610000e+02 7.026096e-02 3.069017e-02 2.911578e+08
4.620000e+02 7.007232e-02 3.069639e-02 2.842781e+08
4.630000e+02 7.008482e-02 3.070807e-02 2.774303e+08
4.640000e+02 6.999214e-02 3.071604e-02 2.706977e+08
4.650000e+02 6.983691e-02 3.072804e-02 2.643291e+08
4.660000e+02 6.985782e-02 3.074133e-02 2.579029e+08
4.670000e+02 6.972963e-02 3.075401e-02 2.517022e+08
4.680000e+02 6.961577e-02 3.076816e-02 2.457544e+08
4.690000e+02 6.964941e-02 3.078664e-02 2.397363e+08
4.700000e+02 6.944349e-02 3.080008e-02 2.340628e+08
4.710000e+02 6.942327e-02 3.082191e-02 2.284557e+08
4.720000e+02 6.939281e-02 3.084100e-02 2.228846e+08
4.730000e+02 6.920577e-02 3.085947e-02 2.176415e+08
4.740000e+02 6.924827e-02 3.088602e-02 2.123517e+08
4.750000e+02 6.909804e-02 3.090666e-02 2.072428e+08
4.760000e+02 6.900190e-02 3.093212e-02 2.023557e+08
4.770000e+02 6.902645e-02 3.096160e-02 1.973759e+08
4.780000e+02 6.882440e-02 3.098562e-02 1.927298e+08
4.790000e+02 6.884144e-02 3.101727e-02 1.880788e+08
4.800000e+02 6.875281e-02 3.104975e-02 1.835095e+08
4.810000e+02 6.860371e-02 3.107743e-02 1.792118e+08
4.820000e+02 6.865712e-02 3.111865e-02 1.747994e+08
4.830000e+02 6.845371e-02 3.114602e-02 1.706645e+08
4.840000e+02 6.846485e-02 3.119065e-02 1.665710e+08
4.850000e+02 6.837939e-02 3.122525e-02 1.625030e+08
4.860000e+02 6.823167e-02 3.126623e-02 1.587069e+08
4.870000e+02 6.829008e-02 3.131316e-02 1.547906e+08
4.880000e+02 6.806098e-02 3.134823e-02 1.511379e+08
4.890000e+02 6.811394e-02 3.140307e-02 1.475040e+08
4.900000e+02 6.799212e-02 3.144674e-02 1.439108e+08
4.910000e+02 6.787303e-02 3.149166e-02 1.405437e+08
4.920000e+02 6.793439e-02 3.155833e-02 1.370613e+08
4.930000e+02 6.767871e-02 3.158783e-02 1.338636e+08
4.940000e+02 6.778462e-02 3.166452e-02 1.305945e+08
4.950000e+02 6.758030e-02 3.170977e-02 1.274646e+08
4.960000e+02 6.755621e-02 3.176742e-02 1.244404e+08
4.970000e+02 6.753689e-02 3.184289e-02 1.213809e+08
4.980000e+02 6.733302e-02 3.188423e-02 1.185556e+08
4.990000e+02 6.744075e-02 3.196956e-02 1.156192e+08
5.000000e+02 6.718325e-02 3.202660e-02 1.129057e+08
