fieldmap_name:     	SWLS Sirius
timestamp:         	2022-08-05_13-33-14
filename:          	2022-08-05_SWLS_Sirius_Model8.0_Currents_Z=-600_600mm_I=200A.txt
MagNet_file:       	SWLS_Sirius_Model8.0_Currents.mn
nr_magnets:        	1

magnet_name:       	SWLS
gap[mm]:           	
control_gap[mm]:   	--
magnet_length[mm]: 	
current_main[A]:   	--
NI_main[A.esp]:    	--
center_pos_z[mm]:  	0
center_pos_x[mm]:  	0
rotation[deg]:     	0

X[mm]	Y[mm]	Z[mm]	Bx	By	Bz [T]
------------------------------------------------------------------------------------------------------------------------------------------------------------------
0	0	-600	0	-1.9098690099011E-03	0
0	0	-599	0	-1.90990082942442E-03	0
0	0	-598	0	-1.90997222981999E-03	0
0	0	-597	0	-1.91008321108783E-03	0
0	0	-596	0	-1.91023377322792E-03	0
0	0	-595	0	-1.91042391624026E-03	0
0	0	-594	0	-1.91065364012487E-03	0
0	0	-593	0	-1.91092294488173E-03	0
0	0	-592	0	-1.91123183051085E-03	0
0	0	-591	0	-1.91158029701223E-03	0
0	0	-590	0	-1.91196834438586E-03	0
0	0	-589	0	-1.91239597263175E-03	0
0	0	-588	0	-1.9128631817499E-03	0
0	0	-587	0	-1.9133699717403E-03	0
0	0	-586	0	-1.91391634260296E-03	0
0	0	-585	0	-1.91450229433788E-03	0
0	0	-584	0	-1.91512782694506E-03	0
0	0	-583	0	-1.91579294042449E-03	0
0	0	-582	0	-1.91649763477618E-03	0
0	0	-581	0	-1.91724191000013E-03	0
0	0	-580	0	-1.91802576609633E-03	0
0	0	-579	0	-1.9188492030648E-03	0
0	0	-578	0	-1.91971222090552E-03	0
0	0	-577	0	-1.92061481961849E-03	0
0	0	-576	0	-1.92155699920372E-03	0
0	0	-575	0	-1.92253875966121E-03	0
0	0	-574	0	-1.92356010099096E-03	0
0	0	-573	0	-1.92462102319297E-03	0
0	0	-572	0	-1.92572152626723E-03	0
0	0	-571	0	-1.92686161021375E-03	0
0	0	-570	0	-1.92804127503252E-03	0
0	0	-569	0	-1.92926052072356E-03	0
0	0	-568	0	-1.93051934728685E-03	0
0	0	-567	0	-1.93121908797685E-03	0
0	0	-566	0	-1.93257527627159E-03	0
0	0	-565	0	-1.93397355093444E-03	0
0	0	-564	0	-1.93541391196539E-03	0
0	0	-563	0	-1.93689635936444E-03	0
0	0	-562	0	-1.93842089313159E-03	0
0	0	-561	0	-1.93998751326684E-03	0
0	0	-560	0	-1.9415962197702E-03	0
0	0	-559	0	-1.94324701264165E-03	0
0	0	-558	0	-1.94493989188121E-03	0
0	0	-557	0	-1.94667485748887E-03	0
0	0	-556	0	-1.94845190946463E-03	0
0	0	-555	0	-1.95027104780849E-03	0
0	0	-554	0	-1.95213227252045E-03	0
0	0	-553	0	-1.95403558360051E-03	0
0	0	-552	5.0762157810069E-23	-1.95596714900092E-03	1.24993417195506E-19
0	0	-551	-1.16204182315792E-22	-1.95792419003597E-03	5.06005274013635E-20
0	0	-550	-6.56630608660728E-23	-1.95992770886871E-03	7.95303373805168E-20
0	0	-549	5.34145941342548E-23	-1.96197770549915E-03	1.24993417195506E-19
0	0	-548	1.35746848939125E-22	-1.96407417992728E-03	1.24993417195506E-19
0	0	-547	-1.24161491288357E-22	-1.96621713215312E-03	4.48282186083483E-20
0	0	-546	-7.0083788073053E-23	-1.96840656217665E-03	7.65556132846689E-20
0	0	-545	5.69511758998392E-23	-1.97064246999788E-03	1.24993417195506E-19
0	0	-544	1.15670642682468E-22	-1.9729248556168E-03	1.24993417195506E-19
0	0	-543	-1.4679866695658E-22	-1.97525371903342E-03	3.02871590925774E-20
0	0	-542	-7.45045152800333E-23	-1.97762906024774E-03	7.36254722118835E-20
0	0	-541	0	-1.98005087925976E-03	1.18708096108507E-19
0	0	-540	1.22743806213637E-22	-1.98251917606947E-03	1.24993417195506E-19
0	0	-539	-2.02332157781696E-22	-1.98503395067688E-03	-4.62242383316887E-21
0	0	-538	-6.31401939896109E-23	-1.98759520308199E-03	8.04240100771666E-20
0	0	-537	0	-1.99020293328479E-03	1.19316732491302E-19
0	0	-536	1.29816969744806E-22	-1.99285714128529E-03	1.24993417195506E-19
0	0	-535	-2.30274206098295E-22	-1.99555782708349E-03	-2.32539757149175E-20
0	0	-534	-6.66767757551953E-23	-1.99830499067938E-03	7.82796447858564E-20
0	0	-533	0	-2.00109863207297E-03	1.19969951897159E-19
0	0	-532	1.71112666594968E-22	-2.00393875126426E-03	1.24993417195506E-19
0	0	-531	6.93292120793833E-23	-2.00682534825325E-03	1.24993417195506E-19
0	0	-530	-1.75533393801944E-22	-2.00975842303993E-03	9.7159702033668E-21
0	0	-529	0	-2.01273797562431E-03	1.20667754326079E-19
0	0	-528	7.19816484035694E-23	-2.01576400600639E-03	1.24993417195506E-19
0	0	-527	7.28657938449677E-23	-2.01883651418616E-03	1.24993417195506E-19
0	0	-526	-1.65937363394314E-22	-2.02195550016363E-03	1.52550376671363E-20
0	0	-525	0	-2.0251209639388E-03	1.21410139778061E-19
0	0	-524	7.55182301691538E-23	-2.02833290551166E-03	1.24993417195506E-19
0	0	-523	2.67408314636927E-22	-2.03159132488222E-03	1.24993417195506E-19
0	0	-522	-1.73894672366879E-22	-2.03489622205048E-03	9.76137276826129E-21
0	0	-521	0	-2.03824759701644E-03	1.22197108253105E-19
0	0	-520	7.90548119347381E-23	-2.04164544978009E-03	1.24993417195506E-19
0	0	-519	1.99847393440333E-22	-2.04508978034144E-03	1.24993417195506E-19
0	0	-518	-2.02057757043827E-22	-2.04858058870049E-03	-8.85485369930965E-21
0	0	-517	-8.17072482589255E-23	-2.05211787485723E-03	6.96634716488285E-20
0	0	-516	8.25913937003225E-23	-2.05570163881167E-03	1.24993417195506E-19
0	0	-515	2.08688847854293E-22	-2.05933188056381E-03	1.24993417195506E-19
0	0	-514	0	-2.06255173521007E-03	-1.42446873982797E-20
0	0	-513	1.6967033995206E-22	-2.06632947019786E-03	0
0	0	-512	2.84371447135864E-22	-2.07015639841801E-03	0
0	0	-511	0	-2.07403251987053E-03	-1.03633686827495E-19
0	0	-510	0	-2.07795783455541E-03	-5.99660829565758E-20
0	0	-509	0	-2.08193234247267E-03	-1.517822907436E-20
0	0	-508	0	-2.08595594876414E-03	0
0	0	-507	0	-2.09003444737084E-03	0
0	0	-506	0	-2.09417127821674E-03	0
0	0	-505	0	-2.09836644130185E-03	0
0	0	-504	0	-2.10327739610196E-03	0
0	0	-503	0	-2.10741219716571E-03	0
0	0	-502	0	-2.11161184921021E-03	0
0	0	-501	0	-2.11587635223548E-03	0
0	0	-500	0	-2.1202057062415E-03	0
0	0	-499	0	-2.12459991122829E-03	0
0	0	-498	0	-2.12905896719584E-03	0
0	0	-497	0	-2.13358287414414E-03	0
0	0	-496	0	-2.13817163207321E-03	0
0	0	-495	0	-2.14282524098304E-03	0
0	0	-494	0	-2.14754370087363E-03	0
0	0	-493	0	-2.15232701174498E-03	0
0	0	-492	0	-2.1571751735971E-03	0
0	0	-491	0	-2.16208818642997E-03	0
0	0	-490	0	-2.1670660502436E-03	0
0	0	-489	0	-0.002172108765038	0
0	0	-488	0	-2.17721633081315E-03	0
0	0	-487	0	-2.18238874756907E-03	0
0	0	-486	0	-2.18762601530575E-03	0
0	0	-485	0	-2.19292813402319E-03	0
0	0	-484	0	-2.19829510372138E-03	0
0	0	-483	0	-2.20372692440034E-03	0
0	0	-482	0	-2.20922359606006E-03	0
0	0	-481	0	-2.21478511870055E-03	0
0	0	-480	0	-2.22041149232179E-03	0
0	0	-479	0	-2.22610271692379E-03	0
0	0	-478	0	-2.23185879250655E-03	0
0	0	-477	0	-2.23767971907008E-03	0
0	0	-476	0	-2.24356549661436E-03	0
0	0	-475	0	-2.24951612513941E-03	0
0	0	-474	0	-2.25553160464522E-03	0
0	0	-473	0	-2.26161193513178E-03	0
0	0	-472	0	-2.26775711659911E-03	0
0	0	-471	0	-2.2739671490472E-03	0
0	0	-470	0	-2.28024203247605E-03	0
0	0	-469	0	-2.28658176688566E-03	0
0	0	-468	0	-2.29298635227603E-03	0
0	0	-467	0	-2.29945578864717E-03	0
0	0	-466	0	-2.30599007599906E-03	0
0	0	-465	0	-2.31258921433171E-03	0
0	0	-464	2.78469078194211E-19	-2.31923893996253E-03	-1.75201988031193E-19
0	0	-463	2.79279655962955E-19	-2.32595015324611E-03	-1.77289827090817E-19
0	0	-462	2.8005055446288E-19	-2.33274086870609E-03	0
0	0	-461	2.80875338854561E-19	-2.33961108634246E-03	0
0	0	-460	2.81827643770562E-19	-2.34656080615522E-03	-3.67106688539381E-19
0	0	-459	2.82553540859313E-19	-2.35359002814437E-03	0
0	0	-458	2.83544463354864E-19	-2.3606987523099E-03	-3.75458044777879E-19
0	0	-457	2.84343555125146E-19	-2.36788697865183E-03	-1.89816861448564E-19
0	0	-456	2.85220943743799E-19	-2.37515470717015E-03	-1.91904700508188E-19
0	0	-455	2.86095962624551E-19	-2.38250193786486E-03	-1.66279319629554E-19
0	0	-454	2.8699174260156E-19	-2.38992867073596E-03	-1.68068895966375E-19
0	0	-453	2.87910376042534E-19	-2.39743490578345E-03	-1.98168217687062E-19
0	0	-452	2.88923987878883E-19	-2.40502064300733E-03	-4.00512113493372E-19
0	0	-451	2.89648125163507E-19	-2.4126858824076E-03	0
0	0	-450	2.90577898033615E-19	-2.42043062398425E-03	0
0	0	-449	2.91742599637143E-19	-2.4282548677373E-03	-4.13039147851118E-19
0	0	-448	2.9246607699522E-19	-2.43615861366674E-03	0
0	0	-447	2.93564433424764E-19	-2.44414186177257E-03	-2.40794573765495E-19
0	0	-446	2.94519772322458E-19	-2.45220461205479E-03	-2.12783091104432E-19
0	0	-445	2.95502149419537E-19	-2.4603468645134E-03	-2.14870930164057E-19
0	0	-444	2.9647448476378E-19	-2.4685686191484E-03	-1.85964659334584E-19
0	0	-443	2.97495536835085E-19	-2.47686987595979E-03	-2.19046608283306E-19
0	0	-442	2.98359679651148E-19	-2.48525063494757E-03	0
0	0	-441	2.99678851572879E-19	-2.49371089611174E-03	-4.46444572805109E-19
0	0	-440	3.00400569126829E-19	-2.5022506594523E-03	0
0	0	-439	3.0175835862811E-19	-2.51086992496925E-03	-4.54795929043607E-19
0	0	-438	3.0281242876642E-19	-2.51956869266259E-03	-4.58971607162856E-19
0	0	-437	3.03533486393823E-19	-2.52834696253232E-03	0
0	0	-436	0	-2.53697575327537E-03	0
0	0	-435	0	-2.5459773349943E-03	0
0	0	-434	0	-2.55506289623505E-03	0
0	0	-433	0	-2.56423243699762E-03	0
0	0	-432	0	-0.002573485957282	0
0	0	-431	0	-2.58282345708821E-03	0
0	0	-430	0	-2.59224493641623E-03	0
0	0	-429	0	-2.60175039526607E-03	0
0	0	-428	0	-2.61133983363772E-03	0
0	0	-427	0	-2.62079887536921E-03	0
0	0	-426	0	-2.63057994597696E-03	0
0	0	-425	0	-2.64047284469163E-03	0
0	0	-424	0	-2.65047757151323E-03	0
0	0	-423	0	-2.66059412644176E-03	0
0	0	-422	0	-2.6708225094772E-03	0
0	0	-421	0	-2.68116272061957E-03	0
0	0	-420	0	-2.69161475986887E-03	0
0	0	-419	0	-2.70217862722509E-03	0
0	0	-418	0	-2.71285432268823E-03	0
0	0	-417	0	-2.7236418462583E-03	0
0	0	-416	0	-2.73454119793529E-03	0
0	0	-415	0	-2.74555237771921E-03	0
0	0	-414	0	-2.75667538561005E-03	0
0	0	-413	0	-2.76791022160782E-03	0
0	0	-412	0	-2.77925688571251E-03	0
0	0	-411	0	-2.79071537792412E-03	0
0	0	-410	0	-2.80228569824266E-03	0
0	0	-409	0	-2.81396079603098E-03	0
0	0	-408	0	-2.8257449918371E-03	0
0	0	-407	0	-2.83763915755616E-03	0
0	0	-406	0	-2.84964329318816E-03	0
0	0	-405	0	-2.86175739873309E-03	0
0	0	-404	0	-2.87398147419096E-03	0
0	0	-403	0	-2.88631551956177E-03	0
0	0	-402	0	-2.89875953484551E-03	0
0	0	-401	0	-2.91131352004219E-03	0
0	0	-400	0	-2.92397747515181E-03	0
0	0	-399	0	-2.93675140017437E-03	0
0	0	-398	0	-2.94963529510986E-03	0
0	0	-397	0	-2.96262915995829E-03	0
0	0	-396	3.48726952300165E-19	-2.97537150060457E-03	-1.50044985839746E-18
0	0	-395	3.50173928874935E-19	-2.9886840620374E-03	-1.02765463639632E-18
0	0	-394	3.5184647386963E-19	-3.00214277997232E-03	-1.03887549774921E-18
0	0	-393	3.53152728316797E-19	-3.01574765440933E-03	-5.0004588528671E-19
0	0	-392	3.5480811287497E-19	-3.02949868534843E-03	-5.05389152597607E-19
0	0	-391	3.56038683436219E-19	-3.04339587278963E-03	0
0	0	-390	-3.58648455646423E-19	-3.05741348567728E-03	-6.69536807801503E-19
0	0	-389	-3.59594259473559E-19	-3.07157737710272E-03	-2.08237548661437E-19
0	0	-388	-3.61448303040856E-19	-3.08589350543421E-03	-4.20927543690976E-19
0	0	-387	-3.62702982046834E-19	-3.10036187067176E-03	0
0	0	-386	-3.64587792574528E-19	-3.11498247281537E-03	-2.68645272766988E-19
0	0	-385	-3.6589219455254E-19	-3.12975531186502E-03	0
0	0	-384	-3.67887685962169E-19	-3.14468038782074E-03	0
0	0	-383	-3.69671859474859E-19	-3.1597577006825E-03	-2.21594887765744E-19
0	0	-382	-3.7138953067149E-19	-3.17498725045032E-03	-5.03597499637038E-19
0	0	-381	-3.73232677946755E-19	-3.1903690371242E-03	0
0	0	-380	-3.74951091579386E-19	-3.20590306070413E-03	-2.28273557317897E-19
0	0	-379	-3.76885054863842E-19	-3.22158932119011E-03	0
0	0	-378	-3.78336716796233E-19	-3.23742781858215E-03	-5.23633508293498E-19
0	0	-377	-3.8082673009247E-19	-3.25341855288024E-03	0
0	0	-376	-3.82497193630514E-19	-3.26956152408439E-03	0
0	0	-375	-3.84403526123683E-19	-3.28585673219459E-03	0
0	0	-374	-3.85990419996196E-19	-3.30230417721085E-03	-2.41630896422204E-19
0	0	-373	-3.87327175087387E-19	-3.31890385913316E-03	-6.09642799015637E-19
0	0	-372	-3.90229382316025E-19	-3.33565577796152E-03	0
0	0	-371	-3.91750516308479E-19	-3.35255993369594E-03	-2.48309565974357E-19
0	0	-370	-3.92465749513275E-19	-3.36961632633642E-03	-8.76875262054428E-19
0	0	-369	-3.94875783743645E-19	-3.38682495588295E-03	-6.31905030856148E-19
0	0	-368	-3.99109967887715E-19	-3.40418582233553E-03	0
0	0	-367	-1.0659891128079E-19	-3.4211945768767E-03	-4.0705475738141E-19
0	0	-366	-1.0692149779019E-19	-3.43888086299821E-03	-1.05143791579304E-18
0	0	-365	-1.0746841615099E-19	-3.45675871805807E-03	-9.90405371219275E-19
0	0	-364	-1.0798764495514E-19	-3.47482814205629E-03	-1.03398141644762E-18
0	0	-363	-1.08913879511668E-19	-3.49308913499286E-03	-4.0705475738141E-19
0	0	-362	-1.09503481252453E-19	-3.51154169686778E-03	-4.0705475738141E-19
0	0	-361	-1.10099049247385E-19	-3.53018582768106E-03	-4.0705475738141E-19
0	0	-360	-1.10700583496463E-19	-3.54902152743269E-03	-4.0705475738141E-19
0	0	-359	-1.11308083999688E-19	-3.56804879612268E-03	-4.0705475738141E-19
0	0	-358	0	-3.58720392463716E-03	0
0	0	-357	0	-3.60651677721761E-03	0
0	0	-356	0	-3.62603931214723E-03	0
0	0	-355	0	-3.64577152942603E-03	0
0	0	-354	0	-3.66571342905402E-03	0
0	0	-353	0	-3.68586501103118E-03	0
0	0	-352	0	-3.70622627535752E-03	0
0	0	-351	0	-3.72679722203305E-03	0
0	0	-350	0	-3.74757785105775E-03	0
0	0	-349	0	-3.76856816243163E-03	0
0	0	-348	0	-3.78976815615469E-03	0
0	0	-347	0	-3.81117783222694E-03	0
0	0	-346	0	-3.83279719064836E-03	0
0	0	-345	0	-3.85462623141896E-03	0
0	0	-344	0	-3.87666495453874E-03	0
0	0	-343	0	-3.8989133600077E-03	0
0	0	-342	0	-3.92137144782584E-03	0
0	0	-341	0	-3.94403921799316E-03	0
0	0	-340	0	-3.96691667050966E-03	0
0	0	-339	0	-3.99000380537534E-03	0
0	0	-338	0	-4.01320676045056E-03	0
0	0	-337	0	-4.03674303639248E-03	0
0	0	-336	0	-4.06048871829928E-03	0
0	0	-335	0	-4.08444380617096E-03	0
0	0	-334	0	-4.10860830000752E-03	0
0	0	-333	0	-4.13298219980897E-03	0
0	0	-332	0	-0.004157313970997	0
0	0	-331	0	-4.18214200029282E-03	0
0	0	-330	0	-4.20722120211259E-03	0
0	0	-329	0	-4.2325515764563E-03	0
0	0	-328	0	-4.25813312332397E-03	0
0	0	-327	0	-4.28396419547381E-03	0
0	0	-326	0	-4.31004559537565E-03	0
0	0	-325	0	-4.33637804366256E-03	0
0	0	-324	0	-4.36296154033455E-03	0
0	0	-323	0	-4.3897960853916E-03	0
0	0	-322	0	-4.41688167883372E-03	0
0	0	-321	0	-4.44421832066092E-03	0
0	0	-320	0	-4.47180601087319E-03	0
0	0	-319	0	-4.49964474947053E-03	0
0	0	-318	0	-4.52773453645293E-03	0
0	0	-317	0	-4.55607537182041E-03	0
0	0	-316	0	-4.58466725557297E-03	0
0	0	-315	0	-4.61351018771059E-03	0
0	0	-314	0	-4.64260416823328E-03	0
0	0	-313	0	-4.67194919714105E-03	0
0	0	-312	0	-4.70154527443389E-03	0
0	0	-311	0	-4.73139240011179E-03	0
0	0	-310	0	-4.76149057417477E-03	0
0	0	-309	0	-4.79183979662282E-03	0
0	0	-308	0	-4.82227576613789E-03	0
0	0	-307	0	-4.85315799084908E-03	0
0	0	-306	0	-4.88429156954938E-03	0
0	0	-305	0	-4.91567650223882E-03	0
0	0	-304	0	-4.94731278891737E-03	0
0	0	-303	0	-4.97920042958505E-03	0
0	0	-302	0	-5.01133942424186E-03	0
0	0	-301	0	-5.04372977288778E-03	0
0	0	-300	0	-5.07637147552284E-03	0
0	0	-299	0	-5.10926453214701E-03	0
0	0	-298	0	-5.14240894276031E-03	0
0	0	-297	0	-5.17580470736274E-03	0
0	0	-296	0	-5.20945182595429E-03	0
0	0	-295	0	-5.24335029853496E-03	0
0	0	-294	0	-5.27750012510475E-03	0
0	0	-293	0	-5.31190130566367E-03	0
0	0	-292	-5.47410478035364E-23	-5.34651482513966E-03	-2.86069790296475E-20
0	0	-291	-5.53662405068633E-19	-5.38136065812237E-03	2.27917669874894E-19
0	0	-290	-5.57454470209404E-19	-5.41650122760441E-03	1.52358743883588E-19
0	0	-289	-5.60645555020262E-19	-5.45183564344653E-03	2.27917669874894E-19
0	0	-288	-5.64860930432034E-19	-5.48736390564873E-03	-4.6011572690473E-20
0	0	-287	-5.68293419490944E-19	-5.52308601421101E-03	2.27917669874894E-19
0	0	-286	-5.72046251153528E-19	-5.55900196913335E-03	1.5661095035974E-19
0	0	-285	0	-5.59511169874451E-03	0
0	0	-284	0	-5.63141643987252E-03	0
0	0	-283	0	-5.66791900832551E-03	0
0	0	-282	0	-5.70461940410348E-03	0
0	0	-281	0	-5.74151762720644E-03	0
0	0	-280	0	-5.77861367763437E-03	0
0	0	-279	0	-5.81590755538729E-03	0
0	0	-278	0	-5.85339926046519E-03	0
0	0	-277	-2.90082768211628E-22	-5.89095111201158E-03	0
0	0	-276	0	-5.92860075234553E-03	-4.89816638408007E-19
0	0	-275	0	-5.96651042054418E-03	-4.90312004478829E-19
0	0	-274	6.34974780913893E-23	-6.00437952054653E-03	0
0	0	-273	3.99786667290665E-23	-6.04241931939502E-03	0
0	0	-272	0	-6.08050238069867E-03	0
0	0	-271	0	-6.11862870445747E-03	0
0	0	-270	0	-6.15679829067143E-03	0
0	0	-269	0	-6.19501113934055E-03	0
0	0	-268	1.15285060852881E-22	-6.23326725046483E-03	-3.54438296678497E-19
0	0	-267	1.45838073035155E-22	-6.27156662404426E-03	-3.54838891638655E-19
0	0	-266	-3.29780768416481E-19	-6.30986558161631E-03	-1.44352584896764E-18
0	0	-265	-3.31877343974594E-19	-6.3481259885821E-03	-1.17679013967251E-18
0	0	-264	-3.34002485807344E-19	-6.3862878397835E-03	-8.90673295487018E-19
0	0	-263	-3.35540224123226E-19	-6.4243511352205E-03	-1.74507943375562E-18
0	0	-262	0	-6.46234136491916E-03	0
0	0	-261	0	-6.50017272317401E-03	0
0	0	-260	0	-6.53786884089722E-03	0
0	0	-259	0	-6.57539082180464E-03	0
0	0	-258	0	-6.61266522187905E-03	0
0	0	-257	0	-6.64969644308919E-03	0
0	0	-256	-7.52599229961049E-19	-6.68646438822717E-03	-6.3314275082487E-19
0	0	-255	0	-6.72288627721234E-03	-1.00927711955123E-18
0	0	-254	-2.53085106494957E-22	-6.75896131462358E-03	0
0	0	-253	5.82238004296473E-19	-6.79463366450337E-03	-5.33884846597495E-19
0	0	-252	0	-6.82987056668523E-03	0
0	0	-251	0	-6.86462390426695E-03	0
0	0	-250	0	-6.89883586367621E-03	0
0	0	-249	0	-6.93247323013269E-03	0
0	0	-248	0	-6.96545533572806E-03	0
0	0	-247	0	-6.99778703284293E-03	0
0	0	-246	0	-7.02936560362698E-03	0
0	0	-245	0	-7.06014097105269E-03	0
0	0	-244	0	-7.09003969646054E-03	0
0	0	-243	-2.00497244352042E-20	-7.11898419792932E-03	0
0	0	-242	0	-7.14690866553357E-03	0
0	0	-241	0	-7.17373491854577E-03	0
0	0	-240	0	-7.19938609977559E-03	0
0	0	-239	0	-7.22376014253748E-03	0
0	0	-238	-4.63092571166196E-19	-7.24677125326991E-03	5.796983744034E-20
0	0	-237	0	-7.26837420153714E-03	0
0	0	-236	0	-7.28841035282039E-03	0
0	0	-235	-4.1111790538383E-22	-7.30679885253844E-03	-4.67017994560771E-19
0	0	-234	-2.34415885628967E-19	-7.32342619108568E-03	0
0	0	-233	-3.29810658036322E-19	-7.33817161657132E-03	0
0	0	-232	3.2968287540531E-19	-7.35090134965371E-03	-7.68986698430093E-20
0	0	-231	0	-7.36149741676699E-03	0
0	0	-230	0	-7.36981794234625E-03	0
0	0	-229	0	-7.37574296094626E-03	0
0	0	-228	0	-7.37905941725405E-03	0
0	0	-227	0	-7.37965004160411E-03	0
0	0	-226	4.09483674156807E-22	-7.37731918241899E-03	-3.520807948132E-19
0	0	-225	0	-7.37189709088561E-03	0
0	0	-224	0	-7.36320336209328E-03	0
0	0	-223	0	-7.35101951301936E-03	0
0	0	-222	0	-7.33514297045293E-03	0
0	0	-221	0	-7.31536827662328E-03	0
0	0	-220	0	-7.29143844177384E-03	0
0	0	-219	0	-7.26312693574303E-03	0
0	0	-218	0	-7.23013102735614E-03	0
0	0	-217	4.75300710677789E-19	-7.19219675425613E-03	0
0	0	-216	0	-7.14903851978705E-03	0
0	0	-215	0	-7.10031484540521E-03	0
0	0	-214	1.9798619771027E-22	-7.04571609548522E-03	1.69003364872117E-18
0	0	-213	0	-6.98488548534214E-03	0
0	0	-212	0	-6.9174799108927E-03	0
0	0	-211	0	-6.84312765108252E-03	0
0	0	-210	0	-6.76138192362605E-03	0
0	0	-209	0	-6.67182756430919E-03	0
0	0	-208	0	-6.5740258579995E-03	0
0	0	-207	0	-6.46750684615918E-03	0
0	0	-206	0	-6.35175151915543E-03	0
0	0	-205	0	-6.22621420747719E-03	0
0	0	-204	0	-6.09028713410689E-03	0
0	0	-203	0	-5.94351185347584E-03	0
0	0	-202	-3.07069752445395E-23	-5.78513235186468E-03	1.17412546318019E-18
0	0	-201	-3.13613558560442E-19	-5.61450059098618E-03	0
0	0	-200	0	-0.005430921823027	0
0	0	-199	0	-5.23365050917487E-03	0
0	0	-198	0	-5.02190106572976E-03	0
0	0	-197	0	-4.7948382875171E-03	0
0	0	-196	0	-4.55159244956103E-03	0
0	0	-195	0	-4.29121158282017E-03	0
0	0	-194	0	-4.01270612014175E-03	0
0	0	-193	0	-3.71508716267798E-03	0
0	0	-192	0	-3.39720182696227E-03	0
0	0	-191	0	-3.05784076029696E-03	0
0	0	-190	0	-2.69585456927261E-03	0
0	0	-189	-9.19056114714615E-20	-2.3098846390706E-03	4.97724973847845E-18
0	0	-188	0	-1.89855315657444E-03	0
0	0	-187	0	-1.46037829178634E-03	0
0	0	-186	0	-9.9383809114562E-04	0
0	0	-185	0	-4.97300993280123E-04	0
0	0	-184	-6.75647827098755E-22	3.10154966792682E-05	0
0	0	-183	0	5.92922585997983E-04	0
0	0	-182	2.42627780185561E-22	1.19037294580863E-03	-9.01194231521843E-20
0	0	-181	0	1.82543237957957E-03	0
0	0	-180	0	2.5002694809415E-03	0
0	0	-179	0	3.21720137584278E-03	0
0	0	-178	-4.06126886095853E-23	3.97866464700597E-03	8.96457694443314E-18
0	0	-177	0	4.7872479742658E-03	0
0	0	-176	0	5.64570229607692E-03	0
0	0	-175	0	6.55695039913723E-03	0
0	0	-174	0	7.52400853279564E-03	0
0	0	-173	0	8.55017126728292E-03	0
0	0	-172	0	9.63880394925811E-03	0
0	0	-171	0	1.07936880769197E-02	0
0	0	-170	0	1.20184896220531E-02	0
0	0	-169	0	1.33173919626026E-02	0
0	0	-168	0	1.46948403892717E-02	0
0	0	-167	0	1.61551324754445E-02	0
0	0	-166	5.31562074099423E-22	1.77032392442639E-02	-1.90274951045561E-18
0	0	-165	-2.80108294962686E-21	1.93442392272358E-02	3.30134995057926E-17
0	0	-164	0	2.10835225439825E-02	0
0	0	-163	0	2.29268610116195E-02	0
0	0	-162	0	2.48801975004785E-02	0
0	0	-161	0	2.69499675134548E-02	0
0	0	-160	0	2.91426874819727E-02	0
0	0	-159	-1.00488248238349E-21	3.14658854620705E-02	8.65986638341055E-18
0	0	-158	0	3.39268316786222E-02	0
0	0	-157	0	3.65334991716945E-02	0
0	0	-156	0	3.92944535106193E-02	0
0	0	-155	0	4.22181073241911E-02	0
0	0	-154	0	4.53142824812791E-02	0
0	0	-153	0	4.85926447806969E-02	0
0	0	-152	-1.03635423728314E-20	5.20637445267916E-02	8.5031086243536E-17
0	0	-151	0	5.57385191440466E-02	0
0	0	-150	3.17360339712806E-21	5.96286887037106E-02	2.62153883165015E-18
0	0	-149	0	6.37464782591232E-02	0
0	0	-148	0	6.81047676713526E-02	0
0	0	-147	0	7.27173189677137E-02	0
0	0	-146	0	7.75988670706917E-02	0
0	0	-145	0	8.27645724580002E-02	0
0	0	-144	0	8.82304134293533E-02	0
0	0	-143	0	0.094013423394545	0
0	0	-142	0	0.100132515171439	0
0	0	-141	0	0.106606708193115	0
0	0	-140	-2.99386662136832E-21	0.113456452869867	1.73821517474176E-17
0	0	-139	0	0.120703274664777	0
0	0	-138	0	0.128371179643118	0
0	0	-137	0	0.136485361372353	0
0	0	-136	0	0.145071132943568	0
0	0	-135	5.59875445462847E-18	0.15415861749816	0
0	0	-134	0	0.163778095014619	0
0	0	-133	3.02544991224607E-18	0.173963389138227	-1.23176153651612E-17
0	0	-132	0	0.184750678540083	0
0	0	-131	0	0.196179640780215	0
0	0	-130	0	0.208293500172728	0
0	0	-129	6.14872124366703E-22	0.221139837661738	1.358921688282E-17
0	0	-128	0	0.234770345522553	0
0	0	-127	0	0.24924322387113	0
0	0	-126	0	0.264622630376821	-6.15046940958549E-18
0	0	-125	0	0.280978356975523	0
0	0	-124	0	0.298389429846673	0
0	0	-123	0	0.316945206225241	0
0	0	-122	0	0.336742104808076	0
0	0	-121	0	0.357888128030357	0
0	0	-120	0	0.380504904382409	0
0	0	-119	0	0.404730253147733	0
0	0	-118	0	0.430704706349728	0
0	0	-117	2.81068108246834E-21	0.458586088053333	-4.96048907197707E-17
0	0	-116	1.74369086579689E-21	0.488542204369235	0
0	0	-115	0	0.520744606734659	0
0	0	-114	0	0.555366428810134	0
0	0	-113	0	0.592561561212493	0
0	0	-112	0	0.632456638301574	0
0	0	-111	0	0.675121134528696	0
0	0	-110	6.14092383640667E-17	0.720509244000965	0
0	0	-109	-2.42495302517554E-20	0.768417725756855	7.47983580296044E-17
0	0	-108	0	0.818422692604395	0
0	0	-107	0	0.869958308353268	0
0	0	-106	0	0.92238402544644	0
0	0	-105	0	0.974692446285861	0
0	0	-104	0	1.02549025416793	0
0	0	-103	5.71345296723491E-17	1.07349493766979	3.20005878852127E-16
0	0	-102	0	1.11773604184225	0
0	0	-101	4.63337636888012E-17	1.15749402873922	-4.7185033774852E-17
0	0	-100	0	1.19239927915069	0
0	0	-99	0	1.22233416563875	0
0	0	-98	0	1.24745280177478	0
0	0	-97	0	1.26816088539463	0
0	0	-96	0	1.28502229093984	0
0	0	-95	0	1.29856338842518	0
0	0	-94	0	1.30934007919205	0
0	0	-93	0	1.31786723541715	0
0	0	-92	0	1.32458570695382	0
0	0	-91	9.86338996178652E-21	1.32988305664416	0
0	0	-90	0	1.3340645525924	0
0	0	-89	0	1.33737397906429	0
0	0	-88	0	1.33999699359318	0
0	0	-87	0	1.34207503491736	0
0	0	-86	0	1.34372638614984	0
0	0	-85	0	1.34503721739063	0
0	0	-84	-6.15746970995187E-21	1.34607232274601	1.17181473965196E-18
0	0	-83	0	1.3468810635957	0
0	0	-82	0	1.34750118727858	0
0	0	-81	0	1.34796026839103	0
0	0	-80	-3.16452126190111E-20	1.34827728979869	-9.99495341282347E-17
0	0	-79	0	1.34846577974485	0
0	0	-78	0	1.34853383933142	0
0	0	-77	0	1.34848470758157	0
0	0	-76	0	1.34831702965874	0
0	0	-75	0	1.34802441715966	0
0	0	-74	0	1.34759600074909	0
0	0	-73	0	1.34701449637731	0
0	0	-72	0	1.34625698686271	0
0	0	-71	0	1.34529072405781	0
0	0	-70	0	1.34407037312451	0
0	0	-69	0	1.3425396884214	0
0	0	-68	7.84940733578218E-17	1.34062153091196	1.57043296628249E-16
0	0	-67	-4.05855504242176E-20	1.33821733082762	-1.35351327272785E-16
0	0	-66	0	1.33519882923152	0
0	0	-65	0	1.33139420566037	0
0	0	-64	0	1.32658579491468	0
0	0	-63	0	1.32049884946548	0
0	0	-62	0	1.31279434191345	0
0	0	-61	-1.58520843879429E-19	1.30304511152221	-1.86063795084486E-16
0	0	-60	0	1.29077403782176	0
0	0	-59	0	1.27541759437399	0
0	0	-58	0	1.25637367100182	0
0	0	-57	0	1.23307172752219	0
0	0	-56	0	1.20496011109167	0
0	0	-55	-7.2158563675038E-17	1.17168157058713	5.5745179478778E-17
0	0	-54	-6.11801362724784E-17	1.13309434195963	1.23819505680329E-16
0	0	-53	0	1.08940468349698	0
0	0	-52	4.35663552461598E-17	1.04123342683756	-7.62200843148331E-18
0	0	-51	0	0.989552331482621	0
0	0	-50	0	0.935546362635075	0
0	0	-49	0	0.880264131008955	0
0	0	-48	0	0.824698895621481	0
0	0	-47	0	0.769791019115539	0
0	0	-46	0	0.716216683569725	0
0	0	-45	0	0.664410372935905	0
0	0	-44	0	0.614559430649447	0
0	0	-43	0	0.566655427971909	0
0	0	-42	1.92875914281077E-17	0.520551465741684	-9.42021832093404E-17
0	0	-41	0	0.47599011980013	0
0	0	-40	0	0.43262190674662	0
0	0	-39	0	0.389998032104273	0
0	0	-38	0	0.347642504930792	0
0	0	-37	0	0.304959317301115	0
0	0	-36	0	0.261197597878413	0
0	0	-35	0	0.215453065060747	0
0	0	-34	0	0.166576838495701	0
0	0	-33	0	0.113019859747197	0
0	0	-32	0	5.26436079079731E-02	0
0	0	-31	-1.01577212390858E-20	-1.73378824951231E-02	0
0	0	-30	0	-0.100669317666648	0
0	0	-29	0	-0.201729531289197	0
0	0	-28	1.19176333981217E-19	-0.323568006081063	-1.29080955564191E-16
0	0	-27	0	-0.466718863862387	0
0	0	-26	0	-0.62873094840451	0
0	0	-25	0	-0.805742179913595	0
0	0	-24	0	-0.99376790704211	0
0	0	-23	0	-1.18984442654752	0
0	0	-22	0	-1.39172896976077	0
0	0	-21	0	-1.59785037052347	0
0	0	-20	0	-1.8072092232647	0
0	0	-19	6.79440802097163E-17	-2.01898168244803	-1.24607423457833E-16
0	0	-18	0	-2.2326059287999	0
0	0	-17	0	-2.44766809769822	0
0	0	-16	0	-2.66389032767459	0
0	0	-15	0	-2.881130021487	0
0	0	-14	0	-3.09936176633978	0
0	0	-13	0	-3.31870569212321	0
0	0	-12	0	-3.53951263672972	0
0	0	-11	1.07413132726236E-20	-3.7625388428727	9.34223479778624E-17
0	0	-10	0	-3.98955439905173	0
0	0	-9	0	-4.22432000498885	0
0	0	-8	-7.4355134945059E-20	-4.47189750440948	-1.17128361204425E-16
0	0	-7	0	-4.73518982183774	0
0	0	-6	-4.0948459768595E-20	-5.0012042221362	-3.60027491184951E-16
0	0	-5	0	-5.24133864456412	0
0	0	-4	0	-5.43124911727883	0
0	0	-3	2.09711527276126E-20	-5.56638862652747	1.91133170349059E-16
0	0	-2	0	-5.65408451582701	0
0	0	-1	0	-5.70295935926491	0
0	0	0	0	-5.71866465112559	0
0	0	1	0	-5.70304220267347	0
0	0	2	0	-5.65412440281193	0
0	0	3	0	-5.56644531731476	0
0	0	4	0	-5.43138724613907	0
0	0	5	0	-5.24150247683818	0
0	0	6	0	-5.0019038152264	0
0	0	7	-1.83581710919437E-16	-4.73527367169047	0
0	0	8	0	-4.47109452351818	0
0	0	9	0	-4.22375505254934	0
0	0	10	0	-3.98949107269164	0
0	0	11	0	-3.76290091955719	0
0	0	12	0	-3.54006168034857	0
0	0	13	0	-3.31933267779808	0
0	0	14	0	-3.10002093415333	0
0	0	15	0	-2.8818120894188	0
0	0	16	0	-2.66459246986928	0
0	0	17	0	-2.44838787543577	0
0	0	18	4.91639525611875E-20	-2.23333842138237	1.86002481764692E-16
0	0	19	0	-2.01970407104548	0
0	0	20	1.23487844354626E-19	-1.80791836797157	5.29767905345223E-16
0	0	21	-1.52348286375544E-16	-1.59851765250421	2.7181298817458E-16
0	0	22	0	-1.39228937839966	0
0	0	23	0	-1.19034436781757	0
0	0	24	0	-0.994215671100629	0
0	0	25	0	-0.806191567842746	0
0	0	26	0	-0.629451893386037	0
0	0	27	0	-0.467492226206601	0
0	0	28	0	-0.324468578494287	0
0	0	29	0	-0.20246877074892	0
0	0	30	0	-0.10120096830626	0
0	0	31	0	-1.75645133664832E-02	0
0	0	32	0	5.25624347217935E-02	0
0	0	33	0	0.112966268351002	0
0	0	34	0	0.166487097532421	0
0	0	35	0	0.215360654980968	0
0	0	36	0	0.261087817974563	0
0	0	37	0	0.304851577377615	2.18223881382775E-17
0	0	38	0	0.347538941034187	-1.47658291496918E-17
0	0	39	0	0.389887278338736	0
0	0	40	0	0.432495184278975	0
0	0	41	-2.0304412258977E-17	0.475881734957451	4.04857496910948E-17
0	0	42	0	0.520441465862702	0
0	0	43	-3.18047340171812E-17	0.566548190106314	9.26025002361721E-17
0	0	44	0	0.614456305043896	0
0	0	45	0	0.664314194171339	2.35571499044159E-17
0	0	46	-1.02163881760585E-20	0.716132103014373	9.52255159215527E-17
0	0	47	0	0.76972950311749	0
0	0	48	0	0.824704048081737	0
0	0	49	0	0.880342658892681	0
0	0	50	0	0.935652326367207	0
0	0	51	0	0.989569041679994	0
0	0	52	0	1.04107913009857	0
0	0	53	0	1.08918828454723	0
0	0	54	0	1.13285909401803	0
0	0	55	0	1.17141917302701	0
0	0	56	4.71029636752143E-17	1.20464794325905	2.9185997752676E-16
0	0	57	0	1.2327244766104	0
0	0	58	0	1.25602134853911	0
0	0	59	0	1.27507431362247	0
0	0	60	0	1.2904781340729	0
0	0	61	0	1.30276757394127	0
0	0	62	0	1.31253796563674	0
0	0	63	0	1.32027531434455	0
0	0	64	0	1.32638517592109	0
0	0	65	0	1.33121677607652	0
0	0	66	0	1.33504089267896	0
0	0	67	-8.06820656710108E-17	1.33807639304088	3.18365956235209E-19
0	0	68	0	1.34049118802246	0
0	0	69	6.12256460376834E-17	1.34241927888233	1.04921932171679E-17
0	0	70	0	1.34395807724797	0
0	0	71	0	1.3451846024544	0
0	0	72	0	1.34615791896579	0
0	0	73	0	1.34692112543547	0
0	0	74	0	1.34750725606332	0
0	0	75	0	1.3479386229942	0
0	0	76	0	1.34823369868361	0
0	0	77	0	1.34840482106861	0
0	0	78	0	1.34845733009394	0
0	0	79	0	1.34839277062988	0
0	0	80	0	1.34820775466789	0
0	0	81	0	1.34789403990569	0
0	0	82	0	1.347438000456	0
0	0	83	0	1.34682051343508	0
0	0	84	0	1.34601368389711	0
0	0	85	0	1.34498001081433	0
0	0	86	5.52493343632635E-21	1.34367023010839	-5.85837526962132E-17
0	0	87	3.23981050882806E-20	1.34201918638619	-5.21808643066688E-17
0	0	88	2.93415965253102E-17	1.33993828957176	0
0	0	89	0	1.3373111435255	0
0	0	90	1.63944460570207E-20	1.33399323121726	6.6265882015433E-17
0	0	91	0	1.32979704171906	0
0	0	92	7.39265939371317E-17	1.32447517765822	0
0	0	93	0	1.31772878516648	0
0	0	94	8.90264220422785E-21	1.30918963388941	-2.12511714611597E-17
0	0	95	6.28679379207879E-20	1.29840709212537	3.65765270984043E-17
0	0	96	0	1.28487021276193	0
0	0	97	0	1.26802571509699	0
0	0	98	0	1.24730347544509	0
0	0	99	0	1.22224815700622	0
0	0	100	0	1.19254937518758	0
0	0	101	0	1.1579261366334	0
0	0	102	0	1.11828658143101	0
0	0	103	0	1.07412183448234	0
0	0	104	-1.57294134821722E-19	1.02613411047373	-5.27002143115814E-16
0	0	105	-4.08053410738898E-17	0.975297181723526	0
0	0	106	0	0.922820134210452	0
0	0	107	0	0.870246797227823	0
0	0	108	0	0.818739795962365	0
0	0	109	0	0.76875344586281	0
0	0	110	0	0.720783726807101	0
0	0	111	0	0.675328164479171	0
0	0	112	0	0.632611034923429	0
0	0	113	0	0.592674665310574	0
0	0	114	0	0.555449906530445	0
0	0	115	0	0.520807904634386	0
0	0	116	0	0.488588409445222	0
0	0	117	-2.44796461479627E-17	0.458620399074161	5.03018846231956E-17
0	0	118	2.00969988966828E-17	0.430730577465965	0
0	0	119	0	0.404750522151929	0
0	0	120	0	0.380521718361836	0
0	0	121	0	0.357900741995909	0
0	0	122	0	0.336754619358208	0
0	0	123	0	0.316954947652348	0
0	0	124	0	0.298400455361632	0
0	0	125	0	0.280988793515163	0
0	0	126	0	0.264631141535633	0
0	0	127	0	0.249253314770289	0
0	0	128	0	0.234780664337211	0
0	0	129	0	0.221150284010397	0
0	0	130	0	0.208304392989898	0
0	0	131	0	0.1961906882232	0
0	0	132	0	0.184762515908926	0
0	0	133	0	0.173975041002184	0
0	0	134	0	0.163789872448421	0
0	0	135	0	0.1541701115061	0
0	0	136	-8.19326112503778E-21	0.145082845577722	-5.6505303229305E-18
0	0	137	6.38444861138859E-21	0.136496716241453	-7.0997140096039E-17
0	0	138	0	0.128382894877601	0
0	0	139	-5.65339987406815E-21	0.120714604208218	0
0	0	140	0	0.113467752606176	0
0	0	141	-8.33736346045178E-21	0.106618040319545	0
0	0	142	0	0.100143784372867	0
0	0	143	0	0.094024583449217	0
0	0	144	0	8.82410053212399E-02	0
0	0	145	0	8.27750333204936E-02	0
0	0	146	0	7.76093447463283E-02	0
0	0	147	0	7.27279215454825E-02	0
0	0	148	0	6.81149921467474E-02	0
0	0	149	0	6.37565167488306E-02	0
0	0	150	0	5.96387717531476E-02	0
0	0	151	0	5.57485951483841E-02	0
0	0	152	0	5.20737691573029E-02	0
0	0	153	1.55409056088955E-18	4.86024672718187E-02	-5.26657960439364E-19
0	0	154	6.28438996998241E-22	4.53239332738595E-02	-7.41203459259363E-18
0	0	155	0	4.22276584822005E-02	0
0	0	156	0	3.93038395027982E-02	0
0	0	157	0	3.65428830983281E-02	0
0	0	158	0	3.39360745773301E-02	0
0	0	159	0	3.14750501403594E-02	0
0	0	160	0	0.029151821203227	0
0	0	161	8.6030672766892E-19	2.69589128723798E-02	-1.69559529052502E-18
0	0	162	0	2.48890248669557E-02	0
0	0	163	0	2.29356246157308E-02	0
0	0	164	0	2.10921875858439E-02	0
0	0	165	0	1.93528348725947E-02	0
0	0	166	-1.05143722449156E-18	1.77117485485768E-02	-9.83298848729503E-18
0	0	167	7.67020508918203E-19	1.61635639681008E-02	-1.5023077041928E-18
0	0	168	0	0.014703172053751	0
0	0	169	0	0.013325711746707	0
0	0	170	0	1.20267491489436E-02	0
0	0	171	0	1.08017293294848E-02	0
0	0	172	0	9.64680258353589E-03	0
0	0	173	0	8.55808146381325E-03	0
0	0	174	0	7.53187932940749E-03	0
0	0	175	0	6.56466924649424E-03	0
0	0	176	0	5.65336853221408E-03	0
0	0	177	0	4.79482039454408E-03	0
0	0	178	0	3.98614642795223E-03	0
0	0	179	0	3.22458897404311E-03	0
0	0	180	0	2.50756481960208E-03	0
0	0	181	0	1.83267458058701E-03	0
0	0	182	0	1.19753499675801E-03	0
0	0	183	0	5.99993705883741E-04	0
0	0	184	0	3.79917578526698E-05	0
0	0	185	3.13604205155966E-20	-4.90398535236908E-04	-1.96002628222479E-20
0	0	186	-1.57136365424662E-20	-9.87017641006212E-04	-1.2021279010193E-18
0	0	187	0	-1.45365025580971E-03	0
0	0	188	2.81781962544675E-21	-1.89193644106043E-03	-9.93176844066284E-18
0	0	189	0	-2.30334402236869E-03	0
0	0	190	2.66702888964586E-22	-2.68941486392322E-03	-2.82571046926621E-18
0	0	191	0	-3.05150383704009E-03	0
0	0	192	0	-3.3909139094729E-03	0
0	0	193	0	-3.70890591805953E-03	0
0	0	194	0	-4.00663398095871E-03	0
0	0	195	0	-4.28518264201479E-03	0
0	0	196	0	-4.54562442580114E-03	0
0	0	197	0	-4.78900293521829E-03	0
0	0	198	0	-5.01615486480433E-03	0
0	0	199	0	-5.22796662523773E-03	0
0	0	200	0	-5.42529790448196E-03	0
0	0	201	0	-5.60895169573292E-03	0
0	0	202	-1.85109917066621E-19	-5.77966851903612E-03	0
0	0	203	-2.16628701846027E-19	-5.93813826236935E-03	0
0	0	204	0	-6.08502879864315E-03	0
0	0	205	0	-6.22099883852529E-03	0
0	0	206	0	-6.34662045762868E-03	0
0	0	207	0	-0.006462469848351	0
0	0	208	0	-6.56906794900343E-03	0
0	0	209	5.88325343089051E-22	-6.66693306237667E-03	-1.67512483145877E-18
0	0	210	1.63280889262944E-19	-6.75653358998379E-03	0
0	0	211	0	-6.83835559106751E-03	0
0	0	212	0	-6.91278962579562E-03	0
0	0	213	0	-6.98025976948627E-03	0
0	0	214	-1.79813730900205E-23	-7.04114548008958E-03	0
0	0	215	0	-7.09581422437357E-03	0
0	0	216	-3.0488787582892E-19	-7.14459513448532E-03	6.10011003180875E-19
0	0	217	0	-7.18784057234037E-03	0
0	0	218	0	-7.22585454276269E-03	0
0	0	219	0	-7.25891815243029E-03	0
0	0	220	0	-7.28730321197318E-03	0
0	0	221	0	-7.31131152869316E-03	0
0	0	222	0	-7.33116525662326E-03	0
0	0	223	0	-7.34708309072564E-03	0
0	0	224	0	-7.35932289108393E-03	0
0	0	225	0	-7.36807554817505E-03	0
0	0	226	0	-7.37354344909121E-03	0
0	0	227	0	-7.37592159516058E-03	0
0	0	228	0	-7.37539158731406E-03	0
0	0	229	-1.38323509899102E-22	-7.37211544658704E-03	0
0	0	230	-1.1774260172188E-19	-7.36627207583596E-03	7.7619756717512E-20
0	0	231	-2.34930375279425E-19	-7.35800928132797E-03	-3.39363114268665E-19
0	0	232	0	-7.34746481713499E-03	0
0	0	233	3.00847614833068E-19	-7.33476619998079E-03	8.23920396360862E-20
0	0	234	0	-7.32006916603456E-03	0
0	0	235	0	-7.30350087626892E-03	0
0	0	236	0	-7.28516813295913E-03	0
0	0	237	0	-7.26517336524031E-03	0
0	0	238	0	-7.24363613872781E-03	0
0	0	239	0	-7.22064733850668E-03	0
0	0	240	0	-7.19630196466231E-03	0
0	0	241	0	-7.17071181152596E-03	0
0	0	242	0	-7.14393603952932E-03	0
0	0	243	0	-7.11606335443623E-03	0
0	0	244	0	-7.08716083307385E-03	0
0	0	245	0	-7.05730822046712E-03	0
0	0	246	3.99244885899196E-19	-7.02659974254973E-03	7.98489771798393E-19
0	0	247	-1.20448560610551E-19	-6.99505929577488E-03	0
0	0	248	0	-6.96275586477154E-03	0
0	0	249	0	-6.92979193061315E-03	0
0	0	250	0	-6.89620992736662E-03	0
0	0	251	1.59341467731171E-22	-6.86203001230293E-03	5.44458394941139E-19
0	0	252	0	-6.82730687982764E-03	0
0	0	253	0	-6.79210376909059E-03	0
0	0	254	0	-6.75646239197895E-03	0
0	0	255	0	-6.72042619669754E-03	0
0	0	256	0	-6.68403696084056E-03	0
0	0	257	0	-6.64730334610905E-03	0
0	0	258	0	-6.61029957443489E-03	0
0	0	259	0	-6.57304114278719E-03	0
0	0	260	0	-6.53558820930099E-03	0
0	0	261	0	-6.49792241680569E-03	0
0	0	262	0	-0.00646017062174	0
0	0	263	0	-6.42209284501829E-03	0
0	0	264	0	-6.38398953964597E-03	0
0	0	265	0	-6.34586070562302E-03	0
0	0	266	0	-6.30770634294946E-03	0
0	0	267	0	-6.26952645162528E-03	0
0	0	268	0	-6.23132103165048E-03	0
0	0	269	0	-6.19309008302506E-03	0
0	0	270	-1.24031393440876E-21	-6.15483007398786E-03	9.73044705083684E-19
0	0	271	1.05468749411789E-21	-6.1165918947512E-03	7.26019120336539E-19
0	0	272	-2.79492158670118E-22	-6.07836907346904E-03	0
0	0	273	0	-6.04027063560627E-03	0
0	0	274	2.04345599718627E-22	-6.00229658116291E-03	2.87577149189498E-19
0	0	275	1.97753700613673E-22	-5.96444691013895E-03	4.29950474311688E-19
0	0	276	-9.4921601759367E-23	-5.92672162253439E-03	0
0	0	277	5.27351928396342E-24	-5.88912071834924E-03	0
0	0	278	0	-5.85164419758349E-03	0
0	0	279	-1.58203396828928E-22	-5.81429206023715E-03	2.82859650947635E-19
0	0	280	-4.61426392276882E-22	-5.77706430631021E-03	5.63832302598526E-19
0	0	281	0	-5.73976241633318E-03	0
0	0	282	0	-5.70291975667674E-03	0
0	0	283	-2.15194068768943E-19	-5.66625836424787E-03	0
0	0	284	-2.14394253065525E-19	-5.62971239146692E-03	0
0	0	285	-2.12689174751421E-19	-5.59338275844114E-03	0
0	0	286	-2.11136809371806E-19	-5.55726946517053E-03	0
0	0	287	-2.09691570626037E-19	-5.52137251165508E-03	0
0	0	288	-2.08207208981821E-19	-5.4856918978948E-03	0
0	0	289	-2.07143933792254E-19	-5.45022762388969E-03	2.93728704516427E-19
0	0	290	-2.0544183143573E-19	-5.41497968963975E-03	0
0	0	291	-2.04225197802507E-19	-5.37994809514497E-03	0
0	0	292	-2.02030668407334E-19	-5.34513284040536E-03	0
0	0	293	-1.95273859408023E-19	-5.31054835196803E-03	2.42404568225013E-18
0	0	294	0	-5.27600194882529E-03	0
0	0	295	0	-5.24187765985215E-03	0
0	0	296	6.03435391571074E-19	-5.20799382753442E-03	1.15994292527592E-18
0	0	297	5.99807857947629E-19	-5.17435547827519E-03	1.69657613717791E-18
0	0	298	5.94898168449742E-19	-5.14097022778595E-03	0
0	0	299	5.90228087303024E-19	-5.10783807606671E-03	0
0	0	300	5.86789637579941E-19	-5.07495902311747E-03	0
0	0	301	5.83260660955636E-19	-5.04233306893822E-03	0
0	0	302	5.79663691768896E-19	-5.00996021352898E-03	0
0	0	303	5.76080619162244E-19	-4.97784045688973E-03	2.31385073671489E-19
0	0	304	5.72488908796892E-19	-4.94597379902048E-03	8.03441039393752E-19
0	0	305	5.68572936147243E-19	-4.91436023992122E-03	0
0	0	306	5.65032290047229E-19	-4.88299977959197E-03	0
0	0	307	1.41892547398622E-23	-4.85189411743161E-03	0
0	0	308	2.39326078523208E-22	-4.82104762977224E-03	0
0	0	309	4.65297564350074E-22	-4.79046002440363E-03	0
0	0	310	0	-4.76028312001785E-03	0
0	0	311	0	-4.73021511973947E-03	0
0	0	312	0	-4.70039785709803E-03	0
0	0	313	0	-4.67083133209353E-03	0
0	0	314	0	-4.64151554472599E-03	0
0	0	315	0	-4.61245049499539E-03	0
0	0	316	0	-4.58363618290173E-03	0
0	0	317	0	-4.55507260844502E-03	0
0	0	318	0	-4.52675977162525E-03	0
0	0	319	0	-4.49869767244243E-03	0
0	0	320	0	-4.47088631089655E-03	0
0	0	321	0	-4.44332568698762E-03	0
0	0	322	0	-4.41601580071563E-03	0
0	0	323	0	-4.38895665208059E-03	0
0	0	324	0	-4.36194545171793E-03	0
0	0	325	0	-4.3355027835097E-03	0
0	0	326	0	-4.30928388848735E-03	0
0	0	327	0	-4.28328876665085E-03	0
0	0	328	0	-4.25751741800021E-03	0
0	0	329	0	-4.23196984253543E-03	0
0	0	330	0	-4.20664604025651E-03	0
0	0	331	-5.2893724116667E-22	-4.18154786599047E-03	3.46916317354785E-19
0	0	332	-4.56235854946637E-22	-4.15667680072937E-03	3.46916317354785E-19
0	0	333	-4.1464842408935E-22	-4.13202947144299E-03	3.46916317354785E-19
0	0	334	-3.73060993232062E-22	-4.10760587813131E-03	3.46916317354785E-19
0	0	335	-4.5577614826525E-22	-4.08340602079435E-03	3.46916317354785E-19
0	0	336	-3.98593430836476E-22	-4.05942989943209E-03	3.46916317354785E-19
0	0	337	-3.41410713407706E-22	-4.03567751404455E-03	3.46916317354785E-19
0	0	338	-2.06711269802802E-22	-4.01214886463172E-03	3.46916317354785E-19
0	0	339	-1.65123838945515E-22	-3.9888439511936E-03	3.46916317354785E-19
0	0	340	-1.31257433593737E-22	-3.96576277373019E-03	3.46916317354785E-19
0	0	341	-8.19489772308572E-23	-3.9429053322415E-03	3.46916317354785E-19
0	0	342	-4.03615463735712E-23	-3.92027162672751E-03	3.46916317354785E-19
0	0	343	1.22588448371777E-24	-3.89786165718824E-03	3.46916317354785E-19
0	0	344	4.28133153410113E-23	-3.87567542362367E-03	3.46916317354785E-19
0	0	345	1.16051026022723E-22	-3.85371292603382E-03	3.46916317354785E-19
0	0	346	1.7323374345149E-22	-3.83197416441868E-03	3.46916317354785E-19
0	0	347	0	-3.8104392076413E-03	0
0	0	348	0	-3.78909520657481E-03	0
0	0	349	0	-3.76794844298612E-03	0
0	0	350	0	-3.74699891687523E-03	0
0	0	351	0	-3.72624662824215E-03	0
0	0	352	0	-3.70569157708688E-03	0
0	0	353	0	-3.68533376340941E-03	0
0	0	354	0	-3.66517318720974E-03	0
0	0	355	0	-3.64520984848788E-03	0
0	0	356	0	-3.62544374724383E-03	0
0	0	357	0	-3.60587488347758E-03	0
0	0	358	0	-3.58650325718914E-03	0
0	0	359	0	-3.5673288683785E-03	0
0	0	360	0	-3.54835171704567E-03	0
0	0	361	0	-3.52957180319065E-03	0
0	0	362	0	-3.51098912681343E-03	0
0	0	363	0	-3.49260368791401E-03	0
0	0	364	0	-3.4744154864924E-03	0
0	0	365	0	-3.4564245225486E-03	0
0	0	366	0	-3.4386307960826E-03	0
0	0	367	0	-3.4210343070944E-03	0
0	0	368	0	-3.40363505558402E-03	0
0	0	369	0	-3.38643304155143E-03	0
0	0	370	0	-3.36942826499666E-03	0
0	0	371	0	-3.35247760351776E-03	0
0	0	372	0	-3.33544422976017E-03	0
0	0	373	0	-3.31857846487652E-03	0
0	0	374	0	-3.30196447995473E-03	-3.97900353256585E-19
0	0	375	0	-3.28550777397108E-03	-3.97900353256585E-19
0	0	376	0	-3.26919390139862E-03	-3.97900353256585E-19
0	0	377	0	-3.25266203372855E-03	3.71863881209615E-19
0	0	378	-1.62344448419119E-22	-3.23672185177922E-03	5.96804081550537E-19
0	0	379	-2.66061753140514E-22	-3.22092646317361E-03	7.61449081101706E-19
0	0	380	-2.83452253197242E-22	-3.20527586791173E-03	8.11694742551546E-19
0	0	381	0	-3.18977006599356E-03	3.64673693303116E-19
0	0	382	-4.8443121911248E-22	-3.17440905741912E-03	1.23686055025768E-18
0	0	383	0	-3.1591928421884E-03	3.61177921223847E-19
0	0	384	-2.00978965915237E-22	-3.1441214203014E-03	7.88149552729442E-19
0	0	385	-1.80360644094738E-22	-3.12919479175812E-03	7.82304639388075E-19
0	0	386	1.59742322274236E-22	-3.11441295655856E-03	3.31511678943677E-19
0	0	387	-2.78248000907473E-22	-3.09977591470273E-03	1.18694392647139E-18
0	0	388	0	-3.08528366619061E-03	3.5272817982479E-19
0	0	389	0	-3.07093621102222E-03	3.51087892481969E-19
0	0	390	-7.72690349922334E-23	-3.05673354919755E-03	7.53328377366194E-19
0	0	391	-4.95693740252773E-23	-3.0426756807166E-03	6.97617060003122E-19
0	0	392	3.60323913512442E-23	-3.02876260557938E-03	3.31511678943677E-19
0	0	393	-3.08281390614866E-23	-3.01499432378587E-03	1.12759024823473E-18
0	0	394	0	-3.00137083533609E-03	3.43134760452818E-19
0	0	395	0	-2.98789214023003E-03	3.41593794983978E-19
0	0	396	4.64408959307593E-23	-2.97455823846769E-03	7.19103133246834E-19
0	0	397	-6.70592177512596E-23	-2.96136913004907E-03	3.31511678943677E-19
0	0	398	7.67178471252791E-23	-2.94832481497418E-03	6.61482531798908E-19
0	0	399	0	-0.002935425293243	3.35595469565256E-19
0	0	400	0	-2.92267056485555E-03	3.34137272324735E-19
0	0	401	-3.41657528388929E-19	-2.91073421047404E-03	0
0	0	402	-3.40384407800626E-19	-2.89822787471081E-03	0
0	0	403	-3.38843932606348E-19	-2.88582950440528E-03	0
0	0	404	-3.37633038491844E-19	-2.87353909955743E-03	0
0	0	405	-3.36264229787842E-19	-2.86135666016728E-03	0
0	0	406	-3.34561536679891E-19	-2.84928218623483E-03	0
0	0	407	-3.3367455185043E-19	-2.83731567776006E-03	0
0	0	408	-3.31989732017627E-19	-2.82545713474299E-03	0
0	0	409	-3.30634974257981E-19	-2.81370655718361E-03	0
0	0	410	-3.29292889318578E-19	-2.80206394508193E-03	0
0	0	411	-3.28171185939162E-19	-2.79052929843793E-03	0
0	0	412	-3.26426775632438E-19	-2.77910261725163E-03	0
0	0	413	-3.25528444058942E-19	-2.76778390152302E-03	0
0	0	414	-3.23806808438694E-19	-2.75657315125211E-03	0
0	0	415	-3.22772556925219E-19	-2.74547036643889E-03	0
0	0	416	-3.20943708559387E-19	-2.73447854425284E-03	4.01022025850233E-19
0	0	417	-3.19678145944227E-19	-2.72359645420161E-03	3.78071814735934E-20
0	0	418	-3.18412416347988E-19	-2.71282028402727E-03	3.55753712828419E-20
0	0	419	-3.17187674512649E-19	-2.70215003372982E-03	-3.40492726135109E-19
0	0	420	-3.15902298688536E-19	-2.69158570330926E-03	3.78083117425164E-19
0	0	421	-3.14706619672158E-19	-2.68112729276558E-03	-3.14706619672158E-19
0	0	422	-3.13491460156336E-19	-2.6707748020988E-03	-3.13491460156336E-19
0	0	423	0	-2.66052932554569E-03	0
0	0	424	0	-2.65040273585829E-03	0
0	0	425	0	-2.64036899741685E-03	0
0	0	426	0	-2.63042811022137E-03	0
0	0	427	0	-2.62058007427186E-03	0
0	0	428	0	-2.6108248895683E-03	0
0	0	429	0	-2.6011625561107E-03	0
0	0	430	0	-2.59159307389906E-03	0
0	0	431	0	-2.58211644293339E-03	0
0	0	432	0	-2.57273266321367E-03	0
0	0	433	0	-2.56344173473991E-03	0
0	0	434	0	-2.55424365751211E-03	0
0	0	435	0	-2.54513843153027E-03	0
0	0	436	0	-2.53612605679439E-03	0
0	0	437	0	-2.52720653330447E-03	0
0	0	438	0	-2.51837986106051E-03	0
0	0	439	0	-2.50964604006252E-03	0
0	0	440	0	-2.50100507031048E-03	0
0	0	441	0	-2.4924569518044E-03	0
0	0	442	0	-2.48400168454428E-03	0
0	0	443	0	-2.47563926853012E-03	0
0	0	444	0	-2.46736970376192E-03	0
0	0	445	0	-2.45919299023968E-03	0
0	0	446	0	-2.45110912796339E-03	0
0	0	447	0	-2.44311811693307E-03	0
0	0	448	-7.15466182732922E-20	-2.43574574505646E-03	1.27832101258631E-18
0	0	449	-7.19843962886541E-20	-2.42785111250214E-03	7.65284610471011E-19
0	0	450	-7.1602588640831E-20	-2.42003504198387E-03	1.01988779612182E-18
0	0	451	-7.17067878484174E-20	-2.41229753350167E-03	7.49977258052844E-19
0	0	452	-7.15715160942418E-20	-2.40463858705554E-03	7.42323581843761E-19
0	0	453	-7.13107010720947E-20	-2.39705820264547E-03	9.60722184291501E-19
0	0	454	-7.10855600746812E-20	-2.38955638027146E-03	1.23033515748947E-18
0	0	455	0	-2.38176571424533E-03	0
0	0	456	0	-2.3745630063388E-03	0
0	0	457	0	-2.36742289315641E-03	0
0	0	458	0	-2.36034537469816E-03	0
0	0	459	0	-2.35333045096404E-03	0
0	0	460	0	-2.34637812195406E-03	0
0	0	461	0	-2.33948838766821E-03	0
0	0	462	0	-2.3326612481065E-03	0
0	0	463	0	-2.32589670326893E-03	0
0	0	464	0	-2.31919475315549E-03	0
0	0	465	0	-2.31255539776619E-03	0
0	0	466	0	-2.30597863710102E-03	0
0	0	467	0	-2.29946447115999E-03	0
0	0	468	0	-2.2930128999431E-03	0
0	0	469	0	-2.28662392345034E-03	0
0	0	470	0	-2.28029754168172E-03	0
0	0	471	0	-2.27403375463724E-03	0
0	0	472	0	-2.26783256231689E-03	0
0	0	473	0	-2.26169396472067E-03	0
0	0	474	0	-2.2556179618486E-03	0
0	0	475	0	-2.24960455370066E-03	0
0	0	476	0	-2.24365374027685E-03	0
0	0	477	0	-2.23776552157718E-03	0
0	0	478	0	-2.23193989760165E-03	0
0	0	479	0	-2.22617686835025E-03	0
0	0	480	0	-2.22047643382299E-03	0
0	0	481	0	-2.21483859401987E-03	0
0	0	482	0	-2.20926334894088E-03	0
0	0	483	0	-2.20375069858603E-03	0
0	0	484	0	-2.19830064295532E-03	0
0	0	485	0	-2.19291318204873E-03	0
0	0	486	0	-2.18758831586629E-03	0
0	0	487	0	-2.18232604440798E-03	0
0	0	488	0	-2.17712636767381E-03	0
0	0	489	0	-2.17198928566378E-03	0
0	0	490	0	-2.16691479837788E-03	0
0	0	491	0	-2.16190290581612E-03	0
0	0	492	0	-2.15695360797849E-03	0
0	0	493	0	-0.002152066904865	0
0	0	494	0	-2.14724279647564E-03	0
0	0	495	0	-2.14248128281043E-03	0
0	0	496	0	-2.13778236386934E-03	0
0	0	497	0	-2.1331460396524E-03	0
0	0	498	0	-2.12857231015959E-03	0
0	0	499	0	-2.12406117539091E-03	0
0	0	500	0	-2.11961263534637E-03	0
0	0	501	0	-2.11522669002597E-03	0
0	0	502	0	-2.11090333942971E-03	0
0	0	503	0	-2.10664258355758E-03	0
0	0	504	0	-2.10244442240958E-03	0
0	0	505	0	-2.09834239823729E-03	0
0	0	506	0	-2.0941549353105E-03	0
0	0	507	0	-2.09002581569923E-03	0
0	0	508	0	-2.08593750088541E-03	1.1696601669771E-19
0	0	509	3.28921442182193E-23	-2.08189169686788E-03	1.1696601669771E-19
0	0	510	1.57458189256025E-22	-2.07789478027552E-03	1.1696601669771E-19
0	0	511	0	-2.07377303319454E-03	0
0	0	512	0	-2.07001353993364E-03	0
0	0	513	0	-2.06629799541682E-03	0
0	0	514	0	-2.06262639964409E-03	0
0	0	515	0	-2.05899875261545E-03	0
0	0	516	0	-2.05541505433088E-03	0
0	0	517	0	-2.0518753047904E-03	0
0	0	518	0	-0.002048379503994	0
0	0	519	0	-2.04492765194169E-03	0
0	0	520	0	-2.04151974863346E-03	0
0	0	521	0	-2.03815579406931E-03	0
0	0	522	0	-2.03483578824924E-03	0
0	0	523	0	-2.03155973117326E-03	0
0	0	524	0	-2.02832762284137E-03	0
0	0	525	0	-2.02513946325355E-03	0
0	0	526	0	-2.02199525240982E-03	0
0	0	527	0	-2.01889499031017E-03	0
0	0	528	0	-2.01583867695461E-03	0
0	0	529	0	-2.01282631234313E-03	0
0	0	530	0	-2.00985789647573E-03	0
0	0	531	0	-2.00693342935242E-03	0
0	0	532	0	-2.00405291097319E-03	0
0	0	533	0	-2.00121634133804E-03	0
0	0	534	0	-1.99842372044698E-03	0
0	0	535	0	-1.99567504829999E-03	0
0	0	536	0	-1.9929703248971E-03	0
0	0	537	0	-1.99030955023828E-03	0
0	0	538	0	-1.98769272432355E-03	0
0	0	539	0	-1.9851198471529E-03	0
0	0	540	0	-1.98259091872634E-03	0
0	0	541	0	-1.98010593904386E-03	0
0	0	542	0	-1.97766490810546E-03	0
0	0	543	0	-1.97526782591115E-03	0
0	0	544	0	-1.97291469246092E-03	0
0	0	545	0	-1.97060550775477E-03	0
0	0	546	0	-1.96834027179271E-03	0
0	0	547	0	-1.96611898457473E-03	0
0	0	548	0	-1.96394164610083E-03	0
0	0	549	0	-1.96180825637102E-03	0
0	0	550	0	-1.95971881538528E-03	0
0	0	551	0	-1.95767332314364E-03	0
0	0	552	0	-1.95567177964607E-03	0
0	0	553	0	-1.95371418489259E-03	0
0	0	554	0	-1.9518005388832E-03	0
0	0	555	0	-1.94993084161788E-03	0
0	0	556	0	-1.94810509309665E-03	0
0	0	557	0	-1.9463232933195E-03	0
0	0	558	0	-1.94458544228644E-03	0
0	0	559	0	-1.94289153999746E-03	0
0	0	560	0	-1.94124158645256E-03	0
0	0	561	0	-1.93963558165175E-03	0
0	0	562	0	-1.93807352559502E-03	0
0	0	563	0	-1.93655541828237E-03	0
0	0	564	0	-1.93508125971381E-03	0
0	0	565	0	-1.93365104988933E-03	0
0	0	566	0	-1.93226478880893E-03	0
0	0	567	0	-1.93092247647262E-03	0
0	0	568	0	-1.92962411288039E-03	0
0	0	569	0	-1.92836969803224E-03	0
0	0	570	0	-1.92715923192818E-03	0
0	0	571	0	-1.9259927145682E-03	0
0	0	572	0	-1.9248701459523E-03	0
0	0	573	0	-1.92379152608048E-03	0
0	0	574	0	-1.92275685495275E-03	0
0	0	575	0	-1.92176613256911E-03	0
0	0	576	1.69994868130413E-22	-1.92081483134019E-03	2.96113221558098E-20
0	0	577	4.68412937160463E-22	-1.91987401466825E-03	8.09928655810313E-20
0	0	578	2.25563125545621E-22	-1.91897422788861E-03	3.86909767870169E-20
0	0	579	-4.33839565021993E-23	-1.91811547100127E-03	0
0	0	580	1.66621151581088E-22	-1.91729774400622E-03	2.80640518240158E-20
0	0	581	-3.99266192883494E-23	-1.91652104690348E-03	0
0	0	582	9.54948767035526E-23	-1.91578537969303E-03	1.57345763865112E-20
0	0	583	2.55284974521454E-22	-1.91509074237488E-03	4.15291754773333E-20
0	0	584	5.21109202013555E-23	-1.91443713494903E-03	8.35747222980752E-21
0	0	585	1.98071669163856E-22	-1.91382455741548E-03	3.12633417150318E-20
0	0	586	3.12832762537143E-22	-1.91325300977423E-03	4.84946575180558E-20
0	0	587	1.32995734410565E-22	-1.91272249202527E-03	2.01976854799762E-20
0	0	588	-2.78259390398676E-23	-1.91223300416861E-03	0
0	0	589	9.1340446515289E-23	-1.91178454620425E-03	1.31816725239724E-20
0	0	590	-4.87372036520345E-23	-1.91137711813219E-03	0
0	0	591	5.65998330477223E-23	-1.91101071995243E-03	7.61002437076732E-21
0	0	592	1.46378852285127E-22	-1.91068535166496E-03	1.87804298332505E-20
0	0	593	1.91825960052382E-23	-1.91040101326979E-03	2.32182734690746E-21
0	0	594	1.04723564389863E-22	-1.91015770476693E-03	1.17644168772465E-20
0	0	595	1.49389958518132E-22	-1.90995542615636E-03	1.51966269823263E-20
0	0	596	6.99829509223E-23	-1.90979417743808E-03	6.1927687240414E-21
0	0	597	1.22679215775323E-22	-1.90967395861211E-03	8.77462544108571E-21
0	0	598	4.21570118824315E-23	-1.90959476967843E-03	2.06548537363541E-21
0	0	599	-8.81058436368533E-24	-1.90955661063706E-03	0
0	0	600	-1.07688985998836E-18	-1.90971120474002E-03	-1.14578344666142E-07
