fieldmap_name:     	SWLS Sirius
timestamp:         	2022-08-05_10-40-42
filename:          	2022-08-05_SWLS_Sirius_Model8.0_Currents_Z=-600_600mm_I=50A.txt
MagNet_file:       	SWLS_Sirius_Model8.0_Currents.mn
nr_magnets:        	1

magnet_name:       	SWLS
gap[mm]:           	
control_gap[mm]:   	--
magnet_length[mm]: 	
current_main[A]:   	--
NI_main[A.esp]:    	--
center_pos_z[mm]:  	0
center_pos_x[mm]:  	0
rotation[deg]:     	0

X[mm]	Y[mm]	Z[mm]	Bx	By	Bz [T]
------------------------------------------------------------------------------------------------------------------------------------------------------------------
0	0	-600	0	-1.77425332380193E-03	0
0	0	-599	0	-1.77428403530242E-03	0
0	0	-598	0	-1.77435229468543E-03	0
0	0	-597	0	-1.77445810195098E-03	0
0	0	-596	0	-1.77460145709905E-03	0
0	0	-595	0	-1.77478236012966E-03	0
0	0	-594	0	-1.7750008110428E-03	0
0	0	-593	0	-1.77525680983846E-03	0
0	0	-592	0	-1.77555035651666E-03	0
0	0	-591	0	-1.77588145107739E-03	0
0	0	-590	0	-1.77625009352065E-03	0
0	0	-589	0	-1.77665628384644E-03	0
0	0	-588	0	-1.77710002205477E-03	0
0	0	-587	0	-1.77758130814562E-03	0
0	0	-586	0	-0.001778100142119	0
0	0	-585	0	-1.77865652397492E-03	0
0	0	-584	0	-1.77925045371336E-03	0
0	0	-583	0	-1.77988193133434E-03	0
0	0	-582	0	-1.78055095683784E-03	0
0	0	-581	0	-1.78125753022388E-03	0
0	0	-580	0	-1.78200165149245E-03	0
0	0	-579	0	-1.78278332064355E-03	0
0	0	-578	0	-1.78360253767718E-03	0
0	0	-577	0	-1.78445930259334E-03	0
0	0	-576	0	-1.78535361539203E-03	0
0	0	-575	0	-1.78628547607325E-03	0
0	0	-574	0	-0.001787254884637	0
0	0	-573	0	-1.78826184108328E-03	0
0	0	-572	0	-1.7893063454121E-03	0
0	0	-571	0	-1.79038839762344E-03	0
0	0	-570	0	-1.79150799771732E-03	0
0	0	-569	0	-1.79266514569372E-03	0
0	0	-568	0	-1.79385984155266E-03	0
0	0	-567	0	-1.79450048007158E-03	0
0	0	-566	0	-1.79578849872702E-03	0
0	0	-565	0	-1.79711655985987E-03	0
0	0	-564	0	-1.79848466347014E-03	0
0	0	-563	0	-1.79989280955782E-03	0
0	0	-562	0	-1.80134099812292E-03	0
0	0	-561	0	-1.80282922916542E-03	0
0	0	-560	0	-1.80435750268534E-03	0
0	0	-559	0	-1.80592581868267E-03	0
0	0	-558	0	-1.80753417715742E-03	0
0	0	-557	0	-1.80918257810957E-03	0
0	0	-556	0	-1.81087102153914E-03	0
0	0	-555	0	-1.81259950744612E-03	0
0	0	-554	0	-1.81436803583052E-03	0
0	0	-553	0	-1.81617660669232E-03	0
0	0	-552	5.98036338246632E-23	-1.81801132463445E-03	1.16350214474136E-19
0	0	-551	-1.36825052399732E-22	-1.81986940311528E-03	4.56951851393148E-20
0	0	-550	-7.72732937188738E-23	-1.82177194251198E-03	7.31583611455087E-20
0	0	-549	6.28261355503193E-23	-1.82371894282454E-03	1.16350214474136E-19
0	0	-548	1.59584090313843E-22	-1.82571040405296E-03	1.16350214474136E-19
0	0	-547	-1.45892557576706E-22	-1.82774632619725E-03	4.01699965761118E-20
0	0	-546	-8.23107965949707E-23	-1.82982670925739E-03	7.03093574275975E-20
0	0	-545	6.68561378511964E-23	-1.8319515532334E-03	1.16350214474136E-19
0	0	-544	1.3572727685283E-22	-1.83412085812528E-03	1.16350214474136E-19
0	0	-543	-1.72177847504089E-22	-1.83633462393301E-03	2.63091723142006E-20
0	0	-542	-8.73482994710674E-23	-1.83859285065661E-03	6.75030020737547E-20
0	0	-541	0	-1.84089553829607E-03	1.10365449077485E-19
0	0	-540	1.43787281454584E-22	-1.8432426868514E-03	1.16350214474136E-19
0	0	-539	-2.36928709233162E-22	-1.84563429632258E-03	-6.9310944634704E-21
0	0	-538	-7.39086418777314E-23	-1.84807036670963E-03	7.39505550074678E-20
0	0	-537	0	-1.85055089801254E-03	1.10944307621571E-19
0	0	-536	1.51847286056339E-22	-1.85307589023131E-03	1.16350214474136E-19
0	0	-535	-2.6925900261186E-22	-1.85564534336595E-03	-2.4704906128657E-20
0	0	-534	-7.79386441786088E-23	-1.85825925741645E-03	7.18958770703306E-20
0	0	-533	0	-1.86091763238281E-03	1.11565814529725E-19
0	0	-532	1.99884113322618E-22	-1.86362046826503E-03	1.16350214474136E-19
0	0	-531	8.09611459042666E-23	-1.86636776506312E-03	1.16350214474136E-19
0	0	-530	-2.0492161619871E-22	-1.86915952277707E-03	6.61971969351231E-21
0	0	-529	0	-1.87199574140688E-03	1.12229969801948E-19
0	0	-528	8.39836476299226E-23	-1.87487642095255E-03	1.16350214474136E-19
0	0	-527	8.49911482051442E-23	-1.87780156141409E-03	1.16350214474136E-19
0	0	-526	-1.93496959755814E-22	-1.88077116279149E-03	1.18624563422933E-20
0	0	-525	0	-1.88378522508475E-03	1.1293677343824E-19
0	0	-524	8.80136499308E-23	-1.88684374829388E-03	1.16350214474136E-19
0	0	-523	3.11574026771071E-22	-1.88994673241886E-03	1.16350214474136E-19
0	0	-522	-2.02564464932788E-22	-1.89309417745971E-03	6.60382005451779E-21
0	0	-521	0	-1.89628608341643E-03	1.13686225438599E-19
0	0	-520	9.20436522316774E-23	-0.001899522450289	1.16350214474136E-19
0	0	-519	2.32627882017239E-22	-1.90280327807744E-03	1.16350214474136E-19
0	0	-518	-2.35146633455291E-22	-1.90612856678174E-03	-1.11553312355202E-20
0	0	-517	-9.50661539573348E-23	-1.9094983164019E-03	6.3639291649135E-20
0	0	-516	9.60736545325549E-23	-1.91291252693793E-03	1.16350214474136E-19
0	0	-515	2.42702887769433E-22	-1.91637119838981E-03	1.16350214474136E-19
0	0	-514	0	-1.9194110165499E-03	-1.35851641488375E-20
0	0	-513	1.82497400842812E-22	-1.92301397208435E-03	0
0	0	-512	3.08493038448548E-22	-1.92666409951346E-03	0
0	0	-511	0	-1.93036139883723E-03	-9.88559162992048E-20
0	0	-510	0	-1.93410587005566E-03	-5.72052411723727E-20
0	0	-509	0	-1.93789751316876E-03	-1.44803468291571E-20
0	0	-508	0	-1.94173673763184E-03	0
0	0	-507	0	-1.94563012908363E-03	0
0	0	-506	0	-1.94957998450341E-03	0
0	0	-505	0	-1.95358630389121E-03	0
0	0	-504	0	-1.95831845676633E-03	0
0	0	-503	0	-1.96225515451857E-03	0
0	0	-502	0	-1.96625505862795E-03	0
0	0	-501	0	-1.97031816909446E-03	0
0	0	-500	0	-1.97444448591812E-03	0
0	0	-499	0	-1.97863400909891E-03	0
0	0	-498	0	-1.98288673863684E-03	0
0	0	-497	0	-1.98720267453191E-03	0
0	0	-496	0	-1.99158181678412E-03	0
0	0	-495	0	-1.99602416539346E-03	0
0	0	-494	0	-2.00052972035995E-03	0
0	0	-493	0	-2.00509848168357E-03	0
0	0	-492	0	-2.00973044936433E-03	0
0	0	-491	0	-2.01442562340223E-03	0
0	0	-490	0	-2.01918400379727E-03	0
0	0	-489	0	-2.02400559054945E-03	0
0	0	-488	0	-2.02889038365876E-03	0
0	0	-487	0	-2.03383838312522E-03	0
0	0	-486	0	-2.03884958894881E-03	0
0	0	-485	0	-2.04392400112954E-03	0
0	0	-484	0	-2.04906161966741E-03	0
0	0	-483	0	-2.05426244456242E-03	0
0	0	-482	0	-2.05952647581456E-03	0
0	0	-481	0	-2.06485371342385E-03	0
0	0	-480	0	-2.07024415739027E-03	0
0	0	-479	0	-2.07569780771383E-03	0
0	0	-478	0	-2.08121466439453E-03	0
0	0	-477	0	-2.08679472743237E-03	0
0	0	-476	0	-2.09243799682735E-03	0
0	0	-475	0	-2.09814447257946E-03	0
0	0	-474	0	-2.10391415468871E-03	0
0	0	-473	0	-2.10974704315511E-03	0
0	0	-472	0	-2.11564313797864E-03	0
0	0	-471	0	-2.12160243915931E-03	0
0	0	-470	0	-2.12762494669711E-03	0
0	0	-469	0	-2.13371066059206E-03	0
0	0	-468	0	-2.13985958084414E-03	0
0	0	-467	0	-2.14607170745337E-03	0
0	0	-466	0	-2.15234704041973E-03	0
0	0	-465	0	-2.15868557974323E-03	0
0	0	-464	2.59932941353863E-19	-2.16507255839239E-03	-1.68271767268404E-19
0	0	-463	2.60711998587317E-19	-2.17151941996651E-03	-1.70335551866947E-19
0	0	-462	2.61478967099354E-19	-2.17804486775465E-03	0
0	0	-461	2.62271795573707E-19	-2.18464890175681E-03	0
0	0	-460	2.63137495409967E-19	-0.002191331521973	-3.53053811325148E-19
0	0	-459	2.63885755854051E-19	-2.19809272840321E-03	0
0	0	-458	2.64790715165504E-19	-2.20493252104744E-03	-3.61308949719317E-19
0	0	-457	2.65584465309501E-19	-2.21185089990569E-03	-1.82718259458201E-19
0	0	-456	2.66429563650108E-19	-2.21884786497797E-03	-1.84782044056744E-19
0	0	-455	2.67275924049836E-19	-2.22592341626427E-03	-1.60153567418816E-19
0	0	-454	2.68139163042936E-19	-2.23307755376459E-03	-1.61922525646139E-19
0	0	-453	2.69021465335205E-19	-2.24031027747893E-03	-1.90973397852371E-19
0	0	-452	2.69976801085213E-19	-2.2476215874073E-03	-3.86074364901826E-19
0	0	-451	2.70718974730587E-19	-2.25501148354969E-03	0
0	0	-450	2.7161558208761E-19	-2.2624799659061E-03	0
0	0	-449	2.72697209037434E-19	-2.27002703447654E-03	-3.98457072493081E-19
0	0	-448	2.73437100133293E-19	-0.002277652689261	0
0	0	-447	2.74473996957014E-19	-2.28535693025948E-03	-2.32406977649858E-19
0	0	-446	2.75399441469529E-19	-2.29313975747198E-03	-2.05419890042168E-19
0	0	-445	2.76348318692806E-19	-2.3010011708985E-03	-2.0748367464071E-19
0	0	-444	2.77290447387283E-19	-2.30894117053905E-03	-1.79612107919359E-19
0	0	-443	2.78274376470997E-19	-2.31695975639362E-03	-2.11611243837795E-19
0	0	-442	2.79128080923438E-19	-2.32505692846222E-03	0
0	0	-441	2.80366745774037E-19	-2.33323268674483E-03	-4.3147762606976E-19
0	0	-440	2.81100550071185E-19	-2.34148703124147E-03	0
0	0	-439	2.82378474396978E-19	-2.34981996195213E-03	-4.3973276446393E-19
0	0	-438	2.83398490374267E-19	-2.35823147887682E-03	-4.43860333661014E-19
0	0	-437	2.84130012121899E-19	-2.36672158201552E-03	0
0	0	-436	0	-2.37505636361822E-03	0
0	0	-435	0	-2.38377356238269E-03	0
0	0	-434	0	-2.39257405309673E-03	0
0	0	-433	0	-2.40145783576033E-03	0
0	0	-432	0	-2.41042491037351E-03	0
0	0	-431	0	-2.41947527693626E-03	0
0	0	-430	0	-2.42860893544857E-03	0
0	0	-429	0	-2.43782588591046E-03	0
0	0	-428	0	-2.44712612832191E-03	0
0	0	-427	0	-2.4562827602557E-03	0
0	0	-426	0	-2.46577348015439E-03	0
0	0	-425	0	-2.47537809533583E-03	0
0	0	-424	0	-2.48509660580003E-03	0
0	0	-423	0	-2.49492901154696E-03	0
0	0	-422	0	-2.50487531257665E-03	0
0	0	-421	0	-2.51493550888909E-03	0
0	0	-420	0	-2.52510960048428E-03	0
0	0	-419	0	-2.53539758736221E-03	0
0	0	-418	0	-2.54579946952289E-03	0
0	0	-417	0	-2.55631524696632E-03	0
0	0	-416	0	-2.5669449196925E-03	0
0	0	-415	0	-2.57768848770143E-03	0
0	0	-414	0	-2.58854595099311E-03	0
0	0	-413	0	-2.59951730956753E-03	0
0	0	-412	0	-2.61060256342471E-03	0
0	0	-411	0	-2.62180171256463E-03	0
0	0	-410	0	-2.6331147569873E-03	0
0	0	-409	0	-2.64453329809224E-03	0
0	0	-408	0	-2.65606247834508E-03	0
0	0	-407	0	-2.66770333606485E-03	0
0	0	-406	0	-2.67945587125154E-03	0
0	0	-405	0	-2.69132008390516E-03	0
0	0	-404	0	-2.70329597402571E-03	0
0	0	-403	0	-2.71538354161318E-03	0
0	0	-402	0	-2.72758278666757E-03	0
0	0	-401	0	-2.73989370918889E-03	0
0	0	-400	0	-2.75231630917714E-03	0
0	0	-399	0	-2.76485058663231E-03	0
0	0	-398	0	-2.7774965415544E-03	0
0	0	-397	0	-2.79025417394342E-03	0
0	0	-396	3.28263260942687E-19	-2.80272613517507E-03	-1.47527399789673E-18
0	0	-395	3.29800990211726E-19	-2.81582034718664E-03	-1.01118260654007E-18
0	0	-394	3.31479248163102E-19	-2.82906830412244E-03	-1.02298605321461E-18
0	0	-393	3.32838900337135E-19	-2.84247000598248E-03	-4.92756904709117E-19
0	0	-392	3.34485865612047E-19	-2.85602545276675E-03	-4.98377593601754E-19
0	0	-391	3.35722524225459E-19	-2.86973464447526E-03	0
0	0	-390	-3.38572964253515E-19	-0.002883567862866	-6.60940387280783E-19
0	0	-389	-3.39309770984156E-19	-2.89755535307631E-03	-2.05723425407946E-19
0	0	-388	-3.4120448476533E-19	-2.91170403358902E-03	-4.16161155612841E-19
0	0	-387	-3.42306483213177E-19	-2.92601390440413E-03	0
0	0	-386	-3.44240611345078E-19	-2.94048496552164E-03	-2.65993603254212E-19
0	0	-385	-3.45345155032954E-19	-2.95511721694155E-03	0
0	0	-384	-3.4744184622444E-19	-2.96991065866385E-03	0
0	0	-383	-3.49244687606422E-19	-2.98486529068855E-03	-2.19866339798793E-19
0	0	-382	-3.50975006872377E-19	-2.99998111301565E-03	-5.00002857443851E-19
0	0	-381	-3.52746924208393E-19	-3.01525812564515E-03	0
0	0	-380	-3.5446671837659E-19	-3.03069632857704E-03	-2.26937796994216E-19
0	0	-379	-3.563779289603E-19	-3.04629572181134E-03	0
0	0	-378	-3.57818159762147E-19	-3.06205630534803E-03	-5.21217229030121E-19
0	0	-377	-3.6031026105847E-19	-3.07797807918712E-03	0
0	0	-376	-3.6196586523207E-19	-3.0940610433286E-03	0
0	0	-375	-3.63866225094369E-19	-3.11030519777249E-03	0
0	0	-374	-3.65419924834996E-19	-3.12671054251877E-03	-2.41080711385063E-19
0	0	-373	-3.66693374064926E-19	-3.14327707756745E-03	-6.08594659458843E-19
0	0	-372	-3.69680447996392E-19	-3.16000480291853E-03	0
0	0	-371	-3.71151100523235E-19	-0.003176893718572	-2.48152168580486E-19
0	0	-370	-3.71720017267715E-19	-3.19394382452788E-03	-8.76782623426361E-19
0	0	-369	-3.74168847221674E-19	-3.21115512078615E-03	-6.32166183443587E-19
0	0	-368	-3.78663878893051E-19	-3.22852760734682E-03	0
0	0	-367	-1.01041868692827E-19	-3.24545546402998E-03	-3.85181414107388E-19
0	0	-366	-1.01674700370292E-19	-3.26317933357757E-03	-1.03123220858679E-18
0	0	-365	-1.02175203357419E-19	-3.28111565178759E-03	-9.70670273040804E-19
0	0	-364	-1.02683313026365E-19	-3.29926441866003E-03	-1.01508124706825E-18
0	0	-363	-1.03383899124028E-19	-3.3176256341949E-03	-3.85181414107388E-19
0	0	-362	-1.03988875043644E-19	-3.33619929839219E-03	-3.85181414107388E-19
0	0	-361	-1.04600467498926E-19	-3.3549854112519E-03	-3.85181414107388E-19
0	0	-360	-1.05218676489874E-19	-3.37398397277404E-03	-3.85181414107388E-19
0	0	-359	-1.05843502016489E-19	-3.3931949829586E-03	-3.85181414107388E-19
0	0	-358	0	-3.41252397678249E-03	0
0	0	-357	0	-3.43201637925751E-03	0
0	0	-356	0	-3.45174954504211E-03	0
0	0	-355	0	-3.47172347413631E-03	0
0	0	-354	0	-3.4919381665401E-03	0
0	0	-353	0	-3.51239362225347E-03	0
0	0	-352	0	-3.53308984127644E-03	0
0	0	-351	0	-0.003554026823609	0
0	0	-350	0	-3.57520456925115E-03	0
0	0	-349	0	-3.59662307820289E-03	0
0	0	-348	0	-3.61828235046423E-03	0
0	0	-347	0	-3.64018238603515E-03	0
0	0	-346	0	-3.66232318491566E-03	0
0	0	-345	0	-3.68470474710577E-03	0
0	0	-344	0	-3.70732707260546E-03	0
0	0	-343	0	-3.73019016141475E-03	0
0	0	-342	0	-3.75329401353363E-03	0
0	0	-341	0	-3.7766386289621E-03	0
0	0	-340	0	-3.80022400770015E-03	0
0	0	-339	0	-3.82405014974781E-03	0
0	0	-338	0	-3.84800422817953E-03	0
0	0	-337	0	-3.87236294718075E-03	0
0	0	-336	0	-3.89696070521602E-03	0
0	0	-335	0	-3.92179750228536E-03	0
0	0	-334	0	-3.94687333838876E-03	0
0	0	-333	0	-3.97218821352622E-03	0
0	0	-332	0	-3.99715750474115E-03	0
0	0	-331	0	-4.02303175653315E-03	0
0	0	-330	0	-4.04922901775038E-03	0
0	0	-329	0	-4.07574928839281E-03	0
0	0	-328	0	-4.10259256846047E-03	0
0	0	-327	0	-4.12954704563054E-03	0
0	0	-326	0	-4.15699483905022E-03	0
0	0	-325	0	-4.18476561615603E-03	0
0	0	-324	0	-4.21285937694798E-03	0
0	0	-323	0	-4.24127612142606E-03	0
0	0	-322	0	-4.27001584959028E-03	0
0	0	-321	0	-4.29907856144064E-03	0
0	0	-320	0	-4.32846425697713E-03	0
0	0	-319	0	-4.35817293619976E-03	0
0	0	-318	0	-4.38820459910852E-03	0
0	0	-317	0	-4.41855924570342E-03	0
0	0	-316	0	-4.44923687598445E-03	0
0	0	-315	0	-4.48023748995162E-03	0
0	0	-314	0	-4.51156108760492E-03	0
0	0	-313	0	-4.54320766894436E-03	0
0	0	-312	0	-4.57517723396994E-03	0
0	0	-311	0	-4.60746978268165E-03	0
0	0	-310	0	-4.6400853150795E-03	0
0	0	-309	0	-4.67302383116348E-03	0
0	0	-308	0	-4.70613366261585E-03	0
0	0	-307	0	-4.73986540915619E-03	0
0	0	-306	0	-4.7739902713673E-03	0
0	0	-305	0	-4.80850824924919E-03	0
0	0	-304	0	-4.84341934280185E-03	0
0	0	-303	0	-4.87872355202529E-03	0
0	0	-302	0	-4.9144208769195E-03	0
0	0	-301	0	-4.95051131748449E-03	0
0	0	-300	0	-4.98699487372025E-03	0
0	0	-299	0	-5.02387154562679E-03	0
0	0	-298	0	-5.06114133320411E-03	0
0	0	-297	0	-5.0988042364522E-03	0
0	0	-296	0	-5.13686025537107E-03	0
0	0	-295	0	-5.17530938996071E-03	0
0	0	-294	0	-5.21415164022112E-03	0
0	0	-293	0	-5.25338700615232E-03	0
0	0	-292	-3.82130840300267E-23	-5.29291853880895E-03	-5.45352300960802E-20
0	0	-291	-5.48805303953537E-19	-5.33303342759866E-03	2.29978369862095E-19
0	0	-290	-5.52939444862085E-19	-5.37356040213947E-03	1.41839130617865E-19
0	0	-289	-5.57266682980142E-19	-5.41453246436694E-03	2.29978369862095E-19
0	0	-288	-5.61371920402779E-19	-5.45594961428106E-03	-9.0741083988631E-20
0	0	-287	-5.65767269493009E-19	-5.49781185188184E-03	2.29978369862095E-19
0	0	-286	-5.70085480757138E-19	-5.54011917716928E-03	1.45403859093933E-19
0	0	-285	0	-5.58287165424577E-03	0
0	0	-284	0	-5.62606982475917E-03	0
0	0	-283	0	-5.66971260465662E-03	0
0	0	-282	0	-5.71379999393812E-03	0
0	0	-281	0	-5.75833199260366E-03	0
0	0	-280	0	-5.80330860065324E-03	0
0	0	-279	0	-5.84872981808687E-03	0
0	0	-278	0	-5.89459564490454E-03	0
0	0	-277	2.24746234124683E-23	-0.00594092104117	0
0	0	-276	2.28357560961539E-22	-5.98775487311119E-03	-6.0789567920673E-19
0	0	-275	1.42412576141517E-22	-6.03500996786466E-03	-6.13852600084711E-19
0	0	-274	4.20593188740833E-23	-6.0827108734737E-03	0
0	0	-273	4.51943342213087E-23	-6.1308981398523E-03	0
0	0	-272	0	-6.17954784324557E-03	0
0	0	-271	0	-6.2286599836535E-03	0
0	0	-270	0	-6.2782345610761E-03	0
0	0	-269	0	-6.32827157551337E-03	0
0	0	-268	-2.8900350312279E-23	-6.3787710269653E-03	-4.69747982671343E-19
0	0	-267	-2.6206482708238E-23	-6.42973291543191E-03	-4.740299851554E-19
0	0	-266	-3.38992657972725E-19	-6.48113853651667E-03	-1.66367448826797E-18
0	0	-265	-3.41686476524635E-19	-6.53301376919125E-03	-1.30849300875564E-18
0	0	-264	-3.44412630423313E-19	-6.58533480138723E-03	-9.18433681128547E-19
0	0	-263	-3.47172686831115E-19	-6.63810163310463E-03	-2.10939451157957E-18
0	0	-262	0	-6.69131810153882E-03	0
0	0	-261	0	-6.74496746917839E-03	0
0	0	-260	0	-6.79905718091231E-03	0
0	0	-259	0	-6.85358036410174E-03	0
0	0	-258	0	-6.9085238206628E-03	0
0	0	-257	0	-6.96388597268311E-03	0
0	0	-256	-7.90433864906022E-19	-7.01966024925003E-03	-9.68324223639671E-19
0	0	-255	0	-7.07583205270774E-03	-1.06226330449407E-18
0	0	-254	5.62218045738062E-23	-7.13240037755132E-03	0
0	0	-253	6.15782340548936E-19	-7.18934867832674E-03	-8.60308407780161E-19
0	0	-252	0	-7.24666861434904E-03	0
0	0	-251	0	-7.30434769547472E-03	0
0	0	-250	0	-7.36237263053087E-03	0
0	0	-249	0	-7.4207291955206E-03	0
0	0	-248	0	-7.47940227849542E-03	0
0	0	-247	0	-7.53837430515559E-03	0
0	0	-246	0	-7.5976283902136E-03	0
0	0	-245	0	-7.65714425126066E-03	0
0	0	-244	0	-7.71690104217443E-03	0
0	0	-243	-2.12890486975211E-20	-7.77687653013474E-03	0
0	0	-242	0	-7.83704641627131E-03	0
0	0	-241	0	-7.8973842072904E-03	0
0	0	-240	0	-7.95786274896161E-03	0
0	0	-239	0	-8.0184517417305E-03	0
0	0	-238	-5.16586715302841E-19	-8.07911916884694E-03	6.46961879548376E-20
0	0	-237	0	-8.13983148931109E-03	0
0	0	-236	0	-8.2005498489954E-03	0
0	0	-235	6.50732778282452E-23	-8.26123724717401E-03	-5.27461214716743E-19
0	0	-234	-2.65989092320959E-19	-8.32185170825599E-03	0
0	0	-233	-3.75747444975071E-19	-8.38234800882121E-03	0
0	0	-232	3.78598562342123E-19	-8.44267991840843E-03	-3.95748726561467E-19
0	0	-231	0	-8.50279335009561E-03	0
0	0	-230	0	-8.56263715433035E-03	0
0	0	-229	0	-8.62215271776453E-03	0
0	0	-228	0	-8.68127939640998E-03	0
0	0	-227	0	-8.73995107536347E-03	0
0	0	-226	-1.72124228749843E-22	-8.79809827781261E-03	-1.4673907556636E-18
0	0	-225	0	-8.85564672127041E-03	0
0	0	-224	0	-8.91251766816292E-03	0
0	0	-223	0	-8.96862887872034E-03	0
0	0	-222	0	-9.02389003117538E-03	0
0	0	-221	0	-9.07820487336318E-03	0
0	0	-220	0	-9.13147495198729E-03	0
0	0	-219	0	-9.18359565190011E-03	0
0	0	-218	0	-9.23444819075293E-03	0
0	0	-217	6.14256006493258E-19	-9.28391312003788E-03	0
0	0	-216	0	-9.33186501325702E-03	0
0	0	-215	0	-9.37816645165259E-03	0
0	0	-214	-3.4221199166451E-22	-9.42267252930618E-03	-3.04809928550066E-20
0	0	-213	0	-9.46523019189333E-03	0
0	0	-212	0	-9.5056749899324E-03	0
0	0	-211	0	-9.54383603921221E-03	0
0	0	-210	0	-9.5795289840324E-03	0
0	0	-209	0	-9.61255972891946E-03	0
0	0	-208	0	-9.64271793323664E-03	0
0	0	-207	0	-9.66978946778949E-03	0
0	0	-206	0	-9.6935385707151E-03	0
0	0	-205	0	-9.71371597890533E-03	0
0	0	-204	0	-9.73005232669367E-03	0
0	0	-203	0	-9.74229301239816E-03	0
0	0	-202	-9.31257793552782E-23	-9.7501209707987E-03	1.10527512851709E-18
0	0	-201	-5.44750776947471E-19	-9.75322723517514E-03	2.88040105090388E-21
0	0	-200	0	-9.75127787774053E-03	0
0	0	-199	0	-9.74392274417417E-03	0
0	0	-198	0	-9.73078219773672E-03	0
0	0	-197	0	-9.71146371919365E-03	0
0	0	-196	0	-9.68554045549497E-03	0
0	0	-195	0	-9.65256853673868E-03	0
0	0	-194	0	-9.6120563708424E-03	0
0	0	-193	0	-9.56352346316368E-03	0
0	0	-192	0	-9.50642467103552E-03	0
0	0	-191	0	-9.44015738181086E-03	0
0	0	-190	0	-9.36417493397178E-03	0
0	0	-189	-3.69164414785638E-19	-9.27779202269276E-03	1.1468745037023E-18
0	0	-188	0	-9.18034517285729E-03	0
0	0	-187	0	-9.07109149331558E-03	0
0	0	-186	0	-8.94928176153614E-03	0
0	0	-185	0	-8.81410498610681E-03	0
0	0	-184	2.52603261953273E-19	-8.66467129500611E-03	0
0	0	-183	0	-8.50007892188258E-03	0
0	0	-182	4.11641121401644E-22	-8.31933910587887E-03	5.27695563899892E-19
0	0	-181	0	-8.12141659865271E-03	0
0	0	-180	0	-7.90521328294059E-03	0
0	0	-179	0	-7.6695498873009E-03	0
0	0	-178	-6.9167982374445E-22	-7.41319086206093E-03	3.05235835882773E-18
0	0	-177	0	-7.1348156169624E-03	0
0	0	-176	0	-6.83301637231084E-03	0
0	0	-175	0	-6.50628759155454E-03	0
0	0	-174	0	-6.15307343856144E-03	0
0	0	-173	0	-5.77167108932835E-03	0
0	0	-172	0	-5.36031789921998E-03	0
0	0	-171	0	-4.91704918858497E-03	0
0	0	-170	0	-4.43993237404698E-03	0
0	0	-169	0	-3.92678294853317E-03	0
0	0	-168	0	-3.37524028214872E-03	0
0	0	-167	0	-2.78302865790301E-03	0
0	0	-166	6.0756388283329E-22	-2.14749174564606E-03	2.18969855885051E-19
0	0	-165	-3.3645364031767E-21	-1.46591286654666E-03	1.3789073769971E-17
0	0	-164	0	-7.35387690439008E-04	0
0	0	-163	0	4.72117885078527E-05	0
0	0	-162	0	8.85115466067316E-04	0
0	0	-161	0	1.78184546605663E-03	0
0	0	-160	0	2.74100235473447E-03	0
0	0	-159	-9.8895888800179E-22	3.76673311028561E-03	3.84062318039971E-18
0	0	-158	0	4.86309299802977E-03	0
0	0	-157	0	6.03457957821193E-03	0
0	0	-156	0	7.28596831959808E-03	0
0	0	-155	0	8.62211835904323E-03	0
0	0	-154	0	1.00486103332842E-02	0
0	0	-153	0	0.011571036840594	0
0	0	-152	-9.20289326154849E-21	1.31955395234012E-02	3.87182181756966E-17
0	0	-151	0	1.49285339624477E-02	0
0	0	-150	3.14407704742467E-21	1.67769584031304E-02	7.24193726210936E-19
0	0	-149	0	1.87481134249707E-02	0
0	0	-148	0	2.08497756206985E-02	0
0	0	-147	0	2.30902869372128E-02	0
0	0	-146	0	2.54787222110178E-02	0
0	0	-145	0	2.80244861568942E-02	0
0	0	-144	0	3.07375965914563E-02	0
0	0	-143	0	3.36288097889938E-02	0
0	0	-142	0	3.67102597950849E-02	0
0	0	-141	0	3.99942146111375E-02	0
0	0	-140	-2.86823635316254E-21	4.34939996920638E-02	9.85253879600323E-18
0	0	-139	0	4.72237988590363E-02	0
0	0	-138	0	5.11996381012435E-02	0
0	0	-137	0	5.54383613092043E-02	0
0	0	-136	0	5.99570996657309E-02	0
0	0	-135	2.36504648817463E-18	6.47763383281051E-02	0
0	0	-134	0	6.99168724976257E-02	0
0	0	-133	1.31417492642963E-18	7.54020793312553E-02	-5.3651931426405E-18
0	0	-132	0	8.12570289476822E-02	0
0	0	-131	0	8.75092647969172E-02	0
0	0	-130	0	9.41890422255564E-02	0
0	0	-129	7.19317065989619E-22	0.101329502510921	6.17244083670908E-18
0	0	-128	0	0.108966766064692	0
0	0	-127	0	0.117141371591198	0
0	0	-126	0	0.125898156006949	-2.9261773875539E-18
0	0	-125	0	0.135285758849782	0
0	0	-124	0	0.145358457506907	0
0	0	-123	0	0.156178139178018	0
0	0	-122	0	0.167810855979926	0
0	0	-121	0	0.180330286227089	0
0	0	-120	0	0.193819066627002	0
0	0	-119	0	0.208370200538409	0
0	0	-118	0	0.224077898861658	0
0	0	-117	1.59084986617077E-20	0.241047293483267	-2.61010973472314E-17
0	0	-116	8.28226964979444E-21	0.259389203962829	0
0	0	-115	0	0.279215622536757	0
0	0	-114	0	0.300637653476085	0
0	0	-113	0	0.323750972166513	0
0	0	-112	0	0.348629013280113	0
0	0	-111	0	0.375299842633641	0
0	0	-110	3.45178595758104E-17	0.403700465406861	0
0	0	-109	-2.511645493019E-20	0.433643216261961	4.58043706131567E-17
0	0	-108	0	0.46476700075197	0
0	0	-107	0	0.496620349920881	0
0	0	-106	0	0.528728782916634	0
0	0	-105	0	0.560356489631226	0
0	0	-104	0	0.590453693852221	0
0	0	-103	3.27873505529801E-17	0.618132400383498	1.81662001454495E-16
0	0	-102	0	0.642828069252119	0
0	0	-101	2.65843028490061E-17	0.664234218993775	-2.70337480922009E-17
0	0	-100	0	0.682326320205747	0
0	0	-99	0	0.697192107040148	0
0	0	-98	0	0.709057401241797	0
0	0	-97	0	0.718330271494409	0
0	0	-96	0	0.725505928499195	0
0	0	-95	0	0.730978362367379	0
0	0	-94	0	0.735118737768382	0
0	0	-93	0	0.738228293645236	0
0	0	-92	0	0.740544420530862	0
0	0	-91	-5.59279028066564E-22	0.74226605709342	0
0	0	-90	0	0.743543874409796	0
0	0	-89	0	0.744492427494676	0
0	0	-88	0	0.745194403309457	0
0	0	-87	0	0.745711064186414	0
0	0	-86	0	0.746092252235104	0
0	0	-85	0	0.7463732275241	0
0	0	-84	-2.16346824179494E-22	0.746579616048756	2.2529934907043E-19
0	0	-83	0	0.746730114576292	0
0	0	-82	0	0.746838604581123	0
0	0	-81	0	0.746914966594186	0
0	0	-80	-1.40236257562482E-21	0.746965806505376	-5.59683392775711E-17
0	0	-79	0	0.74699564264561	0
0	0	-78	0	0.747007151496897	0
0	0	-77	0	0.747001407581815	0
0	0	-76	0	0.746977972491626	0
0	0	-75	0	0.746934835361075	0
0	0	-74	0	0.746868406851854	0
0	0	-73	0	0.746772871647017	0
0	0	-72	0	0.746640159154109	0
0	0	-71	0	0.746458236101233	0
0	0	-70	0	0.746209893591671	0
0	0	-69	0	0.745873092912804	0
0	0	-68	4.3621045762011E-17	0.745416757798687	8.72636610097805E-17
0	0	-67	-8.06318462302653E-21	0.744799690148976	-7.29741974728875E-17
0	0	-66	0	0.743966583595352	0
0	0	-65	0	0.742841076255456	0
0	0	-64	0	0.741323100770736	0
0	0	-63	0	0.739280781035877	0
0	0	-62	0	0.7365428832105	0
0	0	-61	3.35336342130211E-20	0.732878960985797	-9.1935695051421E-17
0	0	-60	0	0.728013489367271	0
0	0	-59	0	0.721595453517886	0
0	0	-58	0	0.713218457388102	0
0	0	-57	0	0.702462421229125	0
0	0	-56	0	0.688865879341677	0
0	0	-55	-4.12430455325624E-17	0.672038575623789	3.70269812912195E-17
0	0	-54	-3.55556477648743E-17	0.651684054621456	7.11112955297487E-17
0	0	-53	0	0.627751530760478	0
0	0	-52	2.52323042466556E-17	0.600520455543383	-4.20672855298459E-18
0	0	-51	0	0.570560185554401	0
0	0	-50	0	0.538649937183052	0
0	0	-49	0	0.505494716634882	0
0	0	-48	0	0.471817753589436	0
0	0	-47	0	0.43837592797031	0
0	0	-46	0	0.40574589865154	0
0	0	-45	0	0.374327680153617	0
0	0	-44	0	0.344345128998287	0
0	0	-43	0	0.315875736633823	0
0	0	-42	1.07046983254277E-17	0.288903607278577	-5.36522870282716E-17
0	0	-41	0	0.26334290144694	0
0	0	-40	0	0.239057136521541	0
0	0	-39	0	0.215866573198141	0
0	0	-38	0	0.193584912959192	0
0	0	-37	0	0.171988663699004	0
0	0	-36	0	0.150812945958004	0
0	0	-35	0	0.129759546387721	0
0	0	-34	0	0.108472258541147	0
0	0	-33	0	0.0864959197883	0
0	0	-32	0	6.32307299520237E-02	0
0	0	-31	-3.19643209164024E-21	3.79183183579947E-02	0
0	0	-30	0	9.55928106681914E-03	0
0	0	-29	0	-0.023007867860235	0
0	0	-28	3.26852388965668E-20	-6.06087975839816E-02	-4.00577962121423E-17
0	0	-27	0	-0.103447632023774	0
0	0	-26	0	-0.15098872059277	0
0	0	-25	0	-0.202351512055004	0
0	0	-24	0	-0.256642897058241	0
0	0	-23	0	-0.313234908623849	0
0	0	-22	0	-0.37170746208642	0
0	0	-21	0	-0.431851505770367	0
0	0	-20	0	-0.49362210639916	0
0	0	-19	1.87487044926712E-17	-0.557114174411623	-3.41071323375667E-17
0	0	-18	0	-0.622559549919956	0
0	0	-17	0	-0.69034093947785	0
0	0	-16	0	-0.761063239857915	0
0	0	-15	0	-0.835562023208425	0
0	0	-14	0	-0.915138243156699	0
0	0	-13	0	-1.00157019581543	0
0	0	-12	0	-1.09756657099084	0
0	0	-11	1.99792892660549E-20	-1.20679069137425	1.67626382418946E-18
0	0	-10	0	-1.33432134165152	0
0	0	-9	0	-1.48628463373716	0
0	0	-8	-1.31551180321215E-19	-1.6671166159998	-9.04394969358519E-17
0	0	-7	0	-1.87485979115714	0
0	0	-6	0	-2.08781388228713	-1.47420515272075E-16
0	0	-5	0	-2.27279707250221	0
0	0	-4	0	-2.40792693758247	0
0	0	-3	-6.86796195996005E-21	-2.49505750075704	8.31221323301434E-17
0	0	-2	0	-2.54626473991863	0
0	0	-1	0	-2.57283533284884	0
0	0	0	0	-2.581177406897	0
0	0	1	0	-2.5730751069531	0
0	0	2	0	-2.54620674030304	0
0	0	3	0	-2.49414872576853	0
0	0	4	0	-2.4060918027545	0
0	0	5	0	-2.26990298849919	0
0	0	6	0	-2.08494507801973	0
0	0	7	-7.26211621834016E-17	-1.87154098717946	0
0	0	8	0	-1.66372016399696	0
0	0	9	0	-1.48391152196071	0
0	0	10	0	-1.33284894082176	0
0	0	11	0	-1.20609539434793	0
0	0	12	0	-1.09730129691143	0
0	0	13	0	-1.00148903744387	0
0	0	14	0	-0.915085875741545	0
0	0	15	0	-0.835557756213483	0
0	0	16	0	-0.761077300033369	0
0	0	17	0	-0.690399616489425	0
0	0	18	2.04833228334825E-20	-0.622654172781411	5.76905808005153E-17
0	0	19	0	-0.557246313316066	0
0	0	20	4.13831777359987E-20	-0.493759909109075	1.57394726038756E-16
0	0	21	-4.11723480973582E-17	-0.431986684651682	8.05284390787707E-17
0	0	22	0	-0.371830302361973	0
0	0	23	0	-0.313347081977848	0
0	0	24	0	-0.256748925446605	0
0	0	25	0	-0.202464394804109	0
0	0	26	0	-0.151170096641277	0
0	0	27	0	-0.103647469685198	0
0	0	28	0	-6.08401365894671E-02	0
0	0	29	0	-2.31995152922433E-02	0
0	0	30	0	9.41729940042402E-03	0
0	0	31	0	0.037853821000482	0
0	0	32	0	6.32048599271042E-02	0
0	0	33	0	8.64804028992053E-02	0
0	0	34	0	0.108451640102611	0
0	0	35	0	0.129745059229262	0
0	0	36	0	0.15080158582468	0
0	0	37	2.78408044461072E-20	0.17198830555335	1.23926712167659E-17
0	0	38	0	0.193598131624062	-8.19758073351176E-18
0	0	39	1.50826961244453E-20	0.21589106819369	0
0	0	40	0	0.239091626528511	0
0	0	41	-1.12568302414881E-17	0.263403823910787	2.24056554820702E-17
0	0	42	0	0.288986135957313	0
0	0	43	-1.7726338062842E-17	0.315985052783318	5.46841075084574E-17
0	0	44	0	0.34448562076301	0
0	0	45	-4.15010175195129E-21	0.374505739448906	1.3259840151945E-17
0	0	46	1.15860414775344E-20	0.405967502410139	5.79896094813636E-17
0	0	47	0	0.438658077725786	0
0	0	48	0	0.472204044776971	0
0	0	49	0	0.505998711779519	0
0	0	50	0	0.539234145595632	0
0	0	51	0	0.571103480834185	0
0	0	52	0	0.600922199388949	0
0	0	53	0	0.628100569651544	0
0	0	54	0	0.652036764689693	0
0	0	55	0	0.672370689256712	0
0	0	56	2.70498935906964E-17	0.689131227615189	1.58720096581669E-16
0	0	57	0	0.702653690398451	0
0	0	58	0	0.713349985730582	0
0	0	59	0	0.721680116699939	0
0	0	60	0	0.728086697387111	0
0	0	61	0	0.732931322766096	0
0	0	62	0	0.736582987810729	0
0	0	63	0	0.739319057067523	0
0	0	64	0	0.741356473028416	0
0	0	65	0	0.742871861364792	0
0	0	66	0	0.743994990900718	0
0	0	67	-4.49105934015654E-17	0.744826592768505	8.40404381553958E-20
0	0	68	0	0.745441144842665	0
0	0	69	3.4030691438261E-17	0.745896112720713	2.37701489915863E-18
0	0	70	0	0.746231739116728	0
0	0	71	0	0.746479007148395	0
0	0	72	0	0.746660875746763	0
0	0	73	0	0.746793576024525	0
0	0	74	0	0.746889108566337	0
0	0	75	0	0.746955238520786	0
0	0	76	0	0.746998078513272	0
0	0	77	0	0.747021569834797	0
0	0	78	0	0.747027521788098	0
0	0	79	0	0.74701628640633	0
0	0	80	0	0.746986721507592	0
0	0	81	0	0.746936222897797	0
0	0	82	0	0.746860279243533	0
0	0	83	0	0.746752313791017	0
0	0	84	0	0.74660252915436	0
0	0	85	0	0.746397258864987	0
0	0	86	5.98499232760159E-22	0.74611792621456	-3.15006719732708E-17
0	0	87	1.57843693429967E-21	0.745739256368039	-2.17471602473857E-17
0	0	88	1.63230651134452E-17	0.745225763631168	0
0	0	89	0	0.744529103616631	0
0	0	90	-1.56910688297572E-21	0.743587351125154	4.19967917365796E-17
0	0	91	0	0.742317169838856	0
0	0	92	4.13589377157884E-17	0.740604028676545	0
0	0	93	0	0.738301062320416	0
0	0	94	-2.91840971091127E-21	0.735213361155541	-7.88282600282839E-18
0	0	95	1.82160425664254E-20	0.731085255711962	3.22973295135424E-17
0	0	96	0	0.725603418065363	0
0	0	97	0	0.718394950613159	0
0	0	98	0	0.709043586126857	0
0	0	99	0	0.697188126094355	0
0	0	100	0	0.682515249279333	0
0	0	101	0	0.664624374762543	0
0	0	102	0	0.643218708574983	0
0	0	103	0	0.618480439160237	0
0	0	104	-3.8269219181461E-20	0.590752338240641	-3.08674424902972E-16
0	0	105	-2.35237918919942E-17	0.560607710172983	0
0	0	106	0	0.528861130849152	0
0	0	107	0	0.496660705619925	0
0	0	108	0	0.464871717026071	0
0	0	109	0	0.433807549015807	0
0	0	110	0	0.403857249986471	0
0	0	111	0	0.375436122194578	0
0	0	112	0	0.348747818480433	0
0	0	113	0	0.32385295980077	0
0	0	114	0	0.300725328084912	0
0	0	115	0	0.279291531838897	0
0	0	116	0	0.259453052635684	0
0	0	117	-1.28715058487818E-17	0.241101065731561	2.65671170167923E-17
0	0	118	1.04571219304665E-17	0.224123123601468	0
0	0	119	0	0.208408423744432	0
0	0	120	0	0.193851687728147	0
0	0	121	0	0.180356886633183	0
0	0	122	0	0.167834408451627	0
0	0	123	0	0.15619705191151	0
0	0	124	0	0.145375761478002	0
0	0	125	0	0.135300288854175	0
0	0	126	0	0.125909447331838	0
0	0	127	0	0.117151893990262	0
0	0	128	0	0.108975753777729	0
0	0	129	0	0.101337173525794	0
0	0	130	0	0.094195813593115	0
0	0	131	0	8.75151336725842E-02	0
0	0	132	0	8.12625289741021E-02	0
0	0	133	0	7.54066614790293E-02	0
0	0	134	0	6.99209110622961E-02	0
0	0	135	0	6.47796031671522E-02	0
0	0	136	-6.3612678578976E-21	0.05996005343898	-2.31835421320063E-18
0	0	137	4.84423564243849E-21	5.54407198526845E-02	-3.61939833614635E-17
0	0	138	0	5.12019307900531E-02	0
0	0	139	-3.96943876469689E-21	4.72256098281989E-02	0
0	0	140	0	4.34955481529911E-02	0
0	0	141	-6.27287905320772E-21	3.99956015838606E-02	0
0	0	142	0	3.67114784698572E-02	0
0	0	143	0	3.36298760665426E-02	0
0	0	144	0	3.07382295989956E-02	0
0	0	145	0	2.80249778782449E-02	0
0	0	146	0	2.54791815172173E-02	0
0	0	147	0	2.30908318502456E-02	0
0	0	148	0	2.08500818258143E-02	0
0	0	149	0	1.87483349419874E-02	0
0	0	150	0	1.67772115852635E-02	0
0	0	151	0	1.49288179394725E-02	0
0	0	152	0	1.31958442268435E-02	0
0	0	153	3.70034822180833E-19	1.15712685904411E-02	-2.45520082783687E-19
0	0	154	6.53497964272542E-22	1.00488059336518E-02	-3.42827832907939E-18
0	0	155	0	8.62231317449678E-03	0
0	0	156	0	7.28612004623234E-03	0
0	0	157	0	6.0347548554677E-03	0
0	0	158	0	4.86326503279027E-03	0
0	0	159	0	3.76690957337245E-03	0
0	0	160	0	2.7412202428587E-03	0
0	0	161	5.57453894600922E-20	1.78203051515596E-03	-1.01604344122108E-19
0	0	162	0	8.85313660422779E-04	0
0	0	163	0	4.74094806864774E-05	0
0	0	164	0	-7.35166680589361E-04	0
0	0	165	0	-1.46567499983817E-03	0
0	0	166	1.29002896683183E-19	-2.14724128277804E-03	-5.18524601904895E-18
0	0	167	-1.37707831618729E-19	-2.78275882617883E-03	2.834303399411E-19
0	0	168	0	-3.37496713746504E-03	0
0	0	169	0	-3.92645098773664E-03	0
0	0	170	0	-4.43958249124812E-03	0
0	0	171	0	-4.91673425987693E-03	0
0	0	172	0	-5.35996767837873E-03	0
0	0	173	0	-5.77130930130425E-03	0
0	0	174	0	-6.15267381578859E-03	0
0	0	175	0	-6.50591553443888E-03	0
0	0	176	0	-6.83261682394427E-03	0
0	0	177	0	-7.13440859352945E-03	0
0	0	178	0	-7.41276994048703E-03	0
0	0	179	0	-7.66911876966309E-03	0
0	0	180	0	-7.90477091676121E-03	0
0	0	181	0	-8.12095100659146E-03	0
0	0	182	0	-8.31886242910464E-03	0
0	0	183	0	-8.49959708308735E-03	0
0	0	184	0	-8.66419005769149E-03	0
0	0	185	5.63620241595789E-19	-8.81361079871315E-03	-3.52262650997368E-19
0	0	186	-1.42982645570611E-19	-8.94878717844193E-03	-3.20499061803983E-19
0	0	187	0	-9.07059517511773E-03	0
0	0	188	1.27116780789526E-21	-9.17984183501895E-03	-2.41331234726656E-18
0	0	189	0	-9.27727729334185E-03	0
0	0	190	2.77255084433543E-22	-9.36365249302819E-03	-6.12846752111308E-19
0	0	191	0	-9.43964555286237E-03	0
0	0	192	0	-9.50589070056423E-03	0
0	0	193	0	-9.56299878691583E-03	0
0	0	194	0	-9.61153298807098E-03	0
0	0	195	0	-9.65203412533309E-03	0
0	0	196	0	-9.68500145180544E-03	0
0	0	197	0	-9.71092710980149E-03	0
0	0	198	0	-9.73025186226895E-03	0
0	0	199	0	-9.74338523913458E-03	0
0	0	200	0	-9.75073277280515E-03	0
0	0	201	0	-9.75268073587978E-03	0
0	0	202	-3.11838052462949E-19	-9.74957641551725E-03	0
0	0	203	-3.55156280572963E-19	-9.74174925722922E-03	0
0	0	204	0	-9.72951590933337E-03	0
0	0	205	0	-9.71316865839082E-03	0
0	0	206	0	-9.69299437332974E-03	0
0	0	207	0	-9.6692528658472E-03	0
0	0	208	0	-9.64218030916936E-03	0
0	0	209	2.63858429883784E-22	-9.61202155925881E-03	1.72035424687324E-18
0	0	210	2.32767328117102E-19	-9.57899252676163E-03	0
0	0	211	0	-9.54330266699229E-03	0
0	0	212	0	-9.5051450812412E-03	0
0	0	213	0	-9.46469995787902E-03	0
0	0	214	-6.31917601017583E-24	-9.42214638275828E-03	0
0	0	215	0	-0.009377642631278	0
0	0	216	-3.97822984154082E-19	-9.33134402951351E-03	7.94600205772272E-19
0	0	217	0	-9.28339443731973E-03	0
0	0	218	0	-9.23393294675974E-03	0
0	0	219	0	-9.18308328611379E-03	0
0	0	220	0	-9.13096705389801E-03	0
0	0	221	0	-9.07769948346319E-03	0
0	0	222	0	-9.02338707394074E-03	0
0	0	223	0	-8.96812907815387E-03	0
0	0	224	0	-8.9120218071449E-03	0
0	0	225	0	-8.85515330541761E-03	0
0	0	226	0	-8.79760990080392E-03	0
0	0	227	0	-8.73946575947099E-03	0
0	0	228	0	-8.6807975560973E-03	0
0	0	229	-2.81107431234996E-23	-8.62167481086591E-03	0
0	0	230	-1.36843311274827E-19	-8.56216284185922E-03	6.54208749218963E-19
0	0	231	-2.71804118129484E-19	-8.5023223832227E-03	2.91643568651945E-19
0	0	232	0	-8.44221172988811E-03	0
0	0	233	3.43618878033416E-19	-8.38188463893037E-03	3.62800793068926E-19
0	0	234	0	-8.32139204783388E-03	0
0	0	235	0	-8.26078119121807E-03	0
0	0	236	0	-8.20009769687839E-03	0
0	0	237	0	-8.1393822355634E-03	0
0	0	238	0	-8.07867453343416E-03	0
0	0	239	0	-8.01801167527225E-03	0
0	0	240	0	-7.95742627720847E-03	0
0	0	241	0	-7.89695151584956E-03	0
0	0	242	0	-7.83661749820064E-03	0
0	0	243	0	-7.77645169287821E-03	0
0	0	244	0	-7.71648014493758E-03	0
0	0	245	0	-7.65672693324444E-03	0
0	0	246	4.31666706970239E-19	-7.59721484029277E-03	8.63333413940477E-19
0	0	247	-1.29995429056523E-19	-7.53796461366082E-03	0
0	0	248	0	-7.47899628269629E-03	0
0	0	249	0	-7.4203272827319E-03	0
0	0	250	0	-7.36197468256821E-03	0
0	0	251	1.25030459636096E-23	-7.30395342932111E-03	9.14238809811491E-19
0	0	252	0	-7.24627781022413E-03	0
0	0	253	0	-7.18896131905454E-03	0
0	0	254	0	-7.1320179874153E-03	0
0	0	255	0	-7.0754534448014E-03	0
0	0	256	0	-7.01928468359442E-03	0
0	0	257	0	-6.96351373581945E-03	0
0	0	258	0	-6.90815540578481E-03	0
0	0	259	0	-6.85321263021176E-03	0
0	0	260	0	-6.79869940855028E-03	0
0	0	261	0	-6.7446111665738E-03	0
0	0	262	0	-6.69098181474609E-03	0
0	0	263	0	-6.63775118002939E-03	0
0	0	264	0	-6.58497707353492E-03	0
0	0	265	0	-6.53265949526264E-03	0
0	0	266	0	-6.48079844521257E-03	0
0	0	267	0	-6.42939392338471E-03	0
0	0	268	0	-6.37844592977906E-03	0
0	0	269	0	-6.32795446439561E-03	0
0	0	270	-1.92549276960781E-22	-6.27791882191598E-03	1.26581233384334E-18
0	0	271	8.82660401211177E-23	-6.22835748608523E-03	9.356056284559E-19
0	0	272	-2.51424159549555E-23	-6.1792500281045E-03	0
0	0	273	0	-6.13060184231342E-03	0
0	0	274	2.36712277341896E-23	-6.08241292871199E-03	3.63790943205007E-19
0	0	275	2.96892474441551E-23	-6.03468328730022E-03	5.40460760718835E-19
0	0	276	-2.54630968394976E-23	-5.98741291807809E-03	0
0	0	277	-4.81441576797406E-24	-5.94060182104563E-03	0
0	0	278	0	-5.8942499962028E-03	0
0	0	279	4.27924721042847E-24	-5.84835744354964E-03	3.46372096242753E-19
0	0	280	8.01702211355288E-25	-5.80292416308613E-03	6.85776653700605E-19
0	0	281	0	-5.75800196395709E-03	0
0	0	282	0	-5.71349122879078E-03	0
0	0	283	-2.15314582094076E-19	-5.66943159128168E-03	0
0	0	284	-2.13674068691798E-19	-5.62581824153033E-03	0
0	0	285	-2.12044131347032E-19	-5.58264110534979E-03	0
0	0	286	-2.10418106789693E-19	-5.53990018274005E-03	0
0	0	287	-2.08788562465861E-19	-5.49759547370113E-03	0
0	0	288	-2.07310812724036E-19	-5.45572697823301E-03	0
0	0	289	-2.05556720675877E-19	-5.41429469633571E-03	3.42395933094521E-19
0	0	290	-2.04136820076533E-19	-5.37329862800922E-03	0
0	0	291	-2.02553995642331E-19	-5.33273877325353E-03	0
0	0	292	-2.01242455893268E-19	-5.29261513206865E-03	0
0	0	293	-1.94351005893931E-19	-5.25285142405962E-03	2.6140073311668E-18
0	0	294	0	-5.21377530768897E-03	0
0	0	295	0	-5.17492620932864E-03	0
0	0	296	5.93952359424521E-19	-5.13663172819086E-03	1.31342459163836E-18
0	0	297	5.8945667407616E-19	-5.09859494888358E-03	1.91574450422808E-18
0	0	298	5.85638440693948E-19	-5.06094983566743E-03	0
0	0	299	5.81633474753167E-19	-5.02369638854243E-03	0
0	0	300	5.77184099024436E-19	-4.98683460750857E-03	0
0	0	301	5.72868196834106E-19	-4.95036449256584E-03	0
0	0	302	5.68660905144E-19	-4.91428604371426E-03	0
0	0	303	5.64559963073413E-19	-4.87859926095382E-03	2.56681862158569E-19
0	0	304	5.60590233660523E-19	-4.84330414428452E-03	8.88472228461818E-19
0	0	305	5.56219051193058E-19	-4.80840069370637E-03	0
0	0	306	5.52348254388414E-19	-4.77388890921935E-03	0
0	0	307	3.05295324487862E-22	-4.73974505134729E-03	0
0	0	308	2.98303877367376E-22	-4.70595106974916E-03	0
0	0	309	3.09270978746175E-22	-4.67252577703767E-03	0
0	0	310	0	-4.63974186189643E-03	0
0	0	311	0	-4.60714992096112E-03	0
0	0	312	0	-4.57488385237248E-03	0
0	0	313	0	-4.54294365613052E-03	0
0	0	314	0	-4.51132933223523E-03	0
0	0	315	0	-4.48004088068661E-03	0
0	0	316	0	-4.44907830148467E-03	0
0	0	317	0	-4.4184415946294E-03	0
0	0	318	0	-4.3881307601208E-03	0
0	0	319	0	-4.35814579795888E-03	0
0	0	320	0	-4.32848670814363E-03	0
0	0	321	0	-4.29915349067505E-03	0
0	0	322	0	-4.27014614555315E-03	0
0	0	323	0	-4.24146467277792E-03	0
0	0	324	0	-4.21258367644962E-03	0
0	0	325	0	-4.18478301880589E-03	0
0	0	326	0	-4.15724581128449E-03	0
0	0	327	0	-4.12997205388541E-03	0
0	0	328	0	-4.10296174660866E-03	0
0	0	329	0	-4.07621488945423E-03	0
0	0	330	0	-4.04973148242213E-03	0
0	0	331	-1.29079135160454E-21	-4.02351329989071E-03	3.30448887726676E-19
0	0	332	-1.11801976024834E-21	-3.99756300710717E-03	3.30448887726676E-19
0	0	333	-1.02117707192769E-21	-3.97187797080538E-03	3.30448887726676E-19
0	0	334	-9.2433438360705E-22	-3.94645819098536E-03	3.30448887726676E-19
0	0	335	-1.13780108101873E-21	-3.92130366764711E-03	3.30448887726676E-19
0	0	336	-1.00464238457784E-21	-3.89641440079062E-03	3.30448887726676E-19
0	0	337	-8.71483688136954E-22	-3.87179039041589E-03	3.30448887726676E-19
0	0	338	-5.3696363032434E-22	-3.84743163652293E-03	3.30448887726676E-19
0	0	339	-4.40120942003697E-22	-3.82333813911173E-03	3.30448887726676E-19
0	0	340	-3.6473314453824E-22	-3.79950989818229E-03	3.30448887726676E-19
0	0	341	-2.46435565362303E-22	-3.77594691373462E-03	3.30448887726676E-19
0	0	342	-1.4959287704166E-22	-3.75264918576872E-03	3.30448887726676E-19
0	0	343	-5.27501887210166E-23	-3.72961671428458E-03	3.30448887726676E-19
0	0	344	4.40924995996297E-23	-3.7068494992822E-03	3.30448887726676E-19
0	0	345	1.93785883390454E-22	-3.68434754076159E-03	3.30448887726676E-19
0	0	346	3.26944579831337E-22	-3.66211083872274E-03	3.30448887726676E-19
0	0	347	0	-3.64010096876261E-03	0
0	0	348	0	-3.6182984964853E-03	0
0	0	349	0	-3.59671668572875E-03	0
0	0	350	0	-3.57535553649297E-03	0
0	0	351	0	-3.55421504877796E-03	0
0	0	352	0	-3.53329522258372E-03	0
0	0	353	0	-3.51259605791025E-03	0
0	0	354	0	-3.49211755475754E-03	0
0	0	355	0	-3.47185971312561E-03	0
0	0	356	0	-3.45182253301444E-03	0
0	0	357	0	-3.43200601442404E-03	0
0	0	358	0	-3.41241015735441E-03	0
0	0	359	0	-3.39303496180555E-03	0
0	0	360	0	-3.37388042777745E-03	0
0	0	361	0	-3.35494655527013E-03	0
0	0	362	0	-3.33623334428357E-03	0
0	0	363	0	-3.31774079481778E-03	0
0	0	364	0	-3.29946890687276E-03	0
0	0	365	0	-3.28141768044851E-03	0
0	0	366	0	-3.26358711554503E-03	0
0	0	367	0	-3.24597721216231E-03	0
0	0	368	0	-3.22858797030037E-03	0
0	0	369	0	-3.21141938995919E-03	0
0	0	370	0	-3.19447147113878E-03	0
0	0	371	0	-3.17755798604827E-03	0
0	0	372	0	-3.16049079107697E-03	0
0	0	373	0	-3.14360311437588E-03	0
0	0	374	0	-3.12701317997129E-03	-3.76927396753196E-19
0	0	375	0	-0.003110592406684	-3.76927396753196E-19
0	0	376	0	-3.09432079837406E-03	-3.76927396753196E-19
0	0	377	0	-3.07765842806169E-03	3.51856416753076E-19
0	0	378	-1.82455522517479E-22	-3.06179295918137E-03	5.75683555380749E-19
0	0	379	-2.98861799146531E-22	-3.04607982662807E-03	7.39308115342026E-19
0	0	380	-3.18201638728561E-22	-3.03051903040179E-03	7.89041103791163E-19
0	0	381	0	-3.01511057050252E-03	3.44705569590932E-19
0	0	382	-5.42984464844313E-22	-2.99985444693026E-03	1.21069328577851E-18
0	0	383	0	-2.98475065968503E-03	3.41234642039068E-19
0	0	384	-2.24782826115753E-22	-2.96979920876681E-03	7.64683243819383E-19
0	0	385	-2.0142812296255E-22	-2.9550000941756E-03	7.58637318838608E-19
0	0	386	1.78073419809349E-22	-2.94035331591141E-03	3.11941858092147E-19
0	0	387	-3.09437433312293E-22	-2.92585887397424E-03	1.15869365478957E-18
0	0	388	0	-2.91151676836409E-03	3.328621032446E-19
0	0	389	0	-2.89732699908095E-03	3.31239843500311E-19
0	0	390	-8.46546071965406E-23	-2.88328956612483E-03	7.28668934007754E-19
0	0	391	-5.36374160379335E-23	-2.86940446949572E-03	6.73392513427456E-19
0	0	392	3.79452008901496E-23	-2.85567170919363E-03	3.11941858092147E-19
0	0	393	-2.91809954738949E-23	-2.84209128521856E-03	1.09686882576349E-18
0	0	394	0	-2.8286631975705E-03	3.23389784851884E-19
0	0	395	0	-2.81538744624946E-03	3.21872021136802E-19
0	0	396	5.54736117226593E-23	-2.80226403125544E-03	6.93281600371376E-19
0	0	397	-7.88283148758606E-23	-2.78929295258843E-03	3.11941858092147E-19
0	0	398	8.94101407754172E-23	-2.77647421024844E-03	6.36099909967682E-19
0	0	399	0	-2.76380780423547E-03	3.15975126325158E-19
0	0	400	0	-2.75129373454951E-03	3.14544442634417E-19
0	0	401	-3.21576614993845E-19	-2.73965587401162E-03	0
0	0	402	-3.203189890037E-19	-2.72739570488261E-03	0
0	0	403	-3.18816282609525E-19	-2.71524501732672E-03	0
0	0	404	-3.17631761287641E-19	-2.70320381134394E-03	0
0	0	405	-3.16297828012748E-19	-2.69127208693428E-03	0
0	0	406	-3.14627903832171E-19	-2.67944984409773E-03	0
0	0	407	-3.13782798603219E-19	-2.6677370828343E-03	0
0	0	408	-3.121253720898E-19	-2.65613380314399E-03	0
0	0	409	-3.10804746999251E-19	-2.64464000502679E-03	0
0	0	410	-3.09496972688255E-19	-2.63325568848271E-03	0
0	0	411	-3.08421023173817E-19	-2.62198085351175E-03	0
0	0	412	-3.06686752714076E-19	-2.6108155001139E-03	0
0	0	413	-3.05848733124325E-19	-2.59975962828917E-03	0
0	0	414	-3.04132660201277E-19	-2.58881323803755E-03	0
0	0	415	-3.03150862826561E-19	-2.57797632935906E-03	0
0	0	416	-3.013033419932E-19	-2.56725203928504E-03	4.02929666901657E-19
0	0	417	-3.00077842894385E-19	-2.55663901396809E-03	4.84998616447558E-20
0	0	418	-2.98846545464519E-19	-2.54613323994316E-03	4.6192359166333E-20
0	0	419	-2.97652061210388E-19	-2.53573471721025E-03	-3.20418074190814E-19
0	0	420	-2.9641074726696E-19	-2.52544344576936E-03	3.7951186236159E-19
0	0	421	-2.95237303193858E-19	-2.5152594256205E-03	-2.95237303193858E-19
0	0	422	-2.94054507482251E-19	-2.50518265676366E-03	-2.94054507482251E-19
0	0	423	0	-2.49521441006113E-03	0
0	0	424	0	-2.48536892334127E-03	0
0	0	425	0	-2.47561636253996E-03	0
0	0	426	0	-2.46595672765721E-03	0
0	0	427	0	-2.45639001869301E-03	0
0	0	428	0	-2.44691623564737E-03	0
0	0	429	0	-2.43753537852028E-03	0
0	0	430	0	-2.42824744731175E-03	0
0	0	431	0	-2.41905244202177E-03	0
0	0	432	0	-2.40995036265035E-03	0
0	0	433	0	-2.40094120919748E-03	0
0	0	434	0	-2.39202498166317E-03	0
0	0	435	0	-2.38320168004741E-03	0
0	0	436	0	-2.3744713043502E-03	0
0	0	437	0	-2.36583385457155E-03	0
0	0	438	0	-2.35728933071146E-03	0
0	0	439	0	-2.34883773276992E-03	0
0	0	440	0	-2.34047906074693E-03	0
0	0	441	0	-2.3322133146425E-03	0
0	0	442	0	-2.32404049445662E-03	0
0	0	443	0	-2.3159606001893E-03	0
0	0	444	0	-2.30797363184053E-03	0
0	0	445	0	-2.30007958941032E-03	0
0	0	446	0	-2.29227847289866E-03	0
0	0	447	0	-2.28457028230556E-03	0
0	0	448	-6.67264810689817E-20	-2.27750655421187E-03	1.23365957649394E-18
0	0	449	-6.72143777431982E-20	-2.26988861727589E-03	7.38376679710448E-19
0	0	450	-6.68441956123261E-20	-2.26234825021368E-03	9.83795698854174E-19
0	0	451	-6.69762267717409E-20	-2.25488545302524E-03	7.23262644301467E-19
0	0	452	-6.68606391403375E-20	-2.24750022571058E-03	7.15705626596977E-19
0	0	453	-6.66228585252114E-20	-2.24019256826969E-03	9.26040488551713E-19
0	0	454	-6.64295142777194E-20	-2.23296248070258E-03	1.18561653893353E-18
0	0	455	0	-2.2254261489243E-03	0
0	0	456	0	-2.21849982709118E-03	0
0	0	457	0	-2.21163442150749E-03	0
0	0	458	0	-2.20482993217324E-03	0
0	0	459	0	-2.19808635908842E-03	0
0	0	460	0	-2.19140370225304E-03	0
0	0	461	0	-2.1847819616671E-03	0
0	0	462	0	-2.17822113733059E-03	0
0	0	463	0	-2.17172122924352E-03	0
0	0	464	0	-2.16528223740588E-03	0
0	0	465	0	-2.15890416181767E-03	0
0	0	466	0	-2.15258700247891E-03	0
0	0	467	0	-2.14633075938958E-03	0
0	0	468	0	-2.14013543254968E-03	0
0	0	469	0	-2.13400102195922E-03	0
0	0	470	0	-2.1279275276182E-03	0
0	0	471	0	-2.12191494952661E-03	0
0	0	472	0	-2.11596328768446E-03	0
0	0	473	0	-2.11007254209174E-03	0
0	0	474	0	-2.10424271274846E-03	0
0	0	475	0	-2.09847379965461E-03	0
0	0	476	0	-2.0927658028102E-03	0
0	0	477	0	-2.08711872221523E-03	0
0	0	478	0	-2.08153255786969E-03	0
0	0	479	0	-2.07600730977359E-03	0
0	0	480	0	-2.07054297792692E-03	0
0	0	481	0	-2.06513956232969E-03	0
0	0	482	0	-2.0597970629819E-03	0
0	0	483	0	-2.05451547988354E-03	0
0	0	484	0	-2.04929481303461E-03	0
0	0	485	0	-2.04413506243513E-03	0
0	0	486	0	-2.03903622808507E-03	0
0	0	487	0	-2.03399830998446E-03	0
0	0	488	0	-2.02902130813327E-03	0
0	0	489	0	-2.02410522253153E-03	0
0	0	490	0	-2.01925005317922E-03	0
0	0	491	0	-2.01445580007634E-03	0
0	0	492	0	-2.00972246322291E-03	0
0	0	493	0	-2.0050500426189E-03	0
0	0	494	0	-2.00043853826434E-03	0
0	0	495	0	-1.99588795015921E-03	0
0	0	496	0	-1.99139827830351E-03	0
0	0	497	0	-1.98696952269725E-03	0
0	0	498	0	-1.98260168334042E-03	0
0	0	499	0	-1.97829476023304E-03	0
0	0	500	0	-1.97404875337508E-03	0
0	0	501	0	-1.96986366276657E-03	0
0	0	502	0	-1.96573948840749E-03	0
0	0	503	0	-1.96167623029784E-03	0
0	0	504	0	-1.95767388843763E-03	0
0	0	505	0	-1.95377025483396E-03	0
0	0	506	0	-1.9497708714092E-03	0
0	0	507	0	-1.94582794974298E-03	0
0	0	508	0	-1.94192478125167E-03	1.0871458620418E-19
0	0	509	4.53003051277678E-23	-1.9380624887568E-03	1.0871458620418E-19
0	0	510	1.70550558961678E-22	-1.9342470553854E-03	1.0871458620418E-19
0	0	511	0	-1.9303013387684E-03	0
0	0	512	0	-1.92672107585775E-03	0
0	0	513	0	-1.9231827417561E-03	0
0	0	514	0	-1.91968633646346E-03	0
0	0	515	0	-1.91623185997981E-03	0
0	0	516	0	-1.91281931230517E-03	0
0	0	517	0	-1.90944869343953E-03	0
0	0	518	0	-1.90612000338289E-03	0
0	0	519	0	-1.90283324213525E-03	0
0	0	520	0	-1.89958840969661E-03	0
0	0	521	0	-1.89638550606698E-03	0
0	0	522	0	-1.89322453124634E-03	0
0	0	523	0	-1.89010548523471E-03	0
0	0	524	0	-1.88702836803208E-03	0
0	0	525	0	-1.88399317963845E-03	0
0	0	526	0	-1.88099992005382E-03	0
0	0	527	0	-1.87804858927819E-03	0
0	0	528	0	-1.87513918731157E-03	0
0	0	529	0	-1.87227171415394E-03	0
0	0	530	0	-1.86944616980532E-03	0
0	0	531	0	-1.8666625542657E-03	0
0	0	532	0	-1.86392086753508E-03	0
0	0	533	0	-1.86122110961346E-03	0
0	0	534	0	-1.85856328050084E-03	0
0	0	535	0	-1.85594738019722E-03	0
0	0	536	0	-1.85337340870261E-03	0
0	0	537	0	-0.001850841366017	0
0	0	538	0	-1.84835125214039E-03	0
0	0	539	0	-1.84590306707278E-03	0
0	0	540	0	-1.84349681081417E-03	0
0	0	541	0	-1.84113248336456E-03	0
0	0	542	0	-1.83881008472396E-03	0
0	0	543	0	-1.83652961489235E-03	0
0	0	544	0	-1.83429107386975E-03	0
0	0	545	0	-1.83209446165615E-03	0
0	0	546	0	-1.82993977825155E-03	0
0	0	547	0	-1.82782702365595E-03	0
0	0	548	0	-1.82575619786935E-03	0
0	0	549	0	-1.82372730089176E-03	0
0	0	550	0	-1.82174033272316E-03	0
0	0	551	0	-1.81979529336357E-03	0
0	0	552	0	-1.81789218281298E-03	0
0	0	553	0	-1.81603100107139E-03	0
0	0	554	0	-1.8142117481388E-03	0
0	0	555	0	-1.81243442401521E-03	0
0	0	556	0	-1.81069902870063E-03	0
0	0	557	0	-1.80900556219504E-03	0
0	0	558	0	-1.80735402449846E-03	0
0	0	559	0	-1.80574441561088E-03	0
0	0	560	0	-1.8041767355323E-03	0
0	0	561	0	-1.80265098426272E-03	0
0	0	562	0	-1.80116716180215E-03	0
0	0	563	0	-1.79972526815057E-03	0
0	0	564	0	-0.001798325303308	0
0	0	565	0	-1.79696726727443E-03	0
0	0	566	0	-1.79565116004985E-03	0
0	0	567	0	-1.79437698163428E-03	0
0	0	568	0	-1.79314473202772E-03	0
0	0	569	0	-1.79195441123015E-03	0
0	0	570	0	-1.79080601924158E-03	0
0	0	571	0	-1.78969955606202E-03	0
0	0	572	0	-1.78863502169146E-03	0
0	0	573	0	-1.7876124161299E-03	0
0	0	574	0	-1.78663173937734E-03	0
0	0	575	0	-1.78569299143378E-03	0
0	0	576	1.66722075682307E-22	-1.78479162850316E-03	2.81077446328225E-20
0	0	577	4.58839564124051E-22	-1.78389860930856E-03	7.68757895232556E-20
0	0	578	2.20665170292217E-22	-1.78304458766785E-03	3.67218686192232E-20
0	0	579	-4.2382111704479E-23	-1.78222956358103E-03	0
0	0	580	1.62524757402048E-22	-1.78145353704812E-03	2.66318530675314E-20
0	0	581	-3.88802669965499E-23	-1.78071650806909E-03	0
0	0	582	9.28233616064559E-23	-1.78001847664397E-03	1.49288820248026E-20
0	0	583	2.47648956020305E-22	-1.77935944277274E-03	3.93984330700809E-20
0	0	584	5.04412499019788E-23	-1.77873940645541E-03	7.9277135294388E-21
0	0	585	1.91259465484112E-22	-1.77815836769197E-03	2.96516227468699E-20
0	0	586	3.01256552267175E-22	-1.77761632648243E-03	4.59873189599742E-20
0	0	587	1.276862979274E-22	-1.77711328282679E-03	1.91498700038242E-20
0	0	588	-2.66238105187917E-23	-1.77664923672504E-03	0
0	0	589	8.70551085768853E-23	-1.77622418817719E-03	1.24919067369414E-20
0	0	590	-4.62439316217246E-23	-1.77583813718324E-03	0
0	0	591	5.34276086422362E-23	-1.77549108374318E-03	7.20676438398218E-21
0	0	592	1.37340847720492E-22	-1.77518302785702E-03	1.77765036757839E-20
0	0	593	1.78691987489649E-23	-1.77491396952475E-03	2.19629529663105E-21
0	0	594	9.67096583699856E-23	-1.77468390874638E-03	1.1118540408901E-20
0	0	595	1.36489863389785E-22	-1.77449284552191E-03	1.4343905976858E-20
0	0	596	6.30821584353411E-23	-1.77434077985133E-03	5.83339805594167E-21
0	0	597	1.08655093331009E-22	-1.77422771173465E-03	8.2347438270745E-21
0	0	598	3.6458347916548E-23	-1.77415364117187E-03	1.92107661690619E-21
0	0	599	-7.36366462517499E-24	-1.77411856816298E-03	0
0	0	600	-1.00060825951907E-18	-1.77427054854436E-03	-1.11808786201116E-07
