fieldmap_name:     	SWLS Sirius
timestamp:         	2022-08-03_13-39-23
filename:          	2022-08-03_SWLS_Sirius_Model8.0_normal_Z=-600_600mm.txt
MagNet_file:       	SWLS_Sirius_Model8.0_normal.mn
nr_magnets:        	1

magnet_name:       	SWLS
gap[mm]:           	
control_gap[mm]:   	--
magnet_length[mm]: 	
current_main[A]:   	--
NI_main[A.esp]:    	--
center_pos_z[mm]:  	0
center_pos_x[mm]:  	0
rotation[deg]:     	0

X[mm]	Y[mm]	Z[mm]	Bx	By	Bz [T]
------------------------------------------------------------------------------------------------------------------------------------------------------------------
0	0	-600	0	-1.83257962966431E-03	0
0	0	-599	0	-1.83260980876264E-03	0
0	0	-598	0	-1.83267773468633E-03	0
0	0	-597	0	-1.8327834074354E-03	0
0	0	-596	0	-1.83292682700985E-03	0
0	0	-595	0	-1.83310799340967E-03	0
0	0	-594	0	-1.83332690663486E-03	0
0	0	-593	0	-1.83358356668542E-03	0
0	0	-592	0	-1.83387797356136E-03	0
0	0	-591	0	-1.83421012726267E-03	0
0	0	-590	0	-1.83458002778935E-03	0
0	0	-589	0	-1.83498767514141E-03	0
0	0	-588	0	-1.83543306931884E-03	0
0	0	-587	0	-1.83591621032165E-03	0
0	0	-586	0	-1.83643709814983E-03	0
0	0	-585	0	-1.83699573280338E-03	0
0	0	-584	0	-1.8375921142823E-03	0
0	0	-583	0	-1.8382262425866E-03	0
0	0	-582	0	-1.83889811771627E-03	0
0	0	-581	0	-1.83960773967132E-03	0
0	0	-580	0	-1.84035510845174E-03	0
0	0	-579	0	-1.84114022405753E-03	0
0	0	-578	0	-1.8419630864887E-03	0
0	0	-577	0	-1.84282369574524E-03	0
0	0	-576	0	-1.84372205182715E-03	0
0	0	-575	0	-1.84465815473444E-03	0
0	0	-574	0	-1.8456320044671E-03	0
0	0	-573	0	-1.84664360102513E-03	0
0	0	-572	0	-1.84769294440854E-03	0
0	0	-571	0	-1.84878003461732E-03	0
0	0	-570	0	-1.84990487165147E-03	0
0	0	-569	0	-0.001851067455511	0
0	0	-568	0	-1.8522677861959E-03	0
0	0	-567	0	-1.85294185043129E-03	0
0	0	-566	0	-1.85423473850969E-03	0
0	0	-565	0	-1.85556772566573E-03	0
0	0	-564	0	-1.85694081189941E-03	0
0	0	-563	0	-1.85835399721073E-03	0
0	0	-562	0	-1.8598072815997E-03	0
0	0	-561	0	-1.86130066506631E-03	0
0	0	-560	0	-1.86283414761056E-03	0
0	0	-559	0	-1.86440772923245E-03	0
0	0	-558	0	-1.86602140993198E-03	0
0	0	-557	0	-1.86767518970916E-03	0
0	0	-556	0	-1.86936906856398E-03	0
0	0	-555	0	-1.87110304649644E-03	0
0	0	-554	0	-1.87287712350654E-03	0
0	0	-553	0	-1.87469129959429E-03	0
0	0	-552	5.6877549849586E-23	-1.87653261451648E-03	1.19865367738767E-19
0	0	-551	-1.29876733439437E-22	-1.87839846433351E-03	4.8946226286249E-20
0	0	-550	-7.32105442873927E-23	-1.88030852732512E-03	7.6529115080343E-20
0	0	-549	5.94138782200802E-23	-1.88226280349129E-03	1.19865367738767E-19
0	0	-548	1.50648302525611E-22	-1.88426129283204E-03	1.19865367738767E-19
0	0	-547	-1.37485718550926E-22	-1.88630399534736E-03	4.34561711694381E-20
0	0	-546	-7.743775823822E-23	-1.88839091103725E-03	7.37003328018062E-20
0	0	-545	6.27956493807422E-23	-1.89052203990171E-03	1.19865367738767E-19
0	0	-544	1.27282184341813E-22	-1.89269738194075E-03	1.19865367738767E-19
0	0	-543	-1.61216337402684E-22	-1.89491693715435E-03	2.96090139365473E-20
0	0	-542	-8.16649721890472E-23	-1.89718070554253E-03	7.09139612457918E-20
0	0	-541	0	-1.89948868710527E-03	1.13878228073721E-19
0	0	-540	1.34045726663137E-22	-1.90184088184259E-03	1.19865367738767E-19
0	0	-539	-2.20571994895634E-22	-1.90423728975448E-03	-3.64542840866962E-21
0	0	-538	-6.87137489118995E-23	-1.90667791084094E-03	7.73978476751656E-20
0	0	-537	0	-1.90916274510198E-03	1.14458207617914E-19
0	0	-536	1.4080926898446E-22	-1.91169179253758E-03	1.19865367738767E-19
0	0	-535	-2.49375270488383E-22	-1.91426505314775E-03	-2.13837694329812E-20
0	0	-534	-7.20955200725615E-23	-1.9168825269325E-03	7.53589651036066E-20
0	0	-533	0	-1.91954421389182E-03	1.15080597884629E-19
0	0	-532	1.8446601413223E-22	-1.92225011402571E-03	1.19865367738767E-19
0	0	-531	7.46318484430577E-23	-1.92500022733417E-03	1.19865367738767E-19
0	0	-530	-1.88693228083053E-22	-1.9277945538172E-03	1.00433992044437E-20
0	0	-529	0	-1.9306330934748E-03	1.15745398873867E-19
0	0	-528	7.71681768135519E-23	-1.93351584630698E-03	1.19865367738767E-19
0	0	-527	7.80136196037196E-23	-1.93644281231372E-03	1.19865367738767E-19
0	0	-526	-1.77432890386237E-22	-1.93941399149504E-03	1.53291827225626E-20
0	0	-525	0	-1.94242938385092E-03	1.16452610585626E-19
0	0	-524	8.05499479742138E-23	-1.94548898938138E-03	1.19865367738767E-19
0	0	-523	2.8488386767533E-22	-1.94859280808641E-03	1.19865367738767E-19
0	0	-522	-1.85041875497727E-22	-1.95174083996601E-03	1.0104194621516E-20
0	0	-521	0	-1.95493308502019E-03	1.17202233019908E-19
0	0	-520	8.39317191348757E-23	-1.95816954324893E-03	1.19865367738767E-19
0	0	-519	2.119429048126E-22	-1.96145021465225E-03	1.19865367738767E-19
0	0	-518	-2.14056511788017E-22	-1.96477509923013E-03	-7.61956771692853E-21
0	0	-517	-8.64680475053712E-23	-1.96814419698259E-03	6.71668587976203E-20
0	0	-516	8.73134902955375E-23	-1.97155750790962E-03	1.19865367738767E-19
0	0	-515	2.20397332714255E-22	-1.97501503201122E-03	1.19865367738767E-19
0	0	-514	0	-1.97808977191234E-03	-1.35629656185541E-20
0	0	-513	1.70525934099942E-22	-1.98168667454554E-03	0
0	0	-512	2.90039983136373E-22	-1.98533034084678E-03	0
0	0	-511	0	-1.98902077081605E-03	-9.86679894776771E-20
0	0	-510	0	-1.99275796445336E-03	-5.7091656872539E-20
0	0	-509	0	-1.9965419217587E-03	-1.44504013680299E-20
0	0	-508	0	-2.00037239891443E-03	0
0	0	-507	0	-2.00425459213018E-03	0
0	0	-506	0	-2.00819208145586E-03	0
0	0	-505	0	-2.01218486689146E-03	0
0	0	-504	0	-2.01684669992879E-03	0
0	0	-503	0	-2.02078559387569E-03	0
0	0	-502	0	-2.02478583062835E-03	0
0	0	-501	0	-2.02884741018675E-03	0
0	0	-500	0	-2.0329703325509E-03	0
0	0	-499	0	-2.0371545977208E-03	0
0	0	-498	0	-2.04140020569645E-03	0
0	0	-497	0	-2.04570715647785E-03	0
0	0	-496	0	-0.002050075450065	0
0	0	-495	0	-2.05450508645789E-03	0
0	0	-494	0	-2.05899606565654E-03	0
0	0	-493	0	-2.06354838766094E-03	0
0	0	-492	0	-2.06816205247108E-03	0
0	0	-491	0	-2.07283706008698E-03	0
0	0	-490	0	-2.07757341050862E-03	0
0	0	-489	0	-2.08237110373602E-03	0
0	0	-488	0	-2.08723013976916E-03	0
0	0	-487	0	-2.09215051860805E-03	0
0	0	-486	0	-2.09713224025269E-03	0
0	0	-485	0	-2.10217530470308E-03	0
0	0	-484	0	-2.10727971195922E-03	0
0	0	-483	0	-2.11244546202111E-03	0
0	0	-482	0	-2.11767255488875E-03	0
0	0	-481	0	-2.12296099056214E-03	0
0	0	-480	0	-2.12831076904128E-03	0
0	0	-479	0	-2.13372189032616E-03	0
0	0	-478	0	-2.1391943544168E-03	0
0	0	-477	0	-2.14472816131318E-03	0
0	0	-476	0	-2.15032331101532E-03	0
0	0	-475	0	-2.1559798035232E-03	0
0	0	-474	0	-2.16169763883684E-03	0
0	0	-473	0	-2.16747681695622E-03	0
0	0	-472	0	-2.17331733788135E-03	0
0	0	-471	0	-2.17921920161223E-03	0
0	0	-470	0	-2.18518240814886E-03	0
0	0	-469	0	-2.19120695749124E-03	0
0	0	-468	0	-2.19729284963937E-03	0
0	0	-467	0	-2.20344008459325E-03	0
0	0	-466	0	-2.20964866235288E-03	0
0	0	-465	0	-2.21591858291826E-03	0
0	0	-464	2.66794028693991E-19	-2.22223660773671E-03	-1.6646475942015E-19
0	0	-463	2.67563688522568E-19	-2.22861280707243E-03	-1.68431180025514E-19
0	0	-462	2.68324222671797E-19	-2.23506388512886E-03	0
0	0	-461	2.69107677807493E-19	-2.24158984190599E-03	0
0	0	-460	2.69953085938133E-19	-2.24819067740383E-03	-3.48660883683215E-19
0	0	-459	2.70701556132902E-19	-2.25486639162237E-03	0
0	0	-458	2.71581676548451E-19	-2.26161698456162E-03	-3.56526566104673E-19
0	0	-457	2.72370423872143E-19	-2.26844245622157E-03	-1.80229703657701E-19
0	0	-456	2.73203009160091E-19	-2.27534280660224E-03	-1.82196124263066E-19
0	0	-455	2.74037812542293E-19	-2.2823180357036E-03	-1.57853609887226E-19
0	0	-454	2.74887778904982E-19	-2.28936814352568E-03	-1.59539113263253E-19
0	0	-453	2.75754701131968E-19	-2.29649313006846E-03	-1.88095386079159E-19
0	0	-452	2.76683192811537E-19	-2.30369299533194E-03	-3.80123613369048E-19
0	0	-451	2.77436643488091E-19	-2.31096773931613E-03	0
0	0	-450	2.78318981488514E-19	-2.31831736202103E-03	0
0	0	-449	2.79355307186155E-19	-2.32574186344664E-03	-3.91922137001235E-19
0	0	-448	2.80110625543377E-19	-2.33324124359294E-03	0
0	0	-447	2.81112349842451E-19	-2.34081550245996E-03	-2.28450182527253E-19
0	0	-446	2.82023276363208E-19	-2.34846464004768E-03	-2.01860330316711E-19
0	0	-445	2.82954744515883E-19	-2.35618865635611E-03	-2.03826750922075E-19
0	0	-444	2.83881856855507E-19	-2.36398755138524E-03	-1.7639414702352E-19
0	0	-443	2.8484464887525E-19	-2.37186132513508E-03	-2.07759592132804E-19
0	0	-442	2.85701302140096E-19	-2.37980997760563E-03	0
0	0	-441	2.86876476977375E-19	-2.38783350879688E-03	-4.23384866687067E-19
0	0	-440	2.8763677581638E-19	-2.39593191870884E-03	0
0	0	-439	2.88846662938568E-19	-2.4041052073415E-03	-4.31250549108525E-19
0	0	-438	2.89845239946172E-19	-2.41235337469487E-03	-4.35183390319254E-19
0	0	-437	2.90607406465847E-19	-2.42067642076895E-03	0
0	0	-436	0	-2.42886088981041E-03	0
0	0	-435	0	-2.43739235396335E-03	0
0	0	-434	0	-2.44600282218756E-03	0
0	0	-433	0	-2.45469229448302E-03	0
0	0	-432	0	-2.46346077084974E-03	0
0	0	-431	0	-2.47230825128773E-03	0
0	0	-430	0	-2.48123473579697E-03	0
0	0	-429	0	-2.49024022437747E-03	0
0	0	-428	0	-2.49932471702924E-03	0
0	0	-427	0	-2.50829106679322E-03	0
0	0	-426	0	-2.51755575769731E-03	0
0	0	-425	0	-2.52692477867255E-03	0
0	0	-424	0	-2.53639812971893E-03	0
0	0	-423	0	-2.54597581083646E-03	0
0	0	-422	0	-2.55565782202514E-03	0
0	0	-421	0	-2.56544416328496E-03	0
0	0	-420	0	-2.57533483461593E-03	0
0	0	-419	0	-2.58532983601804E-03	0
0	0	-418	0	-2.59542916749131E-03	0
0	0	-417	0	-2.60563282903571E-03	0
0	0	-416	0	-2.61594082065127E-03	0
0	0	-415	0	-2.62635314233797E-03	0
0	0	-414	0	-2.63686979409582E-03	0
0	0	-413	0	-2.64749077592481E-03	0
0	0	-412	0	-2.65821608782495E-03	0
0	0	-411	0	-2.66904572979624E-03	0
0	0	-410	0	-2.67997970183867E-03	0
0	0	-409	0	-2.69101178639907E-03	0
0	0	-408	0	-2.70214579309877E-03	0
0	0	-407	0	-2.71338249078454E-03	0
0	0	-406	0	-2.7247218794564E-03	0
0	0	-405	0	-2.73616395911433E-03	0
0	0	-404	0	-2.74770872975835E-03	0
0	0	-403	0	-2.75935619138845E-03	0
0	0	-402	0	-2.77110634400463E-03	0
0	0	-401	0	-2.78295918760689E-03	0
0	0	-400	0	-2.79491472219523E-03	0
0	0	-399	0	-2.80697294776964E-03	0
0	0	-398	0	-2.81913386433015E-03	0
0	0	-397	0	-2.83139747187673E-03	0
0	0	-396	3.33012101879014E-19	-2.84343586062544E-03	-1.41549617442411E-18
0	0	-395	3.34443516145798E-19	-2.85599320142855E-03	-9.69242921133763E-19
0	0	-394	3.36008844187993E-19	-2.86868546501382E-03	-9.79601337012484E-19
0	0	-393	3.37333522931085E-19	-2.88151265138126E-03	-4.71409406138669E-19
0	0	-392	3.38888255786495E-19	-2.89447476053086E-03	-4.76341985128536E-19
0	0	-391	3.40148990225117E-19	-2.90757179246263E-03	0
0	0	-390	-3.42667171118808E-19	-2.92078083304867E-03	-6.30854272864171E-19
0	0	-389	-3.43520126647047E-19	-2.9341247893356E-03	-1.96159366421222E-19
0	0	-388	-3.45293219546175E-19	-2.9476089563487E-03	-3.96419451614629E-19
0	0	-387	-3.46426709401336E-19	-2.96123333408796E-03	0
0	0	-386	-3.48238289477936E-19	-2.97499792255338E-03	-2.52888055724374E-19
0	0	-385	-3.4934752601011E-19	-2.98890272174496E-03	0
0	0	-384	-3.51306764383877E-19	-3.00294773166271E-03	0
0	0	-383	-3.5302355900162E-19	-3.01713295230663E-03	-2.08461522737776E-19
0	0	-382	-3.54693281593331E-19	-3.03145838367671E-03	-4.73651734778705E-19
0	0	-381	-3.56334445242217E-19	-3.04592402577295E-03	0
0	0	-380	-3.57996713992604E-19	-3.06052987859535E-03	-2.14612600896053E-19
0	0	-379	-3.59768246856554E-19	-3.07527594214392E-03	0
0	0	-378	-3.61249681344141E-19	-3.09016221641865E-03	-4.92104969253536E-19
0	0	-377	-3.63417825083104E-19	-3.10518870141955E-03	0
0	0	-376	-3.65041970841225E-19	-3.12035539714661E-03	0
0	0	-375	-3.66832684586293E-19	-3.13566230359983E-03	0
0	0	-374	-3.68385901601969E-19	-3.15110942077921E-03	-2.26914757212608E-19
0	0	-373	-3.69742126279977E-19	-3.16669674868477E-03	-5.72412791496751E-19
0	0	-372	-3.72303243072028E-19	-3.18242428731648E-03	0
0	0	-371	-3.7380193422035E-19	-3.19829203667436E-03	-2.33065835370885E-19
0	0	-370	-3.74659553523383E-19	-3.2142999967584E-03	-8.22906681649421E-19
0	0	-369	-3.76854451369773E-19	-3.2304481675686E-03	-5.92916385357674E-19
0	0	-368	-3.80519014188836E-19	-3.24673654910497E-03	0
0	0	-367	-1.01637994646962E-19	-3.26272346915546E-03	-3.88491655692749E-19
0	0	-366	-1.0203994540233E-19	-3.27930956947188E-03	-9.92697136159489E-19
0	0	-365	-1.02552699431663E-19	-3.29606928572629E-03	-9.35284157823051E-19
0	0	-364	-1.0305320529119E-19	-3.31300261791869E-03	-9.75930654294451E-19
0	0	-363	-1.03783151862351E-19	-3.33010956604907E-03	-3.88491655692749E-19
0	0	-362	-1.04331025246614E-19	-3.34739013011745E-03	-3.88491655692749E-19
0	0	-361	-1.04884305753863E-19	-3.36484431012381E-03	-3.88491655692749E-19
0	0	-360	-1.05442993384097E-19	-3.38247210606817E-03	-3.88491655692749E-19
0	0	-359	-1.06007088137318E-19	-3.40027351795051E-03	-3.88491655692749E-19
0	0	-358	0	-3.41819781610634E-03	0
0	0	-357	0	-3.43626843813014E-03	0
0	0	-356	0	-3.45452666306658E-03	0
0	0	-355	0	-3.47297249091565E-03	0
0	0	-354	0	-3.49160592167737E-03	0
0	0	-353	0	-3.51042695535172E-03	0
0	0	-352	0	-3.52943559193872E-03	0
0	0	-351	0	-3.54863183143835E-03	0
0	0	-350	0	-3.56801567385062E-03	0
0	0	-349	0	-3.58758711917552E-03	0
0	0	-348	0	-3.60734616741307E-03	0
0	0	-347	0	-3.62729281856325E-03	0
0	0	-346	0	-3.64742707262607E-03	0
0	0	-345	0	-3.66774892960153E-03	0
0	0	-344	0	-3.68825838948963E-03	0
0	0	-343	0	-3.70895545229037E-03	0
0	0	-342	0	-3.72984011800374E-03	0
0	0	-341	0	-3.75091238662975E-03	0
0	0	-340	0	-3.7721722581684E-03	0
0	0	-339	0	-3.79361973261969E-03	0
0	0	-338	0	-3.81517271127431E-03	0
0	0	-337	0	-3.8370170123921E-03	0
0	0	-336	0	-3.85904905198332E-03	0
0	0	-335	0	-0.003881268830048	0
0	0	-334	0	-3.90367634658611E-03	0
0	0	-333	0	-3.92627160159767E-03	0
0	0	-332	0	-3.94891646555136E-03	0
0	0	-331	0	-3.9719072444784E-03	0
0	0	-330	0	-3.99511251254666E-03	0
0	0	-329	0	-4.01853226975615E-03	0
0	0	-328	0	-4.04216651610685E-03	0
0	0	-327	0	-4.06607490044606E-03	0
0	0	-326	0	-4.09014704982983E-03	0
0	0	-325	0	-4.11443356322668E-03	0
0	0	-324	0	-4.1389344406366E-03	0
0	0	-323	0	-4.1636496820596E-03	0
0	0	-322	0	-4.18857928749568E-03	0
0	0	-321	0	-4.21372325694483E-03	0
0	0	-320	0	-4.23908159040707E-03	0
0	0	-319	0	-4.26465428788238E-03	0
0	0	-318	0	-4.29044134937077E-03	0
0	0	-317	0	-4.31644277487224E-03	0
0	0	-316	0	-4.34265856438678E-03	0
0	0	-315	0	-4.36908871791441E-03	0
0	0	-314	0	-4.39573323545511E-03	0
0	0	-313	0	-4.42259211700889E-03	0
0	0	-312	0	-4.44966536257575E-03	0
0	0	-311	0	-4.47695297215568E-03	0
0	0	-310	0	-4.5044549457487E-03	0
0	0	-309	0	-4.53217128335479E-03	0
0	0	-308	0	-4.5599455792393E-03	0
0	0	-307	0	-4.5880852803918E-03	0
0	0	-306	0	-4.61641905900548E-03	0
0	0	-305	0	-4.64494691508036E-03	0
0	0	-304	0	-4.67366884861643E-03	0
0	0	-303	0	-4.70258485961368E-03	0
0	0	-302	0	-4.73169494807213E-03	0
0	0	-301	0	-4.76099911399176E-03	0
0	0	-300	0	-4.79049735737258E-03	0
0	0	-299	0	-4.82018967821459E-03	0
0	0	-298	0	-4.85007607651779E-03	0
0	0	-297	0	-4.88015655228218E-03	0
0	0	-296	0	-4.91043110550776E-03	0
0	0	-295	0	-4.94089973619452E-03	0
0	0	-294	0	-4.97156244434248E-03	0
0	0	-293	0	-5.00241922995162E-03	0
0	0	-292	-1.12913586079444E-22	-5.03345106781216E-03	-1.9189036104181E-20
0	0	-291	-5.21018530721595E-19	-5.06459706436918E-03	2.13288274630355E-19
0	0	-290	-5.24515889448702E-19	-5.09598473005084E-03	1.46093729631856E-19
0	0	-289	-5.27032367748651E-19	-5.12748022811751E-03	2.13288274630355E-19
0	0	-288	-5.31237561522333E-19	-5.15908355856917E-03	-2.99699301292287E-20
0	0	-287	-5.34038014585174E-19	-5.19079472140585E-03	2.13288274630355E-19
0	0	-286	-5.37457317071298E-19	-5.22261371662752E-03	1.50286660279764E-19
0	0	-285	0	-5.2545404370526E-03	0
0	0	-284	0	-5.28657624378986E-03	0
0	0	-283	0	-5.31872492253611E-03	0
0	0	-282	0	-5.35098647329136E-03	0
0	0	-281	0	-5.3833608960556E-03	0
0	0	-280	0	-5.41584819082884E-03	0
0	0	-279	0	-5.44844835761107E-03	0
0	0	-278	0	-5.4811613964023E-03	0
0	0	-277	-1.40338967605231E-22	-5.51381367061769E-03	0
0	0	-276	0	-5.54643619142115E-03	-4.24823177040337E-19
0	0	-275	0	-5.57925477627686E-03	-4.23678974641324E-19
0	0	-274	2.08053494267554E-22	-5.61189164367084E-03	0
0	0	-273	2.01306103833767E-22	-5.64459588394398E-03	0
0	0	-272	0	-5.67721715747856E-03	0
0	0	-271	0	-5.70975546427458E-03	0
0	0	-270	0	-5.74221080433204E-03	0
0	0	-269	0	-5.77458317765094E-03	0
0	0	-268	-1.7774543345885E-23	-5.80687258423128E-03	-2.98604313423355E-19
0	0	-267	1.64154424537665E-23	-5.83907902407305E-03	-2.97836070891308E-19
0	0	-266	-3.07051510771334E-19	-5.87115378101138E-03	-1.28976028581861E-18
0	0	-265	-3.08712593999656E-19	-5.90304307958603E-03	-1.06553455907262E-18
0	0	-264	-3.10383395893961E-19	-5.93467950418348E-03	-8.27689055717851E-19
0	0	-263	-3.11911092813023E-19	-5.96606305480376E-03	-1.53023845668933E-18
0	0	-262	0	-5.9972242125521E-03	0
0	0	-261	0	-6.02806157120931E-03	0
0	0	-260	0	-6.05860281431911E-03	0
0	0	-259	0	-6.08879991402652E-03	0
0	0	-258	0	-6.11856983373068E-03	0
0	0	-257	0	-6.14791699538907E-03	0
0	0	-256	-6.95562082038155E-19	-6.17681630620695E-03	-4.95301834289579E-19
0	0	-255	0	-6.20517374131713E-03	-9.31555231153315E-19
0	0	-254	3.83321286394655E-23	-6.23298830414644E-03	0
0	0	-253	5.3612370026344E-19	-6.26019172396366E-03	-4.0482270483648E-19
0	0	-252	0	-6.2867455506426E-03	0
0	0	-251	0	-6.31259756738061E-03	0
0	0	-250	0	-6.33768613868051E-03	0
0	0	-249	0	-6.36195484032292E-03	0
0	0	-248	0	-6.38533583616479E-03	0
0	0	-247	0	-6.40780132553789E-03	0
0	0	-246	0	-6.42926575551758E-03	0
0	0	-245	0	-6.44966889214736E-03	0
0	0	-244	0	-6.46891590979804E-03	0
0	0	-243	-1.79418581639867E-20	-6.48692732606524E-03	0
0	0	-242	0	-6.50362365056306E-03	0
0	0	-241	0	-6.51891605280832E-03	0
0	0	-240	0	-6.5327174669541E-03	0
0	0	-239	0	-6.54491472639139E-03	0
0	0	-238	-4.18533479711568E-19	-6.55540781405359E-03	5.24194019110666E-20
0	0	-237	0	-6.56414530075627E-03	0
0	0	-236	0	-6.57096238048665E-03	0
0	0	-235	-4.42662201065229E-22	-6.57574120390392E-03	-4.20456985477893E-19
0	0	-234	-2.10353807122512E-19	-6.57837435068647E-03	0
0	0	-233	-2.94892500470819E-19	-6.57871339183422E-03	0
0	0	-232	2.94849172077897E-19	-6.57662653157489E-03	2.18528567145925E-20
0	0	-231	0	-6.5719581939266E-03	0
0	0	-230	0	-6.56456793669756E-03	0
0	0	-229	0	-6.55430899354303E-03	0
0	0	-228	0	-6.54095452252866E-03	0
0	0	-227	0	-6.52437536051906E-03	0
0	0	-226	-1.64216641932453E-22	-6.50435473254604E-03	-1.62048994835198E-21
0	0	-225	0	-6.48069844201439E-03	0
0	0	-224	0	-6.45319984189848E-03	0
0	0	-223	0	-6.42164044377877E-03	0
0	0	-222	0	-6.38576748589223E-03	0
0	0	-221	0	-6.34534141437575E-03	0
0	0	-220	0	-6.30009766356111E-03	0
0	0	-219	0	-6.24979630808742E-03	0
0	0	-218	0	-6.19408994986452E-03	0
0	0	-217	4.06028880749535E-19	-6.13269477904404E-03	0
0	0	-216	0	-6.06530176649901E-03	0
0	0	-215	0	-5.99154342883807E-03	0
0	0	-214	-4.13711901149797E-22	-5.91107210289672E-03	2.09323397696177E-18
0	0	-213	0	-5.82350088469813E-03	0
0	0	-212	0	-5.72843767334605E-03	0
0	0	-211	0	-5.62546188812896E-03	0
0	0	-210	0	-5.51411199969542E-03	0
0	0	-209	0	-5.39391824501247E-03	0
0	0	-208	0	-5.26439475646638E-03	0
0	0	-207	0	-5.1250179491369E-03	0
0	0	-206	0	-4.97522198315844E-03	0
0	0	-205	0	-4.81441955773017E-03	0
0	0	-204	0	-4.64195900916815E-03	0
0	0	-203	0	-4.45727683385722E-03	0
0	0	-202	-1.29103362191229E-22	-4.25960362942979E-03	1.12222600009987E-18
0	0	-201	-2.25963798514345E-19	-4.04822484728245E-03	0
0	0	-200	0	-3.82236775696838E-03	0
0	0	-199	0	-3.58122786392108E-03	0
0	0	-198	0	-3.32393201012933E-03	0
0	0	-197	0	-3.04958566669015E-03	0
0	0	-196	0	-2.75721036181702E-03	0
0	0	-195	0	-2.44579815175122E-03	0
0	0	-194	0	-2.11424516771868E-03	0
0	0	-193	0	-1.76146026069518E-03	0
0	0	-192	0	-1.38622518475987E-03	0
0	0	-191	0	-9.87191473047431E-04	0
0	0	-190	0	-5.63151853805066E-04	0
0	0	-189	-5.23779735050396E-21	-1.12576451557232E-04	5.80056651026989E-18
0	0	-188	0	3.65996721834169E-04	0
0	0	-187	0	8.74206640920614E-04	0
0	0	-186	0	1.41370582563032E-03	0
0	0	-185	0	1.98622782799977E-03	0
0	0	-184	-7.49407870523283E-20	2.59374371156494E-03	0
0	0	-183	0	3.23819484554953E-03	0
0	0	-182	5.71712759016106E-22	3.92172131148519E-03	-2.66779068635721E-19
0	0	-181	0	4.64657119284575E-03	0
0	0	-180	0	5.41506582308612E-03	0
0	0	-179	0	6.22973458332579E-03	0
0	0	-178	-8.00765076636174E-22	7.09321581367273E-03	1.01554597502175E-17
0	0	-177	0	8.00830383144523E-03	0
0	0	-176	0	8.97796550645305E-03	0
0	0	-175	0	1.00053610765459E-02	0
0	0	-174	0	1.10937613169303E-02	0
0	0	-173	0	1.22466792489179E-02	0
0	0	-172	0	1.34678302179747E-02	0
0	0	-171	0	0.014761228401932	0
0	0	-170	0	0.016130884978814	0
0	0	-169	0	1.75812410676034E-02	0
0	0	-168	0	1.91170964168636E-02	0
0	0	-167	0	2.07430814480479E-02	0
0	0	-166	8.04314304476926E-22	2.24645295775636E-02	-2.41099722313117E-18
0	0	-165	-4.35802183659772E-21	2.42868870468354E-02	3.66383468275951E-17
0	0	-164	0	2.62159459828491E-02	0
0	0	-163	0	2.82578969547131E-02	0
0	0	-162	0	3.04190994337623E-02	0
0	0	-161	0	3.27064179199239E-02	0
0	0	-160	0	3.51269021273286E-02	0
0	0	-159	-1.34199782943598E-21	3.76884896859007E-02	9.54305516389139E-18
0	0	-158	0	4.03989617309438E-02	0
0	0	-157	0	4.32669241580797E-02	0
0	0	-156	0	4.63011681253776E-02	0
0	0	-155	0	4.95110275965363E-02	0
0	0	-154	0	5.29067005852396E-02	0
0	0	-153	0	5.64984812115803E-02	0
0	0	-152	-1.23582601057954E-20	6.02975121002137E-02	9.3381915481974E-17
0	0	-151	0	6.43153391821207E-02	0
0	0	-150	3.99298934942225E-21	6.85643240600436E-02	3.01836934832722E-18
0	0	-149	0	7.30573109429455E-02	0
0	0	-148	0	7.78078876865925E-02	0
0	0	-147	0	8.28303737164282E-02	0
0	0	-146	0	0.088140217663257	0
0	0	-145	0	9.37532274133225E-02	0
0	0	-144	0	9.96861440629115E-02	0
0	0	-143	0	0.105956557013605	0
0	0	-142	0	0.112584131375103	0
0	0	-141	0	0.119588407987693	0
0	0	-140	-3.84064729247994E-21	0.126990537575166	1.84879657951582E-17
0	0	-139	0	0.134812616253656	0
0	0	-138	0	0.143079272015354	0
0	0	-137	0	0.151816203371684	0
0	0	-136	0	0.161049427281966	0
0	0	-135	6.20765062519561E-18	0.170809391726383	0
0	0	-134	0	0.181126698609756	0
0	0	-133	3.34023113609959E-18	0.192036122161558	-1.35890427942995E-17
0	0	-132	0	0.203573828284264	0
0	0	-131	0	0.215779887546127	0
0	0	-130	0	0.228698072120062	0
0	0	-129	7.84469132774473E-22	0.242376107977684	1.49116406451658E-17
0	0	-128	0	0.256866049395275	0
0	0	-127	0	0.272226292975752	0
0	0	-126	0	0.28852164691351	-6.70594030759199E-18
0	0	-125	0	0.305822664097432	0
0	0	-124	0	0.324207946345564	0
0	0	-123	0	0.34376851587163	0
0	0	-122	0	0.364600960756334	0
0	0	-121	0	0.386814474287215	0
0	0	-120	0	0.410532199229945	0
0	0	-119	0	0.435893650009661	0
0	0	-118	0	0.463041542942188	0
0	0	-117	2.19906153646812E-20	0.492136410544518	-5.32242065455191E-17
0	0	-116	1.05604316551059E-20	0.523349495729479	0
0	0	-115	0	0.556856309444087	0
0	0	-114	0	0.592834871516637	0
0	0	-113	0	0.631444512830803	0
0	0	-112	0	0.672818149959697	0
0	0	-111	0	0.717032343434817	0
0	0	-110	6.51655484384959E-17	0.76404922663325	0
0	0	-109	-3.25103579416267E-20	0.813674568690949	7.78243203394917E-17
0	0	-108	0	0.865494251718411	0
0	0	-107	0	0.918948973543698	0
0	0	-106	0	0.973396787723887	0
0	0	-105	0	1.0278247654073	0
0	0	-104	0	1.08083701962939	0
0	0	-103	6.01599310150923E-17	1.13113317634138	3.36047552424476E-16
0	0	-102	0	1.17770852019788	0
0	0	-101	4.88393637682469E-17	1.21979581375774	-4.97327840655156E-17
0	0	-100	0	1.25697261205993	0
0	0	-99	0	1.28907982070815	0
0	0	-98	0	1.31624073133695	0
0	0	-97	0	1.33883313310472	0
0	0	-96	0	1.35739876361156	0
0	0	-95	0	1.37245673496426	0
0	0	-94	0	1.3845649059438	0
0	0	-93	0	1.39425094584203	0
0	0	-92	0	1.40197193589287	0
0	0	-91	1.63018017911494E-20	1.40813243864683	0
0	0	-90	0	1.413053891766	0
0	0	-89	0	1.41699591210992	0
0	0	-88	0	1.42015913837161	0
0	0	-87	0	1.42269693540446	0
0	0	-86	0	1.42473864128086	0
0	0	-85	0	1.42637864222681	0
0	0	-84	-8.44309392841939E-21	1.42768869609315	1.49156159121642E-18
0	0	-83	0	1.42872368229707	0
0	0	-82	0	1.42952577650724	0
0	0	-81	0	1.43012585975028	0
0	0	-80	-3.97014002131509E-20	1.43054537331812	-1.05641819469338E-16
0	0	-79	0	1.43079937205967	0
0	0	-78	0	1.43089707898349	0
0	0	-77	0	1.43084226183338	0
0	0	-76	0	1.43063304558713	0
0	0	-75	0	1.43026235725985	0
0	0	-74	0	1.4297178736384	0
0	0	-73	0	1.42897973251798	0
0	0	-72	0	1.42802201802304	0
0	0	-71	0	1.42680778117275	0
0	0	-70	0	1.42528629334624	0
0	0	-69	0	1.42339474495717	0
0	0	-68	8.32112526877344E-17	1.42104766884501	1.6649337250259E-16
0	0	-67	-4.81815590206012E-20	1.41813667497721	-1.44607617936658E-16
0	0	-66	0	1.4145221422339	0
0	0	-65	0	1.41001911604908	0
0	0	-64	0	1.40439534916846	0
0	0	-63	0	1.39736035178325	0
0	0	-62	0	1.38855911222956	0
0	0	-61	-1.56484586895175E-19	1.37755089139809	-2.01435753316604E-16
0	0	-60	0	1.36384846416852	0
0	0	-59	0	1.34688361557441	0
0	0	-58	0	1.32605716420631	0
0	0	-57	0	1.30080948786114	0
0	0	-56	0	1.27061075821004	0
0	0	-55	-7.60777285891694E-17	1.23513454316713	5.80415272178646E-17
0	0	-54	-6.44111995367365E-17	1.19427890483799	1.30513388542888E-16
0	0	-53	0	1.14828998748336	0
0	0	-52	4.5914279628647E-17	1.09782391798309	-7.58558792818822E-18
0	0	-51	0	1.04388229548885	0
0	0	-50	0	0.987670712440089	0
0	0	-49	0	0.930251167299696	0
0	0	-48	0	0.872619093552214	0
0	0	-47	0	0.81570337122506	0
0	0	-46	0	0.760164474293188	0
0	0	-45	0	0.706416960488862	0
0	0	-44	0	0.654625235059565	0
0	0	-43	0	0.604755943448326	0
0	0	-42	2.06218164091439E-17	0.556634096221876	-9.93990029124667E-17
0	0	-41	0	0.509971195152028	0
0	0	-40	0	0.464380799111363	0
0	0	-39	0	0.419369658385578	0
0	0	-38	0	0.374413092566481	0
0	0	-37	0	0.328852182583543	0
0	0	-36	0	0.281851951171184	0
0	0	-35	0	0.23240096426549	0
0	0	-34	0	0.179209516274114	0
0	0	-33	0	0.120527244552674	0
0	0	-32	0	5.39356091312059E-02	0
0	0	-31	-1.15552527302938E-20	-0.023726758135674	0
0	0	-30	0	-0.116713075619657	0
0	0	-29	0	-0.229999947816328	0
0	0	-28	1.35499401196189E-19	-0.367049700906281	-1.45327108322957E-16
0	0	-27	0	-0.528456181012169	0
0	0	-26	0	-0.711410430890378	0
0	0	-25	0	-0.911493848805981	0
0	0	-24	0	-1.12414577218799	0
0	0	-23	0	-1.34596889811177	0
0	0	-22	0	-1.57438408996427	0
0	0	-21	0	-1.80757220735639	0
0	0	-20	0	-2.04436370136031	0
0	0	-19	7.68559069597478E-17	-2.28377595776236	-1.40957867871613E-16
0	0	-18	0	-2.52511600845123	0
0	0	-17	0	-2.7678442887694	0
0	0	-16	0	-3.01155133959271	0
0	0	-15	0	-3.25595597114592	0
0	0	-14	0	-3.50085106185846	0
0	0	-13	0	-3.74613525575833	0
0	0	-12	0	-3.99184597560304	0
0	0	-11	8.72900275435696E-21	-4.23835538126803	1.08838616594437E-16
0	0	-10	0	-4.48699666364645	0
0	0	-9	0	-4.74121393811646	0
0	0	-8	-7.61494818691231E-20	-5.00608079280593	-1.24529403546108E-16
0	0	-7	0	-5.28486298646362	0
0	0	-6	-4.37886271654486E-20	-5.56488498684067	-4.01070360586875E-16
0	0	-5	0	-5.81722816234196	0
0	0	-4	0	-6.01696582062393	0
0	0	-3	2.1085078134977E-20	-6.15935433552276	2.1231952835149E-16
0	0	-2	0	-6.2519168968563	0
0	0	-1	0	-6.3035653057424	0
0	0	0	0	-6.32016798346818	0
0	0	1	0	-6.30364380244928	0
0	0	2	0	-6.25195295738378	0
0	0	3	0	-6.15942876042306	0
0	0	4	0	-6.01715237282634	0
0	0	5	0	-5.81746087357436	0
0	0	6	0	-5.56567739272654	0
0	0	7	-2.04896151539688E-16	-5.28501991171632	0
0	0	8	0	-5.00530531694289	0
0	0	9	0	-4.74066594077157	0
0	0	10	0	-4.48697771087278	0
0	0	11	0	-4.23877069730573	0
0	0	12	0	-3.99245076473069	0
0	0	13	0	-3.74682609071219	0
0	0	14	0	-3.50159029649433	0
0	0	15	0	-3.25672603486942	0
0	0	16	0	-3.01235050419609	0
0	0	17	0	-2.76866397799965	0
0	0	18	5.49567618525354E-20	-2.52595050670432	2.10044346652069E-16
0	0	19	0	-2.28459724960587	0
0	0	20	1.39150857507111E-19	-2.04517175369271	5.99067126525344E-16
0	0	21	-1.72344519340592E-16	-1.80833397429407	3.07478232756784E-16
0	0	22	0	-1.57502397908876	0
0	0	23	0	-1.34654079217734	0
0	0	24	0	-1.12465896842723	0
0	0	25	0	-0.912008809564707	0
0	0	26	0	-0.712236008738067	0
0	0	27	0	-0.529341252378435	0
0	0	28	0	-0.368080458548491	0
0	0	29	0	-0.230847458039936	0
0	0	30	0	-0.117324525996757	0
0	0	31	0	-2.39915055688098E-02	0
0	0	32	0	5.38355521935684E-02	0
0	0	33	0	0.120457441012447	0
0	0	34	0	0.17909693357358	0
0	0	35	0	0.232284767981025	0
0	0	36	0	0.281714729513445	0
0	0	37	0	0.328715769550345	2.35381195576246E-17
0	0	38	0	0.374279551055669	-1.58909301144268E-17
0	0	39	0	0.419226117688473	0
0	0	40	0	0.464217727742036	0
0	0	41	-2.17455773905458E-17	0.509825796781809	4.33792395194052E-17
0	0	42	0	0.556484211478136	0
0	0	43	-3.39487255678025E-17	0.604605658538953	9.65133448893434E-17
0	0	44	0	0.654475447296894	0
0	0	45	0	0.706269713238125	2.50575156108491E-17
0	0	46	-2.11892554027852E-20	0.760024054879636	9.87334584899464E-17
0	0	47	0	0.815580538117548	0
0	0	48	0	0.872556169925535	0
0	0	49	0	0.930255604381093	0
0	0	50	0	0.98769916529093	0
0	0	51	0	1.04382503818282	0
0	0	52	0	1.09760648712836	0
0	0	53	0	1.14802149790491	0
0	0	54	0	1.19399901537115	0
0	0	55	0	1.23483757065207	0
0	0	56	4.96320039860694E-17	1.27027720382803	3.09438222869073E-16
0	0	57	0	1.30045446060585	0
0	0	58	0	1.32570836063923	0
0	0	59	0	1.34655187552903	0
0	0	60	0	1.36356941022032	0
0	0	61	0	1.37729261322955	0
0	0	62	0	1.38832224607852	0
0	0	63	0	1.39715593307082	0
0	0	64	0	1.40421255189279	0
0	0	65	0	1.4098584472872	0
0	0	66	0	1.41437919972757	0
0	0	67	-8.55016985715619E-17	1.41800910031233	3.82930970499812E-19
0	0	68	0	1.42092924228472	0
0	0	69	6.49195722159616E-17	1.42328547844434	1.28900285321793E-17
0	0	70	0	1.42518475142545	0
0	0	71	0	1.42671247876728	0
0	0	72	0	1.42793438607161	0
0	0	73	0	1.42889877888274	0
0	0	74	0	1.42964292150463	0
0	0	75	0	1.43019165297178	0
0	0	76	0	1.43056632130281	0
0	0	77	0	1.43078086553735	0
0	0	78	0	1.43084146655158	0
0	0	79	0	1.43074971671562	0
0	0	80	0	1.43050191563129	0
0	0	81	0	1.43008858243946	0
0	0	82	0	1.42949443249322	0
0	0	83	0	1.42869776899108	0
0	0	84	0	1.42766718953327	0
0	0	85	0	1.42636047843653	0
0	0	86	5.75760404242164E-21	1.42472265622862	-6.26822344373035E-17
0	0	87	3.63929332613868E-20	1.42268129662873	-5.91788726657903E-17
0	0	88	3.10975847728919E-17	1.42013842127465	0
0	0	89	0	1.41696564873776	0
0	0	90	1.89699314632366E-20	1.41300604287258	6.77461803625705E-17
0	0	91	0	1.4080562264666	0
0	0	92	7.82363897996392E-17	1.40185130955703	0
0	0	93	0	1.39407445400219	0
0	0	94	1.55398512238942E-20	1.38434172834926	-2.40984162036389E-17
0	0	95	7.99597296653708E-20	1.37218898914034	3.42200305604461E-17
0	0	96	0	1.35709571053914	0
0	0	97	0	1.33850802080221	0
0	0	98	0	1.3158640295207	0
0	0	99	0	1.28872273992209	0
0	0	100	0	1.25680008159611	0
0	0	101	0	1.21986461725307	0
0	0	102	0	1.17788167113317	0
0	0	103	0	1.13138598913857	0
0	0	104	-6.27100078363267E-20	1.08111947182761	-5.50823739943825E-16
0	0	105	-4.304298419912E-17	1.02808858704192	0
0	0	106	0	0.973519962142756	0
0	0	107	0	0.918954921127596	0
0	0	108	0	0.86555498549951	0
0	0	109	0	0.813780151800324	0
0	0	110	0	0.764120537466446	0
0	0	111	0	0.717061401850386	0
0	0	112	0	0.672816889565433	0
0	0	113	0	0.631421323840774	0
0	0	114	0	0.592798522446368	0
0	0	115	0	0.55681351695263	0
0	0	116	0	0.523301043885433	0
0	0	117	-2.62718826251763E-17	0.492085568542261	5.39280768796714E-17
0	0	118	2.16021572833864E-17	0.462990008061244	0
0	0	119	0	0.435842960657014	0
0	0	120	0	0.410483356939505	0
0	0	121	0	0.386765798169603	0
0	0	122	0	0.364555850323212	0
0	0	123	0	0.343723747397799	0
0	0	124	0	0.324167268061085	0
0	0	125	0	0.305783339378477	0
0	0	126	0	0.288482658925533	0
0	0	127	0	0.272190450494916	0
0	0	128	0	0.25683178432967	0
0	0	129	0	0.242343335708801	0
0	0	130	0	0.22866704465222	0
0	0	131	0	0.215750330446452	0
0	0	132	0	0.203546058841153	0
0	0	133	0	0.192009186808374	0
0	0	134	0	0.181101030849841	0
0	0	135	0	0.170784178407531	0
0	0	136	-1.00139308265979E-20	0.161025319747724	-6.27662027327077E-18
0	0	137	7.69413988943224E-21	0.151792670223882	-7.67078205121022E-17
0	0	138	0	0.14305689036042	0
0	0	139	-5.95367049796258E-21	0.134790629140538	0
0	0	140	0	0.126969283408255	0
0	0	141	-9.37932175484236E-21	0.119567922219931	0
0	0	142	0	0.112564292161866	0
0	0	143	0	0.105937387917194	0
0	0	144	0	9.96671172294024E-02	0
0	0	145	0	9.37347323598397E-02	0
0	0	146	0	8.81223104667729E-02	0
0	0	147	0	8.28132477708193E-02	0
0	0	148	0	7.77910407352198E-02	0
0	0	149	0	7.30409041723777E-02	0
0	0	150	0	0.068548467255611	0
0	0	151	0	6.43001175750428E-02	0
0	0	152	0	6.02828776038037E-02	0
0	0	153	1.80612264186391E-18	5.64842436104062E-02	-5.76620286190241E-19
0	0	154	7.9083959894437E-22	5.28928921590129E-02	-8.12329281753767E-18
0	0	155	0	4.94977104681634E-02	0
0	0	156	0	4.62882059933888E-02	0
0	0	157	0	4.32543580878381E-02	0
0	0	158	0	0.040386868517415	0
0	0	159	0	3.76768013765046E-02	0
0	0	160	0	0.035115669390887	0
0	0	161	1.04376336802688E-18	3.26955370198087E-02	-2.0594867863542E-18
0	0	162	0	3.04085609757246E-02	0
0	0	163	0	2.82477618181295E-02	0
0	0	164	0	2.62061554818971E-02	0
0	0	165	0	2.42774505899816E-02	0
0	0	166	-1.33319196001823E-18	2.24554225127438E-02	-1.05936692938068E-17
0	0	167	9.84906615185104E-19	2.07343212680343E-02	-1.93441018854544E-18
0	0	168	0	1.91086426870827E-02	0
0	0	169	0	1.75731897180229E-02	0
0	0	170	0	0.016123113325029	0
0	0	171	0	1.47536803940565E-02	0
0	0	172	0	1.34606063957585E-02	0
0	0	173	0	1.22397467885891E-02	0
0	0	174	0	1.10871287714738E-02	0
0	0	175	0	9.99890997073844E-03	0
0	0	176	0	8.9717920175876E-03	0
0	0	177	0	8.00237835047314E-03	0
0	0	178	0	7.08753903072863E-03	0
0	0	179	0	6.2242790162602E-03	0
0	0	180	0	5.40981757312964E-03	0
0	0	181	0	4.64155221163796E-03	0
0	0	182	0	3.91694133541217E-03	0
0	0	183	0	3.23359466811393E-03	0
0	0	184	0	2.58930284029757E-03	0
0	0	185	-1.26744672252711E-19	1.98196964836297E-03	7.92154201579447E-20
0	0	186	2.25957355265408E-20	1.40956820852468E-03	-1.38761720744186E-18
0	0	187	0	8.70242448296219E-04	0
0	0	188	3.14078780979977E-22	3.62222406641115E-04	-1.15313626186321E-17
0	0	189	0	-1.16169133170006E-04	0
0	0	190	3.94413463002818E-22	-5.66581739865027E-04	-3.30239786761168E-18
0	0	191	0	-9.90519357945748E-04	0
0	0	192	0	-1.38937883368885E-03	0
0	0	193	0	-1.76448134283175E-03	0
0	0	194	0	-2.1171527305748E-03	0
0	0	195	0	-2.44855763229587E-03	0
0	0	196	0	-2.75985337427947E-03	0
0	0	197	0	-3.0521040999288E-03	0
0	0	198	0	-3.32635971752889E-03	0
0	0	199	0	-3.58353319784924E-03	0
0	0	200	0	-3.82456286645015E-03	0
0	0	201	0	-4.05032169297337E-03	0
0	0	202	-1.36490250334088E-19	-4.26161985236938E-03	0
0	0	203	-1.6271243280359E-19	-4.45919598098515E-03	0
0	0	204	0	-4.64381143662615E-03	0
0	0	205	0	-4.81616102120121E-03	0
0	0	206	0	-0.004976890855122	0
0	0	207	0	-5.12661921984754E-03	0
0	0	208	0	-5.26592943395412E-03	0
0	0	209	1.9659371879043E-22	-5.39537578782519E-03	-2.56877298384648E-18
0	0	210	1.33421331532174E-19	-5.51547150883654E-03	0
0	0	211	0	-5.62677025516552E-03	0
0	0	212	0	-5.72968766025126E-03	0
0	0	213	0	-5.82469155574558E-03	0
0	0	214	-2.06847320611915E-23	-5.91220247086494E-03	0
0	0	215	0	-5.99262419989733E-03	0
0	0	216	-2.59117479645057E-19	-6.06630583900379E-03	5.1856617427282E-19
0	0	217	0	-6.13367434260463E-03	0
0	0	218	0	-6.19502698499469E-03	0
0	0	219	0	-6.25066720616819E-03	0
0	0	220	0	-6.30094724709514E-03	0
0	0	221	0	-6.34614951328874E-03	0
0	0	222	0	-6.38654301178546E-03	0
0	0	223	0	-6.42236606376374E-03	0
0	0	224	0	-6.4539021546182E-03	0
0	0	225	0	-6.48135893576992E-03	0
0	0	226	0	-6.50497243082977E-03	0
0	0	227	0	-6.52495354157919E-03	0
0	0	228	0	-6.54151444323973E-03	0
0	0	229	-1.05092604050149E-22	-6.55482510331273E-03	0
0	0	230	-1.05096277962054E-19	-6.56508331433277E-03	-9.62857116651871E-20
0	0	231	-2.0997684958861E-19	-6.57245800577618E-03	-5.03673066559942E-19
0	0	232	0	-6.57709529949522E-03	0
0	0	233	2.6981815301831E-19	-6.5791492328945E-03	-4.95782024710159E-21
0	0	234	0	-6.57878251503765E-03	0
0	0	235	0	-6.57614225528648E-03	0
0	0	236	0	-6.57134296304709E-03	0
0	0	237	0	-6.56451057739572E-03	0
0	0	238	0	-6.55577008828892E-03	0
0	0	239	0	-6.54522061254179E-03	0
0	0	240	0	-6.53298722086145E-03	0
0	0	241	0	-6.51918594018648E-03	0
0	0	242	0	-6.50388911897069E-03	0
0	0	243	0	-6.48719260472253E-03	0
0	0	244	0	-6.46917250591102E-03	0
0	0	245	0	-6.44991276792416E-03	0
0	0	246	3.65320492957129E-19	-6.42953979480359E-03	7.30640985914257E-19
0	0	247	-1.10378130924152E-19	-6.40804236100575E-03	0
0	0	248	0	-6.3855914981011E-03	0
0	0	249	0	-6.36216159723674E-03	0
0	0	250	0	-6.33787518292072E-03	0
0	0	251	7.0692995244494E-23	-6.3127642840983E-03	4.0299421665092E-19
0	0	252	0	-6.28688492204334E-03	0
0	0	253	0	-6.2603169970547E-03	0
0	0	254	0	-6.23310184066232E-03	0
0	0	255	0	-6.20527626892137E-03	0
0	0	256	0	-6.17690755756897E-03	0
0	0	257	0	-6.14800281385051E-03	0
0	0	258	0	-6.11864109311679E-03	0
0	0	259	0	-6.0888440720815E-03	0
0	0	260	0	-6.05868174474499E-03	0
0	0	261	0	-6.02813284130635E-03	0
0	0	262	0	-5.99734545554514E-03	0
0	0	263	0	-5.96603781734003E-03	0
0	0	264	0	-5.93456481236552E-03	0
0	0	265	0	-5.90292644062159E-03	0
0	0	266	0	-5.87112270210826E-03	0
0	0	267	0	-5.83915359682551E-03	0
0	0	268	0	-5.80701912477335E-03	0
0	0	269	0	-5.77471928595179E-03	0
0	0	270	-1.52417069930543E-21	-5.74224997271511E-03	8.27738482162191E-19
0	0	271	1.23395093842121E-21	-5.7096689486794E-03	6.20180603734396E-19
0	0	272	-3.24095321325366E-22	-5.67697433744543E-03	0
0	0	273	0	-5.64429820942562E-03	0
0	0	274	2.2819670423315E-22	-5.61164056461996E-03	2.47651633036216E-19
0	0	275	2.09603220782054E-22	-5.57900140302847E-03	3.71267145325552E-19
0	0	276	-8.20388108953427E-23	-5.54638072465113E-03	0
0	0	277	1.48747867608773E-23	-5.51377852948795E-03	0
0	0	278	0	-5.48119481753893E-03	0
0	0	279	-2.14109414325749E-22	-5.44862958880407E-03	2.46950618940311E-19
0	0	280	-6.05141276075063E-22	-5.41608284328337E-03	4.9362083224226E-19
0	0	281	0	-5.38329484436961E-03	0
0	0	282	0	-5.35095243552661E-03	0
0	0	283	-2.01994483598127E-19	-5.31870110903817E-03	0
0	0	284	-2.01456231810992E-19	-5.28646105205943E-03	0
0	0	285	-1.99846246431274E-19	-5.25435969504763E-03	0
0	0	286	-1.98420118732505E-19	-5.22239703800275E-03	0
0	0	287	-1.97128416800497E-19	-5.19057308092479E-03	0
0	0	288	-1.95704187645482E-19	-5.15888782381376E-03	0
0	0	289	-1.94950810464755E-19	-5.12734126666966E-03	2.61503904608447E-19
0	0	290	-1.93245145381769E-19	-5.09593340949247E-03	0
0	0	291	-1.92217892957052E-19	-5.06466425228222E-03	0
0	0	292	-1.89875291875363E-19	-5.03353379503888E-03	0
0	0	293	-1.83679762314414E-19	-5.00258214721151E-03	2.22011499142731E-18
0	0	294	0	-4.97147620042111E-03	0
0	0	295	0	-4.94082336730205E-03	0
0	0	296	5.69237631498123E-19	-4.91030423459946E-03	1.04402408660678E-18
0	0	297	5.66059120033564E-19	-4.88001213775143E-03	1.52858760121979E-18
0	0	298	5.61218339503083E-19	-4.84991705755531E-03	0
0	0	299	5.56723928304207E-19	-4.82001899401111E-03	0
0	0	300	5.53760547846997E-19	-4.79031794711882E-03	0
0	0	301	5.50653609976998E-19	-4.76081391687844E-03	0
0	0	302	5.47437783030197E-19	-4.73150690328997E-03	0
0	0	303	5.44203099871665E-19	-4.70239690635341E-03	2.09820333927019E-19
0	0	304	5.40914892165413E-19	-4.67348392606877E-03	7.29384063433677E-19
0	0	305	5.37447090764501E-19	-4.64476796243604E-03	0
0	0	306	5.34192923337667E-19	-4.61624901545522E-03	0
0	0	307	1.35585267814908E-23	-4.58793612691808E-03	0
0	0	308	2.84188336525976E-22	-4.55983997583867E-03	0
0	0	309	5.55615706669372E-22	-4.53195469757688E-03	0
0	0	310	0	-4.50438681049286E-03	0
0	0	311	0	-4.47689755664949E-03	0
0	0	312	0	-4.44962169475244E-03	0
0	0	313	0	-4.42255922480171E-03	0
0	0	314	0	-4.39571014679729E-03	0
0	0	315	0	-4.36907446073918E-03	0
0	0	316	0	-4.34265216662739E-03	0
0	0	317	0	-4.31644326446192E-03	0
0	0	318	0	-4.29044775424276E-03	0
0	0	319	0	-4.26466563596993E-03	0
0	0	320	0	-4.2390969096434E-03	0
0	0	321	0	-4.21374157526319E-03	0
0	0	322	0	-4.18859963282929E-03	0
0	0	323	0	-4.16367108234172E-03	0
0	0	324	0	-4.13885941438405E-03	0
0	0	325	0	-4.11443227142986E-03	0
0	0	326	0	-4.09020358890276E-03	0
0	0	327	0	-4.06617336680275E-03	0
0	0	328	0	-4.04234160512984E-03	0
0	0	329	0	-4.01870830388402E-03	0
0	0	330	0	-3.9952734630653E-03	0
0	0	331	-2.23334522680952E-22	-3.97203883325385E-03	3.30514450946851E-19
0	0	332	-1.87672189916248E-22	-3.94900545544961E-03	3.30514450946851E-19
0	0	333	-1.65147182015131E-22	-3.9261699766135E-03	3.30514450946851E-19
0	0	334	-1.42622174114014E-22	-3.90353239674553E-03	3.30514450946851E-19
0	0	335	-1.65133603542676E-22	-3.88109271584569E-03	3.30514450946851E-19
0	0	336	-1.34161717678634E-22	-3.85885093391398E-03	3.30514450946851E-19
0	0	337	-1.03189831814596E-22	-3.8368070509504E-03	3.30514450946851E-19
0	0	338	-5.252214250945E-23	-3.81496106695496E-03	3.30514450946851E-19
0	0	339	-2.99971346083324E-23	-3.79331298192766E-03	3.30514450946851E-19
0	0	340	-7.93913462641181E-24	-3.77186279586848E-03	3.30514450946851E-19
0	0	341	1.50528811939751E-23	-3.75061050877744E-03	3.30514450946851E-19
0	0	342	3.75778890950943E-23	-3.72955612065453E-03	3.30514450946851E-19
0	0	343	6.01028969962149E-23	-3.70869963149976E-03	3.30514450946851E-19
0	0	344	8.26279048973356E-23	-3.68804104131312E-03	3.30514450946851E-19
0	0	345	1.44585255097924E-22	-3.66758035009461E-03	3.30514450946851E-19
0	0	346	1.7555714096196E-22	-3.64731755784424E-03	3.30514450946851E-19
0	0	347	0	-3.62723939369766E-03	0
0	0	348	0	-3.60733569650042E-03	0
0	0	349	0	-3.58761030182208E-03	0
0	0	350	0	-3.56806320966264E-03	0
0	0	351	0	-3.54869442002208E-03	0
0	0	352	0	-3.52950393290043E-03	0
0	0	353	0	-3.51049174829767E-03	0
0	0	354	0	-3.4916578662138E-03	0
0	0	355	0	-3.47300228664883E-03	0
0	0	356	0	-3.45452500960275E-03	0
0	0	357	0	-3.43622603507557E-03	0
0	0	358	0	-3.41810536306728E-03	0
0	0	359	0	-3.40016299357788E-03	0
0	0	360	0	-3.38239892660738E-03	0
0	0	361	0	-3.36481316215578E-03	0
0	0	362	0	-3.34740570022307E-03	0
0	0	363	0	-3.33017654080925E-03	0
0	0	364	0	-3.31312568391433E-03	0
0	0	365	0	-3.29625312953831E-03	0
0	0	366	0	-3.27955887768118E-03	0
0	0	367	0	-3.26304292834294E-03	0
0	0	368	0	-3.2467052815236E-03	0
0	0	369	0	-3.23054593722315E-03	0
0	0	370	0	-3.2145648954416E-03	0
0	0	371	0	-3.19864174623757E-03	0
0	0	372	0	-3.18266022770424E-03	0
0	0	373	0	-3.16683257235319E-03	0
0	0	374	0	-3.1512279719832E-03	-3.79704316889531E-19
0	0	375	0	-3.13576755942818E-03	-3.79704316889531E-19
0	0	376	0	-3.12043937621665E-03	-3.79704316889531E-19
0	0	377	0	-3.10495632215775E-03	3.54977276142139E-19
0	0	378	-1.56421871652338E-22	-3.08996961515941E-03	5.66479685008819E-19
0	0	379	-2.57381131209423E-22	-0.003075116634877	7.21349090748444E-19
0	0	380	-2.75455985174023E-22	-3.06039738131054E-03	7.68670367629489E-19
0	0	381	0	-0.00304581185446	3.48215524972759E-19
0	0	382	-4.76136454086726E-22	-3.03136005432541E-03	1.16884954110744E-18
0	0	383	0	-3.01704198090675E-03	3.44926380041473E-19
0	0	384	-2.00680468912704E-22	-3.00285763420402E-03	7.46803635532885E-19
0	0	385	-1.81986589847375E-22	-2.98880701421723E-03	7.41375173614319E-19
0	0	386	1.63292710782045E-22	-2.97489012094638E-03	3.16966588366614E-19
0	0	387	-2.89197663433432E-22	-2.96110695439147E-03	1.12259667872207E-18
0	0	388	0	-2.94745751455249E-03	3.36971065452354E-19
0	0	389	0	-2.93394180142945E-03	3.35425867861233E-19
0	0	390	-8.85171945207268E-23	-2.92055981502234E-03	7.14462190655E-19
0	0	391	-6.10954010234822E-23	-2.90731155533117E-03	6.6203244421682E-19
0	0	392	5.11294363900788E-23	-2.89419702235594E-03	3.16966588366614E-19
0	0	393	-6.48711146494967E-23	-2.88121621609664E-03	1.06759776245335E-18
0	0	394	0	-2.86836913655328E-03	3.27929206539135E-19
0	0	395	0	-2.85565578372585E-03	3.26475739601418E-19
0	0	396	2.36460798712403E-23	-2.84307615761437E-03	6.82671129697541E-19
0	0	397	-4.23399589365698E-23	-2.83063025821881E-03	3.16966588366614E-19
0	0	398	5.34046082516509E-23	-2.8183180855392E-03	6.28447748481936E-19
0	0	399	0	-2.80613963957552E-03	3.20814756272888E-19
0	0	400	0	-2.79409492032778E-03	3.19437731546341E-19
0	0	401	-3.26640789550066E-19	-2.78279985564174E-03	0
0	0	402	-3.25398186417768E-19	-2.77098671982916E-03	0
0	0	403	-3.23962494142245E-19	-2.75927449665762E-03	0
0	0	404	-3.22780115822525E-19	-2.74766318612711E-03	0
0	0	405	-3.21481091254075E-19	-2.73615278823763E-03	0
0	0	406	-3.19919235371083E-19	-2.72474330298918E-03	0
0	0	407	-3.19008284611816E-19	-2.71343473038177E-03	0
0	0	408	-3.17460158760523E-19	-2.70222707041539E-03	0
0	0	409	-3.16178611550934E-19	-2.69112032309004E-03	0
0	0	410	-3.14908909312759E-19	-2.68011448840573E-03	0
0	0	411	-3.1382271047884E-19	-2.66920956636245E-03	0
0	0	412	-3.12222308418386E-19	-2.6584055569602E-03	0
0	0	413	-3.11325915812074E-19	-2.64770246019899E-03	0
0	0	414	-3.09743672943089E-19	-2.63710027607881E-03	0
0	0	415	-3.08738072693103E-19	-2.62659900459966E-03	0
0	0	416	-3.0709838662718E-19	-2.61620140539869E-03	3.75918495178523E-19
0	0	417	-3.05882080434499E-19	-2.60590636167294E-03	3.23548623710664E-20
0	0	418	-3.0468373484499E-19	-2.59571036901093E-03	3.02817098632875E-20
0	0	419	-3.03493866126501E-19	-2.58561342741264E-03	-3.25546103849397E-19
0	0	420	-3.02322034913565E-19	-2.57561553687809E-03	3.54522862113844E-19
0	0	421	-3.01159900559802E-19	-2.56571669740727E-03	-3.01159900559802E-19
0	0	422	-3.00009616389625E-19	-2.55591690900018E-03	-3.00009616389625E-19
0	0	423	0	-2.54621714677083E-03	0
0	0	424	0	-2.53662785598467E-03	0
0	0	425	0	-2.52712571379234E-03	0
0	0	426	0	-2.51771072019387E-03	0
0	0	427	0	-2.50838287518924E-03	0
0	0	428	0	-2.49914217877846E-03	0
0	0	429	0	-2.48998863096152E-03	0
0	0	430	0	-2.48092223173843E-03	0
0	0	431	0	-2.47194298110918E-03	0
0	0	432	0	-2.46305087907379E-03	0
0	0	433	0	-2.45424592563223E-03	0
0	0	434	0	-2.44552812078453E-03	0
0	0	435	0	-2.43689746453067E-03	0
0	0	436	0	-2.42835395687066E-03	0
0	0	437	0	-2.41989759780449E-03	0
0	0	438	0	-2.41152838733217E-03	0
0	0	439	0	-2.4032463254537E-03	0
0	0	440	0	-2.39505141216907E-03	0
0	0	441	0	-2.38694364747829E-03	0
0	0	442	0	-2.37892303138135E-03	0
0	0	443	0	-2.37098956387827E-03	0
0	0	444	0	-2.36314324496902E-03	0
0	0	445	0	-2.35538407465363E-03	0
0	0	446	0	-2.34771205293208E-03	0
0	0	447	0	-2.34012717980438E-03	0
0	0	448	-6.86504421796803E-20	-2.33311510976246E-03	1.21318480440916E-18
0	0	449	-6.90199071435472E-20	-2.32562248710508E-03	7.26340021511046E-19
0	0	450	-6.86723661160638E-20	-2.31820390907769E-03	9.68054823556271E-19
0	0	451	-6.87478149591277E-20	-2.31085937568026E-03	7.11912859201129E-19
0	0	452	-6.86150982120664E-20	-2.30358888691282E-03	7.04699278046171E-19
0	0	453	-6.83762599246647E-20	-2.29639244277534E-03	9.12096680550048E-19
0	0	454	-6.81715568659609E-20	-2.28927004326784E-03	1.16815281124597E-18
0	0	455	0	-2.28188161876877E-03	0
0	0	456	0	-2.27503866838058E-03	0
0	0	457	0	-2.26825497429887E-03	0
0	0	458	0	-2.26153053652364E-03	0
0	0	459	0	-2.2548653550549E-03	0
0	0	460	0	-2.24825942989264E-03	0
0	0	461	0	-2.24171276103686E-03	0
0	0	462	0	-2.23522534848756E-03	0
0	0	463	0	-2.22879719224474E-03	0
0	0	464	0	-2.22242829230841E-03	0
0	0	465	0	-2.21611864867855E-03	0
0	0	466	0	-2.20986826135518E-03	0
0	0	467	0	-2.20367713033829E-03	0
0	0	468	0	-2.19754525562788E-03	0
0	0	469	0	-2.19147263722395E-03	0
0	0	470	0	-2.18545927512651E-03	0
0	0	471	0	-2.17950516933555E-03	0
0	0	472	0	-2.17361031985106E-03	0
0	0	473	0	-2.16777472667306E-03	0
0	0	474	0	-2.16199838980155E-03	0
0	0	475	0	-2.15628130923651E-03	0
0	0	476	0	-2.15062348497796E-03	0
0	0	477	0	-2.14502491702588E-03	0
0	0	478	0	-2.13948560538029E-03	0
0	0	479	0	-2.13400555004118E-03	0
0	0	480	0	-2.12858475100856E-03	0
0	0	481	0	-2.12322320828241E-03	0
0	0	482	0	-2.11792092186275E-03	0
0	0	483	0	-2.11267789174957E-03	0
0	0	484	0	-2.10749411794286E-03	0
0	0	485	0	-2.10236960044265E-03	0
0	0	486	0	-2.09730433924891E-03	0
0	0	487	0	-2.09229833436165E-03	0
0	0	488	0	-2.08735158578088E-03	0
0	0	489	0	-2.08246409350659E-03	0
0	0	490	0	-2.07763585753878E-03	0
0	0	491	0	-2.07286687787745E-03	0
0	0	492	0	-2.0681571545226E-03	0
0	0	493	0	-2.06350668747424E-03	0
0	0	494	0	-2.05891547673236E-03	0
0	0	495	0	-2.05438352229696E-03	0
0	0	496	0	-2.04991082416804E-03	0
0	0	497	0	-2.0454973823456E-03	0
0	0	498	0	-2.04114319682964E-03	0
0	0	499	0	-2.03684826762017E-03	0
0	0	500	0	-2.03261259471718E-03	0
0	0	501	0	-2.02843617812067E-03	0
0	0	502	0	-2.02431901783064E-03	0
0	0	503	0	-2.02026111384709E-03	0
0	0	504	0	-2.01626246617003E-03	0
0	0	505	0	-2.01235339753224E-03	0
0	0	506	0	-2.00836699131933E-03	0
0	0	507	0	-2.00443590852476E-03	0
0	0	508	0	-2.00054346921658E-03	1.12230038389039E-19
0	0	509	5.44152154190046E-23	-1.99669143042319E-03	1.12230038389039E-19
0	0	510	1.63810456522868E-22	-1.99288588118024E-03	1.12230038389039E-19
0	0	511	0	-1.98896482155998E-03	0
0	0	512	0	-1.98538286220297E-03	0
0	0	513	0	-1.98184275416037E-03	0
0	0	514	0	-1.97834449743216E-03	0
0	0	515	0	-1.97488809201835E-03	0
0	0	516	0	-1.97147353791895E-03	0
0	0	517	0	-1.96810083513394E-03	0
0	0	518	0	-1.96476998366334E-03	0
0	0	519	0	-1.96148098350713E-03	0
0	0	520	0	-1.95823383466533E-03	0
0	0	521	0	-1.95502853713792E-03	0
0	0	522	0	-1.95186509092492E-03	0
0	0	523	0	-1.94874349602632E-03	0
0	0	524	0	-1.94566375244211E-03	0
0	0	525	0	-1.94262586017231E-03	0
0	0	526	0	-1.93962981921691E-03	0
0	0	527	0	-1.9366756295759E-03	0
0	0	528	0	-1.9337632912493E-03	0
0	0	529	0	-1.9308928042371E-03	0
0	0	530	0	-1.9280641685393E-03	0
0	0	531	0	-1.92527738415589E-03	0
0	0	532	0	-1.92253245108689E-03	0
0	0	533	0	-1.91982936933229E-03	0
0	0	534	0	-1.91716813889209E-03	0
0	0	535	0	-1.91454875976629E-03	0
0	0	536	0	-1.91197123195489E-03	0
0	0	537	0	-1.90943555545789E-03	0
0	0	538	0	-1.90694173027529E-03	0
0	0	539	0	-1.90448975640709E-03	0
0	0	540	0	-1.90207963385329E-03	0
0	0	541	0	-1.89971136261389E-03	0
0	0	542	0	-1.89738494268889E-03	0
0	0	543	0	-1.89510037407829E-03	0
0	0	544	0	-1.89285765678209E-03	0
0	0	545	0	-1.89065679080029E-03	0
0	0	546	0	-1.8884977761329E-03	0
0	0	547	0	-1.8863806127799E-03	0
0	0	548	0	-1.8843053007413E-03	0
0	0	549	0	-1.8822718400171E-03	0
0	0	550	0	-1.88028023060731E-03	0
0	0	551	0	-1.87833047251191E-03	0
0	0	552	0	-1.87642256573091E-03	0
0	0	553	0	-1.87455651026432E-03	0
0	0	554	0	-1.87273230611212E-03	0
0	0	555	0	-1.87094995327433E-03	0
0	0	556	0	-1.86920945175093E-03	0
0	0	557	0	-1.86751080154193E-03	0
0	0	558	0	-1.86585400264734E-03	0
0	0	559	0	-1.86423905506714E-03	0
0	0	560	0	-1.86266595880135E-03	0
0	0	561	0	-1.86113471384995E-03	0
0	0	562	0	-1.85964532021296E-03	0
0	0	563	0	-1.85819777789037E-03	0
0	0	564	0	-1.85679208688217E-03	0
0	0	565	0	-1.85542824718838E-03	0
0	0	566	0	-1.85410625880899E-03	0
0	0	567	0	-1.85282612174399E-03	0
0	0	568	0	-1.8515878359934E-03	0
0	0	569	0	-1.85039140155721E-03	0
0	0	570	0	-1.84923681843542E-03	0
0	0	571	0	-1.84812408662802E-03	0
0	0	572	0	-1.84705320613503E-03	0
0	0	573	0	-1.84602417695644E-03	0
0	0	574	0	-1.84503699909225E-03	0
0	0	575	0	-1.84409167254246E-03	0
0	0	576	1.52326132005636E-22	-1.84318395184564E-03	2.8239809075161E-20
0	0	577	4.19065048844098E-22	-1.84228670391531E-03	7.7242778054631E-20
0	0	578	2.01456288836079E-22	-1.84142857101207E-03	3.69001936615435E-20
0	0	579	-3.86760106500194E-23	-1.84060955313592E-03	0
0	0	580	1.48243054131281E-22	-1.83982965028685E-03	2.67662423439998E-20
0	0	581	-3.54455164156259E-23	-1.83908886246487E-03	0
0	0	582	8.45756732460657E-23	-1.83838718966998E-03	1.5007706099228E-20
0	0	583	2.25505155268589E-22	-1.83772463190218E-03	3.96119035657577E-20
0	0	584	4.58996625960485E-23	-1.83710118916146E-03	7.97190644007362E-21
0	0	585	1.73907167680998E-22	-1.83651686144783E-03	2.98221913213683E-20
0	0	586	2.73692808296333E-22	-1.83597164876129E-03	4.62612614707369E-20
0	0	587	1.15893151705976E-22	-1.83546555110183E-03	1.92684918326367E-20
0	0	588	-2.4138786595243E-23	-1.83499856846946E-03	0
0	0	589	7.8832388173153E-23	-1.83457070086418E-03	1.25769312466369E-20
0	0	590	-4.18165847216991E-23	-1.83418194828599E-03	0
0	0	591	4.82326131091239E-23	-1.83383231073488E-03	7.26232695325444E-21
0	0	592	1.23744586885153E-22	-1.83352178821086E-03	1.79248419570319E-20
0	0	593	1.60625510092557E-23	-1.83325038071393E-03	2.216452634993E-21
0	0	594	8.6683823352338E-23	-1.83301808824409E-03	1.12332813710318E-20
0	0	595	1.2190453936114E-22	-1.83282491080133E-03	1.45157576425006E-20
0	0	596	5.6084048288314E-23	-1.83267084838566E-03	5.91867707764933E-21
0	0	597	9.60156254046332E-23	-1.83255590099708E-03	8.3949634237551E-21
0	0	598	3.19452616930679E-23	-1.83248006863558E-03	1.98102907688454E-21
0	0	599	-6.37106830607296E-24	-1.83244335130118E-03	0
0	0	600	-1.03338140135702E-18	-1.83258897819077E-03	-1.0816380527936E-07
