fieldmap_name:     	SWLS Sirius
timestamp:         	2022-08-03_13-40-40
filename:          	2022-08-03_SWLS_Sirius_Model8.0_reverse_current_Z=-600_600mm.txt
MagNet_file:       	SWLS_Sirius_Model8.0_reverse_current.mn
nr_magnets:        	1

magnet_name:       	SWLS
gap[mm]:           	
control_gap[mm]:   	--
magnet_length[mm]: 	
current_main[A]:   	--
NI_main[A.esp]:    	--
center_pos_z[mm]:  	0
center_pos_x[mm]:  	0
rotation[deg]:     	0

X[mm]	Y[mm]	Z[mm]	Bx	By	Bz [T]
------------------------------------------------------------------------------------------------------------------------------------------------------------------
0	0	-600	0	1.83257563357439E-03	0
0	0	-599	0	1.8326058133841E-03	0
0	0	-598	0	1.83267374005883E-03	0
0	0	-597	0	1.83277941359857E-03	0
0	0	-596	0	1.83292283400333E-03	0
0	0	-595	0	1.83310400127311E-03	0
0	0	-594	0	1.8333229154079E-03	0
0	0	-593	0	1.8335795764077E-03	0
0	0	-592	0	1.83387398427252E-03	0
0	0	-591	0	1.83420613900236E-03	0
0	0	-590	0	1.83457604059721E-03	0
0	0	-589	0	1.83498368905708E-03	0
0	0	-588	0	1.83542908438196E-03	0
0	0	-587	0	1.83591222657186E-03	0
0	0	-586	0	1.83643311562678E-03	0
0	0	-585	0	1.83699175154671E-03	0
0	0	-584	0	1.83758813433165E-03	0
0	0	-583	0	1.83822226398162E-03	0
0	0	-582	0	1.83889414049659E-03	0
0	0	-581	0	1.83960376387659E-03	0
0	0	-580	0	1.84035113412159E-03	0
0	0	-579	0	1.84113625123162E-03	0
0	0	-578	0	1.84195911520666E-03	0
0	0	-577	0	1.84281972604671E-03	0
0	0	-576	0	1.84371808375178E-03	0
0	0	-575	0	1.84465418832187E-03	0
0	0	-574	0	1.84562803975697E-03	0
0	0	-573	0	1.84663963805709E-03	0
0	0	-572	0	1.84768898322222E-03	0
0	0	-571	0	1.84877607525237E-03	0
0	0	-570	0	1.84990091414753E-03	0
0	0	-569	0	1.85106349990771E-03	0
0	0	-568	0	1.85226383253291E-03	0
0	0	-567	0	1.85293776072502E-03	0
0	0	-566	0	1.85423065218306E-03	0
0	0	-565	0	1.85556364274721E-03	0
0	0	-564	0	1.85693673241746E-03	0
0	0	-563	0	1.85834992119382E-03	0
0	0	-562	0	1.85980320907628E-03	0
0	0	-561	0	1.86129659606484E-03	0
0	0	-560	0	1.86283008215951E-03	0
0	0	-559	0	1.86440366736029E-03	0
0	0	-558	0	1.86601735166717E-03	0
0	0	-557	0	1.86767113508015E-03	0
0	0	-556	0	1.86936501759923E-03	0
0	0	-555	0	1.87109899922442E-03	0
0	0	-554	0	1.87287307995572E-03	0
0	0	-553	0	1.87468725979312E-03	0
0	0	-552	-5.70297492289348E-23	1.87652857989076E-03	-1.19865123818093E-19
0	0	-551	1.30221960556308E-22	1.87839443666122E-03	-4.89457556221454E-20
0	0	-550	7.34038807486185E-23	1.8803045062923E-03	-7.65287525614676E-20
0	0	-549	-5.95697822838767E-23	0.001882258788784	-1.19865123818093E-19
0	0	-548	-1.51041149922142E-22	1.88425728413633E-03	-1.19865123818093E-19
0	0	-547	1.37842059721139E-22	1.88629999234927E-03	-4.34557443341409E-20
0	0	-546	7.7637269173525E-23	1.88838691342283E-03	-7.36999952144323E-20
0	0	-545	-6.2956493023802E-23	1.89051804735701E-03	-1.19865123818093E-19
0	0	-544	-1.27606341417564E-22	1.89269339415182E-03	-1.19865123818093E-19
0	0	-543	1.61624620984413E-22	1.89491295380724E-03	-2.96086145735881E-20
0	0	-542	8.18706575984315E-23	1.89717672632328E-03	-7.09136482887671E-20
0	0	-541	0	1.89948471169994E-03	-1.13877989740049E-19
0	0	-540	-1.34379762897415E-22	1.90183690993723E-03	-1.19865123818093E-19
0	0	-539	2.21118817184487E-22	1.90423332103513E-03	3.64581388905829E-21
0	0	-538	6.88832368186703E-23	1.90667394499365E-03	-7.73975692207737E-20
0	0	-537	0	1.9091587818128E-03	-1.14457970010629E-19
0	0	-536	-1.41153184377265E-22	1.91168783149256E-03	-1.19865123818093E-19
0	0	-535	2.49981444557647E-22	1.91426109403294E-03	2.13840998103112E-20
0	0	-534	7.22699475585956E-23	1.91687856943394E-03	-7.53587059717552E-20
0	0	-533	0	1.91954025769557E-03	-1.1508036070258E-19
0	0	-532	-1.84908257321395E-22	1.92224615881781E-03	-1.19865123818093E-19
0	0	-531	-7.48099806135393E-23	1.92499627280068E-03	-1.19865123818093E-19
0	0	-530	1.89141645746297E-22	1.92779059964416E-03	-1.0043154519416E-20
0	0	-529	0	1.93062913934826E-03	-1.15745161815901E-19
0	0	-528	-7.73500136684812E-23	1.93351189191299E-03	-1.19865123818093E-19
0	0	-527	-7.81966913534647E-23	1.93643885733833E-03	-1.19865123818093E-19
0	0	-526	1.77847580336499E-22	1.93941003562429E-03	-1.53289810477193E-20
0	0	-525	0	1.94242542677088E-03	-1.16452373350592E-19
0	0	-524	-8.07367244084065E-23	1.94548503077808E-03	-1.19865123818093E-19
0	0	-523	-2.8554190732686E-22	1.9485888476459E-03	-1.19865123818093E-19
0	0	-522	1.85467679501331E-22	1.95173687737435E-03	-1.01040348932775E-20
0	0	-521	0	1.95492911996341E-03	-1.17201995306653E-19
0	0	-520	-8.41234351483317E-23	1.9581655754131E-03	-1.19865123818093E-19
0	0	-519	-2.1242528208328E-22	1.9614462437234E-03	-1.19865123818093E-19
0	0	-518	2.14541976295737E-22	1.96477112489433E-03	7.61967244562952E-21
0	0	-517	8.66634682032748E-23	1.96814021892587E-03	-6.71666784268362E-20
0	0	-516	-8.75101458882569E-23	1.97155352581803E-03	-1.19865123818093E-19
0	0	-515	-2.20892058933093E-22	1.97501104557082E-03	-1.19865123818093E-19
0	0	-514	0	1.97808576179482E-03	1.35629796436058E-20
0	0	-513	-1.70782424228195E-22	1.98168266816987E-03	0
0	0	-512	-2.90556949114868E-22	1.98532633830613E-03	0
0	0	-511	0	1.98901677220358E-03	9.8668095078651E-20
0	0	-510	0	1.99275396986223E-03	5.70917186303549E-20
0	0	-509	0	1.99653793128209E-03	1.44504171610845E-20
0	0	-508	0	2.0003684119158E-03	0
0	0	-507	0	2.00425060714294E-03	0
0	0	-506	0	2.00818809883834E-03	0
0	0	-505	0	2.01218088700199E-03	0
0	0	-504	0	2.01684265779618E-03	0
0	0	-503	0	2.0207815566095E-03	0
0	0	-502	0	2.02478179842816E-03	0
0	0	-501	0	2.02884338325214E-03	0
0	0	-500	0	2.03296631108146E-03	0
0	0	-499	0	2.0371505819161E-03	0
0	0	-498	0	2.04139619575607E-03	0
0	0	-497	0	2.04570315260138E-03	0
0	0	-496	0	2.05007145245201E-03	0
0	0	-495	0	2.05450109530797E-03	0
0	0	-494	0	2.05899208116926E-03	0
0	0	-493	0	2.06354441003588E-03	0
0	0	-492	0	2.06815808190784E-03	0
0	0	-491	0	2.07283309678512E-03	0
0	0	-490	0	2.07756945466773E-03	0
0	0	-489	0	2.08236715555567E-03	0
0	0	-488	0	2.08722619944894E-03	0
0	0	-487	0	2.09214658634754E-03	0
0	0	-486	0	2.09712831625147E-03	0
0	0	-485	0	2.10217138916073E-03	0
0	0	-484	0	2.10727580507532E-03	0
0	0	-483	0	2.11244156399524E-03	0
0	0	-482	0	2.11766866592049E-03	0
0	0	-481	0	2.12295711085107E-03	0
0	0	-480	0	2.12830689878698E-03	0
0	0	-479	0	2.13371802972822E-03	0
0	0	-478	0	2.13919050367479E-03	0
0	0	-477	0	2.14472432062669E-03	0
0	0	-476	0	2.15031948058392E-03	0
0	0	-475	0	2.15597598354647E-03	0
0	0	-474	0	2.16169382951436E-03	0
0	0	-473	0	2.16747301848758E-03	0
0	0	-472	0	2.17331355046613E-03	0
0	0	-471	0	0.00217921542545	0
0	0	-470	0	2.18517864343921E-03	0
0	0	-469	0	2.19120320443375E-03	0
0	0	-468	0	2.19728910843361E-03	0
0	0	-467	0	2.20343635543881E-03	0
0	0	-466	0	2.20964494544934E-03	0
0	0	-465	0	2.21591487846519E-03	0
0	0	-464	-2.6679289598592E-19	2.2222329151622E-03	1.66465054361636E-19
0	0	-463	-2.67562549006315E-19	2.2286091258856E-03	1.68431483197529E-19
0	0	-462	-2.68323782142149E-19	2.23506021564313E-03	0
0	0	-461	-2.69107238720213E-19	2.24158618443476E-03	0
0	0	-460	-2.69951204115326E-19	2.24818703226051E-03	3.48661539410412E-19
0	0	-459	-2.70701120043232E-19	2.25486275912038E-03	0
0	0	-458	-2.71579765097311E-19	2.26161336501435E-03	3.56527254753982E-19
0	0	-457	-2.72369244296929E-19	2.26843884994244E-03	1.80230056212883E-19
0	0	-456	-2.73201823040072E-19	2.27533921390465E-03	1.82196485048776E-19
0	0	-455	-2.74036728912845E-19	2.28231445690097E-03	1.57853926186858E-19
0	0	-454	-2.74886689973879E-19	2.2893645789314E-03	1.59539436617623E-19
0	0	-453	-2.75753495603286E-19	2.29648957999595E-03	1.88095771556453E-19
0	0	-452	-2.76681193378405E-19	2.30368946009461E-03	3.80124400784691E-19
0	0	-451	-2.77436220893871E-19	2.31096421922738E-03	0
0	0	-450	-2.78318560750539E-19	2.31831385739427E-03	0
0	0	-449	-2.79353264269967E-19	2.32573837459527E-03	3.91922973800046E-19
0	0	-448	-2.80110208630768E-19	2.33323777083038E-03	0
0	0	-447	-2.81110988171376E-19	2.34081204609961E-03	2.28450679510638E-19
0	0	-446	-2.82022026864529E-19	2.34846120040295E-03	2.018607734077E-19
0	0	-445	-2.82953488886277E-19	2.35618523374041E-03	2.03827202243593E-19
0	0	-444	-2.83880716977247E-19	2.36398414611198E-03	1.76394540925273E-19
0	0	-443	-2.84843381096666E-19	2.37185793751766E-03	2.07760059915378E-19
0	0	-442	-2.85700897606592E-19	2.37980660795746E-03	0
0	0	-441	-2.86874319761884E-19	2.38783015743137E-03	4.23385835174325E-19
0	0	-440	-2.87636375710246E-19	2.3959285859394E-03	0
0	0	-439	-2.88844477524504E-19	2.40410189348153E-03	4.31251550517895E-19
0	0	-438	-2.89843040489261E-19	2.41235008005779E-03	4.3518440818968E-19
0	0	-437	-2.90607013282958E-19	2.42067314566815E-03	0
0	0	-436	0	2.42885763047475E-03	0
0	0	-435	0	2.43738911511563E-03	0
0	0	-434	0	2.44599960388464E-03	0
0	0	-433	0	2.45468909678179E-03	0
0	0	-432	0	2.46345759380706E-03	0
0	0	-431	0	2.47230509496046E-03	0
0	0	-430	0	0.002481231600242	0
0	0	-429	0	2.49023710965166E-03	0
0	0	-428	0	2.49932162318946E-03	0
0	0	-427	0	2.50828797366647E-03	0
0	0	-426	0	2.51755268378589E-03	0
0	0	-425	0	2.52692172480145E-03	0
0	0	-424	0	2.53639509671313E-03	0
0	0	-423	0	2.54597279952093E-03	0
0	0	-422	0	2.55565483322486E-03	0
0	0	-421	0	2.56544119782492E-03	0
0	0	-420	0	2.57533189332111E-03	0
0	0	-419	0	2.58532691971342E-03	0
0	0	-418	0	2.59542627700186E-03	0
0	0	-417	0	2.60562996518643E-03	0
0	0	-416	0	2.61593798426712E-03	0
0	0	-415	0	2.62635033424393E-03	0
0	0	-414	0	2.63686701511688E-03	0
0	0	-413	0	2.64748802688595E-03	0
0	0	-412	0	2.65821336955115E-03	0
0	0	-411	0	2.66904304311247E-03	0
0	0	-410	0	2.67997704756992E-03	0
0	0	-409	0	2.69100916462831E-03	0
0	0	-408	0	2.70214320470708E-03	0
0	0	-407	0	2.71337993676721E-03	0
0	0	-406	0	2.72471936080871E-03	0
0	0	-405	0	2.73616147683157E-03	0
0	0	-404	0	2.74770628483579E-03	0
0	0	-403	0	2.75935378482137E-03	0
0	0	-402	0	2.77110397678832E-03	0
0	0	-401	0	2.78295686073663E-03	0
0	0	-400	0	2.7949124366663E-03	0
0	0	-399	0	2.80697070457734E-03	0
0	0	-398	0	2.81913166446974E-03	0
0	0	-397	0	2.8313953163435E-03	0
0	0	-396	-3.3300510745926E-19	2.84343365108347E-03	1.4155003544956E-18
0	0	-395	-3.34438628475345E-19	2.85599102964239E-03	9.69245886720627E-19
0	0	-394	-3.36003890589823E-19	2.86868333272791E-03	9.79604436524878E-19
0	0	-393	-3.37331004640793E-19	2.88151056034004E-03	4.71410945871013E-19
0	0	-392	-3.38885708930744E-19	2.89447271247877E-03	4.76343588634942E-19
0	0	-391	-3.4014875586228E-19	2.9075697891441E-03	0
0	0	-390	3.42670120550866E-19	2.92077887465493E-03	6.30856429550866E-19
0	0	-389	3.43520895652077E-19	2.93412287708371E-03	1.96160052328031E-19
0	0	-388	3.45295016246217E-19	2.94760709176436E-03	3.96420868050052E-19
0	0	-387	3.46426497023624E-19	2.96123151869686E-03	0
0	0	-386	3.4823937905952E-19	2.97499615788123E-03	2.52888996773771E-19
0	0	-385	3.49344696870821E-19	2.98890100931745E-03	0
0	0	-384	3.51306570342044E-19	3.00294607300554E-03	0
0	0	-383	3.53024452355813E-19	3.01713134894549E-03	2.08462342510002E-19
0	0	-382	3.54695565833636E-19	3.0314568371373E-03	4.73653629465744E-19
0	0	-381	3.56334271142648E-19	3.04592253758097E-03	0
0	0	-380	3.57997671930957E-19	3.0605284502765E-03	2.14613487600988E-19
0	0	-379	3.59768086944264E-19	3.0752745752239E-03	0
0	0	-378	3.61252126278303E-19	3.09016091242315E-03	4.92107064738701E-19
0	0	-377	3.63416510932083E-19	3.10518746187427E-03	0
0	0	-376	3.65041833548507E-19	3.12035422357724E-03	0
0	0	-375	3.66832555190407E-19	3.13566119753208E-03	0
0	0	-374	3.68386993527795E-19	3.15110838373878E-03	2.26915777782959E-19
0	0	-373	3.69745083084558E-19	3.16669578219734E-03	5.72415398699886E-19
0	0	-372	3.72303138437562E-19	3.18242339290776E-03	0
0	0	-371	3.73803095549489E-19	3.19829121587004E-03	2.33066922873945E-19
0	0	-370	3.74663918481358E-19	3.21429925108418E-03	8.22910565998289E-19
0	0	-369	3.76857589995896E-19	3.23044749855019E-03	5.92919215669838E-19
0	0	-368	3.80516992879529E-19	3.24673595826805E-03	0
0	0	-367	1.01636990290295E-19	3.26272300876403E-03	3.88491648497567E-19
0	0	-366	1.02042964168937E-19	3.27930919050187E-03	9.92699989485854E-19
0	0	-365	1.02555437880271E-19	3.29606899090425E-03	9.35286784267103E-19
0	0	-364	1.03056175325517E-19	3.31300240997118E-03	9.75933548233369E-19
0	0	-363	1.03781720569915E-19	3.33010944770264E-03	3.88491648497567E-19
0	0	-362	1.04329569934036E-19	3.34739010409864E-03	3.88491648497567E-19
0	0	-361	1.04882826506061E-19	3.36484437915919E-03	3.88491648497567E-19
0	0	-360	1.0544149028599E-19	3.38247227288428E-03	3.88491648497567E-19
0	0	-359	1.06005561273822E-19	3.40027378527391E-03	3.88491648497567E-19
0	0	-358	0	3.41819817770249E-03	0
0	0	-357	0	3.43626889105873E-03	0
0	0	-356	0	3.45452721145254E-03	0
0	0	-355	0	3.47297313888393E-03	0
0	0	-354	0	3.49160667335288E-03	0
0	0	-353	0	3.5104278148594E-03	0
0	0	-352	0	3.5294365634035E-03	0
0	0	-351	0	3.54863291898516E-03	0
0	0	-350	0	3.56801688160439E-03	0
0	0	-349	0	3.58758845126119E-03	0
0	0	-348	0	3.60734762795556E-03	0
0	0	-347	0	3.6272944116875E-03	0
0	0	-346	0	3.64742880245701E-03	0
0	0	-345	0	3.66775080026409E-03	0
0	0	-344	0	3.68826040510874E-03	0
0	0	-343	0	3.70895761699096E-03	0
0	0	-342	0	3.72984243591075E-03	0
0	0	-341	0	3.7509148618681E-03	0
0	0	-340	0	3.77217489486303E-03	0
0	0	-339	0	3.79362253489553E-03	0
0	0	-338	0	3.81517547291318E-03	0
0	0	-337	0	3.83701995084178E-03	0
0	0	-336	0	3.85905217137332E-03	0
0	0	-335	0	3.88127213450781E-03	0
0	0	-334	0	3.90367984024524E-03	0
0	0	-333	0	3.92627528858561E-03	0
0	0	-332	0	3.94892038172375E-03	0
0	0	-331	0	3.97191137654889E-03	0
0	0	-330	0	3.99511686946663E-03	0
0	0	-329	0	4.01853686047695E-03	0
0	0	-328	0	4.04217134957986E-03	0
0	0	-327	0	4.06608006687397E-03	0
0	0	-326	0	4.09015244937146E-03	0
0	0	-325	0	4.11443920930701E-03	0
0	0	-324	0	4.13894034668061E-03	0
0	0	-323	0	4.16365586149227E-03	0
0	0	-322	0	4.18858575374198E-03	0
0	0	-321	0	4.21373002342974E-03	0
0	0	-320	0	4.23908867055555E-03	0
0	0	-319	0	4.26466169511942E-03	0
0	0	-318	0	4.29044909712134E-03	0
0	0	-317	0	4.31645087656132E-03	0
0	0	-316	0	4.34266703343934E-03	0
0	0	-315	0	4.36909756775543E-03	0
0	0	-314	0	4.39574247950956E-03	0
0	0	-313	0	4.42260176870175E-03	0
0	0	-312	0	4.44967543533199E-03	0
0	0	-311	0	4.47696347940028E-03	0
0	0	-310	0	4.50446590090663E-03	0
0	0	-309	0	4.53218269985103E-03	0
0	0	-308	0	4.55995742376883E-03	0
0	0	-307	0	4.58809764090155E-03	0
0	0	-306	0	4.6164319414189E-03	0
0	0	-305	0	4.64496032532087E-03	0
0	0	-304	0	4.67368279260747E-03	0
0	0	-303	0	4.70259934327869E-03	0
0	0	-302	0	4.73170997733454E-03	0
0	0	-301	0	4.76101469477501E-03	0
0	0	-300	0	4.79051349560011E-03	0
0	0	-299	0	4.82020637980983E-03	0
0	0	-298	0	4.85009334740417E-03	0
0	0	-297	0	4.88017439838314E-03	0
0	0	-296	0	4.91044953274673E-03	0
0	0	-295	0	4.94091875049495E-03	0
0	0	-294	0	4.97158205162779E-03	0
0	0	-293	0	5.00243943614526E-03	0
0	0	-292	1.14247884076496E-22	5.03347256407973E-03	1.91925919353574E-20
0	0	-291	5.21020598896897E-19	5.06461983332063E-03	-2.13289994874805E-19
0	0	-290	5.24518641285308E-19	5.0960082141928E-03	-1.46093384979937E-19
0	0	-289	5.27032496889273E-19	5.12750455301584E-03	-2.13289994874805E-19
0	0	-288	5.31242216434328E-19	5.15910884978972E-03	2.99764001439259E-20
0	0	-287	5.34039696492361E-19	5.19082110451447E-03	-2.13289994874805E-19
0	0	-286	5.3746073417748E-19	5.22264131719006E-03	-1.50285666904475E-19
0	0	-285	0	5.25456938034223E-03	0
0	0	-284	0	5.28660664724372E-03	0
0	0	-283	0	5.31875690387274E-03	0
0	0	-282	0	5.35102015022929E-03	0
0	0	-281	0	5.38339638631338E-03	0
0	0	-280	0	5.41588561212499E-03	0
0	0	-279	0	5.44848782766414E-03	0
0	0	-278	0	5.48120303293082E-03	0
0	0	-277	1.44916813027221E-22	5.51385805078474E-03	0
0	0	-276	0	5.54648468485356E-03	4.2483644861491E-19
0	0	-275	0	5.57930445745428E-03	4.23696411404555E-19
0	0	-274	-2.10336191441973E-22	5.61193880109256E-03	0
0	0	-273	-2.03745943797935E-22	5.64464459625099E-03	0
0	0	-272	0	5.67726777516109E-03	0
0	0	-271	0	5.70980833782287E-03	0
0	0	-270	0	5.74226628423632E-03	0
0	0	-269	0	5.77464161440144E-03	0
0	0	-268	1.92699082813757E-23	5.80693432831824E-03	2.98636560894041E-19
0	0	-267	-1.50784745244592E-23	5.8391444259867E-03	2.97871563775913E-19
0	0	-266	3.07056741269671E-19	5.87122441287758E-03	1.28982446814662E-18
0	0	-265	3.08719012903391E-19	5.90311759711368E-03	1.0655760522837E-18
0	0	-264	3.10387516457467E-19	5.93475829134502E-03	8.27700043886489E-19
0	0	-263	3.1193294491037E-19	5.96614649557159E-03	1.53035832717571E-18
0	0	-262	0	5.9973136876011E-03	0
0	0	-261	0	6.02815625903757E-03	0
0	0	-260	0	6.05870382308404E-03	0
0	0	-259	0	6.08890334807435E-03	0
0	0	-258	0	6.11868163588014E-03	0
0	0	-257	0	6.14803870825745E-03	0
0	0	-256	6.95550416209209E-19	6.17694146133187E-03	4.95353078686926E-19
0	0	-255	0	6.2053058315753E-03	9.31575061275162E-19
0	0	-254	-7.73799415308315E-23	6.23313787621126E-03	0
0	0	-253	-5.36198372169597E-19	6.26035412151086E-03	4.0500777142793E-19
0	0	-252	0	6.28692156488382E-03	0
0	0	-251	0	6.31278543329696E-03	0
0	0	-250	0	6.33789185187068E-03	0
0	0	-249	0	6.36218125080341E-03	0
0	0	-248	0	6.38560184827553E-03	0
0	0	-247	0	6.40807436833264E-03	0
0	0	-246	0	6.42953956180113E-03	0
0	0	-245	0	6.44992027982766E-03	0
0	0	-244	0	6.46915038865328E-03	0
0	0	-243	1.75940133532505E-20	6.48715078356074E-03	0
0	0	-242	0	6.50383869610617E-03	0
0	0	-241	0	6.51912560748504E-03	0
0	0	-240	0	6.53292179608918E-03	0
0	0	-239	0	6.54513266217533E-03	0
0	0	-238	4.19240295712347E-19	6.55565427182728E-03	-5.24212109516332E-20
0	0	-237	0	6.56437370942534E-03	0
0	0	-236	0	6.57117773899824E-03	0
0	0	-235	-2.50379575513425E-22	6.57595698802866E-03	4.20470678826745E-19
0	0	-234	2.1020019264277E-19	6.57857980933559E-03	0
0	0	-233	2.94789872395758E-19	6.57891685636713E-03	0
0	0	-232	-2.94908786848794E-19	6.57683080958284E-03	-2.18778278162532E-20
0	0	-231	0	6.57216816936091E-03	0
0	0	-230	0	6.56477854698887E-03	0
0	0	-229	0	6.55449389718787E-03	0
0	0	-228	0	6.54115810901784E-03	0
0	0	-227	0	6.52457369333657E-03	0
0	0	-226	2.59607071649298E-22	6.50455813603343E-03	1.80919834778039E-21
0	0	-225	0	6.48090813070255E-03	0
0	0	-224	0	6.45341068326636E-03	0
0	0	-223	0	6.42184371417684E-03	0
0	0	-222	0	6.38597724339951E-03	0
0	0	-221	0	6.34555374201321E-03	0
0	0	-220	0	6.30031734732321E-03	0
0	0	-219	0	6.24998992320351E-03	0
0	0	-218	0	6.19428120374932E-03	0
0	0	-217	-4.06033232904044E-19	6.13288092660148E-03	0
0	0	-216	0	6.06546719235426E-03	0
0	0	-215	0	5.99170616528668E-03	0
0	0	-214	5.38064093757785E-22	5.91122987611354E-03	-2.09321698431679E-18
0	0	-213	0	5.82366235053324E-03	0
0	0	-212	0	5.72859328513811E-03	0
0	0	-211	0	5.62560604211742E-03	0
0	0	-210	0	5.51425596552866E-03	0
0	0	-209	0	5.39407505313116E-03	0
0	0	-208	0	5.26454392823862E-03	0
0	0	-207	0	5.12515648482493E-03	0
0	0	-206	0	4.9753523870843E-03	0
0	0	-205	0	4.81453830473015E-03	0
0	0	-204	0	4.64208937261082E-03	0
0	0	-203	0	4.45738429342024E-03	0
0	0	-202	1.3060584437694E-22	4.25969966781741E-03	-1.12227760379026E-18
0	0	-201	2.25997078534825E-19	4.04831630573635E-03	0
0	0	-200	0	3.82245713141788E-03	0
0	0	-199	0	3.58131301301695E-03	0
0	0	-198	0	3.32401197754956E-03	0
0	0	-197	0	3.04965675169753E-03	0
0	0	-196	0	2.7572728420375E-03	0
0	0	-195	0	2.44586267718612E-03	0
0	0	-194	0	2.11430044930764E-03	0
0	0	-193	0	1.76150009991793E-03	0
0	0	-192	0	1.38626606755732E-03	0
0	0	-191	0	9.87227540299995E-04	0
0	0	-190	0	5.63180860403141E-04	0
0	0	-189	5.22234151440502E-21	1.1259445942013E-04	-5.80053791814956E-18
0	0	-188	0	-3.65985748987741E-04	0
0	0	-187	0	-8.74198613237544E-04	0
0	0	-186	0	-1.41368179330625E-03	0
0	0	-185	0	-1.9862268010088E-03	0
0	0	-184	7.49138109714986E-20	-2.59375016116196E-03	0
0	0	-183	0	-3.23821516306763E-03	0
0	0	-182	-5.78977844738715E-22	-3.92175492728832E-03	2.66781269251376E-19
0	0	-181	0	-4.64659357342361E-03	0
0	0	-180	0	-5.41509754386503E-03	0
0	0	-179	0	-6.22977743708049E-03	0
0	0	-178	5.18141043056368E-22	-7.09326455955544E-03	-1.01555961608573E-17
0	0	-177	0	-8.00835531264401E-03	0
0	0	-176	0	-8.97801740837657E-03	0
0	0	-175	0	-1.00054249045281E-02	0
0	0	-174	0	-1.10938228657493E-02	0
0	0	-173	0	-1.22467764032258E-02	0
0	0	-172	0	-1.34679273646244E-02	0
0	0	-171	0	-1.47613429496183E-02	0
0	0	-170	0	-1.61309829929461E-02	0
0	0	-169	0	-1.75813327878442E-02	0
0	0	-168	0	-1.91171934348998E-02	0
0	0	-167	0	-2.07431752945841E-02	0
0	0	-166	-7.63269994346654E-22	-2.24646277678863E-02	2.41100800638321E-18
0	0	-165	4.32530771631159E-21	-2.42869952593337E-02	-3.66390168962317E-17
0	0	-164	0	-2.62160642445513E-02	0
0	0	-163	0	-2.82580231224732E-02	0
0	0	-162	0	-0.030419229055924	0
0	0	-161	0	-3.27065827067623E-02	0
0	0	-160	0	-3.51270648654815E-02	0
0	0	-159	1.30677958016546E-21	-3.76886555089049E-02	-9.5430945032361E-18
0	0	-158	0	-4.03991464823169E-02	0
0	0	-157	0	-4.32670278103077E-02	0
0	0	-156	0	-4.63013955150125E-02	0
0	0	-155	0	-4.95112265026853E-02	0
0	0	-154	0	-5.29068952284612E-02	0
0	0	-153	0	-5.64986626446339E-02	0
0	0	-152	1.2671829255389E-20	-6.02976847931399E-02	-9.33816696078964E-17
0	0	-151	0	-6.43155080427225E-02	0
0	0	-150	-4.30626689053042E-21	-6.85644843596635E-02	-3.01837683993197E-18
0	0	-149	0	-7.30574768359765E-02	0
0	0	-148	0	-0.077808036841566	0
0	0	-147	0	-8.28305371173138E-02	0
0	0	-146	0	-8.81404184244452E-02	0
0	0	-145	0	-0.093753519930011	0
0	0	-144	0	-9.96864139087359E-02	0
0	0	-143	0	-0.105956821571869	0
0	0	-142	0	-0.112584327363561	0
0	0	-141	0	-0.119588621839591	0
0	0	-140	4.01006651771227E-21	-0.12699069789785	-1.84880296880219E-17
0	0	-139	0	-0.134812713062349	0
0	0	-138	0	-0.143079486978169	0
0	0	-137	0	-0.151816497653323	0
0	0	-136	0	-0.16104967124134	0
0	0	-135	-6.20805395557049E-18	-0.170809597742576	0
0	0	-134	0	-0.181127105372149	0
0	0	-133	-3.34036270478841E-18	-0.192036320139739	1.35890553664639E-17
0	0	-132	0	-0.203574033894817	0
0	0	-131	0	-0.215780092732256	0
0	0	-130	0	-0.2286982165865	0
0	0	-129	-1.06493626240447E-21	-0.24237627780674	-1.4911643372907E-17
0	0	-128	0	-0.25686625298016	0
0	0	-127	0	-0.272226596559478	0
0	0	-126	0	-0.288522005514533	6.70594864234375E-18
0	0	-125	0	-0.305822993835974	0
0	0	-124	0	-0.324208508624599	0
0	0	-123	0	-0.343768853831493	0
0	0	-122	0	-0.364601336926462	0
0	0	-121	0	-0.386814896832138	0
0	0	-120	0	-0.410532607738384	0
0	0	-119	0	-0.435894041661913	0
0	0	-118	0	-0.463041941261011	0
0	0	-117	-2.15276462251486E-20	-0.49213684555579	5.32242545961695E-17
0	0	-116	-1.04217357125209E-20	-0.523349934766118	0
0	0	-115	0	-0.556856763782655	0
0	0	-114	0	-0.592835352755283	0
0	0	-113	0	-0.631445072521521	0
0	0	-112	0	-0.672818771572401	0
0	0	-111	0	-0.717032937646054	0
0	0	-110	-6.51661703225635E-17	-0.764049899657545	0
0	0	-109	3.24312128866523E-20	-0.81367527790464	-7.78243897304335E-17
0	0	-108	0	-0.865495097051106	0
0	0	-107	0	-0.91894979190533	0
0	0	-106	0	-0.97339757231647	0
0	0	-105	0	-1.02782557942923	0
0	0	-104	0	-1.08083784932602	0
0	0	-103	-6.0160120002238E-17	-1.13113405640048	-3.36047825058366E-16
0	0	-102	0	-1.17770941177954	0
0	0	-101	-4.88393726571948E-17	-1.21979673770421	4.97328220631718E-17
0	0	-100	0	-1.25697363738056	0
0	0	-99	0	-1.28908089239812	0
0	0	-98	0	-1.31624183421597	0
0	0	-97	0	-1.33883423645241	0
0	0	-96	0	-1.3573998560902	0
0	0	-95	0	-1.37245787434831	0
0	0	-94	0	-1.38456606412233	0
0	0	-93	0	-1.39425213619471	0
0	0	-92	0	-1.40197315971465	0
0	0	-91	-1.62619869682912E-20	-1.40813370631072	0
0	0	-90	0	-1.41305514405129	0
0	0	-89	0	-1.41699725100236	0
0	0	-88	0	-1.42016044541395	0
0	0	-87	0	-1.42269826799638	0
0	0	-86	0	-1.42473989011248	0
0	0	-85	0	-1.4263799168235	0
0	0	-84	8.41902662856818E-21	-1.42769001243464	-1.49173223393436E-18
0	0	-83	0	-1.42872504295251	0
0	0	-82	0	-1.42952707218247	0
0	0	-81	0	-1.4301271724847	0
0	0	-80	4.02104049075352E-20	-1.43054667761535	1.05638883690972E-16
0	0	-79	0	-1.43080070737642	0
0	0	-78	0	-1.43089844065191	0
0	0	-77	0	-1.43084357983018	0
0	0	-76	0	-1.43063445285256	0
0	0	-75	0	-1.43026378321406	0
0	0	-74	0	-1.42971914911958	0
0	0	-73	0	-1.42898101728566	0
0	0	-72	0	-1.42802331522898	0
0	0	-71	0	-1.42680914453242	0
0	0	-70	0	-1.42528769039942	0
0	0	-69	0	-1.42339612666423	0
0	0	-68	-8.32118386807233E-17	-1.42104905522849	-1.66493533005924E-16
0	0	-67	4.77314390733724E-20	-1.41813810264691	1.44607915883345E-16
0	0	-66	0	-1.41452363432071	0
0	0	-65	0	-1.41002059630753	0
0	0	-64	0	-1.40439684624016	0
0	0	-63	0	-1.39736176655461	0
0	0	-62	0	-1.38856059571569	0
0	0	-61	1.56409825108961E-19	-1.37755226471191	2.01437785226559E-16
0	0	-60	0	-1.36384977318335	0
0	0	-59	0	-1.34688488722195	0
0	0	-58	0	-1.32605834948933	0
0	0	-57	0	-1.30081072607117	0
0	0	-56	0	-1.27061189584363	0
0	0	-55	7.60776119377342E-17	-1.23513561173817	-5.80415276530422E-17
0	0	-54	6.44109379092249E-17	-1.19427991032844	-1.30513501205615E-16
0	0	-53	0	-1.14829098667535	0
0	0	-52	-4.59144113387243E-17	-1.097824891374	7.58558616577092E-18
0	0	-51	0	-1.04388316025805	0
0	0	-50	0	-0.987671539329261	0
0	0	-49	0	-0.93025199896042	0
0	0	-48	0	-0.872619806787241	0
0	0	-47	0	-0.815704238526107	0
0	0	-46	0	-0.760165247970822	0
0	0	-45	0	-0.706417861426463	0
0	0	-44	0	-0.654626007800207	0
0	0	-43	0	-0.604756601325427	0
0	0	-42	-2.06224068767532E-17	-0.556634705945262	9.9398994829574E-17
0	0	-41	0	-0.509971707195087	0
0	0	-40	0	-0.464381306324558	0
0	0	-39	0	-0.4193700792034	0
0	0	-38	0	-0.374413546421227	0
0	0	-37	0	-0.328852569423834	0
0	0	-36	0	-0.281852369464899	0
0	0	-35	0	-0.232401520316968	0
0	0	-34	0	-0.179209361647692	0
0	0	-33	0	-0.120527710176193	0
0	0	-32	0	-5.39360873094055E-02	0
0	0	-31	1.12653815996422E-20	2.37263412318429E-02	0
0	0	-30	0	0.116712627515052	0
0	0	-29	0	0.229999634009453	0
0	0	-28	-1.35771564824198E-19	0.367049357169746	1.45326968126121E-16
0	0	-27	0	0.528456088154311	0
0	0	-26	0	0.711410393070323	0
0	0	-25	0	0.911493814106779	0
0	0	-24	0	1.12414583804041	0
0	0	-23	0	1.34596907893229	0
0	0	-22	0	1.57438426814014	0
0	0	-21	0	1.80757228717761	0
0	0	-20	0	2.04436382352321	0
0	0	-19	-7.68578259730052E-17	2.2837761051215	1.40957876598666E-16
0	0	-18	0	2.52511596750859	0
0	0	-17	0	2.76784420734311	0
0	0	-16	0	3.01155120069753	0
0	0	-15	0	3.25595596583805	0
0	0	-14	0	3.50085103189387	0
0	0	-13	0	3.7461352642095	0
0	0	-12	0	3.99184610832569	0
0	0	-11	-9.84923177719183E-21	4.23835556844946	-1.08838644034724E-16
0	0	-10	0	4.48699689496924	0
0	0	-9	0	4.7412140380029	0
0	0	-8	7.5733637954628E-20	5.00608092401594	1.24529088232255E-16
0	0	-7	0	5.2848630070815	0
0	0	-6	4.37968569802934E-20	5.56488517143375	4.01070347481247E-16
0	0	-5	0	5.81722806774262	0
0	0	-4	0	6.01696564163116	0
0	0	-3	-2.10310168018175E-20	6.15935432455591	-2.12319513437851E-16
0	0	-2	0	6.25191675323835	0
0	0	-1	0	6.30356512107675	0
0	0	0	0	6.3201672935985	0
0	0	1	0	6.30364353360328	0
0	0	2	0	6.25195256068837	0
0	0	3	0	6.15942859070224	0
0	0	4	0	6.01715224867499	0
0	0	5	0	5.81746076427823	0
0	0	6	0	5.56567727563408	0
0	0	7	2.04896124480399E-16	5.28501981908637	0
0	0	8	0	5.00530519179316	0
0	0	9	0	4.74066581098449	0
0	0	10	0	4.48697761619238	0
0	0	11	0	4.23877051763151	0
0	0	12	0	3.99245037566635	0
0	0	13	0	3.7468257971359	0
0	0	14	0	3.50159025126023	0
0	0	15	0	3.25672618204719	0
0	0	16	0	3.0123505522745	0
0	0	17	0	2.76866418614754	0
0	0	18	-5.5013671421914E-20	2.52595065227527	-2.10044386349464E-16
0	0	19	0	2.2845973470146	0
0	0	20	-1.39319889707381E-19	2.04517180906948	-5.99066626983771E-16
0	0	21	1.7234471818143E-16	1.80833404600124	-3.07477758838843E-16
0	0	22	0	1.57502411465205	0
0	0	23	0	1.34654101228743	0
0	0	24	0	1.12465889914344	0
0	0	25	0	0.912008942145331	0
0	0	26	0	0.712236182828633	0
0	0	27	0	0.529341503070934	0
0	0	28	0	0.368080641933871	0
0	0	29	0	0.230847632745365	0
0	0	30	0	0.117324668229068	0
0	0	31	0	2.39916975882942E-02	0
0	0	32	0	-5.38354013474343E-02	0
0	0	33	0	-0.120457395469402	0
0	0	34	0	-0.179096933930145	0
0	0	35	0	-0.23228466444527	0
0	0	36	0	-0.281714579692766	0
0	0	37	0	-0.328715589891742	-2.35381150010004E-17
0	0	38	0	-0.374279492143454	1.58909232478329E-17
0	0	39	0	-0.419226145835929	0
0	0	40	0	-0.464217714976436	0
0	0	41	2.17453158250254E-17	-0.509825802738374	-4.33792408698044E-17
0	0	42	0	-0.556484071173098	0
0	0	43	3.39487130982687E-17	-0.604605442016469	-9.65132912182434E-17
0	0	44	0	-0.654475184209038	0
0	0	45	0	-0.706269459369177	-2.50575138542273E-17
0	0	46	2.16091345707399E-20	-0.760023711136136	-9.87337666482408E-17
0	0	47	0	-0.81558006037016	0
0	0	48	0	-0.872555656450489	0
0	0	49	0	-0.930255075539705	0
0	0	50	0	-0.987698473075977	0
0	0	51	0	-1.04382430474581	0
0	0	52	0	-1.09760570265754	0
0	0	53	0	-1.14802067543578	0
0	0	54	0	-1.19399824332662	0
0	0	55	0	-1.23483681218112	0
0	0	56	-4.96318102453071E-17	-1.27027647632112	-3.09438199801543E-16
0	0	57	0	-1.3004536914583	0
0	0	58	0	-1.32570769917258	0
0	0	59	0	-1.34655146031312	0
0	0	60	0	-1.36356879337986	0
0	0	61	0	-1.37729182302833	0
0	0	62	0	-1.38832148969296	0
0	0	63	0	-1.39715506550376	0
0	0	64	0	-1.40421187245654	0
0	0	65	0	-1.40985756664626	0
0	0	66	0	-1.41437829392734	0
0	0	67	8.55016545194233E-17	-1.41800815582641	-3.82919502431386E-19
0	0	68	0	-1.42092820573905	0
0	0	69	-6.49179823668098E-17	-1.42328445653201	-1.28898406789152E-17
0	0	70	0	-1.42518372216987	0
0	0	71	0	-1.42671144757957	0
0	0	72	0	-1.42793330353863	0
0	0	73	0	-1.42889765089018	0
0	0	74	0	-1.42964167503329	0
0	0	75	0	-1.43019047015347	0
0	0	76	0	-1.43056510608575	0
0	0	77	0	-1.4307797181583	0
0	0	78	0	-1.43084027071987	0
0	0	79	0	-1.43074853540295	0
0	0	80	0	-1.43050071517626	0
0	0	81	0	-1.43008742890915	0
0	0	82	0	-1.42949326990802	0
0	0	83	0	-1.42869662581934	0
0	0	84	0	-1.42766600137852	0
0	0	85	0	-1.42635935949779	0
0	0	86	-5.988302176812E-21	-1.42472154597154	6.26820071196182E-17
0	0	87	-3.5009448990199E-20	-1.42268018575357	5.91762689944696E-17
0	0	88	-3.10973811533781E-17	-1.42013726835552	0
0	0	89	0	-1.41696458544371	0
0	0	90	-1.47797807058786E-20	-1.4130050018439	-6.77468063913894E-17
0	0	91	0	-1.40805524729046	0
0	0	92	-7.82361325182817E-17	-1.40185034482008	0
0	0	93	0	-1.39407352132487	0
0	0	94	-1.62452505455362E-20	-1.38434080053589	2.40982971606621E-17
0	0	95	-8.13736556304433E-20	-1.37218805670731	-3.42192175720438E-17
0	0	96	0	-1.35709479709964	0
0	0	97	0	-1.33850712291896	0
0	0	98	0	-1.31586317944411	0
0	0	99	0	-1.28872193266052	0
0	0	100	0	-1.25679936736336	0
0	0	101	0	-1.21986390525968	0
0	0	102	0	-1.17788104984836	0
0	0	103	0	-1.13138534461167	0
0	0	104	6.34230096019012E-20	-1.08111893251501	5.50823760814507E-16
0	0	105	4.30428105612934E-17	-1.0280880567632	0
0	0	106	0	-0.973519382873292	0
0	0	107	0	-0.918954400541471	0
0	0	108	0	-0.865554467677735	0
0	0	109	0	-0.813779611619596	0
0	0	110	0	-0.764120057515192	0
0	0	111	0	-0.71706098579468	0
0	0	112	0	-0.67281652290737	0
0	0	113	0	-0.631420933371439	0
0	0	114	0	-0.592798085490638	0
0	0	115	0	-0.556813179955457	0
0	0	116	0	-0.523300768672059	0
0	0	117	2.62729346466185E-17	-0.492085323901116	-5.39280502920652E-17
0	0	118	-2.16021497121677E-17	-0.462989845790869	0
0	0	119	0	-0.435842803839883	0
0	0	120	0	-0.410483222802478	0
0	0	121	0	-0.386765731662103	0
0	0	122	0	-0.364555751252302	0
0	0	123	0	-0.343723659313765	0
0	0	124	0	-0.324167237841177	0
0	0	125	0	-0.305783280831527	0
0	0	126	0	-0.288482618560107	0
0	0	127	0	-0.272190394844862	0
0	0	128	0	-0.256831708727967	0
0	0	129	0	-0.242343247103508	0
0	0	130	0	-0.228666927423642	0
0	0	131	0	-0.215750156689541	0
0	0	132	0	-0.203545928016794	0
0	0	133	0	-0.192009105186151	0
0	0	134	0	-0.181100962493666	0
0	0	135	0	-0.170784141266818	0
0	0	136	1.00568012594438E-20	-0.161025331177158	6.27662124167038E-18
0	0	137	-7.32342649124736E-21	-0.151792721950126	7.6707055116583E-17
0	0	138	0	-0.143056878167286	0
0	0	139	6.30376719804184E-21	-0.134790604749336	0
0	0	140	0	-0.126969257159919	0
0	0	141	9.33614284604967E-21	-0.119567923024075	0
0	0	142	0	-0.112564304508915	0
0	0	143	0	-0.105937390905214	0
0	0	144	0	-9.96670872540083E-02	0
0	0	145	0	-9.37347348261531E-02	0
0	0	146	0	-8.81223285948174E-02	0
0	0	147	0	-8.28132513320615E-02	0
0	0	148	0	-7.77909630463276E-02	0
0	0	149	0	-0.07304087007776	0
0	0	150	0	-6.85485434877435E-02	0
0	0	151	0	-6.43001534267204E-02	0
0	0	152	0	-0.06028288270302	0
0	0	153	-1.80611463850304E-18	-5.64842419110268E-02	5.76617436650202E-19
0	0	154	-8.34316831247191E-22	-5.28928953791929E-02	8.12335913854168E-18
0	0	155	0	-4.94976868766623E-02	0
0	0	156	0	-4.62882441315922E-02	0
0	0	157	0	-4.32543984424759E-02	0
0	0	158	0	-4.03869031893438E-02	0
0	0	159	0	-3.76768377886062E-02	0
0	0	160	0	-3.51157140190389E-02	0
0	0	161	-1.04363396222069E-18	-3.26955475627082E-02	2.05948499099098E-18
0	0	162	0	-3.04086061300926E-02	0
0	0	163	0	-2.82477328801927E-02	0
0	0	164	0	-2.62061826641324E-02	0
0	0	165	0	-2.42774853302978E-02	0
0	0	166	1.33347773273711E-18	-2.24554696387322E-02	1.05937032671314E-17
0	0	167	-9.85504663522112E-19	-2.07343691234467E-02	1.9344145913547E-18
0	0	168	0	-1.91086968473498E-02	0
0	0	169	0	-1.75732503926325E-02	0
0	0	170	0	-1.61232318705105E-02	0
0	0	171	0	-1.47537848359706E-02	0
0	0	172	0	-1.34607030422483E-02	0
0	0	173	0	-1.22398280824698E-02	0
0	0	174	0	-1.10872010899097E-02	0
0	0	175	0	-9.99897942467443E-03	0
0	0	176	0	-8.9718640794358E-03	0
0	0	177	0	-8.00243227233012E-03	0
0	0	178	0	-7.08758551237217E-03	0
0	0	179	0	-6.22433020027869E-03	0
0	0	180	0	-5.40988020743265E-03	0
0	0	181	0	-4.6416213125065E-03	0
0	0	182	0	-3.91698387301612E-03	0
0	0	183	0	-3.2336374480154E-03	0
0	0	184	0	-2.58934826300247E-03	0
0	0	185	1.26748300301954E-19	-1.98202638197831E-03	-7.92176876887215E-20
0	0	186	-2.26224331855268E-20	-1.40966490745024E-03	1.38743311745593E-18
0	0	187	0	-8.70337522243006E-04	0
0	0	188	-2.62749586922155E-21	-3.62279651444658E-04	1.1531426454614E-17
0	0	189	0	1.16136941124318E-04	0
0	0	190	-3.02895185788001E-22	5.66565307546842E-04	3.30250612990978E-18
0	0	191	0	9.90501417876877E-04	0
0	0	192	0	1.38935388745176E-03	0
0	0	193	0	1.76450214917401E-03	0
0	0	194	0	2.11717153655008E-03	0
0	0	195	0	2.4485984439598E-03	0
0	0	196	0	2.75988927717444E-03	0
0	0	197	0	3.05217916189637E-03	0
0	0	198	0	3.32644480977387E-03	0
0	0	199	0	3.58362942316245E-03	0
0	0	200	0	3.82465492609062E-03	0
0	0	201	0	4.05041633763208E-03	0
0	0	202	1.36285079471138E-19	4.2617113240429E-03	0
0	0	203	1.62583791169446E-19	4.45931097476167E-03	0
0	0	204	0	4.64394448433725E-03	0
0	0	205	0	4.81628644659111E-03	0
0	0	206	0	4.97702777816541E-03	0
0	0	207	0	5.12677767895815E-03	0
0	0	208	0	5.26608128263575E-03	0
0	0	209	-2.92122517775582E-22	5.39553907884583E-03	2.56913903338562E-18
0	0	210	-1.33955566754359E-19	5.51566896238712E-03	0
0	0	211	0	5.62695443718166E-03	0
0	0	212	0	5.72988521634458E-03	0
0	0	213	0	5.82488702483105E-03	0
0	0	214	2.81115526759542E-24	5.91240542773205E-03	0
0	0	215	0	5.99282585925612E-03	0
0	0	216	2.58423153145225E-19	6.06654485697708E-03	-5.18587021963097E-19
0	0	217	0	6.13389722927232E-03	0
0	0	218	0	6.19525150773225E-03	0
0	0	219	0	6.25092127485953E-03	0
0	0	220	0	6.30120253016382E-03	0
0	0	221	0	6.34639424819923E-03	0
0	0	222	0	6.38677451509028E-03	0
0	0	223	0	6.42260540478603E-03	0
0	0	224	0	6.45413207818837E-03	0
0	0	225	0	6.4815927033376E-03	0
0	0	226	0	6.50521703892759E-03	0
0	0	227	0	6.5252004859193E-03	0
0	0	228	0	6.54174997493796E-03	0
0	0	229	-1.19382063405178E-23	6.55506148967947E-03	0
0	0	230	1.04851229667276E-19	6.56531088094511E-03	9.60019564886393E-20
0	0	231	2.10122815450392E-19	6.57266789409705E-03	5.03465760124209E-19
0	0	232	0	6.57730223035775E-03	0
0	0	233	-2.69700725909102E-19	6.57936675883418E-03	4.96811468828502E-21
0	0	234	0	6.57900503784704E-03	0
0	0	235	0	6.57635337741162E-03	0
0	0	236	0	6.5715521086532E-03	0
0	0	237	0	6.56472099436158E-03	0
0	0	238	0	6.55597977726565E-03	0
0	0	239	0	6.54544861643511E-03	0
0	0	240	0	6.53322200813106E-03	0
0	0	241	0	6.51940426227392E-03	0
0	0	242	0	6.50409673066934E-03	0
0	0	243	0	6.48738892810787E-03	0
0	0	244	0	6.46937050118071E-03	0
0	0	245	0	6.4501231052656E-03	0
0	0	246	-3.65330410032699E-19	6.42971433259507E-03	-7.30660820065397E-19
0	0	247	1.11783976314693E-19	6.40824032898148E-03	0
0	0	248	0	6.38574394874999E-03	0
0	0	249	0	6.36232067951474E-03	0
0	0	250	0	6.33802198902478E-03	0
0	0	251	-2.42078368640145E-24	6.31290695014487E-03	-4.02955032968911E-19
0	0	252	0	6.28703352421194E-03	0
0	0	253	0	6.26045518093705E-03	0
0	0	254	0	6.23323210194085E-03	0
0	0	255	0	6.20539464853927E-03	0
0	0	256	0	6.17701754148866E-03	0
0	0	257	0	6.1481074348286E-03	0
0	0	258	0	6.11873907534698E-03	0
0	0	259	0	6.08893415333626E-03	0
0	0	260	0	6.05876484200148E-03	0
0	0	261	0	6.0282106712698E-03	0
0	0	262	0	5.99741324206293E-03	0
0	0	263	0	5.96610062552127E-03	0
0	0	264	0	5.9346229922948E-03	0
0	0	265	0	5.90298034238352E-03	0
0	0	266	0	5.87117267578742E-03	0
0	0	267	0	5.8391999925065E-03	0
0	0	268	0	5.80706229254076E-03	0
0	0	269	0	5.77475957589021E-03	0
0	0	270	1.52604074223684E-21	5.7422877155671E-03	-8.27800840566074E-19
0	0	271	-1.22011229245719E-21	5.70970326520715E-03	-6.20255791670387E-19
0	0	272	3.20741325552231E-22	5.6770048757583E-03	0
0	0	273	0	5.64432534283296E-03	0
0	0	274	-2.26690136855114E-22	5.61166466643113E-03	-2.47673213093402E-19
0	0	275	-2.09357815218788E-22	5.57902284655281E-03	-3.71295267852727E-19
0	0	276	8.39257868318991E-23	0.005546399883198	0
0	0	277	-1.38658573090616E-23	5.51379577636671E-03	0
0	0	278	0	5.48121052605892E-03	0
0	0	279	2.08901163357827E-22	5.44864413227465E-03	-2.46958040468814E-19
0	0	280	5.92038846800836E-22	5.41609659501388E-03	-4.93630011887793E-19
0	0	281	0	5.3833083016029E-03	0
0	0	282	0	5.35096434334279E-03	0
0	0	283	2.01994880404362E-19	5.31871155731242E-03	0
0	0	284	2.01455381028792E-19	5.28647019033677E-03	0
0	0	285	1.99845589925425E-19	5.25436760301418E-03	0
0	0	286	1.98419740011938E-19	5.22240379534467E-03	0
0	0	287	1.97128632759638E-19	5.19057876732822E-03	0
0	0	288	1.95702005824745E-19	5.15889251896485E-03	0
0	0	289	1.94952279512415E-19	5.12734505025455E-03	-2.6151114664233E-19
0	0	290	1.93243996932521E-19	5.09593636119732E-03	0
0	0	291	1.92217514796642E-19	5.06466645179315E-03	0
0	0	292	1.89871324233034E-19	5.03353532204205E-03	0
0	0	293	1.83672456697559E-19	5.00258326974324E-03	-2.22014449642741E-18
0	0	294	0	4.97147712513202E-03	0
0	0	295	0	4.94082354705245E-03	0
0	0	296	-5.69239711030105E-19	4.91030244412102E-03	-1.0440480877419E-18
0	0	297	-5.6606194130133E-19	4.88000966976307E-03	-1.52862083067485E-18
0	0	298	-5.61217980408029E-19	4.84991395434022E-03	0
0	0	299	-5.56720919835906E-19	4.82001529785247E-03	0
0	0	300	-5.53758566460219E-19	4.79031370029984E-03	0
0	0	301	-5.50652325911326E-19	4.76080916168231E-03	0
0	0	302	-5.47436922892717E-19	4.73150168199989E-03	0
0	0	303	-5.4420266500356E-19	4.70239126125257E-03	-2.09823246158768E-19
0	0	304	-5.40914827540365E-19	4.67347789944036E-03	-7.29393185925398E-19
0	0	305	-5.37445852889415E-19	4.64476159656325E-03	0
0	0	306	-5.34192046702247E-19	4.61624235262126E-03	0
0	0	307	-1.55157361663003E-23	4.58792915117163E-03	0
0	0	308	-2.86154665178564E-22	4.55983265442409E-03	0
0	0	309	-5.57706284553552E-22	4.53194705328073E-03	0
0	0	310	0	4.50437941861347E-03	0
0	0	311	0	4.47688987351338E-03	0
0	0	312	0	4.4496137348847E-03	0
0	0	313	0	4.42255100272742E-03	0
0	0	314	0	4.39570167704154E-03	0
0	0	315	0	4.36906575782708E-03	0
0	0	316	0	4.34264324508402E-03	0
0	0	317	0	4.31643413881236E-03	0
0	0	318	0	4.29043843901211E-03	0
0	0	319	0	4.26465614568327E-03	0
0	0	320	0	4.23908725882584E-03	0
0	0	321	0	4.21373177843981E-03	0
0	0	322	0	4.18858970452518E-03	0
0	0	323	0	4.16366103708197E-03	0
0	0	324	0	4.13884921235539E-03	0
0	0	325	0	4.1144219661171E-03	0
0	0	326	0	4.09019318620435E-03	0
0	0	327	0	4.06616287261715E-03	0
0	0	328	0	4.0423310253555E-03	0
0	0	329	0	4.01869764441939E-03	0
0	0	330	0	3.99526272980883E-03	0
0	0	331	2.23893685173822E-22	3.97202803335795E-03	-3.30513332160267E-19
0	0	332	1.88182622340703E-22	3.94899459517823E-03	-3.30513332160267E-19
0	0	333	1.65641776282513E-22	3.92615905905203E-03	-3.30513332160267E-19
0	0	334	1.43100930224324E-22	3.90352142497935E-03	-3.30513332160267E-19
0	0	335	1.65770115728378E-22	3.88108169296018E-03	-3.30513332160267E-19
0	0	336	1.34776452398361E-22	3.85883986299453E-03	-3.30513332160267E-19
0	0	337	1.0378278906835E-22	3.8367959350824E-03	-3.30513332160267E-19
0	0	338	5.29375459914727E-23	3.81494990922378E-03	-3.30513332160267E-19
0	0	339	3.03966999332828E-23	3.79330178541868E-03	-3.30513332160267E-19
0	0	340	8.34684474228248E-24	3.77185156366709E-03	-3.30513332160267E-19
0	0	341	-1.46849921831691E-23	3.75059924396902E-03	-3.30513332160267E-19
0	0	342	-3.72258382413589E-23	3.72954482632447E-03	-3.30513332160267E-19
0	0	343	-5.97666842995503E-23	3.70868831073343E-03	-3.30513332160267E-19
0	0	344	-8.23075303577416E-23	3.68802969719591E-03	-3.30513332160267E-19
0	0	345	-1.44166517571961E-22	3.66756898571191E-03	-3.30513332160267E-19
0	0	346	-1.7516018090197E-22	3.64730617628142E-03	-3.30513332160267E-19
0	0	347	0	3.62722798106104E-03	0
0	0	348	0	3.60732424625515E-03	0
0	0	349	0	3.58759881674096E-03	0
0	0	350	0	3.56805169251847E-03	0
0	0	351	0	3.54868287358768E-03	0
0	0	352	0	3.5294923599486E-03	0
0	0	353	0	3.51048015160121E-03	0
0	0	354	0	3.49164624854553E-03	0
0	0	355	0	3.47299065078155E-03	0
0	0	356	0	3.45451335830927E-03	0
0	0	357	0	3.4362143711287E-03	0
0	0	358	0	3.41809368923982E-03	0
0	0	359	0	3.40015131264265E-03	0
0	0	360	0	3.38238724133717E-03	0
0	0	361	0	3.3648014753234E-03	0
0	0	362	0	3.34739401460133E-03	0
0	0	363	0	3.33016485917096E-03	0
0	0	364	0	3.3131140090323E-03	0
0	0	365	0	3.29624146418533E-03	0
0	0	366	0	3.27954722463007E-03	0
0	0	367	0	3.26303129036651E-03	0
0	0	368	0	3.24669366139464E-03	0
0	0	369	0	3.23053433771449E-03	0
0	0	370	0	3.21455331932603E-03	0
0	0	371	0	3.19862992977183E-03	0
0	0	372	0	3.1826484213572E-03	0
0	0	373	0	3.16682077587006E-03	0
0	0	374	0	3.15121618110852E-03	3.79702894507451E-19
0	0	375	0	3.13575577399827E-03	3.79702894507451E-19
0	0	376	0	3.12042759672613E-03	3.79702894507451E-19
0	0	377	0	3.10494469499084E-03	-3.54975946854506E-19
0	0	378	1.56407485921886E-22	3.08995797494833E-03	-5.66478521604763E-19
0	0	379	2.57350225877928E-22	3.07510498428587E-03	-7.21347985062497E-19
0	0	380	2.75414115877222E-22	3.06038572300346E-03	-7.68669217242701E-19
0	0	381	0	3.0458001911011E-03	-3.48214191547441E-19
0	0	382	4.7602651982133E-22	3.0313483885788E-03	-1.16884826775358E-18
0	0	383	0	3.01703031543654E-03	-3.44925046374777E-19
0	0	384	2.00612403944108E-22	3.00284597167433E-03	-7.46802180085832E-19
0	0	385	1.81911975960831E-22	2.98879535729217E-03	-7.41373642663643E-19
0	0	386	-1.63211547977551E-22	2.97487847229006E-03	-3.16965300204958E-19
0	0	387	2.89022239988548E-22	0.002961095316668	-1.12259464712821E-18
0	0	388	0	2.94744589042599E-03	-3.3696973651232E-19
0	0	389	0	2.93393019356404E-03	-3.35424540780264E-19
0	0	390	8.84098360444383E-23	2.92054822608213E-03	-7.14460286754874E-19
0	0	391	6.09957320535257E-23	2.90729998798027E-03	-6.62030548531433E-19
0	0	392	-5.10089800778929E-23	2.89418547925846E-03	-3.16965300204958E-19
0	0	393	6.46171041892298E-23	2.88120469991671E-03	-1.06759483102255E-18
0	0	394	0	0.002868357649955	-3.27927893322153E-19
0	0	395	0	2.85564432937334E-03	-3.26474430070966E-19
0	0	396	-2.37927318552194E-23	2.84306473817173E-03	-6.82668788309132E-19
0	0	397	4.2493159838498E-23	2.83061887635018E-03	-3.16965300204958E-19
0	0	398	-5.3544389344044E-23	2.81830674390867E-03	-6.28445412217947E-19
0	0	399	0	2.80612834084721E-03	-3.20813464534331E-19
0	0	400	0	2.79408366716581E-03	-3.19436445017201E-19
0	0	401	3.26639486432066E-19	2.78278875379318E-03	0
0	0	402	3.25397298485421E-19	2.77097564508182E-03	0
0	0	403	3.23961402803147E-19	2.75926344887347E-03	0
0	0	404	3.22779395817107E-19	2.7476521651681E-03	0
0	0	405	3.2148041364574E-19	2.73614179396573E-03	0
0	0	406	3.19918110976387E-19	2.72473233526635E-03	0
0	0	407	3.19007812959039E-19	2.71342378906997E-03	0
0	0	408	3.17459282742054E-19	2.70221615537658E-03	0
0	0	409	3.16177737461401E-19	2.69110943418618E-03	0
0	0	410	3.14908037135959E-19	2.68010362549878E-03	0
0	0	411	3.13822041076498E-19	2.66919872931436E-03	0
0	0	412	3.12221239709888E-19	2.65839474563295E-03	0
0	0	413	3.11325209067604E-19	2.64769167445452E-03	0
0	0	414	3.09742609085382E-19	2.63708951577909E-03	0
0	0	415	3.08737209836926E-19	2.62658826960666E-03	0
0	0	416	3.07096901573318E-19	2.61619069650495E-03	-3.75917963629084E-19
0	0	417	3.05880714873954E-19	2.60589567988406E-03	-3.23552208458681E-20
0	0	418	3.04682374751404E-19	2.59569971435919E-03	-3.02820640870398E-20
0	0	419	3.03492713964641E-19	2.58560279993033E-03	3.25544793502135E-19
0	0	420	3.02320580861679E-19	2.57560493659748E-03	-3.54522309289694E-19
0	0	421	3.01158659511765E-19	2.56570612436065E-03	3.01158659511765E-19
0	0	422	3.00008378542061E-19	2.55590636321983E-03	3.00008378542061E-19
0	0	423	0	2.54620662834816E-03	0
0	0	424	0	2.53661736588653E-03	0
0	0	425	0	2.52711525178955E-03	0
0	0	426	0	2.51770028605721E-03	0
0	0	427	0	2.50837246868951E-03	0
0	0	428	0	2.49913179968646E-03	0
0	0	429	0	2.48997827904805E-03	0
0	0	430	0	2.48091190677428E-03	0
0	0	431	0	2.47193268286516E-03	0
0	0	432	0	2.46304060732069E-03	0
0	0	433	0	2.45423568014085E-03	0
0	0	434	0	2.44551790132566E-03	0
0	0	435	0	2.43688727087512E-03	0
0	0	436	0	2.42834378878921E-03	0
0	0	437	0	2.41988745506796E-03	0
0	0	438	0	2.41151826971134E-03	0
0	0	439	0	2.40323623271937E-03	0
0	0	440	0	2.39504134409204E-03	0
0	0	441	0	2.38693360382936E-03	0
0	0	442	0	2.37891301193132E-03	0
0	0	443	0	2.37097956839792E-03	0
0	0	444	0	2.36313327322917E-03	0
0	0	445	0	2.35537412642506E-03	0
0	0	446	0	2.3477021279856E-03	0
0	0	447	0	2.34011727791078E-03	0
0	0	448	6.86491787988062E-20	2.33310522456791E-03	-1.21318126879479E-18
0	0	449	6.90190288224616E-20	2.32561262386347E-03	-7.26337881925028E-19
0	0	450	6.86712895565517E-20	2.31819406780719E-03	-9.68051940958024E-19
0	0	451	6.8746942105527E-20	2.31084955639909E-03	-7.1191071606975E-19
0	0	452	6.86142280930264E-20	2.30357908963916E-03	-7.04697133142112E-19
0	0	453	6.83752158143032E-20	2.29638266752739E-03	-9.12093873357387E-19
0	0	454	6.817029601966E-20	2.2892602900638E-03	-1.16814917540849E-18
0	0	455	0	2.2818719078216E-03	0
0	0	456	0	2.27502897858375E-03	0
0	0	457	0	2.26824530543214E-03	0
0	0	458	0	2.26152088836676E-03	0
0	0	459	0	2.25485572738763E-03	0
0	0	460	0	2.24824982249473E-03	0
0	0	461	0	2.24170317368807E-03	0
0	0	462	0	2.23521578096765E-03	0
0	0	463	0	2.22878764433346E-03	0
0	0	464	0	2.22241876378552E-03	0
0	0	465	0	2.21610913932381E-03	0
0	0	466	0	2.20985877094834E-03	0
0	0	467	0	2.2036676586591E-03	0
0	0	468	0	2.19753580245611E-03	0
0	0	469	0	2.19146320233935E-03	0
0	0	470	0	2.18544985830883E-03	0
0	0	471	0	2.17949577036455E-03	0
0	0	472	0	2.17360093850651E-03	0
0	0	473	0	2.1677653627347E-03	0
0	0	474	0	2.16198904304913E-03	0
0	0	475	0	2.1562719794498E-03	0
0	0	476	0	2.15061417193671E-03	0
0	0	477	0	2.14501562050986E-03	0
0	0	478	0	2.13947632516924E-03	0
0	0	479	0	2.13399628591486E-03	0
0	0	480	0	2.12857550274672E-03	0
0	0	481	0	2.12321397566482E-03	0
0	0	482	0	2.11791170466915E-03	0
0	0	483	0	2.11266868975973E-03	0
0	0	484	0	2.10748493093654E-03	0
0	0	485	0	2.10236042819958E-03	0
0	0	486	0	2.09729518154887E-03	0
0	0	487	0	2.09228919098439E-03	0
0	0	488	0	2.08734245650616E-03	0
0	0	489	0	2.08245497811416E-03	0
0	0	490	0	2.07762675580839E-03	0
0	0	491	0	2.07285778958887E-03	0
0	0	492	0	2.06814807945558E-03	0
0	0	493	0	2.06349762540853E-03	0
0	0	494	0	2.05890642744772E-03	0
0	0	495	0	2.05437448557315E-03	0
0	0	496	0	2.04990179978481E-03	0
0	0	497	0	2.04548837008271E-03	0
0	0	498	0	2.04113419646685E-03	0
0	0	499	0	2.03683927893723E-03	0
0	0	500	0	2.03260361749385E-03	0
0	0	501	0	2.0284272121367E-03	0
0	0	502	0	2.02431006286579E-03	0
0	0	503	0	2.02025216968112E-03	0
0	0	504	0	2.01625353258269E-03	0
0	0	505	0	2.01234449996143E-03	0
0	0	506	0	2.00835810503118E-03	0
0	0	507	0	2.00442703337214E-03	0
0	0	508	0	2.00053460571476E-03	-1.12229535893505E-19
0	0	509	-5.44263935929275E-23	1.99668257873935E-03	-1.12229535893505E-19
0	0	510	-1.63820438983071E-22	1.99287704118893E-03	-1.12229535893505E-19
0	0	511	0	1.98895599215902E-03	0
0	0	512	0	1.98537404616966E-03	0
0	0	513	0	1.9818339513292E-03	0
0	0	514	0	1.97833570763763E-03	0
0	0	515	0	1.97487931509495E-03	0
0	0	516	0	1.97146477370117E-03	0
0	0	517	0	1.96809208345627E-03	0
0	0	518	0	1.96476124436026E-03	0
0	0	519	0	1.96147225641315E-03	0
0	0	520	0	1.95822511961492E-03	0
0	0	521	0	1.95501983396559E-03	0
0	0	522	0	1.95185639946515E-03	0
0	0	523	0	1.9487348161136E-03	0
0	0	524	0	1.94565508391094E-03	0
0	0	525	0	1.94261720285717E-03	0
0	0	526	0	1.9396211729523E-03	0
0	0	527	0	1.93666699419631E-03	0
0	0	528	0	1.93375466658921E-03	0
0	0	529	0	1.93088419013101E-03	0
0	0	530	0	1.9280555648217E-03	0
0	0	531	0	1.92526879066128E-03	0
0	0	532	0	1.92252386764974E-03	0
0	0	533	0	1.91982079578711E-03	0
0	0	534	0	1.91715957507336E-03	0
0	0	535	0	1.9145402055085E-03	0
0	0	536	0	1.91196268709253E-03	0
0	0	537	0	1.90942701982546E-03	0
0	0	538	0	1.90693320370727E-03	0
0	0	539	0	1.90448123873798E-03	0
0	0	540	0	1.90207112491758E-03	0
0	0	541	0	1.89970286224607E-03	0
0	0	542	0	1.89737645072345E-03	0
0	0	543	0	1.89509189034972E-03	0
0	0	544	0	1.89284918112488E-03	0
0	0	545	0	1.89064832304894E-03	0
0	0	546	0	1.88848931612188E-03	0
0	0	547	0	1.88637216034372E-03	0
0	0	548	0	1.88429685571444E-03	0
0	0	549	0	1.88226340223406E-03	0
0	0	550	0	1.88027179990257E-03	0
0	0	551	0	1.87832204871997E-03	0
0	0	552	0	1.87641414868626E-03	0
0	0	553	0	1.87454809980144E-03	0
0	0	554	0	1.87272390206552E-03	0
0	0	555	0	1.87094155547848E-03	0
0	0	556	0	1.86920106004034E-03	0
0	0	557	0	1.86750241575108E-03	0
0	0	558	0	1.86584562261072E-03	0
0	0	559	0	1.86423068061925E-03	0
0	0	560	0	1.86265758977667E-03	0
0	0	561	0	1.86112635008298E-03	0
0	0	562	0	1.85963696153818E-03	0
0	0	563	0	1.85818942414228E-03	0
0	0	564	0	1.85678373789526E-03	0
0	0	565	0	1.85541990279714E-03	0
0	0	566	0	1.8540979188479E-03	0
0	0	567	0	1.85281778604756E-03	0
0	0	568	0	1.85157950439611E-03	0
0	0	569	0	1.85038307389355E-03	0
0	0	570	0	1.84922849453988E-03	0
0	0	571	0	1.8481157663351E-03	0
0	0	572	0	1.84704488927921E-03	0
0	0	573	0	1.84601586337222E-03	0
0	0	574	0	1.84502868861411E-03	0
0	0	575	0	1.8440833650049E-03	0
0	0	576	-1.52300581913076E-22	1.84317564722849E-03	-2.82396902082589E-20
0	0	577	-4.18991889777551E-22	1.84227840307266E-03	-7.7242453312333E-20
0	0	578	-2.0141962990176E-22	1.84142027377486E-03	-3.69000387291057E-20
0	0	579	3.86686629829467E-23	1.8406012593351E-03	0
0	0	580	-1.48213599942155E-22	1.83982135975337E-03	-2.67661302999874E-20
0	0	581	3.54381369881353E-23	1.83908057502969E-03	0
0	0	582	-8.45571849768166E-23	1.83837890516405E-03	-1.50076435104314E-20
0	0	583	-2.25453276953228E-22	1.83771635015644E-03	-3.96117387313228E-20
0	0	584	-4.58885219938719E-23	1.83709291000688E-03	-7.97187335002234E-21
0	0	585	-1.73862509991038E-22	1.83650858471535E-03	-2.98220678876166E-20
0	0	586	-2.73618220010974E-22	1.83596337428186E-03	-4.62610706252395E-20
0	0	587	-1.15859515516625E-22	1.83545727870641E-03	-1.9268412647003E-20
0	0	588	2.41312960062894E-23	0.001834990297989	0
0	0	589	-7.88061155310834E-23	1.83456243212963E-03	-1.25768800720063E-20
0	0	590	4.18015400229553E-23	1.83417368112829E-03	0
0	0	591	-4.82137675351723E-23	0.001833824044985	-7.26229783865798E-21
0	0	592	-1.23691708116624E-22	1.83351352369974E-03	-1.79247708503574E-20
0	0	593	-1.6054981019257E-23	1.83324211727253E-03	-2.21644396463888E-21
0	0	594	-8.66383081310917E-23	1.83300982570335E-03	-1.12332382753605E-20
0	0	595	-1.21832322732181E-22	1.83281664899221E-03	-1.45157035412388E-20
0	0	596	-5.60459601351846E-23	1.83266258713911E-03	-5.91865604201215E-21
0	0	597	-9.59392902962858E-23	1.83254764014405E-03	-8.39493622990299E-21
0	0	598	-3.19146641288947E-23	1.83247180800702E-03	-1.98102415031261E-21
0	0	599	6.36340303482019E-24	1.83243509072804E-03	0
0	0	600	1.03337685920074E-18	1.83258072555923E-03	1.08169888418892E-07
