fieldmap_name:     	SWLS Sirius
timestamp:         	2022-08-04_08-21-49
filename:          	2022-08-04_SWLS_Sirius_Model8.0_d=9mm_Z=-600_600mm.txt
MagNet_file:       	SWLS_Sirius_Model8.0_d=9mm.mn
nr_magnets:        	1

magnet_name:       	SWLS
gap[mm]:           	
control_gap[mm]:   	--
magnet_length[mm]: 	
current_main[A]:   	--
NI_main[A.esp]:    	--
center_pos_z[mm]:  	0
center_pos_x[mm]:  	0
rotation[deg]:     	0

X[mm]	Y[mm]	Z[mm]	Bx	By	Bz [T]
------------------------------------------------------------------------------------------------------------------------------------------------------------------
0	0	-600	3.11543077314821E-19	-1.3107060407694E-03	1.70866134957114E-08
0	0	-599	-2.0941592371225E-23	-1.31065628008501E-03	5.16619700278253E-20
0	0	-598	0	-1.31065821501009E-03	5.1894197871176E-20
0	0	-597	0	-1.31068747295979E-03	5.18953563103586E-20
0	0	-596	0	-1.31074405393413E-03	5.18975965773054E-20
0	0	-595	0	-1.31082795793309E-03	5.19009186720166E-20
0	0	-594	1.47133053293541E-23	-1.31093918495668E-03	4.94329044156805E-20
0	0	-593	1.68345599012258E-23	-1.31107773500489E-03	4.81441432685313E-20
0	0	-592	0	-1.31124360807774E-03	5.19173759227359E-20
0	0	-591	0	-1.31143680417521E-03	5.19250253285043E-20
0	0	-590	9.73067569585696E-24	-1.31165732329731E-03	4.72976828546301E-20
0	0	-589	1.06062728593541E-23	-1.31190516544405E-03	4.54723351363893E-20
0	0	-588	7.23936087910968E-24	-1.3121803306154E-03	4.62365630406907E-20
0	0	-587	1.4984258676837E-23	-1.31248281881139E-03	3.63194028445874E-20
0	0	-586	0	-1.31281263003201E-03	5.19794997738106E-20
0	0	-585	-3.50238865398521E-24	-1.31316976427725E-03	5.60520953301078E-20
0	0	-584	-2.25673124561129E-24	-1.31355422154712E-03	5.60520953301078E-20
0	0	-583	0	-1.31396600184163E-03	5.2025166374166E-20
0	0	-582	0	-1.31440510516075E-03	5.2042552229813E-20
0	0	-581	0	-1.31487153150451E-03	5.20610199132244E-20
0	0	-580	0	-1.3153652808729E-03	5.20805694244E-20
0	0	-579	-4.96444474532423E-24	-1.31588635326591E-03	3.88685427495351E-20
0	0	-578	0	-1.31643474868355E-03	5.21229139300442E-20
0	0	-577	0	-1.31701046712583E-03	5.21457089245127E-20
0	0	-576	0	-1.31761350859273E-03	5.21695857467455E-20
0	0	-575	-8.95418542975581E-24	-1.31824387308425E-03	3.94447624571036E-20
0	0	-574	0	-1.31890156060041E-03	5.22205848745041E-20
0	0	-573	0	-1.31958657114119E-03	5.22477071800298E-20
0	0	-572	-1.58639470685995E-23	-1.32029890470661E-03	3.4310256830713E-20
0	0	-571	-1.39368150632533E-23	-1.32103856129665E-03	3.73917598061398E-20
0	0	-570	-1.89780905895338E-23	-1.32180554091132E-03	3.30176258752139E-20
0	0	-569	-2.05351623500005E-23	-1.32259984355061E-03	3.23729331391108E-20
0	0	-568	0	-1.32342146921454E-03	5.23995461241229E-20
0	0	-567	1.89194446967515E-23	-1.32427041790309E-03	5.60520953301078E-20
0	0	-566	2.01651021051252E-23	-1.32514668961628E-03	5.60520953301078E-20
0	0	-565	2.14107595134989E-23	-1.32605028435409E-03	5.60520953301078E-20
0	0	-564	0	-1.32698120211653E-03	5.25404901791547E-20
0	0	-563	0	-1.3279394429036E-03	5.25784307623234E-20
0	0	-562	0	-1.32892500671529E-03	5.26174531732564E-20
0	0	-561	-3.29917364337448E-23	-1.32993789355162E-03	2.72543370498006E-20
0	0	-560	0	-1.33097810341257E-03	5.26987434784153E-20
0	0	-559	0	-1.33204563629815E-03	5.27410113726412E-20
0	0	-558	0	-1.33314049220836E-03	5.27843610946314E-20
0	0	-557	-3.13760187804933E-23	-1.3342626711432E-03	3.03425608260681E-20
0	0	-556	-3.2621676188867E-23	-1.33541217310266E-03	2.98471603214381E-20
0	0	-555	-3.38673335972404E-23	-1.33658899808676E-03	2.93528416445724E-20
0	0	-554	-4.38912387570175E-23	-1.33779314609548E-03	2.28323614292799E-20
0	0	-553	3.63586484139917E-23	-1.33902461712883E-03	5.60520953301078E-20
0	0	-552	3.76043058223651E-23	-1.34028341118681E-03	5.60520953301078E-20
0	0	-551	3.88499632307387E-23	-1.34156952826942E-03	5.60520953301078E-20
0	0	-550	4.00956206391122E-23	-1.34288296837666E-03	5.60520953301078E-20
0	0	-549	0	-1.34422373150852E-03	5.32231908419365E-20
0	0	-548	0	-1.34559181766502E-03	5.32773588415696E-20
0	0	-547	0	-1.34698722684614E-03	5.33326086689671E-20
0	0	-546	0	-1.34840995905189E-03	5.33889403241289E-20
0	0	-545	0	-1.34986001428227E-03	5.34463538070549E-20
0	0	-544	0	-1.35133739253727E-03	5.35048491177453E-20
0	0	-543	0	-1.35284209381691E-03	5.35644262561999E-20
0	0	-542	-5.00608799061067E-23	-1.35437411812117E-03	2.30251451718689E-20
0	0	-541	-5.13065373144803E-23	-1.35593346545006E-03	2.25459720837034E-20
0	0	-540	-5.25521947228539E-23	-1.35752013580358E-03	2.20678808233021E-20
0	0	-539	0	-1.35913412918173E-03	5.38135530876615E-20
0	0	-538	5.5043509539605E-23	-1.36077544558451E-03	5.60520953301078E-20
0	0	-537	5.62891669479787E-23	-1.36244408501191E-03	5.60520953301078E-20
0	0	-536	5.75348243563522E-23	-1.36414004746395E-03	5.60520953301078E-20
0	0	-535	0	-1.36586333294061E-03	5.40799891633519E-20
0	0	-534	9.91932642210462E-20	-1.36747706971017E-03	-4.73858781437948E-20
0	0	-533	9.94691314993479E-20	-1.36927113773131E-03	-4.73858781437948E-20
0	0	-532	9.93975247271761E-20	-1.37109241642875E-03	-4.73858781437948E-20
0	0	-531	9.96621088291827E-20	-1.3729409058025E-03	-4.73858781437948E-20
0	0	-530	9.96765169255336E-20	-1.37481660585257E-03	-4.73858781437948E-20
0	0	-529	9.98629740720617E-20	-1.37671951657894E-03	-4.73858781437948E-20
0	0	-528	9.99481699041182E-20	-1.37864963798162E-03	-4.73858781437948E-20
0	0	-527	1.00053629724468E-19	-1.38060697006061E-03	-5.00268148622339E-20
0	0	-526	1.00182126650553E-19	-1.38259151281591E-03	-4.73858781437948E-20
0	0	-525	1.00315806312E-19	-1.38460326624752E-03	-4.73858781437948E-20
0	0	-524	1.00475782462913E-19	-1.38664223035544E-03	-4.73858781437948E-20
0	0	-523	1.00576822060819E-19	-1.38870840513966E-03	-4.73858781437948E-20
0	0	-522	1.006828985142E-19	-1.3908017906002E-03	-4.73858781437948E-20
0	0	-521	1.00845725722681E-19	-1.39292238673705E-03	-4.73858781437948E-20
0	0	-520	1.01022687165025E-19	-1.3950701935502E-03	-4.73858781437948E-20
0	0	-519	1.01122517297588E-19	-1.39724521103967E-03	-4.73858781437948E-20
0	0	-518	1.01315584952056E-19	-1.39944743920544E-03	-4.73858781437948E-20
0	0	-517	1.01407196785538E-19	-1.40167687804752E-03	-4.73858781437948E-20
0	0	-516	1.01488618341679E-19	-1.40393352756592E-03	-4.73858781437948E-20
0	0	-515	1.01699764186533E-19	-1.40621738776062E-03	-4.73858781437948E-20
0	0	-514	1.02001082676079E-19	-1.40852845863163E-03	-4.73858781437948E-20
0	0	-513	1.02000219500572E-19	-1.41086674017895E-03	-4.73858781437948E-20
0	0	-512	1.02329806457844E-19	-1.41323223240258E-03	-4.73858781437948E-20
0	0	-511	1.02214280933424E-19	-1.41562493530252E-03	-4.73858781437948E-20
0	0	-510	0	-1.41789646421957E-03	-7.49726984731848E-20
0	0	-509	1.10971624382684E-22	-1.42040146060618E-03	0
0	0	-508	0	-1.4229411588643E-03	-1.348626817876E-19
0	0	-507	0	-1.42551555899394E-03	0
0	0	-506	3.65431831127328E-23	-1.42812466099508E-03	0
0	0	-505	0	-1.43076846486774E-03	0
0	0	-504	4.71701733847871E-24	-1.43344697061191E-03	-1.01559714790467E-20
0	0	-503	0	-1.43616017822759E-03	0
0	0	-502	0	-1.43890808771478E-03	0
0	0	-501	1.30510731258832E-22	-1.44169069907349E-03	-7.38371449479719E-20
0	0	-500	0	-1.4445080123037E-03	0
0	0	-499	0	-1.44736002740543E-03	0
0	0	-498	0	-1.45012927385745E-03	0
0	0	-497	0	-1.45301361768354E-03	0
0	0	-496	0	-1.45593443705092E-03	0
0	0	-495	0	-1.45889173195958E-03	0
0	0	-494	0	-1.46188550240954E-03	0
0	0	-493	0	-1.46491574840077E-03	0
0	0	-492	0	-1.4679824699333E-03	0
0	0	-491	0	-1.47108566700712E-03	0
0	0	-490	0	-1.47422533962222E-03	0
0	0	-489	0	-1.47740148777861E-03	0
0	0	-488	0	-1.48061411147628E-03	0
0	0	-487	0	-1.48386321071525E-03	0
0	0	-486	0	-1.4871487854955E-03	0
0	0	-485	0	-1.49047083581703E-03	0
0	0	-484	0	-1.49382936167986E-03	0
0	0	-483	0	-1.49722436308397E-03	0
0	0	-482	0	-1.50065584002937E-03	0
0	0	-481	0	-1.50412379251606E-03	0
0	0	-480	0	-1.50762822054404E-03	0
0	0	-479	0	-1.5111691241133E-03	0
0	0	-478	0	-1.51474650322385E-03	0
0	0	-477	0	-1.51836035787569E-03	0
0	0	-476	0	-1.52201068806881E-03	0
0	0	-475	0	-1.52569749380322E-03	0
0	0	-474	0	-1.52942077507892E-03	0
0	0	-473	0	-1.53318053189591E-03	0
0	0	-472	0	-1.53697676425418E-03	0
0	0	-471	0	-1.54080947215375E-03	0
0	0	-470	0	-1.54467865559459E-03	0
0	0	-469	0	-1.54858431457673E-03	0
0	0	-468	0	-1.55252644910015E-03	0
0	0	-467	0	-1.55650505916487E-03	0
0	0	-466	0	-1.56052014477086E-03	0
0	0	-465	0	-1.56457170591815E-03	0
0	0	-464	0	-1.56865974260672E-03	0
0	0	-463	0	-1.57278425483658E-03	0
0	0	-462	0	-1.57694524260773E-03	0
0	0	-461	0	-1.58114270592017E-03	0
0	0	-460	0	-1.58537664477389E-03	0
0	0	-459	0	-1.5896470591689E-03	0
0	0	-458	0	-1.5939539491052E-03	0
0	0	-457	0	-1.59829731458278E-03	0
0	0	-456	0	-1.60281529303327E-03	0
0	0	-455	0	-1.60730989896962E-03	0
0	0	-454	0	-1.6118483735873E-03	0
0	0	-453	0	-1.61643071688633E-03	0
0	0	-452	0	-1.6210569288667E-03	0
0	0	-451	0	-1.62572700952841E-03	0
0	0	-450	-1.95170192016828E-19	-1.63040956307449E-03	0
0	0	-449	-1.95649948265834E-19	-1.63510902902461E-03	-1.59050274711258E-19
0	0	-448	-1.96129595275164E-19	-1.63985789436481E-03	-3.57140939319735E-19
0	0	-447	-1.96867636214731E-19	-1.64465615909508E-03	-1.80418411862782E-20
0	0	-446	-1.97382460722018E-19	-1.64950382321544E-03	-1.82266354065696E-19
0	0	-445	-1.97907613608335E-19	-1.65440088672586E-03	-3.68228592537221E-19
0	0	-444	-1.98573169370375E-19	-1.65934734962637E-03	-1.85962238471525E-19
0	0	-443	-1.99177393817128E-19	-1.66434321191695E-03	-1.87810180674439E-19
0	0	-442	-1.9983621068091E-19	-1.66938847359761E-03	0
0	0	-441	-2.00403582955781E-19	-1.67448313466834E-03	-1.91506065080268E-19
0	0	-440	-2.00989245797939E-19	-1.67962719512916E-03	-3.86708014566365E-19
0	0	-439	-2.01653425754631E-19	-1.68482065498005E-03	-1.95201949486097E-19
0	0	-438	-2.02263292579125E-19	-1.69006351422102E-03	-3.94099783378023E-19
0	0	-437	-2.02909186092293E-19	-1.69535577285206E-03	-3.97795667783852E-19
0	0	-436	-2.03584088111043E-19	-1.70069743087318E-03	0
0	0	-435	-2.04224072332923E-19	-1.70608848828438E-03	-2.02593718297755E-19
0	0	-434	-2.04880687908149E-19	-1.71152894508566E-03	0
0	0	-433	-2.05544876112365E-19	-1.71701880127701E-03	-2.06289602703584E-19
0	0	-432	-2.0622735488387E-19	-1.72255805685844E-03	-4.16275089812996E-19
0	0	-431	-2.06889333552005E-19	-1.72814671182994E-03	-2.09985487109412E-19
0	0	-430	-2.07596016305846E-19	-1.73378476619153E-03	-4.23666858624654E-19
0	0	-429	-2.08289217139408E-19	-1.73947221994319E-03	-4.27362743030483E-19
0	0	-428	-2.08950370324334E-19	-1.74520907308492E-03	-2.15529313718156E-19
0	0	-427	-2.09649209411876E-19	-1.75099532561674E-03	-2.1737725592107E-19
0	0	-426	-2.10303623698544E-19	-1.75683097753863E-03	0
0	0	-425	-2.11064627832107E-19	-1.7627160288506E-03	-2.21073140326899E-19
0	0	-424	-2.11843922532958E-19	-1.76865047955265E-03	-4.45842165059627E-19
0	0	-423	-2.12434795968257E-19	-1.77463432964477E-03	0
0	0	-422	0	-1.78065592471574E-03	0
0	0	-421	0	-1.78673028674776E-03	0
0	0	-420	0	-1.79285831972682E-03	0
0	0	-419	0	-1.79904002365293E-03	0
0	0	-418	0	-1.8052753985261E-03	0
0	0	-417	0	-1.81156444434631E-03	0
0	0	-416	0	-1.81790716111358E-03	0
0	0	-415	0	-1.8243035488279E-03	0
0	0	-414	0	-1.83075360748926E-03	0
0	0	-413	0	-1.83725733709768E-03	0
0	0	-412	0	-1.84381473765315E-03	0
0	0	-411	0	-1.85042580915567E-03	0
0	0	-410	0	-1.85709055160525E-03	0
0	0	-409	0	-1.86380896500187E-03	0
0	0	-408	0	-1.87058104934554E-03	0
0	0	-407	0	-1.87729654200811E-03	0
0	0	-406	0	-1.88416967799912E-03	0
0	0	-405	0	-1.89110015460337E-03	0
0	0	-404	0	-1.89808797182086E-03	0
0	0	-403	0	-1.90513312965157E-03	0
0	0	-402	0	-1.91223562809553E-03	0
0	0	-401	0	-1.91939546715272E-03	0
0	0	-400	0	-1.92661264682314E-03	0
0	0	-399	0	-1.9338871671068E-03	0
0	0	-398	0	-1.94121902800369E-03	0
0	0	-397	0	-1.94860822951382E-03	0
0	0	-396	0	-1.95605477163718E-03	0
0	0	-395	0	-1.96355865437378E-03	0
0	0	-394	0	-1.97111987772361E-03	0
0	0	-393	0	-1.97873844168667E-03	0
0	0	-392	0	-1.98641434626298E-03	0
0	0	-391	0	-1.99407135332421E-03	0
0	0	-390	0	-2.00185326517985E-03	0
0	0	-389	0	-2.00969402099127E-03	0
0	0	-388	0	-2.01759362075846E-03	0
0	0	-387	0	-2.02555206448143E-03	0
0	0	-386	0	-2.03356935216018E-03	0
0	0	-385	0	-2.0416454837947E-03	0
0	0	-384	0	-0.002049780459385	0
0	0	-383	0	-2.05797427893107E-03	0
0	0	-382	0	-2.06622694243292E-03	0
0	0	-381	0	-2.07453844989054E-03	0
0	0	-380	9.71078429081801E-20	-2.08290591647986E-03	-1.20324851936761E-19
0	0	-379	9.74514933173707E-20	-2.09132059872326E-03	-6.66276330134043E-19
0	0	-378	9.79093694757576E-20	-2.09979217424845E-03	-1.21957449930163E-19
0	0	-377	9.83218167177215E-20	-2.10832064305544E-03	-6.75255619097754E-19
0	0	-376	9.87324662484071E-20	-2.11690600514423E-03	-2.78077607828022E-19
0	0	-375	9.9222528502213E-20	-2.12554826051482E-03	-8.39742841711799E-19
0	0	-374	9.95671340127857E-20	-2.1342474091672E-03	-2.50445291833935E-19
0	0	-373	9.9899752331625E-20	-2.14300345110138E-03	0
0	0	-372	1.00470082569012E-19	-2.15181638631735E-03	-4.43993353686294E-19
0	0	-371	1.00710202330532E-19	-2.16068621481513E-03	0
0	0	-370	1.01336555922188E-19	-2.1696129365947E-03	-4.17585486187258E-19
0	0	-369	1.01589412673674E-19	-2.17859655165606E-03	0
0	0	-368	0	-2.1878637378212E-03	1.08402127154471E-19
0	0	-367	4.24769807824064E-23	-2.19700255172203E-03	1.20999768697931E-19
0	0	-366	-6.53661240590529E-23	-2.20618756187094E-03	-4.74856188529342E-21
0	0	-365	-2.23389256481652E-23	-2.21541876826793E-03	7.155712961486E-20
0	0	-364	0	-2.22469617091301E-03	1.1022706443297E-19
0	0	-363	-9.37574436205089E-23	-2.23401976980616E-03	-4.36779719747674E-20
0	0	-362	7.19687356008239E-23	-2.24338956494739E-03	1.20999768697931E-19
0	0	-361	9.81591846483555E-23	-2.2528055563367E-03	1.20999768697931E-19
0	0	-360	-1.2545006895285E-23	-2.26226774397409E-03	9.25066389757579E-20
0	0	-359	2.56402314190509E-23	-2.27177612785956E-03	1.20999768697931E-19
0	0	-358	-7.85713471425961E-23	-2.28133070799311E-03	-5.60321576694426E-21
0	0	-357	-5.34813333520259E-23	-2.29093148437474E-03	3.40364439233755E-20
0	0	-356	-2.72908843044938E-23	-2.30057845700445E-03	7.40598735670557E-20
0	0	-355	-1.39205509664875E-22	-2.31027162588224E-03	-8.61212893542884E-20
0	0	-354	-1.13565278245823E-22	-2.3200109910081E-03	-4.6284022471284E-20
0	0	-353	1.15766148759746E-22	-2.32979655238205E-03	1.20999768697931E-19
0	0	-352	-2.94917548184177E-23	-2.33962831000408E-03	7.52317152589217E-20
0	0	-351	0	-2.34950626387419E-03	1.16411032535487E-19
0	0	-350	6.11843801507591E-23	-2.35943041399237E-03	1.20999768697931E-19
0	0	-349	-9.34272231115819E-23	-2.36940076035864E-03	-6.38960157406731E-21
0	0	-348	1.57192929768676E-19	-2.37942252496356E-03	0
0	0	-347	1.57854586348728E-19	-2.38948480678173E-03	-4.16007597950282E-20
0	0	-346	1.58516313932795E-19	-2.39957344920326E-03	-1.66838402289013E-19
0	0	-345	1.59176341815872E-19	-2.40968845222814E-03	-3.34547530795825E-19
0	0	-344	1.59854325904491E-19	-2.41982981585637E-03	-1.25781846380109E-19
0	0	-343	1.60518215357092E-19	-2.42999754008794E-03	-2.52216737423568E-19
0	0	-342	1.6120041731821E-19	-2.44019162492287E-03	-8.42899273623058E-20
0	0	-341	1.61866397635332E-19	-2.45041207036115E-03	-2.11269022291889E-19
0	0	-340	1.62557750919307E-19	-2.46065887640278E-03	0
0	0	-339	1.63224379932307E-19	-2.47093204304776E-03	-1.48650201044897E-19
0	0	-338	1.63890801541251E-19	-2.48123157029608E-03	-2.98062287530369E-19
0	0	-337	1.64559014730921E-19	-2.49155745814776E-03	-4.26891675672776E-19
0	0	-336	1.65257233568057E-19	-2.50190970660279E-03	-2.56788050067015E-19
0	0	-335	1.65927537622248E-19	-2.51228831566117E-03	-3.86161642095547E-19
0	0	-334	0	-2.52306705342579E-03	0
0	0	-333	0	-2.53350127395491E-03	0
0	0	-332	0	-2.54390665145246E-03	0
0	0	-331	0	-2.55428318591845E-03	0
0	0	-330	0	-2.56463087735287E-03	0
0	0	-329	0	-2.57494972575573E-03	0
0	0	-328	0	-2.58523973112702E-03	0
0	0	-327	0	-2.59550089346675E-03	0
0	0	-326	0	-2.60573321277492E-03	0
0	0	-325	0	-2.61593668905152E-03	0
0	0	-324	0	-2.62611132229655E-03	0
0	0	-323	0	-2.63625711251002E-03	0
0	0	-322	0	-2.64637405969192E-03	0
0	0	-321	0	-2.65646216384226E-03	0
0	0	-320	0	-2.66652142496104E-03	0
0	0	-319	0	-2.67655184304825E-03	0
0	0	-318	0	-2.6865534181039E-03	0
0	0	-317	0	-2.69679115042331E-03	0
0	0	-316	0	-2.70657594860803E-03	0
0	0	-315	0	-2.7162895000627E-03	0
0	0	-314	0	-2.72593180478732E-03	0
0	0	-313	2.13915034656498E-21	-2.73602484294272E-03	0
0	0	-312	1.02363145908422E-21	-2.74559787420158E-03	0
0	0	-311	0	-2.75499647977642E-03	0
0	0	-310	-6.14396514469653E-22	-2.76422065966722E-03	-1.46091124221959E-19
0	0	-309	3.96065331002177E-22	-2.77327041387399E-03	0
0	0	-308	-1.50306725214316E-22	-2.78214574239674E-03	-5.62053334650104E-20
0	0	-307	-3.59032747246405E-22	-2.79084664523545E-03	-1.92814213735934E-19
0	0	-306	0	-2.79937312239013E-03	0
0	0	-305	-1.78222608850028E-23	-2.80772517386077E-03	-1.32146647823377E-19
0	0	-304	2.13134438647047E-22	-2.81590279964739E-03	-2.71651280341688E-19
0	0	-303	-5.29937857317239E-22	-2.82390599974998E-03	0
0	0	-302	-4.76171207772092E-22	-2.83173477416853E-03	0
0	0	-301	-1.83774856793084E-22	-2.83938912290306E-03	0
0	0	-300	4.63001594159712E-22	-2.84686904595355E-03	-9.45617371398369E-20
0	0	-299	0	-2.85453981378316E-03	0
0	0	-298	0	-2.86133959566962E-03	0
0	0	-297	0	-2.86882926086225E-03	4.66049870016988E-19
0	0	-296	0	-2.8754278474278E-03	3.17942619009759E-19
0	0	-295	0	-2.88158270033747E-03	5.07833218268199E-19
0	0	-294	0	-2.88729381959126E-03	3.87527987455874E-19
0	0	-293	0	-2.89256120518916E-03	2.72044657578235E-19
0	0	-292	0	-2.89738485713119E-03	4.38935127078282E-19
0	0	-291	1.82182537296465E-22	-2.90176477541732E-03	5.70304567897052E-19
0	0	-290	0	-2.90570096004758E-03	4.87541820461156E-19
0	0	-289	0	-2.90919341102196E-03	5.70304567897052E-19
0	0	-288	8.1826537140819E-22	-2.91224212834045E-03	5.20675116771644E-19
0	0	-287	3.49778081517006E-21	-2.91484711200306E-03	4.70515233143222E-19
0	0	-286	1.47765691328535E-21	-2.91700836200979E-03	5.45347699364002E-19
0	0	-285	5.51693618661639E-21	-2.91872587836064E-03	5.16903964490015E-19
0	0	-284	1.15060322240851E-20	-2.9199996610556E-03	5.0705689328327E-19
0	0	-283	1.06027252383996E-19	-2.92172253483677E-03	7.28686837617372E-21
0	0	-282	1.05100765830554E-19	-2.92180104833853E-03	0
0	0	-281	2.15971620221709E-19	-2.9213793380324E-03	-2.10212207053268E-19
0	0	-280	2.14998894988927E-19	-2.92016619758719E-03	-2.10212207053268E-19
0	0	-279	2.14179538938145E-19	-2.91812617745471E-03	-2.10212207053268E-19
0	0	-278	2.11646613044174E-19	-2.91525927763496E-03	-2.10212207053268E-19
0	0	-277	2.10630680564083E-19	-2.91156549812794E-03	-2.10212207053268E-19
0	0	-276	2.09497605247364E-19	-2.90704483893366E-03	-2.10212207053268E-19
0	0	-275	2.08409288208548E-19	-2.9016973000521E-03	-2.10212207053268E-19
0	0	-274	2.07276235602501E-19	-2.89552288148327E-03	-2.10212207053268E-19
0	0	-273	2.04356377102355E-19	-2.88852158322717E-03	-2.10212207053268E-19
0	0	-272	2.03962475993472E-19	-2.88069340528381E-03	-2.10212207053268E-19
0	0	-271	0	-2.87182761864455E-03	4.28903997528865E-20
0	0	-270	0	-2.86161988530882E-03	0
0	0	-269	0	-2.85021896026613E-03	0
0	0	-268	0	-2.8375036976828E-03	0
0	0	-267	0	-2.82347409755882E-03	0
0	0	-266	0	-2.80813015989418E-03	0
0	0	-265	0	-2.79147188468889E-03	0
0	0	-264	1.96875392145821E-19	-2.77359321776838E-03	0
0	0	-263	1.95495800306567E-19	-2.75390485673004E-03	0
0	0	-262	1.94049727394619E-19	-2.73254429655843E-03	0
0	0	-261	1.92627920444937E-19	-2.70951153725356E-03	0
0	0	-260	0	-2.68489438017576E-03	0
0	0	-259	0	-2.65822541143179E-03	0
0	0	-258	5.5261669882437E-23	-2.62961276084457E-03	-4.05619680675134E-19
0	0	-257	1.82767205185359E-22	-2.5989436490062E-03	-4.05619680675134E-19
0	0	-256	1.31755935423531E-22	-2.56612926736845E-03	-4.05619680675134E-19
0	0	-255	0	-2.53110121773659E-03	0
0	0	-254	0	-2.4936650707845E-03	0
0	0	-253	0	-2.4537232232403E-03	0
0	0	-252	-2.8385196305195E-22	-2.41119544741804E-03	0
0	0	-251	0	-2.36590646644561E-03	0
0	0	-250	0	-2.31776443164914E-03	0
0	0	-249	0	-2.26661899644474E-03	0
0	0	-248	0	-2.21230942087633E-03	0
0	0	-247	0	-2.15468838990949E-03	0
0	0	-246	0	-2.09359641174666E-03	0
0	0	-245	0	-2.02885729393953E-03	0
0	0	-244	0	-1.96028664776174E-03	0
0	0	-243	0	-1.88772957088788E-03	0
0	0	-242	1.90468803111864E-22	-1.81097815788454E-03	8.04563966699768E-19
0	0	-241	4.25879325000192E-22	-1.72981611802682E-03	0
0	0	-240	0	-1.64401073608572E-03	0
0	0	-239	0	-1.55334676127236E-03	0
0	0	-238	0	-1.45755563506586E-03	0
0	0	-237	0	-1.3564262886925E-03	0
0	0	-236	-1.29803145630329E-19	-1.24965518217483E-03	-6.68936204210254E-20
0	0	-235	1.18152182597923E-19	-1.13698744769449E-03	-1.47690228247403E-19
0	0	-234	-8.24363973823691E-22	-1.01814993115306E-03	2.24335198165529E-18
0	0	-233	6.68291764237545E-20	-8.92823523524193E-04	6.13944389039703E-19
0	0	-232	0	-7.60652875249267E-04	0
0	0	-231	0	-6.21315029506828E-04	0
0	0	-230	0	-4.74399007795836E-04	0
0	0	-229	0	-3.19618311021104E-04	0
0	0	-228	0	-1.56467011799481E-04	0
0	0	-227	0	1.54390344854144E-05	0
0	0	-226	0	1.96514803181502E-04	0
0	0	-225	0	3.87283269491695E-04	0
0	0	-224	0	5.88162107491993E-04	0
0	0	-223	0	7.99729568502805E-04	0
0	0	-222	0	0.001022567893796	0
0	0	-221	0	1.25718628568943E-03	0
0	0	-220	0	1.50422328182272E-03	0
0	0	-219	0	1.76431836078171E-03	0
0	0	-218	3.06361428057181E-22	2.03816308342806E-03	6.1293274228815E-20
0	0	-217	4.62330170578581E-20	2.32649479485209E-03	1.6908456749614E-18
0	0	-216	0	2.63001710460958E-03	0
0	0	-215	1.87801316529934E-19	2.94956101981773E-03	6.17098593599405E-18
0	0	-214	0	3.28596544019608E-03	0
0	0	-213	0	3.64013996127349E-03	0
0	0	-212	0	4.01299968948872E-03	0
0	0	-211	0	4.40556867007228E-03	0
0	0	-210	0	4.8188706430942E-03	0
0	0	-209	0	5.2540213319846E-03	0
0	0	-208	0	5.71223525069551E-03	0
0	0	-207	0	6.19465178720235E-03	0
0	0	-206	0	6.7026876715335E-03	0
0	0	-205	0	7.23760507401936E-03	0
0	0	-204	0	7.80102446740906E-03	0
0	0	-203	0	8.39435256986848E-03	0
0	0	-202	0	9.01925499680718E-03	0
0	0	-201	0	9.6774507350967E-03	0
0	0	-200	0	1.03707834590385E-02	0
0	0	-199	0	1.11011405541902E-02	0
0	0	-198	0	1.18705326693722E-02	0
0	0	-197	0	1.26812069202056E-02	0
0	0	-196	0	1.35353614522869E-02	0
0	0	-195	0	1.44354546634524E-02	0
0	0	-194	0	1.53838715227925E-02	0
0	0	-193	0	1.63833949467709E-02	0
0	0	-192	0	1.74369421594399E-02	0
0	0	-191	0	0.018547381664532	0
0	0	-190	0	0.019717892697029	0
0	0	-189	0	2.09518026818848E-02	0
0	0	-188	0	2.22526488452196E-02	0
0	0	-187	0	2.36242197542953E-02	0
0	0	-186	6.70326109742408E-23	2.50704263517914E-02	7.02599807282047E-19
0	0	-185	0	2.65952585101178E-02	0
0	0	-184	1.28237928287481E-18	2.82032091810136E-02	-2.56475856574962E-18
0	0	-183	0	2.98988253751937E-02	0
0	0	-182	0	3.16870961081707E-02	0
0	0	-181	0	3.35729394215802E-02	0
0	0	-180	0	3.55619279203292E-02	0
0	0	-179	0	3.76594828654634E-02	0
0	0	-178	0	3.98719001000531E-02	0
0	0	-177	0	4.22054894647565E-02	0
0	0	-176	0	0.044666469835535	0
0	0	-175	0	4.72619372708735E-02	0
0	0	-174	0	0.049999430837014	0
0	0	-173	0	5.28864930668047E-02	0
0	0	-172	0	5.59309551902412E-02	0
0	0	-171	0	5.91412821415569E-02	0
0	0	-170	0	6.25265340669617E-02	0
0	0	-169	0	0.066096015341509	0
0	0	-168	0	6.98590368737066E-02	0
0	0	-167	0	0.073826030835527	0
0	0	-166	0	7.80070866204377E-02	0
0	0	-165	0	8.24138758323283E-02	0
0	0	-164	0	8.70573989455163E-02	0
0	0	-163	0	9.19499003285218E-02	0
0	0	-162	0	0.097103937971625	0
0	0	-161	-1.71077596026241E-21	0.102532390417746	0
0	0	-160	0	0.108248885872708	0
0	0	-159	0	0.114267634246007	0
0	0	-158	0	0.120603287269568	0
0	0	-157	0	0.127271471831618	0
0	0	-156	0	0.134288215364197	0
0	0	-155	0	0.141670058694375	0
0	0	-154	0	0.14943474118844	0
0	0	-153	0	0.157600403436721	0
0	0	-152	0	0.166186564581903	0
0	0	-151	0	0.175213792139894	0
0	0	-150	0	0.184702896660725	0
0	0	-149	0	0.194676640636186	0
0	0	-148	0	0.205159963809907	0
0	0	-147	0	0.21617832079173	0
0	0	-146	0	0.227759473186456	0
0	0	-145	0	0.239933410422489	0
0	0	-144	0	0.252732331797029	0
0	0	-143	0	0.266194119740588	0
0	0	-142	0	0.280356707587452	0
0	0	-141	0	0.295263792361174	0
0	0	-140	0	0.310963143125544	0
0	0	-139	0	0.327509104013743	0
0	0	-138	0	0.344963944870767	0
0	0	-137	0	0.363395298552556	0
0	0	-136	0	0.382877984063589	0
0	0	-135	0	0.403499886128304	0
0	0	-134	0	0.42535847198658	0
0	0	-133	0	0.448566003488556	0
0	0	-132	0	0.473241718955944	0
0	0	-131	0	0.499525026726347	0
0	0	-130	0	0.527563816261277	0
0	0	-129	0	0.557532908244417	0
0	0	-128	0	0.589608880217773	0
0	0	-127	0	0.6239717227366	0
0	0	-126	0	0.660802526737191	0
0	0	-125	0	0.700292022941782	0
0	0	-124	0	0.742572274127288	0
0	0	-123	0	0.787732762084401	0
0	0	-122	0	0.835772339485368	0
0	0	-121	0	0.886549970309997	0
0	0	-120	0	0.939745785958177	0
0	0	-119	0	0.994785863960117	0
0	0	-118	0	1.0508693359612	0
0	0	-117	0	1.10694370184375	0
0	0	-116	0	1.16171674577862	0
0	0	-115	0	1.2141141516644	0
0	0	-114	0	1.26295152708488	0
0	0	-113	0	1.30748345426966	0
0	0	-112	0	1.34717931612206	0
0	0	-111	0	1.38175048412057	1.30697979320185E-16
0	0	-110	0	1.41129073160096	0
0	0	-109	0	1.43616225561842	0
0	0	-108	0	1.45688156688774	0
0	0	-107	0	1.47396957685715	0
0	0	-106	0	1.48798786081737	0
0	0	-105	0	1.49942260548806	0
0	0	-104	0	1.50872425131181	0
0	0	-103	0	1.51629667517332	0
0	0	-102	0	1.52246417116809	0
0	0	-101	0	1.52748628115426	0
0	0	-100	0	1.53158015732978	0
0	0	-99	0	1.53492939280672	0
0	0	-98	0	1.53767134465664	0
0	0	-97	0	1.53991320420914	0
0	0	-96	0	1.54173942714699	0
0	0	-95	0	1.54321441185453	0
0	0	-94	0	1.54438945902915	0
0	0	-93	0	1.54530090033034	0
0	0	-92	0	1.54597744675278	0
0	0	-91	0	1.54643800671407	0
0	0	-90	0	1.54669509811711	0
0	0	-89	0	1.54675455958829	0
0	0	-88	0	1.54661524678484	0
0	0	-87	0	1.54627036323788	0
0	0	-86	-4.94104891461452E-17	1.54570599525997	0
0	0	-85	0	1.54490097254333	0
0	0	-84	0	1.54382467696279	0
0	0	-83	0	1.54243580069141	0
0	0	-82	0	1.54067667618939	0
0	0	-81	0	1.53848041533367	0
0	0	-80	0	1.53574336989421	0
0	0	-79	0	1.53235173392402	0
0	0	-78	0	1.5281577186704	0
0	0	-77	0	1.52298177310801	0
0	0	-76	0	1.51655185696418	0
0	0	-75	0	1.50861335948582	0
0	0	-74	0	1.49880391233762	0
0	0	-73	0	1.48670288461248	0
0	0	-72	0	1.47183001891877	0
0	0	-71	0	1.45366048500543	0
0	0	-70	0	1.43165258349221	0
0	0	-69	0	1.40525146706519	0
0	0	-68	0	1.37401196795067	0
0	0	-67	0	1.33773215227133	0
0	0	-66	0	1.29646617914691	0
0	0	-65	0	1.25059257187471	0
0	0	-64	0	1.20059432600847	0
0	0	-63	-6.51519619169566E-19	1.14755303316251	-1.19455227440109E-15
0	0	-62	0	1.09251483713035	5.47694461200608E-17
0	0	-61	0	1.03666859726736	0
0	0	-60	0	0.981353572299468	0
0	0	-59	0	0.927524395284253	0
0	0	-58	0	0.875639771183922	0
0	0	-57	0	0.82606946518648	0
0	0	-56	0	0.779018052402596	0
0	0	-55	0	0.734540046685158	0
0	0	-54	0	0.692540052919529	0
0	0	-53	0	0.652820641343505	0
0	0	-52	0	0.615151391765951	0
0	0	-51	0	0.579248039210976	0
0	0	-50	0	0.544806209883134	0
0	0	-49	0	0.511505344998194	0
0	0	-48	0	0.479018570722718	0
0	0	-47	0	0.446990252124978	0
0	0	-46	0	0.415030375305591	0
0	0	-45	0	0.382706165161293	0
0	0	-44	0	0.349523412097007	0
0	0	-43	0	0.314868496956893	0
0	0	-42	0	0.278034283220695	0
0	0	-41	0	0.23809716041307	0
0	0	-40	0	0.193798363583919	0
0	0	-39	0	0.143433457499287	0
0	0	-38	0	8.47403205495103E-02	0
0	0	-37	0	1.45367616609723E-02	0
0	0	-36	0	-7.14033642881431E-02	0
0	0	-35	0	-0.177814470336526	0
0	0	-34	0	-0.308384980601395	0
0	0	-33	0	-0.463450856161106	0
0	0	-32	0	-0.640330542832141	0
0	0	-31	0	-0.834080912959656	0
0	0	-30	0	-1.04045525549553	0
0	0	-29	0	-1.25576925359499	0
0	0	-28	0	-1.47747677505602	0
0	0	-27	0	-1.70343980069994	0
0	0	-26	0	-1.93227538385103	0
0	0	-25	0	-2.16278071901177	0
0	0	-24	0	-2.3939172159607	0
0	0	-23	0	-2.62467359695356	0
0	0	-22	0	-2.85402961103339	0
0	0	-21	0	-3.08084043428084	0
0	0	-20	0	-3.30365714638286	0
0	0	-19	0	-3.52064568260569	0
0	0	-18	0	-3.72923480799613	0
0	0	-17	0	-3.92611270346202	0
0	0	-16	0	-4.10719002850796	0
0	0	-15	0	-4.26927495146777	0
0	0	-14	0	-4.41187146757045	0
0	0	-13	0	-4.53893131825428	-3.15738368541319E-16
0	0	-12	0	-4.65769267253193	0
0	0	-11	0	-4.77716380449884	0
0	0	-10	0	-4.90705160771119	0
0	0	-9	0	-5.05789959996732	0
0	0	-8	0	-5.24022599121896	0
0	0	-7	0	-5.45724364202152	0
0	0	-6	0	-5.69222887409552	0
0	0	-5	0	-5.91237603569929	0
0	0	-4	0	-6.08994831211583	0
0	0	-3	0	-6.21769783692323	0
0	0	-2	0	-6.30060520138498	0
0	0	-1	0	-6.34689787926261	0
0	0	0	0	-6.36163587809957	0
0	0	1	0	-6.34681080205757	0
0	0	2	0	-6.30067216324704	0
0	0	3	0	-6.21757313187021	0
0	0	4	0	-6.08975003790598	0
0	0	5	0	-5.91202768445232	0
0	0	6	0	-5.69289705252048	0
0	0	7	0	-5.45761685819117	0
0	0	8	0	-5.24068356858815	0
0	0	9	0	-5.0582603377582	0
0	0	10	0	-4.90721223204155	0
0	0	11	0	-4.77731919385451	0
0	0	12	0	-4.65794511547451	0
0	0	13	0	-4.53920522595173	0
0	0	14	0	-4.4122026502106	0
0	0	15	0	-4.26952320553039	0
0	0	16	0	-4.10750274238206	0
0	0	17	0	-3.92636542451203	0
0	0	18	0	-3.72954671672651	0
0	0	19	0	-3.5210071329976	0
0	0	20	0	-3.30399007794272	0
0	0	21	0	-3.08111543134285	0
0	0	22	0	-2.85439665780551	0
0	0	23	0	-2.62502731387116	0
0	0	24	0	-2.39427577775515	0
0	0	25	0	-2.16315091469849	0
0	0	26	0	-1.93261940022173	0
0	0	27	0	-1.70374658075164	0
0	0	28	0	-1.4777202662277	0
0	0	29	0	-1.25602604450859	0
0	0	30	0	-1.0406208091138	0
0	0	31	0	-0.834261137598648	0
0	0	32	0	-0.640588919448992	0
0	0	33	0	-0.46400576184516	0
0	0	34	0	-0.308935156243455	0
0	0	35	0	-0.178204723198526	0
0	0	36	0	-7.14508625676013E-02	0
0	0	37	0	1.46716809406405E-02	0
0	0	38	0	0.085072458764018	0
0	0	39	0	0.143826452047403	0
0	0	40	0	0.194180481501597	0
0	0	41	0	0.238530395876902	0
0	0	42	0	0.278498625902009	0
0	0	43	0	0.315345058284254	0
0	0	44	0	0.35000083900148	0
0	0	45	0	0.383219534693593	0
0	0	46	0	0.415558285389847	0
0	0	47	0	0.447524525757222	0
0	0	48	0	0.479570564096116	0
0	0	49	0	0.51205196585317	0
0	0	50	0	0.545359782183	0
0	0	51	0	0.5797973435887	0
0	0	52	0	0.615700122292122	0
0	0	53	0	0.653367218347932	0
0	0	54	0	0.693074223119935	0
0	0	55	0	0.735078255813118	0
0	0	56	0	0.779565627378228	0
0	0	57	0	0.826656676077575	0
0	0	58	0	0.876300821389531	0
0	0	59	0	0.928245636203073	0
0	0	60	0	0.98199810148576	0
0	0	61	3.29580295342245E-17	1.03707910097532	-6.8181223265008E-17
0	0	62	0	1.09286848450526	0
0	0	63	0	1.14803900211111	0
0	0	64	0	1.2011572959027	0
0	0	65	0	1.25115134402825	0
0	0	66	0	1.29707368872517	0
0	0	67	0	1.3382761327128	0
0	0	68	0	1.37450501725756	0
0	0	69	0	1.40573093218362	0
0	0	70	0	1.43212047386943	0
0	0	71	0	1.45415875750745	0
0	0	72	0	1.47230651142751	0
0	0	73	0	1.48718146547209	0
0	0	74	0	1.49929733677721	0
0	0	75	0	1.50911713059685	0
0	0	76	0	1.51706262363692	0
0	0	77	0	1.52348245457467	0
0	0	78	0	1.52866563389385	0
0	0	79	0	1.53285218950382	0
0	0	80	0	1.53623337437083	0
0	0	81	0	1.53896086981061	0
0	0	82	0	1.5411515124646	0
0	0	83	0	1.54290138800023	0
0	0	84	0	1.5442843916775	0
0	0	85	-1.4364161188962E-20	1.54535476749913	-5.3295730980808E-17
0	0	86	0	1.54615456570276	0
0	0	87	0	1.54671438502697	0
0	0	88	0	1.54705555043339	0
0	0	89	0	1.54719173303337	0
0	0	90	0	1.5471289912244	0
0	0	91	0	1.54686796519317	0
0	0	92	0	1.54640361314404	0
0	0	93	0	1.54572380948031	0
0	0	94	0	1.54480772006822	0
0	0	95	0	1.54362878404886	0
0	0	96	0	1.54214910714688	0
0	0	97	0	1.54031724046019	0
0	0	98	0	1.53807013497162	0
0	0	99	0	1.53532019043595	0
0	0	100	0	1.53196820808583	0
0	0	101	0	1.52786344234147	0
0	0	102	0	1.52283048254887	0
0	0	103	0	1.51665886784244	0
0	0	104	0	1.50907130147007	0
0	0	105	0	1.499747466381	0
0	0	106	0	1.48829057393239	0
0	0	107	0	1.47423059704229	0
0	0	108	0	1.45708442597941	0
0	0	109	0	1.43633701778603	0
0	0	110	-1.38035601068727E-20	1.41142155787724	-4.46731940972672E-17
0	0	111	0	1.38179922086674	0
0	0	112	0	1.34715113280469	0
0	0	113	0	1.30753162094897	0
0	0	114	0	1.26308986977436	0
0	0	115	0	1.21419307281814	0
0	0	116	0	1.16178860836466	0
0	0	117	0	1.10704389550057	0
0	0	118	0	1.0510247982972	0
0	0	119	0	0.994955310620412	0
0	0	120	0	0.939918026831574	0
0	0	121	0	0.886707627203033	0
0	0	122	0	0.835912347315119	0
0	0	123	0	0.787865463042571	0
0	0	124	0	0.742694582477281	0
0	0	125	0	0.700405506439286	0
0	0	126	0	0.66091038656094	0
0	0	127	0	0.624066362577772	0
0	0	128	0	0.589698716388754	0
0	0	129	0	0.557619839562063	0
0	0	130	0	0.527647134666403	0
0	0	131	0	0.499598993547693	0
0	0	132	0	0.473313697977666	0
0	0	133	0	0.448634150727706	0
0	0	134	-1.23609358381696E-19	0.425425235822851	-2.27909798111103E-16
0	0	135	0	0.403563281657509	0
0	0	136	0	0.382936274071924	0
0	0	137	0	0.36345221672026	0
0	0	138	0	0.345018686194094	0
0	0	139	0	0.327560251970464	0
0	0	140	0	0.311011505165625	0
0	0	141	0	0.295309354850032	0
0	0	142	0	0.280400625505364	0
0	0	143	0	0.266235409859928	0
0	0	144	0	0.252772211874483	0
0	0	145	0	0.239970724636623	0
0	0	146	0	0.227794576394969	0
0	0	147	0	0.21621148142701	0
0	0	148	0	0.205191723818259	0
0	0	149	0	0.194707672567898	0
0	0	150	0	0.184731852215401	0
0	0	151	0	0.175241428328219	0
0	0	152	0	0.166213450557464	0
0	0	153	0	0.157625876792295	0
0	0	154	0	0.149458886613418	0
0	0	155	0	0.141693370832261	0
0	0	156	0	0.134310481227442	0
0	0	157	0	0.127292779557823	0
0	0	158	4.72191606539435E-21	0.120623650719717	-7.80447558157691E-18
0	0	159	-3.63925073137302E-18	0.114287017236608	-3.55734630127451E-18
0	0	160	0	0.108267509918384	0
0	0	161	0	0.102550359595012	0
0	0	162	0	9.71210358819974E-02	0
0	0	163	0	9.19664161277406E-02	0
0	0	164	0	0.087073296389547	0
0	0	165	0	8.24290191276532E-02	0
0	0	166	0	7.80218552408588E-02	0
0	0	167	0	7.38399639516985E-02	0
0	0	168	0	6.98725696576656E-02	0
0	0	169	0	0.066108794350465	0
0	0	170	0	6.25389509137908E-02	0
0	0	171	0	5.91533269564266E-02	0
0	0	172	0	5.59422651284198E-02	0
0	0	173	0	5.28973858216229E-02	0
0	0	174	0	5.00099122726908E-02	0
0	0	175	0	4.72720063443211E-02	0
0	0	176	0	4.46761231563306E-02	0
0	0	177	0	4.22145682770529E-02	0
0	0	178	0	3.98808604338917E-02	0
0	0	179	0	3.76680545599075E-02	0
0	0	180	0	3.55699932808401E-02	0
0	0	181	0	3.35807761698558E-02	0
0	0	182	0	3.16946357761403E-02	0
0	0	183	0	2.99061330782875E-02	0
0	0	184	0	0.028210204050241	0
0	0	185	0	2.66019499787729E-02	0
0	0	186	0	2.50768585635502E-02	0
0	0	187	0	2.36305144989274E-02	0
0	0	188	0	2.22586950257202E-02	0
0	0	189	0	2.09575978907242E-02	0
0	0	190	0	1.97234297504638E-02	0
0	0	191	0	1.85527781414241E-02	0
0	0	192	0	1.74420908527798E-02	0
0	0	193	0	1.63884070452501E-02	0
0	0	194	0	0.015388635774259	0
0	0	195	0	1.44400527390977E-02	0
0	0	196	0	1.35397975564453E-02	0
0	0	197	0	1.26854760960617E-02	0
0	0	198	0	0.011874715561544	0
0	0	199	0	0.011105131851015	0
0	0	200	0	1.03745986463198E-02	0
0	0	201	0	9.68115633648444E-03	0
0	0	202	0	9.02281758318057E-03	0
0	0	203	0	8.39778849053481E-03	0
0	0	204	0	7.80436442255406E-03	0
0	0	205	0	0.007240909434755	0
0	0	206	0	6.70582672541487E-03	0
0	0	207	0	6.19770569785294E-03	0
0	0	208	0	5.71514732014846E-03	0
0	0	209	0	5.25687814850617E-03	0
0	0	210	0	4.82163344253943E-03	0
0	0	211	0	4.40821140555302E-03	0
0	0	212	0	4.01556241450269E-03	0
0	0	213	0	3.64262479323471E-03	0
0	0	214	1.58108820119865E-19	3.28837488654695E-03	-1.77937282286448E-18
0	0	215	0	2.95186950536064E-03	0
0	0	216	0	2.63225140891509E-03	0
0	0	217	0	2.32866135606497E-03	0
0	0	218	-6.48792582071085E-22	2.04027665424019E-03	-4.31364717231516E-18
0	0	219	9.11988940265765E-20	1.76637265514193E-03	-3.97447628423799E-19
0	0	220	0	1.50620211426296E-03	0
0	0	221	0	1.25909488646355E-03	0
0	0	222	0	1.02441264583402E-03	0
0	0	223	0	8.01543444026524E-04	0
0	0	224	0	5.89908352026026E-04	0
0	0	225	0	3.8895994341246E-04	0
0	0	226	0	1.98159973082911E-04	0
0	0	227	0	1.70112305792809E-05	0
0	0	228	0	-1.54894217582022E-04	0
0	0	229	0	-3.18069612820491E-04	0
0	0	230	0	-4.72970608222763E-04	0
0	0	231	0	-6.19906986626117E-04	0
0	0	232	0	-7.59320590868186E-04	0
0	0	233	0	-8.91534484208227E-04	0
0	0	234	0	-1.01689568792802E-03	0
0	0	235	0	-1.13576402513431E-03	0
0	0	236	1.18438470222275E-19	-1.24842619873542E-03	6.26826245143458E-20
0	0	237	0	-1.35520440624409E-03	0
0	0	238	9.98239106517481E-20	-1.45635650932283E-03	0
0	0	239	0	-1.55215881227059E-03	0
0	0	240	0	-1.64286947253415E-03	0
0	0	241	0	-1.72875191376951E-03	0
0	0	242	0	-1.80997956120338E-03	0
0	0	243	0	-1.88677795527968E-03	0
0	0	244	0	-1.95935671082265E-03	0
0	0	245	0	-2.02793635606548E-03	0
0	0	246	0	-2.09269535785662E-03	0
0	0	247	0	-2.15380319459854E-03	0
0	0	248	0	-2.21143810252659E-03	0
0	0	249	0	-2.26577093749876E-03	0
0	0	250	0	-2.31691819331531E-03	0
0	0	251	3.51743989896939E-19	-2.36507429492967E-03	7.10447282416493E-19
0	0	252	0	-2.41039475008223E-03	0
0	0	253	-1.75239186867584E-19	-2.45294023708385E-03	0
0	0	254	-1.18060908505832E-22	-2.49288772144824E-03	-1.18430841630488E-18
0	0	255	-2.53251346103204E-23	-2.53031485503567E-03	-3.44327284824789E-19
0	0	256	3.34049469675523E-22	-2.56541406179356E-03	2.67373015177737E-19
0	0	257	4.99173963228183E-22	-2.59823120538881E-03	2.67373015177737E-19
0	0	258	0	-2.6289183137141E-03	0
0	0	259	0	-2.65757247025342E-03	0
0	0	260	1.14022843423371E-21	-2.68409278787778E-03	1.8909829711822E-19
0	0	261	3.85350305500745E-22	-2.7088659966063E-03	1.8909829711822E-19
0	0	262	1.65491999209173E-21	-2.73190340675784E-03	1.8909829711822E-19
0	0	263	0	-2.75319945532439E-03	0
0	0	264	0	-2.77298039752403E-03	0
0	0	265	0	-2.79124785346043E-03	0
0	0	266	0	-2.80800182313361E-03	0
0	0	267	0	-2.82324230654354E-03	0
0	0	268	0	-2.83696930369025E-03	0
0	0	269	0	-2.84918281457372E-03	0
0	0	270	-2.08244775001049E-19	-2.86092837515257E-03	-2.01708256044597E-19
0	0	271	0	-2.87125330527531E-03	0
0	0	272	0	-2.88001249307585E-03	0
0	0	273	0	-2.8879127575481E-03	0
0	0	274	0	-2.89495409869206E-03	0
0	0	275	0	-2.90113651650774E-03	0
0	0	276	0	-2.90646001099513E-03	0
0	0	277	0	-2.91092458215423E-03	0
0	0	278	0	-2.91453022998505E-03	0
0	0	279	0	-2.91727695448757E-03	0
0	0	280	0	-2.91916867595783E-03	0
0	0	281	0	-2.92040662928848E-03	0
0	0	282	0	-2.92106764521897E-03	0
0	0	283	0	-2.9211517237493E-03	0
0	0	284	0	-2.92065886487948E-03	0
0	0	285	0	-2.9195890686095E-03	0
0	0	286	0	-2.91794233493936E-03	0
0	0	287	0	-2.91571866386907E-03	0
0	0	288	0	-2.91291805539862E-03	0
0	0	289	0	-2.90954050952802E-03	0
0	0	290	0	-2.90558602625726E-03	0
0	0	291	0	-2.90105460558634E-03	0
0	0	292	0	-2.89581789603482E-03	0
0	0	293	0	-2.88991692507448E-03	0
0	0	294	0	-0.002883395401654	0
0	0	295	0	-2.88078183001198E-03	0
0	0	296	0	-2.8748351591993E-03	0
0	0	297	2.99915778313131E-19	-2.8671111253332E-03	1.53704280288245E-19
0	0	298	2.9698548650599E-19	-2.86025870420213E-03	0
0	0	299	2.9752440393573E-19	-2.85322471386254E-03	1.15685054373632E-19
0	0	300	2.95414731729777E-19	-2.84600915431442E-03	0
0	0	301	2.93695645663643E-19	-2.83861202555778E-03	0
0	0	302	2.95091997523603E-19	-2.83103332759261E-03	2.49058956964779E-19
0	0	303	2.93566200584596E-19	-2.82327306041891E-03	8.92343338963829E-20
0	0	304	2.92507826758457E-19	-2.81533122403668E-03	0
0	0	305	2.91665725504303E-19	-2.80720781844593E-03	5.33495610364589E-20
0	0	306	2.91171676563351E-19	-2.79890284364666E-03	0
0	0	307	2.89869235747898E-19	-2.79041629963885E-03	2.78540370660638E-20
0	0	308	2.88086904989388E-19	-2.78174818642252E-03	1.99105657379866E-19
0	0	309	2.8815094751853E-19	-2.77289850399766E-03	0
0	0	310	2.8895134256621E-19	-2.76386725236428E-03	0
0	0	311	2.86766641114685E-19	-2.75465443152237E-03	0
0	0	312	2.83807850935091E-19	-2.74526004147193E-03	1.54010892178248E-19
0	0	313	2.85281592912437E-19	-2.73568408221297E-03	0
0	0	314	-4.05082296914013E-20	-2.72523918017656E-03	2.86476605955756E-19
0	0	315	0	-2.71614921851402E-03	1.47989182825044E-19
0	0	316	-1.15676527502223E-22	-2.7062188013864E-03	1.33694174572065E-19
0	0	317	0	-2.69626062712573E-03	1.4690555444151E-19
0	0	318	-7.32134904220595E-23	-2.68627469573199E-03	1.33694174572065E-19
0	0	319	0	-2.6762610072052E-03	1.45815876676874E-19
0	0	320	-3.07504533418904E-23	-2.66621956154534E-03	1.33694174572065E-19
0	0	321	9.51893480180835E-24	-2.65615035875243E-03	3.50736118835803E-19
0	0	322	0	-2.64605339882646E-03	1.4417001744035E-19
0	0	323	3.29441022783593E-23	-2.63592868176743E-03	1.33694174572065E-19
0	0	324	0	-2.62577620757535E-03	1.43065216222955E-19
0	0	325	7.54071393585228E-23	-2.6155959762502E-03	1.33694174572065E-19
0	0	326	0	-2.60538798779199E-03	1.41954365624457E-19
0	0	327	0	-2.59515224220073E-03	1.41396671807295E-19
0	0	328	1.39101694978773E-22	-2.5848887394764E-03	1.33694174572065E-19
0	0	329	0	-2.57459747961902E-03	1.40276747137142E-19
0	0	330	1.81564732058936E-22	-2.56427846262858E-03	1.33694174572065E-19
0	0	331	0	-2.55393168850508E-03	1.39150773085886E-19
0	0	332	2.24027769139105E-22	-2.54355715724852E-03	1.33694174572065E-19
0	0	333	-2.45259287679187E-22	-2.5331548688589E-03	3.50840272699235E-19
0	0	334	0	-2.52272482333623E-03	1.37450469419434E-19
0	0	335	6.0953362251408E-20	-2.5123709520847E-03	0
0	0	336	6.07026581457958E-20	-2.50195145081441E-03	0
0	0	337	6.02766687201384E-20	-2.4915622175084E-03	2.19967346700812E-19
0	0	338	6.01913605287464E-20	-2.48120325216665E-03	0
0	0	339	5.99307670173092E-20	-2.47087455478918E-03	0
0	0	340	5.96668770372636E-20	-2.46057612537598E-03	0
0	0	341	5.94220828722034E-20	-2.45030796392704E-03	0
0	0	342	5.9153614924768E-20	-2.44007007044238E-03	0
0	0	343	5.8855428285477E-20	-2.42986244492199E-03	3.0873803387581E-20
0	0	344	5.85925710275351E-20	-2.41968508736586E-03	4.61731792603806E-20
0	0	345	5.83284322708117E-20	-2.40953799777401E-03	6.13808712525197E-20
0	0	346	5.8030544882579E-20	-2.39942117614643E-03	1.07095631109597E-19
0	0	347	5.77618281584658E-20	-2.38933462248312E-03	1.22028271459755E-19
0	0	348	0	-2.37926057332161E-03	0
0	0	349	0	-2.36923051782629E-03	0
0	0	350	0	-2.35924772316924E-03	0
0	0	351	0	-2.34931218935047E-03	0
0	0	352	0	-2.33942391636998E-03	0
0	0	353	0	-2.32958290422776E-03	0
0	0	354	0	-2.31978915292381E-03	0
0	0	355	0	-2.31004266245814E-03	0
0	0	356	0	-2.30034343283075E-03	0
0	0	357	0	-2.29069146404163E-03	0
0	0	358	0	-2.28108675609079E-03	0
0	0	359	0	-2.27152930897822E-03	0
0	0	360	0	-2.26201912270393E-03	0
0	0	361	0	-2.25255619726792E-03	0
0	0	362	0	-2.24314053267018E-03	0
0	0	363	0	-2.23377212891071E-03	0
0	0	364	0	-2.22445098598952E-03	0
0	0	365	-5.38019427422828E-20	-2.21517944093573E-03	0
0	0	366	-5.34093913283178E-20	-2.20596228922009E-03	6.96100567445019E-20
0	0	367	-5.3268063343089E-20	-2.19679492496433E-03	0
0	0	368	-5.31357175316861E-20	-2.18767734816845E-03	0
0	0	369	-5.28069821327561E-20	-2.17860955883245E-03	0
0	0	370	-5.2646500538951E-20	-2.16959155695633E-03	0
0	0	371	-5.2470315461656E-20	-2.16062334254008E-03	0
0	0	372	-5.21585058535375E-20	-2.15170491558372E-03	0
0	0	373	-5.19745877566086E-20	-2.14283627608723E-03	0
0	0	374	1.54700507966239E-23	-0.002134179328905	8.91210935028914E-19
0	0	375	-2.21460123609501E-23	-2.12546176907331E-03	8.84571110442578E-19
0	0	376	-3.92722210550485E-23	-2.11680280918886E-03	4.89899950812056E-19
0	0	377	-6.39913482728819E-23	-2.10820244925166E-03	4.85880963411707E-19
0	0	378	-8.87104754907171E-23	-2.09966068926171E-03	4.81854949638205E-19
0	0	379	-1.13429602708552E-22	-0.002091177529219	4.77821909491551E-19
0	0	380	-1.38148729926386E-22	-2.08275296912354E-03	4.73781842971743E-19
0	0	381	-2.40761180126244E-22	-2.07438700897532E-03	8.13347120837553E-19
0	0	382	-2.9361441030583E-22	-2.06607964877435E-03	8.68913513979717E-19
0	0	383	-3.13843817118103E-22	-2.05783088852062E-03	8.00401224389637E-19
0	0	384	-3.50385135614031E-22	-2.04964072821414E-03	7.9391773660595E-19
0	0	385	-3.86926454109961E-22	-2.04150916785491E-03	7.87427222449109E-19
0	0	386	-1.19838480032484E-22	-2.03343565705658E-03	1.75546811090685E-19
0	0	387	-6.2247506991524E-23	-2.02541985359473E-03	-1.26601795995642E-19
0	0	388	-5.91285703289776E-23	-2.01746242603819E-03	-1.27318355932453E-19
0	0	389	0	-2.00956337438696E-03	-4.81909721980571E-19
0	0	390	-4.84831389202137E-23	-2.00172269864104E-03	-1.58063138779451E-19
0	0	391	0	-1.99394039880044E-03	-4.78163204743359E-19
0	0	392	-4.2765088372211E-23	-1.98621647486514E-03	-1.59156782437027E-19
0	0	393	0	-1.97855092683516E-03	-4.74472683583021E-19
0	0	394	-3.70470378241945E-23	-1.97094375471048E-03	-1.60306422171477E-19
0	0	395	0	-1.96339495849112E-03	-4.70838158499557E-19
0	0	396	0	-1.95604787484267E-03	0
0	0	397	0	-1.94862366237651E-03	0
0	0	398	0	-1.94125331931332E-03	0
0	0	399	0	-1.9339368456531E-03	0
0	0	400	0	-1.92667424139585E-03	0
0	0	401	0	-1.91946550654156E-03	0
0	0	402	0	-1.91231064109024E-03	0
0	0	403	0	-1.90520964504188E-03	0
0	0	404	0	-1.89816619593236E-03	0
0	0	405	0	-1.89117790111865E-03	0
0	0	406	0	-1.88424336168035E-03	0
0	0	407	0	-1.87736257761748E-03	0
0	0	408	0	-1.87053554893003E-03	0
0	0	409	0	-1.86376227561801E-03	0
0	0	410	0	-1.8570427576814E-03	0
0	0	411	0	-1.85037699512021E-03	0
0	0	412	0	-1.84376498793445E-03	0
0	0	413	0	-1.8372067361241E-03	0
0	0	414	0	-1.83070223968918E-03	0
0	0	415	0	-1.82425149862968E-03	0
0	0	416	0	-1.8178545129456E-03	0
0	0	417	0	-1.81151128263694E-03	0
0	0	418	0	-1.80522180770371E-03	0
0	0	419	0	-1.79899290840274E-03	0
0	0	420	0	-1.79281547698444E-03	0
0	0	421	0	-1.78668718813519E-03	0
0	0	422	0	-1.78060804185498E-03	0
0	0	423	0	-1.77457803814382E-03	0
0	0	424	0	-1.7685971770017E-03	0
0	0	425	0	-1.76266545842862E-03	0
0	0	426	0	-1.75678288242459E-03	0
0	0	427	0	-1.75094944898961E-03	0
0	0	428	0	-1.74516515812367E-03	0
0	0	429	0	-1.73943000982677E-03	0
0	0	430	0	-1.73374400409892E-03	0
0	0	431	0	-1.72810714094011E-03	0
0	0	432	0	-1.72251942035035E-03	0
0	0	433	0	-1.71698084232963E-03	0
0	0	434	0	-1.71149140687796E-03	0
0	0	435	0	-1.70605111399533E-03	0
0	0	436	0	-1.70065996368175E-03	0
0	0	437	0	-1.69531795593721E-03	0
0	0	438	0	-1.69002509076171E-03	0
0	0	439	0	-1.68478136815526E-03	0
0	0	440	0	-1.67958678811786E-03	0
0	0	441	0	-1.67458352069991E-03	0
0	0	442	0	-1.66947243794057E-03	0
0	0	443	0	-1.66440939038475E-03	0
0	0	444	0	-1.65939437803247E-03	0
0	0	445	0	-1.65442740088371E-03	0
0	0	446	0	-1.64950845893848E-03	0
0	0	447	0	-1.64463755219678E-03	0
0	0	448	0	-1.6398146806586E-03	0
0	0	449	0	-1.63504418883381E-03	0
0	0	450	0	-1.6303694286055E-03	0
0	0	451	0	-1.62573190953983E-03	0
0	0	452	0	-1.6211316316368E-03	0
0	0	453	0	-1.61656859489643E-03	0
0	0	454	0	-1.61204279931869E-03	0
0	0	455	0	-1.60755424490361E-03	0
0	0	456	0	-1.60310293165116E-03	0
0	0	457	0	-1.59868885956137E-03	0
0	0	458	0	-1.59431202863422E-03	0
0	0	459	0	-1.58997243886971E-03	0
0	0	460	0	-1.58567009026785E-03	0
0	0	461	0	-1.58140498282863E-03	0
0	0	462	0	-1.57717711655206E-03	0
0	0	463	0	-1.57298649143814E-03	0
0	0	464	0	-1.56883310748686E-03	0
0	0	465	0	-1.56471696469822E-03	0
0	0	466	0	-1.56063806307224E-03	0
0	0	467	0	-1.55659640260889E-03	0
0	0	468	0	-1.55259198330819E-03	0
0	0	469	0	-1.54862480517014E-03	0
0	0	470	0	-1.54469486819473E-03	0
0	0	471	0	-1.54080217238197E-03	0
0	0	472	0	-1.53694671773186E-03	0
0	0	473	0	-1.53312850424438E-03	0
0	0	474	0	-1.52934753191956E-03	0
0	0	475	0	-1.52560380075738E-03	0
0	0	476	0	-1.52189731075784E-03	0
0	0	477	0	-1.51822806192095E-03	0
0	0	478	0	-1.51459605424671E-03	0
0	0	479	0	-1.51100128773511E-03	0
0	0	480	0	-1.50744376238616E-03	0
0	0	481	0	-1.50392347819985E-03	0
0	0	482	0	-1.50044043517618E-03	0
0	0	483	0	-1.49699463331517E-03	0
0	0	484	0	-1.49358607261679E-03	0
0	0	485	0	-1.49021475308107E-03	0
0	0	486	0	-1.48688067470799E-03	0
0	0	487	0	-1.48358383749755E-03	0
0	0	488	0	-1.48032424144976E-03	0
0	0	489	0	-1.47710188656461E-03	0
0	0	490	0	-1.47391677284211E-03	0
0	0	491	0	-1.47076890028226E-03	0
0	0	492	0	-1.46765826888505E-03	0
0	0	493	0	-1.46458487865048E-03	0
0	0	494	0	-1.46154872957856E-03	0
0	0	495	0	-1.45854982166929E-03	0
0	0	496	0	-1.45558815492266E-03	0
0	0	497	0	-1.45266372933868E-03	0
0	0	498	0	-1.44977654491734E-03	0
0	0	499	0	-1.44692660165865E-03	0
0	0	500	0	-1.4441138995626E-03	0
0	0	501	-1.24777592452634E-19	-1.44158753605544E-03	-8.31850616350895E-20
0	0	502	-1.24803562018503E-19	-1.43881430212097E-03	-3.33369340835413E-20
0	0	503	-1.24820012557296E-19	-1.43607656597844E-03	5.41932397340251E-21
0	0	504	-1.24377823739624E-19	-1.43337432762786E-03	-3.4303250112692E-20
0	0	505	-1.23835871047203E-19	-1.43070758706923E-03	-8.25572473648017E-20
0	0	506	-1.24106877030439E-19	-1.42807634430255E-03	-1.6426697522177E-20
0	0	507	-1.23534971470137E-19	-1.42548059932782E-03	-6.36606129569768E-20
0	0	508	-1.23643492807423E-19	-1.42292035214504E-03	-2.70909760646481E-20
0	0	509	-1.23960759500992E-19	-1.42039560275421E-03	2.65353620885223E-20
0	0	510	-1.23442248806829E-19	-1.41790635115533E-03	-1.05110334949308E-20
0	0	511	-1.22796900783614E-19	-1.4154525973484E-03	-5.53207183458223E-20
0	0	512	-1.22109502872157E-19	-1.41303434133342E-03	-9.44500676742996E-20
0	0	513	4.40483973188301E-22	-1.41063159891353E-03	0
0	0	514	4.06307747581971E-20	-1.40825329260767E-03	-1.62523099032788E-19
0	0	515	4.07561859055245E-20	-1.40588618338379E-03	-1.65348981242339E-19
0	0	516	0	-1.40374245223251E-03	0
0	0	517	0	-1.40147478953114E-03	0
0	0	518	0	-1.39923605519803E-03	0
0	0	519	0	-1.39702624923317E-03	0
0	0	520	0	-1.39484537163658E-03	0
0	0	521	0	-1.39269342240824E-03	0
0	0	522	0	-1.39057040154817E-03	0
0	0	523	0	-1.38847630905636E-03	0
0	0	524	0	-1.3864111449328E-03	0
0	0	525	0	-1.38437490917751E-03	0
0	0	526	0	-1.38236760179048E-03	0
0	0	527	0	-1.3803892227717E-03	0
0	0	528	0	-1.37843977212119E-03	0
0	0	529	0	-1.37651924983893E-03	0
0	0	530	0	-1.37462765592494E-03	0
0	0	531	0	-1.3727649903792E-03	0
0	0	532	0	-1.37093125320173E-03	0
0	0	533	0	-1.36912644439252E-03	0
0	0	534	0	-1.36735056395156E-03	0
0	0	535	0	-1.36560361187887E-03	0
0	0	536	0	-1.36388558817443E-03	0
0	0	537	0	-1.36219649283826E-03	0
0	0	538	0	-1.36053632587034E-03	0
0	0	539	0	-1.35890508727069E-03	0
0	0	540	0	-1.35730277703929E-03	0
0	0	541	0	-1.35572939517616E-03	0
0	0	542	0	-1.35418494168128E-03	0
0	0	543	0	-1.35266941655467E-03	0
0	0	544	0	-1.35118281979631E-03	0
0	0	545	0	-1.34972515140622E-03	0
0	0	546	0	-1.34829641138438E-03	0
0	0	547	-4.02870812079989E-23	-1.34689658875155E-03	4.53794664671988E-20
0	0	548	-3.17496739621044E-23	-1.34552382251668E-03	4.53794664671988E-20
0	0	549	-2.41872557797854E-23	-1.34417753119829E-03	4.53794664671988E-20
0	0	550	-1.75998266610489E-23	-1.34285771479639E-03	4.53794664671988E-20
0	0	551	-1.71248380084016E-24	-1.34156437331096E-03	4.53794664671988E-20
0	0	552	-8.57492488336258E-24	-1.34029750674203E-03	4.53794664671988E-20
0	0	553	-5.16246316083431E-24	-1.33905711508957E-03	4.53794664671988E-20
0	0	554	-1.50000123283468E-24	-1.3378431983536E-03	4.53794664671988E-20
0	0	555	1.18747163158581E-24	-1.33665575653411E-03	4.53794664671988E-20
0	0	556	2.89995543242684E-24	-1.3354947896311E-03	4.53794664671988E-20
0	0	557	1.21248338989509E-23	-1.33436029764458E-03	4.53794664671988E-20
0	0	558	1.52998012951625E-23	-1.33325228057454E-03	4.53794664671988E-20
0	0	559	1.74997796277949E-23	-1.33217073842098E-03	4.53794664671988E-20
0	0	560	2.13997358821125E-23	-1.33111567118391E-03	4.53794664671988E-20
0	0	561	2.21372306193753E-23	-1.33008707886332E-03	4.53794664671988E-20
0	0	562	2.18997362930592E-23	-1.32908496145921E-03	4.53794664671988E-20
0	0	563	4.96494069675783E-23	-1.32810931897159E-03	4.53794664671988E-20
0	0	564	5.08743962366324E-23	-1.32716015140045E-03	4.53794664671988E-20
0	0	565	2.04497585768484E-23	-1.32623745874579E-03	4.53794664671988E-20
0	0	566	1.67998025280053E-23	-1.32534124100761E-03	4.53794664671988E-20
0	0	567	1.82622861233744E-23	-1.32447149818592E-03	4.53794664671988E-20
0	0	568	5.2599385916638E-23	-1.32362823028071E-03	4.53794664671988E-20
0	0	569	5.64993421709556E-23	-1.32281143729198E-03	4.53794664671988E-20
0	0	570	5.28493861221129E-23	-1.32202111921974E-03	4.53794664671988E-20
0	0	571	4.8224441009692E-23	-1.32125727606398E-03	4.53794664671988E-20
0	0	572	1.67196705499809E-23	-1.32051990562733E-03	1.14455306356041E-19
0	0	573	0	-1.31980892962847E-03	1.15718356531906E-19
0	0	574	-6.28941832207919E-23	-1.31912430977118E-03	1.59811392000183E-19
0	0	575	-3.46634542795118E-23	-1.31846604605547E-03	1.4152389891332E-19
0	0	576	-1.68499496555674E-23	-1.31783413848134E-03	1.29107469405259E-19
0	0	577	-1.47925606132167E-23	-1.31722858704879E-03	1.2847666160811E-19
0	0	578	-2.12252859514472E-24	-1.31664939175782E-03	1.17509139289044E-19
0	0	579	1.06777825285203E-23	-1.31609655260842E-03	1.14455306356041E-19
0	0	580	8.62039348617388E-24	-1.31557006960061E-03	1.14455306356041E-19
0	0	581	-1.31260088876388E-23	-1.31506994273437E-03	1.36650226870969E-19
0	0	582	-1.35168462043977E-23	-1.31459617200971E-03	1.4554923286109E-19
0	0	583	-4.4884149917159E-24	-1.31414875742662E-03	1.3267222573675E-19
0	0	584	-3.90837316769612E-25	-1.31372769898512E-03	1.24125711017372E-19
0	0	585	0	-1.31333299668519E-03	1.15150558951224E-19
0	0	586	-3.72394076792655E-24	-1.31296465052684E-03	1.14455306356041E-19
0	0	587	-1.156265962055E-23	-1.31262266051007E-03	1.14455306356041E-19
0	0	588	2.35161565579036E-23	-1.31230702663488E-03	1.34949669490722E-19
0	0	589	1.81428644741348E-23	-1.31201774890127E-03	1.26130526838275E-19
0	0	590	1.1953496937331E-23	-1.31175482730923E-03	1.2048644821041E-19
0	0	591	0	-1.31151826185877E-03	1.14991446425963E-19
0	0	592	0	-1.31130805254989E-03	1.14973015670416E-19
0	0	593	1.81256640643788E-23	-1.31112419938259E-03	1.18698013373198E-19
0	0	594	0	-1.31096670235687E-03	1.14943086729603E-19
0	0	595	6.67213264472442E-23	-1.31083556147272E-03	1.22688656207908E-19
0	0	596	4.85956623828592E-23	-1.31073077673016E-03	1.18938351277834E-19
0	0	597	2.19626835281481E-23	-1.31065234812917E-03	1.16107408778099E-19
0	0	598	0	-1.31060027566976E-03	1.14910959129107E-19
0	0	599	3.04699983184794E-23	-1.31057455935192E-03	1.15183536831317E-19
0	0	600	-2.29564062455175E-19	-1.3108774535349E-03	-1.77285506921442E-07
