fieldmap_name:     	SWLS Sirius
timestamp:         	2022-08-03_16-01-11
filename:          	2022-08-03_SWLS_Sirius_Model8.0_d=1mm_Z=-600_600mm.txt
MagNet_file:       	SWLS_Sirius_Model8.0_d=1mm.mn
nr_magnets:        	1

magnet_name:       	SWLS
gap[mm]:           	
control_gap[mm]:   	--
magnet_length[mm]: 	
current_main[A]:   	--
NI_main[A.esp]:    	--
center_pos_z[mm]:  	0
center_pos_x[mm]:  	0
rotation[deg]:     	0

X[mm]	Y[mm]	Z[mm]	Bx	By	Bz [T]
------------------------------------------------------------------------------------------------------------------------------------------------------------------
0	0	-600	1.07955970911262E-18	-1.93001279481995E-03	7.22381593306719E-08
0	0	-599	3.23798822993836E-23	-1.92986666418273E-03	7.74141989732686E-20
0	0	-598	8.10928988053027E-23	-1.92986649710824E-03	7.62174551916315E-20
0	0	-597	7.5839444812243E-23	-1.92991006200985E-03	7.4472420032335E-20
0	0	-596	6.17627419667845E-23	-1.92999735888757E-03	7.32741647406443E-20
0	0	-595	6.53325368261221E-23	-1.93012838774139E-03	7.09875900395254E-20
0	0	-594	6.00790828330617E-23	-1.93030314857131E-03	6.92477952060123E-20
0	0	-593	8.90916468650129E-23	-1.93052164137733E-03	6.15093780713926E-20
0	0	-592	8.05547841262912E-23	-1.93078386615946E-03	5.86813422501871E-20
0	0	-591	6.64780812808349E-23	-1.93108982291769E-03	5.74918208348022E-20
0	0	-590	5.85979002912443E-23	-1.93143951165202E-03	5.48856254717619E-20
0	0	-589	3.38118128677737E-23	-1.93183293236246E-03	6.05750226673641E-20
0	0	-588	4.64073331714208E-23	-1.93227008504899E-03	4.73866667179765E-20
0	0	-587	8.7393393306212E-24	-1.93275096971163E-03	6.96689173843888E-20
0	0	-586	4.51286272214909E-24	-1.93327558635038E-03	7.17633334599537E-20
0	0	-585	3.19949922388436E-24	-1.93384393496522E-03	7.13493410496486E-20
0	0	-584	1.88613572561906E-24	-1.93445601555617E-03	7.09370954146046E-20
0	0	-583	2.0047027957456E-24	-1.93511182812322E-03	5.36088820963068E-20
0	0	-582	-2.59206944818229E-24	-1.93581137266638E-03	5.21083954735704E-20
0	0	-581	-8.21581907669705E-24	-1.93655464918564E-03	4.67894189191062E-20
0	0	-580	-1.34692730697567E-23	-0.001937341657681	4.50740789392491E-20
0	0	-579	-1.87227270628172E-23	-1.93817239815246E-03	4.33604857346532E-20
0	0	-578	-3.59642715838062E-23	-1.93904687060003E-03	2.37475295856475E-20
0	0	-577	-2.55759306678086E-23	-1.93996507502369E-03	4.46321639888055E-20
0	0	-576	-8.62077226049732E-24	-1.94092701142346E-03	6.7702014243654E-20
0	0	-575	-3.97365430350428E-23	-1.94193267979934E-03	3.65235806688811E-20
0	0	-574	-4.49899970281025E-23	-1.94298208015132E-03	3.48187213405909E-20
0	0	-573	-5.02434510211626E-23	-1.9440752124794E-03	3.31156087875618E-20
0	0	-572	-5.5496905014223E-23	-1.94521207678358E-03	3.14142430097939E-20
0	0	-571	-6.07503590072831E-23	-1.94639267306386E-03	2.97146240072871E-20
0	0	-570	-1.07256196125548E-22	-1.94761700132025E-03	-3.09351167526485E-21
0	0	-569	-1.1579305886427E-22	-1.94888506155274E-03	-5.88137166546405E-21
0	0	-568	-1.24329921602993E-22	-1.95019685376134E-03	-8.66748488040211E-21
0	0	-567	-1.22646262469275E-22	-1.95155237794603E-03	-4.57475790608897E-21
0	0	-566	-1.30526443458865E-22	-1.95295163410683E-03	-7.13903066286177E-21
0	0	-565	-1.61474395189844E-22	-1.95439462224373E-03	-2.43291311029255E-20
0	0	-564	-3.6571701359508E-23	-1.95588134235674E-03	5.55268713816463E-20
0	0	-563	-3.85417466069055E-23	-1.95741179444585E-03	5.49329611194433E-20
0	0	-562	-4.05117918543033E-23	-1.95898597851106E-03	5.43407976325016E-20
0	0	-561	-2.83212247344671E-23	-1.96060389455237E-03	6.19375557806687E-20
0	0	-560	-8.89037646981922E-23	-1.96226554256979E-03	2.79451456819293E-20
0	0	-559	-1.23791806923983E-22	-1.9639709225633E-03	9.45544444757484E-21
0	0	-558	-1.29045260917042E-22	-1.96572003453293E-03	7.77853352346293E-21
0	0	-557	-1.34298714910102E-22	-1.96751287847865E-03	6.10336937461217E-21
0	0	-556	-1.22108147790268E-22	-1.96934945440048E-03	1.3708861399085E-20
0	0	-555	-1.44805622896223E-22	-1.97122976229841E-03	2.75828140269405E-21
0	0	-554	-2.25088615333914E-22	-1.97315380217244E-03	-3.77740552737669E-20
0	0	-553	-1.55312530882331E-22	-1.97512157402257E-03	-5.79819468179475E-22
0	0	-552	-1.40495236765967E-22	-1.97713307784881E-03	7.90604728790973E-21
0	0	-551	-1.45092009009895E-22	-1.97918831365115E-03	6.45971069826876E-21
0	0	-550	-1.71072892861511E-22	-1.9812872814296E-03	-5.57386996003118E-21
0	0	-549	-2.86530313638667E-22	-1.98342998118414E-03	-6.12717486646084E-20
0	0	-548	-2.72369701271437E-22	-1.98561641291479E-03	-5.29972417151175E-20
0	0	-547	-2.80249882261027E-22	-1.98784657662155E-03	-5.55283257419287E-20
0	0	-546	-4.80216772084371E-23	-1.9901204723044E-03	5.65661217514407E-20
0	0	-545	-7.40025610600528E-23	-1.99243809996336E-03	4.45412749694465E-20
0	0	-544	-1.77269414717379E-22	-1.99479945959842E-03	-3.61573572190607E-21
0	0	-543	-2.07847070812922E-22	-1.99720455120958E-03	-1.71655173068787E-20
0	0	-542	-2.13100524805982E-22	-1.99965337479685E-03	-1.88144798268123E-20
0	0	-541	-5.45884946997592E-23	-2.00214593036022E-03	5.48629825047552E-20
0	0	-540	2.70726318317296E-22	-2.00440687421023E-03	0
0	0	-539	0	-2.00701713276718E-03	0
0	0	-538	0	-2.00967096271386E-03	-3.73672629040464E-20
0	0	-537	6.1630377023983E-22	-2.01236836405025E-03	0
0	0	-536	4.59176701668731E-22	-2.01510933677636E-03	0
0	0	-535	2.42860156882566E-22	-2.0178938808922E-03	0
0	0	-534	0	-2.02072199639775E-03	0
0	0	-533	1.1837895243014E-22	-2.02359368329303E-03	0
0	0	-532	0	-2.02650894157803E-03	0
0	0	-531	0	-2.02946777125275E-03	-4.16268452022884E-20
0	0	-530	0	-2.03247017231719E-03	0
0	0	-529	7.83082869508437E-23	-2.03551614477135E-03	0
0	0	-528	1.43391080518305E-23	-2.03860568861523E-03	0
0	0	-527	0	-2.04173880384883E-03	0
0	0	-526	0	-2.04491549047216E-03	0
0	0	-525	0	-2.0481357484852E-03	0
0	0	-524	0	-2.05139957788797E-03	0
0	0	-523	0	-2.05470697868045E-03	0
0	0	-522	0	-2.05805795086266E-03	0
0	0	-521	0	-2.06145249443459E-03	0
0	0	-520	0	-2.06489060939624E-03	0
0	0	-519	1.243013573678E-21	-2.06789724390321E-03	2.15036664013393E-19
0	0	-518	1.56599142488148E-21	-2.07145995192603E-03	2.15036664013393E-19
0	0	-517	5.42499669232067E-22	-2.07508129220871E-03	2.15036664013393E-19
0	0	-516	6.87904152767271E-22	-2.07876126475125E-03	2.15036664013393E-19
0	0	-515	9.36764669477418E-22	-2.08249986955365E-03	2.15036664013393E-19
0	0	-514	2.18106725302829E-22	-2.08629710661592E-03	2.15036664013393E-19
0	0	-513	3.6209611611231E-22	-2.09015297593804E-03	2.15036664013393E-19
0	0	-512	1.84522748444034E-22	-2.09406747752003E-03	2.15036664013393E-19
0	0	-511	2.9338698681607E-23	-2.09804061136187E-03	2.15036664013393E-19
0	0	-510	0	-2.10207237746358E-03	2.15036664013393E-19
0	0	-509	0	-2.10616277582515E-03	2.15036664013393E-19
0	0	-508	0	-2.11031180644658E-03	2.15036664013393E-19
0	0	-507	0	-2.11451946932787E-03	2.15036664013393E-19
0	0	-506	0	-2.11878576446902E-03	2.15036664013393E-19
0	0	-505	0	-2.12289264879849E-03	0
0	0	-504	0	-2.12718347925928E-03	0
0	0	-503	0	-2.13153709707194E-03	0
0	0	-502	0	-2.13595350223646E-03	0
0	0	-501	0	-2.14043269475286E-03	0
0	0	-500	0	-2.14497467462113E-03	0
0	0	-499	0	-2.14957944184127E-03	0
0	0	-498	0	-2.15424699641328E-03	0
0	0	-497	0	-2.15897733833715E-03	0
0	0	-496	0	-2.1637704676129E-03	0
0	0	-495	0	-2.16862638424052E-03	0
0	0	-494	0	-2.17354508822001E-03	0
0	0	-493	0	-2.17852657955138E-03	0
0	0	-492	0	-2.18357085823461E-03	0
0	0	-491	0	-2.18867792426971E-03	0
0	0	-490	0	-2.19384777765668E-03	0
0	0	-489	0	-2.19908041839552E-03	0
0	0	-488	0	-2.20437584648624E-03	0
0	0	-487	0	-2.20973406192882E-03	0
0	0	-486	0	-2.21515506472327E-03	0
0	0	-485	0	-2.2206388548696E-03	0
0	0	-484	0	-2.22618543236779E-03	0
0	0	-483	0	-2.23179479721786E-03	0
0	0	-482	0	-2.2374669494198E-03	0
0	0	-481	0	-2.2432018889736E-03	0
0	0	-480	0	-2.24899961587928E-03	0
0	0	-479	0	-2.25486013013683E-03	0
0	0	-478	0	-2.26078343174624E-03	0
0	0	-477	0	-2.26676952070753E-03	0
0	0	-476	0	-2.27281839702069E-03	0
0	0	-475	0	-2.27893006068572E-03	0
0	0	-474	0	-2.28510451170262E-03	0
0	0	-473	0	-2.29134175007139E-03	0
0	0	-472	0	-2.29764177579203E-03	0
0	0	-471	0	-2.30400458886454E-03	0
0	0	-470	0	-2.31043018928892E-03	0
0	0	-469	0	-2.31691857706518E-03	0
0	0	-468	0	-2.3234697521933E-03	0
0	0	-467	0	-2.33008371467329E-03	0
0	0	-466	0	-2.33676046450515E-03	0
0	0	-465	0	-2.34350000168889E-03	0
0	0	-464	0	-2.35030232622449E-03	0
0	0	-463	0	-2.35716743811197E-03	0
0	0	-462	0	-2.36409533735131E-03	0
0	0	-461	0	-2.37108602394253E-03	0
0	0	-460	0	-2.37813949788561E-03	0
0	0	-459	2.13944205917061E-19	-2.38528502789199E-03	-2.74342566420859E-19
0	0	-458	2.14736327623486E-19	-2.39266979394339E-03	-2.7744844001448E-19
0	0	-457	2.15865358728829E-19	-2.40013769346238E-03	-5.61108627216201E-19
0	0	-456	2.15883505525214E-19	-2.40768872644896E-03	0
0	0	-455	2.1715741732251E-19	-2.41532289290312E-03	-2.86766060795342E-19
0	0	-454	2.17907418135594E-19	-2.42304019282487E-03	-2.60884740950067E-19
0	0	-453	2.17959402307878E-19	-2.43084062621421E-03	0
0	0	-452	2.89397058126813E-19	-2.43800181017133E-03	-3.16589100343864E-19
0	0	-451	2.90837087776118E-19	-2.44580183910175E-03	0
0	0	-450	2.91506202191444E-19	-2.45369747236387E-03	0
0	0	-449	2.92182212694932E-19	-2.46168870995769E-03	-3.5814775089434E-19
0	0	-448	2.93554124590287E-19	-2.4697755518832E-03	0
0	0	-447	2.94272657500446E-19	-2.47795799814041E-03	-1.52777624885555E-19
0	0	-446	2.95651941226508E-19	-2.48623604872932E-03	0
0	0	-445	2.9650783856846E-19	-2.49460970364993E-03	0
0	0	-444	2.97112047417959E-19	-2.50307896290224E-03	-3.47823779390836E-19
0	0	-443	2.98677150078037E-19	-2.51164382648624E-03	0
0	0	-442	2.99563775132606E-19	-2.52030429440195E-03	0
0	0	-441	3.00192576476421E-19	-2.52906036664935E-03	-3.59536784033451E-19
0	0	-440	3.01804581515539E-19	-2.53791204322845E-03	0
0	0	-439	3.0242625326499E-19	-2.54685932413925E-03	-2.00370247524651E-19
0	0	-438	3.03350502120338E-19	-2.55590220938175E-03	-4.04999769464798E-19
0	0	-437	3.04884164041674E-19	-2.56504069895594E-03	0
0	0	-436	3.05679942035662E-19	-2.57427479286184E-03	-2.06759159147895E-19
0	0	-435	3.07244128546867E-19	-2.58360449109943E-03	0
0	0	-434	3.0821269416841E-19	-2.59302979366872E-03	0
0	0	-433	3.09035853392306E-19	-2.60255070056971E-03	-2.1314807077114E-19
0	0	-432	3.1064415354696E-19	-2.61216721180239E-03	0
0	0	-431	3.11329917955609E-19	-2.62187932736678E-03	-2.17407345186636E-19
0	0	-430	3.12388734030261E-19	-2.63168704726286E-03	-3.65894970657307E-19
0	0	-429	3.14146401133025E-19	-2.64159037149064E-03	0
0	0	-428	3.14856200288873E-19	-2.65158930005013E-03	-2.2379625680988E-19
0	0	-427	3.15946859570377E-19	-2.6616838329413E-03	-3.76543156696047E-19
0	0	-426	-7.97766023977096E-23	-2.67183478139956E-03	-3.12595137149279E-19
0	0	-425	-1.03140524531846E-22	-2.68208693003927E-03	-3.12595137149279E-19
0	0	-424	1.10162527098021E-23	-2.69245570850601E-03	-3.12595137149279E-19
0	0	-423	1.12825360527067E-22	-2.70294111679979E-03	-3.12595137149279E-19
0	0	-422	3.05427323451802E-22	-2.7135431549206E-03	-3.12595137149279E-19
0	0	-421	1.47205535371018E-22	-2.72426182286846E-03	-3.12595137149279E-19
0	0	-420	3.85203925849498E-22	-2.73509712064335E-03	-3.12595137149279E-19
0	0	-419	7.13995171435618E-22	-2.74604904824528E-03	-3.12595137149279E-19
0	0	-418	5.66789636064523E-22	-2.75711760567425E-03	-3.12595137149279E-19
0	0	-417	6.57582491172043E-22	-2.76830279293025E-03	-3.12595137149279E-19
0	0	-416	1.12256301941925E-21	-2.7796046100133E-03	-3.12595137149279E-19
0	0	-415	4.19584100693498E-22	-2.79102305692338E-03	-3.12595137149279E-19
0	0	-414	9.29961056494463E-22	-2.80255813366049E-03	-3.12595137149279E-19
0	0	-413	1.02075391160198E-21	-2.81420984022465E-03	-3.12595137149279E-19
0	0	-412	5.55773383354714E-22	-2.82597817661585E-03	-3.12595137149279E-19
0	0	-411	1.80350943272543E-21	-2.83786314283408E-03	-3.12595137149279E-19
0	0	-410	1.9396987153867E-21	-2.84986473887935E-03	-3.12595137149279E-19
0	0	-409	1.38392533203192E-21	-2.86198296475165E-03	-3.12595137149279E-19
0	0	-408	1.47471818713943E-21	-0.002874217820451	-3.12595137149279E-19
0	0	-407	7.82755521123442E-22	-2.88656930597738E-03	-3.12595137149279E-19
0	0	-406	8.281519486772E-22	-2.8990374213308E-03	-3.12595137149279E-19
0	0	-405	1.74709675246187E-21	-2.91162216651126E-03	-3.12595137149279E-19
0	0	-404	1.83788960756937E-21	-2.92432354151876E-03	-3.12595137149279E-19
0	0	-403	1.92868246267689E-21	-2.93714154635329E-03	-3.12595137149279E-19
0	0	-402	0	-2.95006317955308E-03	0
0	0	-401	0	-2.96309310988542E-03	0
0	0	-400	-3.57579195674673E-19	-2.97566979877978E-03	-5.16336988699598E-19
0	0	-399	-3.58760526319663E-19	-2.98899140278531E-03	-2.22470110805966E-19
0	0	-398	-3.60008299446181E-19	-3.00246896895576E-03	1.80004149723091E-19
0	0	-397	0	-3.0161050195195E-03	0
0	0	-396	0	-3.02989709485652E-03	0
0	0	-395	0	-3.04384311151839E-03	0
0	0	-394	0	-3.05794306950512E-03	0
0	0	-393	0	-3.07219696881669E-03	0
0	0	-392	0	-3.08660480945311E-03	0
0	0	-391	0	-3.10116659141438E-03	0
0	0	-390	0	-3.1158823147005E-03	0
0	0	-389	0	-3.13075197931147E-03	0
0	0	-388	0	-3.14577558524729E-03	0
0	0	-387	0	-3.16095313250796E-03	0
0	0	-386	0	-3.17628462109347E-03	0
0	0	-385	0	-3.19177005100384E-03	0
0	0	-384	0	-3.20740942223906E-03	0
0	0	-383	0	-3.22320273479912E-03	0
0	0	-382	0	-3.23914998868404E-03	0
0	0	-381	0	-3.2552511838938E-03	0
0	0	-380	0	-3.27150632042842E-03	0
0	0	-379	0	-3.28791539828788E-03	0
0	0	-378	0	-3.30447841747219E-03	0
0	0	-377	0	-3.32119537798136E-03	0
0	0	-376	0	-3.33806627981537E-03	0
0	0	-375	0	-3.35509112297423E-03	0
0	0	-374	2.49834220747663E-20	-3.37287483372151E-03	-2.54224120939261E-19
0	0	-373	2.49085822055686E-20	-3.39003523783379E-03	-5.14829743236082E-19
0	0	-372	2.48151513791238E-20	-3.40740967790449E-03	-7.49241164103361E-19
0	0	-371	2.51345064170336E-20	-3.4249981539336E-03	-4.61643652707302E-19
0	0	-370	2.50101188152026E-20	-3.44280066592112E-03	-7.00841199592751E-19
0	0	-369	2.48136072246187E-20	-3.46081721386706E-03	-9.7939479445771E-19
0	0	-368	2.52709589808706E-20	-3.47904779777142E-03	-6.15079406276868E-19
0	0	-367	2.51593605018103E-20	-3.49749241763418E-03	-7.95108205110824E-19
0	0	-366	2.56995805695591E-20	-3.51615107345537E-03	-4.19625189554252E-19
0	0	-365	2.53987379630032E-20	-3.53502376523497E-03	-7.42719802251739E-19
0	0	-364	2.50963781622328E-20	-3.55411049297298E-03	-1.0372271505106E-18
0	0	-363	2.58201249830771E-20	-3.5734112566694E-03	-5.78644756811683E-19
0	0	-362	0	-3.59292112868606E-03	0
0	0	-361	0	-3.61262945238903E-03	0
0	0	-360	0	-3.63255336757488E-03	0
0	0	-359	0	-3.65269287424363E-03	0
0	0	-358	0	-3.67304797239526E-03	0
0	0	-357	0	-3.69361866202979E-03	0
0	0	-356	0	-3.71440494314721E-03	0
0	0	-355	0	-3.73540681574752E-03	0
0	0	-354	0	-3.75662427983072E-03	0
0	0	-353	0	-3.77805733539681E-03	0
0	0	-352	0	-3.79970598244579E-03	0
0	0	-351	0	-3.82157022097766E-03	0
0	0	-350	0	-3.84365005099242E-03	0
0	0	-349	0	-3.86594547249007E-03	0
0	0	-348	0	-3.88844321902009E-03	0
0	0	-347	0	-3.9111632960218E-03	0
0	0	-346	0	-3.93413763199425E-03	0
0	0	-345	0	-3.95736622693743E-03	0
0	0	-344	0	-3.98084908085135E-03	0
0	0	-343	0	-4.00458619373601E-03	0
0	0	-342	0	-4.0285775655914E-03	0
0	0	-341	0	-4.05282319641752E-03	0
0	0	-340	0	-4.07732308621438E-03	0
0	0	-339	0	-4.10207723498198E-03	0
0	0	-338	0	-4.12708564272031E-03	0
0	0	-337	0	-4.15234830942938E-03	0
0	0	-336	0	-4.17786523510919E-03	0
0	0	-335	0	-4.20363641975973E-03	0
0	0	-334	0	-0.004229661863381	0
0	0	-333	0	-4.25594156597301E-03	0
0	0	-332	0	-4.2819564734397E-03	-9.76581241738037E-19
0	0	-331	0	-4.30885481027308E-03	-6.72742489853342E-19
0	0	-330	0	-4.33603011507791E-03	-1.17803249731633E-18
0	0	-329	0	-4.36348238785418E-03	-7.32294161366277E-19
0	0	-328	-3.69709652171604E-23	-4.3912116286019E-03	-5.08506107629415E-19
0	0	-327	-1.51785397177514E-22	-4.41921783732107E-03	-9.33745416944571E-19
0	0	-326	-1.89080686077262E-22	-4.44750101401168E-03	-7.54347419650346E-19
0	0	-325	0	-4.47599697129186E-03	0
0	0	-324	0	-4.5047344077309E-03	0
0	0	-323	0	-4.53378997465996E-03	0
0	0	-322	0	-4.56316367207904E-03	0
0	0	-321	0	-4.59285549998813E-03	0
0	0	-320	0	-4.62286545838725E-03	0
0	0	-319	0	-4.65319354727639E-03	0
0	0	-318	0	-4.68383976665555E-03	0
0	0	-317	0	-4.71480411652473E-03	0
0	0	-316	0	-4.74608659688393E-03	0
0	0	-315	0	-4.77768720773315E-03	0
0	0	-314	0	-4.80960594907238E-03	0
0	0	-313	0	-4.84184282090164E-03	0
0	0	-312	0	-4.87439782322092E-03	0
0	0	-311	-2.55093799134152E-19	-4.90708110483484E-03	-5.36636080645006E-19
0	0	-310	-2.56927448013972E-19	-4.94029303434546E-03	-1.08377779552196E-18
0	0	-309	-2.58432356096335E-19	-4.97382847271372E-03	0
0	0	-308	-2.60191614091321E-19	-5.00768741993961E-03	0
0	0	-307	-2.61967681101075E-19	-5.04186987602313E-03	0
0	0	-306	-2.63904433315929E-19	-5.07637584096429E-03	-1.06951031582726E-18
0	0	-305	0	-5.11122669424465E-03	0
0	0	-304	0	-5.14656503304501E-03	0
0	0	-303	0	-5.18204878755394E-03	0
0	0	-302	0	-5.21788772743294E-03	0
0	0	-301	0	-5.25408185268202E-03	0
0	0	-300	0	-5.29063116330116E-03	0
0	0	-299	0	-5.32753565929038E-03	0
0	0	-298	0	-5.36479534064967E-03	0
0	0	-297	0	-5.40241020737904E-03	0
0	0	-296	0	-5.44038025947848E-03	0
0	0	-295	0	-5.47870549694799E-03	0
0	0	-294	0	-5.51738591978757E-03	0
0	0	-293	0	-5.55642152799722E-03	0
0	0	-292	0	-5.59581232157695E-03	0
0	0	-291	0	-5.63555830052675E-03	0
0	0	-290	0	-5.67565946484663E-03	0
0	0	-289	0	-5.71611581453657E-03	0
0	0	-288	1.5004520249068E-22	-5.75691793052705E-03	-2.11098088094453E-18
0	0	-287	0	-5.79802997386902E-03	-3.49492023429306E-18
0	0	-286	0	-5.83950170491496E-03	-2.62731151477334E-18
0	0	-285	2.86729572184387E-22	-5.88144729531321E-03	-6.14142204657981E-19
0	0	-284	1.4078808942725E-23	-5.92366026688483E-03	-2.80448100073981E-19
0	0	-283	0	-5.96620680567186E-03	-2.48005577057231E-19
0	0	-282	4.87711912050142E-23	-6.00908691167428E-03	-2.48005577057231E-19
0	0	-281	3.74418827553523E-22	-6.05230058489211E-03	-2.48005577057231E-19
0	0	-280	2.13965268425009E-22	-6.09584782532535E-03	-2.48005577057231E-19
0	0	-279	-1.36512987748585E-22	-6.1398034283714E-03	-5.89430431247295E-19
0	0	-278	1.96767516648389E-22	-6.18404143622532E-03	-2.63532892106074E-19
0	0	-277	1.47811655349323E-22	-6.22861757338964E-03	-2.63532892106074E-19
0	0	-276	1.53775679633731E-22	-6.27353183986435E-03	-2.63532892106074E-19
0	0	-275	2.77221848617699E-23	-6.31878423564945E-03	-2.63532892106074E-19
0	0	-274	-4.73109059624296E-19	-6.36434915245138E-03	2.50014784700006E-19
0	0	-273	-4.76614583306764E-19	-0.006410224204868	2.50014784700006E-19
0	0	-272	-4.80140799948971E-19	-6.45637748902309E-03	2.50014784700006E-19
0	0	-271	-4.83687709550917E-19	-6.50280900491665E-03	2.50014784700006E-19
0	0	-270	0	-6.54956676677878E-03	0
0	0	-269	0	-6.59656523267353E-03	0
0	0	-268	0	-6.64384435104715E-03	0
0	0	-267	0	-6.69140412189963E-03	0
0	0	-266	0	-6.73921660770876E-03	0
0	0	-265	0	-6.78727752788539E-03	0
0	0	-264	2.29528080897808E-19	-6.83554914349865E-03	4.76326145869184E-19
0	0	-263	2.31237477331055E-19	-6.88402852138219E-03	4.76326145869184E-19
0	0	-262	2.33047741513747E-19	-6.93269669215612E-03	4.76326145869184E-19
0	0	-261	2.34981282840203E-19	-6.98155365582043E-03	4.76326145869184E-19
0	0	-260	2.36409264736009E-19	-7.03059941237512E-03	4.76326145869184E-19
0	0	-259	-2.76984113270208E-19	-7.07980982575244E-03	0
0	0	-258	-2.78577213122416E-19	-7.12912018304966E-03	0
0	0	-257	0	-7.17856183427541E-03	0
0	0	-256	0	-7.22806893137296E-03	0
0	0	-255	0	-7.27764733360602E-03	0
0	0	-254	-6.14461357379584E-19	-7.32727136177195E-03	0
0	0	-253	6.76051466088264E-22	-7.37692690718405E-03	-1.68413552544433E-19
0	0	-252	0	-7.42656813725248E-03	0
0	0	-251	-2.91239149363936E-21	-7.4761823209326E-03	-6.66831557778329E-18
0	0	-250	0	-7.52572673775509E-03	0
0	0	-249	0	-7.57517496089601E-03	0
0	0	-248	0	-7.62448026324045E-03	0
0	0	-247	0	-7.67361551020261E-03	0
0	0	-246	0	-7.72254547103736E-03	0
0	0	-245	0	-7.77120480032522E-03	0
0	0	-244	0	-7.81955534719196E-03	0
0	0	-243	0	-7.86755501538878E-03	0
0	0	-242	0	-7.91519060861603E-03	0
0	0	-241	0	-7.96234575940671E-03	0
0	0	-240	0	-8.00902053367411E-03	0
0	0	-239	-2.34490497621593E-24	-8.05511169177575E-03	1.82072725761347E-19
0	0	-238	0	-8.10059112398325E-03	0
0	0	-237	0	-8.14536447307401E-03	0
0	0	-236	-1.23874210071978E-22	-8.18936776665934E-03	1.02779672608324E-18
0	0	-235	0	-8.23253031421775E-03	0
0	0	-234	0	-8.27476583087095E-03	0
0	0	-233	0	-8.31599964307424E-03	-5.0680599615774E-19
0	0	-232	3.1604747999122E-23	-8.35612832212287E-03	2.96990311765728E-19
0	0	-231	0	-8.39507122398204E-03	0
0	0	-230	0	-8.43272480653891E-03	0
0	0	-229	5.600813920542E-19	-8.46898688154465E-03	-6.67895214499695E-19
0	0	-228	-5.6252862203177E-19	-8.50373038045604E-03	-1.40516469478718E-19
0	0	-227	0	-8.53684401811891E-03	0
0	0	-226	0	-8.56821944955843E-03	0
0	0	-225	0	-8.59771858952215E-03	0
0	0	-224	0	-8.6251952310326E-03	0
0	0	-223	0	-8.65047449456022E-03	0
0	0	-222	0	-8.67343644527243E-03	0
0	0	-221	0	-8.69389700223181E-03	0
0	0	-220	0	-8.71167536574223E-03	0
0	0	-219	0	-8.72659497272135E-03	0
0	0	-218	0	-8.73845634393085E-03	0
0	0	-217	0	-8.7470468112822E-03	0
0	0	-216	0	-8.75214759543433E-03	0
0	0	-215	0	-8.75352243404046E-03	0
0	0	-214	0	-8.75091985479408E-03	0
0	0	-213	0	-8.74409552994165E-03	0
0	0	-212	0	-8.7327476017696E-03	0
0	0	-211	0	-8.71663945865574E-03	0
0	0	-210	0	-8.69540809412698E-03	0
0	0	-209	0	-8.6687326251455E-03	0
0	0	-208	0	-8.63626843619088E-03	0
0	0	-207	-2.60659367816167E-22	-8.59764089952544E-03	5.78876525121052E-19
0	0	-206	-2.88648944029958E-19	-8.55246775260802E-03	0
0	0	-205	0	-8.50033292228828E-03	0
0	0	-204	-2.69613930025097E-19	-8.44079019411246E-03	3.59796377555915E-19
0	0	-203	2.6726140470926E-19	-8.37341023282702E-03	2.6599863804619E-19
0	0	-202	0	-0.008297674014806	0
0	0	-201	0	-8.21307040606132E-03	0
0	0	-200	0	-8.11904831477175E-03	0
0	0	-199	0	-8.01503187682235E-03	0
0	0	-198	0	-7.90039345621919E-03	0
0	0	-197	0	-7.77449791339178E-03	0
0	0	-196	0	-7.63663131365235E-03	0
0	0	-195	3.19925484279295E-19	-7.48607118381585E-03	-3.25319756285227E-19
0	0	-194	-8.4345467070598E-22	-7.32204322141541E-03	-6.38365637778079E-19
0	0	-193	0	-7.14372057992302E-03	0
0	0	-192	0	-6.95023214892481E-03	0
0	0	-191	0	-6.74064422277407E-03	0
0	0	-190	0	-6.5139943179008E-03	0
0	0	-189	0	-6.26922233828373E-03	0
0	0	-188	0	-6.00526541515117E-03	0
0	0	-187	0	-5.72089629951874E-03	0
0	0	-186	-2.44318610752482E-19	-5.41494377589429E-03	3.78057691365515E-18
0	0	-185	2.23911863413173E-19	-5.08605582875629E-03	-4.70182515097429E-19
0	0	-184	0	-4.7328443420153E-03	0
0	0	-183	-1.47525042423936E-19	-4.35384639131474E-03	-3.04278767680921E-19
0	0	-182	0	-3.9475113114172E-03	0
0	0	-181	0	-3.51214922488015E-03	0
0	0	-180	0	-3.04599935619614E-03	0
0	0	-179	0	-2.54726393029258E-03	0
0	0	-178	-7.44070630899111E-20	-2.01387730492622E-03	0
0	0	-177	0	-1.4437850593982E-03	0
0	0	-176	0	-8.3475523250603E-04	0
0	0	-175	0	-1.84477047443832E-04	0
0	0	-174	0	5.09619883106768E-04	0
0	0	-173	1.25805755726753E-21	1.2501899127671E-03	3.03671768493412E-18
0	0	-172	2.25662380905912E-21	2.03992353001283E-03	4.11138480273316E-18
0	0	-171	0	2.88192395092141E-03	0
0	0	-170	2.34278337195407E-21	3.77930375005256E-03	4.90408913406982E-18
0	0	-169	-9.55388778859727E-20	4.73543468267598E-03	4.97945476789116E-18
0	0	-168	-2.41885841772267E-21	5.7538418473513E-03	-3.99655494420731E-19
0	0	-167	0	6.83828227619535E-03	0
0	0	-166	0	7.99272109016849E-03	0
0	0	-165	0	9.22140135044665E-03	0
0	0	-164	0	1.05289089282551E-02	0
0	0	-163	0	1.19199082658298E-02	0
0	0	-162	0	1.33992398646793E-02	0
0	0	-161	0	1.49724735124011E-02	0
0	0	-160	2.08703862137072E-21	1.66451616592589E-02	5.87001984367891E-18
0	0	-159	1.35140839783786E-20	1.84232281796992E-02	2.70902568720913E-17
0	0	-158	0	2.03130302339066E-02	0
0	0	-157	0	2.23211244976686E-02	0
0	0	-156	0	2.44548387210321E-02	0
0	0	-155	0	2.67212433638321E-02	0
0	0	-154	0	2.91286349241683E-02	0
0	0	-153	0	3.16851341456907E-02	0
0	0	-152	0	3.43997533259105E-02	0
0	0	-151	0	3.72816364110573E-02	0
0	0	-150	0	4.03407526668867E-02	0
0	0	-149	0	4.35875854302562E-02	0
0	0	-148	0	4.70329717236032E-02	0
0	0	-147	0	0.050688631657786	0
0	0	-146	0	5.45669664160602E-02	0
0	0	-145	0	5.86809204860588E-02	0
0	0	-144	0	6.30439054667505E-02	0
0	0	-143	0	6.76707777718184E-02	0
0	0	-142	0	7.25765393834979E-02	0
0	0	-141	0	7.77782010027248E-02	0
0	0	-140	0	8.32915459457186E-02	0
0	0	-139	0	8.91354600754131E-02	0
0	0	-138	0	9.53295891759511E-02	0
0	0	-137	-4.60337407488682E-20	0.101893562595616	3.65148989259039E-18
0	0	-136	1.85616248271828E-20	0.108849400848252	3.79891407088575E-17
0	0	-135	0	0.116220034130275	0
0	0	-134	-1.68829608575206E-20	0.124029981797657	0
0	0	-133	0	0.132305385134462	0
0	0	-132	0	0.141074045491252	0
0	0	-131	0	0.150366293808052	0
0	0	-130	0	0.160214404968211	0
0	0	-129	-4.59389997278756E-20	0.17065269653136	0
0	0	-128	-2.06381134949984E-20	0.181717978669834	4.07783846592852E-18
0	0	-127	0	0.193454425938717	0
0	0	-126	0	0.205903415777204	0
0	0	-125	0	0.219112725013573	0
0	0	-124	0	0.233138854490291	0
0	0	-123	0	0.248039061621144	0
0	0	-122	0	0.263876679027135	0
0	0	-121	0	0.28072399800096	0
0	0	-120	0	0.298662624242404	0
0	0	-119	0	0.317782420919391	0
0	0	-118	0	0.338177132829584	0
0	0	-117	0	0.35995314000994	0
0	0	-116	0	0.383242230593056	0
0	0	-115	0	0.408170327836824	0
0	0	-114	0	0.43488338076025	0
0	0	-113	0	0.463543144362819	0
0	0	-112	0	0.494305126786595	0
0	0	-111	0	0.527353576183004	0
0	0	-110	0	0.562852824393839	0
0	0	-109	2.03977594687789E-19	0.600954515291819	3.37681053052394E-16
0	0	-108	-2.95727292056111E-17	0.641782638090139	0
0	0	-107	0	0.68540014823616	0
0	0	-106	-5.70487330720862E-18	0.731775494520413	1.58035467088656E-16
0	0	-105	7.315145293712E-20	0.780737835446303	1.10979327557585E-16
0	0	-104	9.84382654350792E-19	0.83189779318053	5.19005258480459E-16
0	0	-103	0	0.884627705902584	0
0	0	-102	0	0.938140923496979	0
0	0	-101	0	0.991624415105833	0
0	0	-100	0	1.04367003104403	0
0	0	-99	0	1.0930081967096	0
0	0	-98	0	1.13848460668035	0
0	0	-97	0	1.17939190530806	0
0	0	-96	0	1.21536533717345	0
0	0	-95	0	1.24624864864243	0
0	0	-94	0	1.2722099469677	0
0	0	-93	0	1.29365993411353	0
0	0	-92	0	1.31111687581916	0
0	0	-91	0	1.32518118058915	0
0	0	-90	0	1.33640394475827	0
0	0	-89	0	1.34533421561198	0
0	0	-88	0	1.35242502173947	0
0	0	-87	0	1.3580382925036	0
0	0	-86	0	1.36249169128891	0
0	0	-85	0	1.36603218725308	0
0	0	-84	0	1.36884914713384	0
0	0	-83	0	1.37110324174746	0
0	0	-82	0	1.37290289072847	0
0	0	-81	0	1.37433775642209	0
0	0	-80	8.84685810811975E-17	1.37547735993432	1.80618770642495E-16
0	0	-79	-4.72625954610365E-17	1.37637147174331	0
0	0	-78	0	1.37705749530543	0
0	0	-77	0	1.37756298160677	0
0	0	-76	0	1.37790787008472	0
0	0	-75	0	1.37810636909989	0
0	0	-74	0	1.37816566389773	0
0	0	-73	0	1.37808913986374	0
0	0	-72	2.13717966080568E-20	1.37787413114514	-3.83717055670122E-19
0	0	-71	4.12840912561803E-18	1.37751352756108	0
0	0	-70	2.15125932035854E-20	1.37699445066565	-7.61242370864944E-19
0	0	-69	0	1.37629842808948	0
0	0	-68	0	1.37539993071548	0
0	0	-67	0	1.37426321853253	0
0	0	-66	0	1.37283922163123	0
0	0	-65	0	1.37106638878977	0
0	0	-64	0	1.36885917780595	0
0	0	-63	0	1.36611629443709	0
0	0	-62	0	1.36269371969621	0
0	0	-61	4.88084855980244E-17	1.35841001719604	0
0	0	-60	0	1.35303415637547	0
0	0	-59	0	1.34627748770471	0
0	0	-58	0	1.33777768494538	0
0	0	-57	-2.12454732888338E-17	1.32711713014303	0
0	0	-56	8.3897882467629E-17	1.31380378168152	4.21261341859067E-17
0	0	-55	0	1.29727261627508	0
0	0	-54	0	1.27693805903899	0
0	0	-53	0	1.25221440200663	0
0	0	-52	0	1.22256934976119	0
0	0	-51	0	1.18761981874775	0
0	0	-50	0	1.14735689245237	0
0	0	-49	0	1.10208107720211	0
0	0	-48	0	1.05213034781574	0
0	0	-47	0	0.998373429652859	0
0	0	-46	0	0.942024166690738	0
0	0	-45	0	0.884206405464587	0
0	0	-44	0	0.8258513463948	0
0	0	-43	0	0.767839596633635	0
0	0	-42	0	0.71089127168838	0
0	0	-41	0	0.655391687964771	0
0	0	-40	0	0.60149024118372	0
0	0	-39	0	0.54909565165373	0
0	0	-38	-6.45486940665647E-20	0.497965460767569	-4.70657196488644E-16
0	0	-37	0	0.447709937555009	0
0	0	-36	0	0.397804635578429	0
0	0	-35	0	0.347617362458607	0
0	0	-34	0	0.296293068951653	0
0	0	-33	0	0.242813432143131	0
0	0	-32	0	0.18590906885185	0
0	0	-31	8.04463475157516E-18	0.123753705080025	-1.53784916719814E-17
0	0	-30	2.79246396884955E-18	5.39073625898955E-02	-1.92643366667771E-18
0	0	-29	0	-2.69581058882629E-02	0
0	0	-28	0	-0.12306656316512	0
0	0	-27	0	-0.23923077773732	0
0	0	-26	0	-0.379100054799332	0
0	0	-25	0	-0.543366654571937	0
0	0	-24	0	-0.72904357304006	0
0	0	-23	-1.76213931675747E-19	-0.93189043239831	0
0	0	-22	-5.87497955646339E-17	-1.14757809406442	-7.53075402858645E-17
0	0	-21	0	-1.37262315792213	9.36447509029137E-17
0	0	-20	0	-1.60458093896475	0
0	0	-19	0	-1.84183005741957	0
0	0	-18	0	-2.08321665625948	0
0	0	-17	0	-2.32808709987794	0
0	0	-16	0	-2.57607672471426	0
0	0	-15	0	-2.82714595860203	0
0	0	-14	0	-3.08158971628234	0
0	0	-13	0	-3.34014530363399	0
0	0	-12	4.2948544745488E-20	-3.60415243276121	1.44214380805806E-17
0	0	-11	0	-3.8757591567419	0
0	0	-10	0	-4.1580123821719	0
0	0	-9	0	-4.45489691024977	0
0	0	-8	1.10562793256381E-16	-4.76862762435402	-1.02785290422353E-16
0	0	-7	0	-5.09513110213847	-1.9243622327301E-16
0	0	-6	3.02369522297468E-19	-5.41396070644094	-3.95735028003744E-16
0	0	-5	0	-5.69472674462424	0
0	0	-4	0	-5.91532537477493	0
0	0	-3	0	-6.07252168261022	0
0	0	-2	0	-6.17450588406018	0
0	0	-1	0	-6.23111237175705	0
0	0	0	0	-6.24912146252702	0
0	0	1	0	-6.23079779169516	0
0	0	2	0	-6.17383546591091	0
0	0	3	0	-6.07177785142821	0
0	0	4	0	-5.91471432962993	0
0	0	5	0	-5.69480568229795	0
0	0	6	0	-5.41394611237788	0
0	0	7	0	-5.09526096160479	0
0	0	8	0	-4.76863424660757	0
0	0	9	0	-4.45486194882174	0
0	0	10	0	-4.15802498647109	0
0	0	11	1.27586639058843E-16	-3.87568799648866	0
0	0	12	0	-3.6041815887675	0
0	0	13	0	-3.3402981947731	0
0	0	14	0	-3.08182797607103	0
0	0	15	0	-2.8273912299051	0
0	0	16	0	-2.57632437162757	0
0	0	17	0	-2.32834081524349	0
0	0	18	-1.22938365080949E-16	-2.08347025997394	7.2613649329997E-16
0	0	19	0	-1.84206464097692	0
0	0	20	0	-1.60481552451368	0
0	0	21	0	-1.37287135775873	0
0	0	22	0	-1.14776130029666	0
0	0	23	0	-0.932031728741003	0
0	0	24	0	-0.729125907469179	0
0	0	25	0	-0.543297074954885	0
0	0	26	0	-0.379026700779588	0
0	0	27	0	-0.2391482260325	0
0	0	28	0	-0.122941566475878	0
0	0	29	0	-2.69689616853974E-02	0
0	0	30	1.94023749658806E-18	5.38439494861145E-02	0
0	0	31	0	0.123682625739059	0
0	0	32	0	0.185895907581543	0
0	0	33	0	0.242815630808238	0
0	0	34	0	0.29630708679614	0
0	0	35	0	0.34762819532444	0
0	0	36	0	0.397830841625825	0
0	0	37	0	0.447730405365597	0
0	0	38	0	0.497980475631331	0
0	0	39	-3.99692624514928E-17	0.549095953030223	3.77402682559734E-17
0	0	40	0	0.601474033394684	0
0	0	41	-4.35249364340137E-20	0.655354139359957	0
0	0	42	-3.7797428413198E-17	0.710822201762044	0
0	0	43	0	0.767751552919215	0
0	0	44	0	0.825748000264508	0
0	0	45	0	0.884092121476156	0
0	0	46	0	0.941959918669411	0
0	0	47	0	0.998363382393225	0
0	0	48	0	1.05219796459513	0
0	0	49	0	1.10217374423324	0
0	0	50	0	1.14760190453446	0
0	0	51	0	1.18793987342373	0
0	0	52	0	1.22284659818522	0
0	0	53	0	1.25246319451283	0
0	0	54	0	1.27716981796085	0
0	0	55	0	1.29748428435542	0
0	0	56	0	1.31399153064042	0
0	0	57	0	1.32729262713089	0
0	0	58	0	1.33794049593506	0
0	0	59	0	1.34641945299238	0
0	0	60	-1.08069649010372E-16	1.35316533755467	0
0	0	61	0	1.35853069180508	0
0	0	62	-4.8101299582241E-17	1.36280513664084	2.6274422405162E-18
0	0	63	0	1.3662197578762	0
0	0	64	0	1.36895552510138	0
0	0	65	0	1.37115569496461	0
0	0	66	1.22693489823385E-19	1.37292378070298	0
0	0	67	8.23887138039112E-17	1.37434321771544	0
0	0	68	0	1.37547699710897	0
0	0	69	0	1.37637265772823	0
0	0	70	0	1.37706581511832	0
0	0	71	0	1.37758201441046	0
0	0	72	0	1.37793964096117	0
0	0	73	0	1.37815167432439	0
0	0	74	0	1.37822536657225	0
0	0	75	0	1.37816320710519	0
0	0	76	0	1.37796203545976	0
0	0	77	0	1.3776141039119	0
0	0	78	0	1.37710659065211	0
0	0	79	0	1.37641824252032	0
0	0	80	0	1.37552190707032	0
0	0	81	0	1.37438017879605	0
0	0	82	0	1.37294267562895	0
0	0	83	0	1.37114535499923	0
0	0	84	0	1.36889678601815	0
0	0	85	0	1.36608119247082	0
0	0	86	6.53500228662286E-17	1.36254786402312	0
0	0	87	0	1.35810568156306	0
0	0	88	0	1.35251338320255	0
0	0	89	0	1.34545895425185	0
0	0	90	2.48567903064374E-17	1.33655892150379	0
0	0	91	0	1.32535586162828	0
0	0	92	-5.66872180715732E-20	1.31132283543266	-7.1683787494198E-18
0	0	93	0	1.29388902778491	0
0	0	94	0	1.27245715790619	0
0	0	95	0	1.24647725390443	0
0	0	96	0	1.21552741987458	0
0	0	97	0	1.17953887805498	0
0	0	98	0	1.13861420833381	0
0	0	99	0	1.09310484028213	0
0	0	100	0	1.04377850935216	0
0	0	101	0	0.991768035884944	0
0	0	102	0	0.938437079783894	0
0	0	103	0	0.884903952127422	0
0	0	104	0	0.832155806210446	0
0	0	105	0	0.780971267360797	0
0	0	106	0	0.731988140152035	0
0	0	107	0	0.685580899398244	0
0	0	108	0	0.641934067440922	0
0	0	109	0	0.601082452559899	0
0	0	110	0	0.562961386010413	0
0	0	111	-8.35414778497815E-20	0.527447400589245	-2.60565942695398E-16
0	0	112	0	0.494385091259511	0
0	0	113	0	0.46360492529296	0
0	0	114	0	0.434936917182252	0
0	0	115	9.56624009324432E-18	0.408213449307663	-3.71983506552246E-17
0	0	116	-1.2124289546424E-17	0.383276819694055	-1.22069214308858E-17
0	0	117	0	0.359981806347858	0
0	0	118	0	0.338195479380095	0
0	0	119	0	0.317794897332358	0
0	0	120	0	0.298670767886295	0
0	0	121	0	0.28072795421457	0
0	0	122	3.96165903372019E-18	0.263875168391861	-3.69104045663664E-16
0	0	123	-7.67491577802526E-20	0.248033595867623	-1.91161114522661E-16
0	0	124	-3.00943247682518E-20	0.233131545738065	-6.35158800667163E-17
0	0	125	-4.78093395876041E-18	0.219103537560692	0
0	0	126	1.69905837931911E-20	0.205891066351736	-8.92759934914611E-18
0	0	127	0	0.193441686184532	0
0	0	128	0	0.181705289159443	0
0	0	129	0	0.17063720538979	0
0	0	130	0	0.160198377769603	0
0	0	131	0	0.150350016084276	0
0	0	132	0	0.14105736125359	0
0	0	133	-1.27237743122215E-21	0.132288528241824	-1.35896067561336E-18
0	0	134	0	0.124013064634251	0
0	0	135	0	0.116203178253156	0
0	0	136	3.47220921804644E-18	0.108832725656666	-3.59922483449232E-17
0	0	137	5.46460738762407E-21	0.101877076403279	-6.45270043721082E-18
0	0	138	0	0.095313300450804	0
0	0	139	0	8.91198802745927E-02	0
0	0	140	0	8.32759553824205E-02	0
0	0	141	0	0.077762524231088	0
0	0	142	0	7.25616998175192E-02	0
0	0	143	0	6.76561442751076E-02	0
0	0	144	0	6.30298147945283E-02	0
0	0	145	0	5.86672616508787E-02	0
0	0	146	0	5.45537819186354E-02	0
0	0	147	0	5.06760932639633E-02	0
0	0	148	0	4.70207925815604E-02	0
0	0	149	0	4.35757885394303E-02	0
0	0	150	0	4.03295631158694E-02	0
0	0	151	0	3.72707906470207E-02	0
0	0	152	0	3.43893418924607E-02	0
0	0	153	0	3.16751429677855E-02	0
0	0	154	0	2.91191477481127E-02	0
0	0	155	0	0.02671216034851	0
0	0	156	0	2.44460099496841E-02	0
0	0	157	0	2.23126510258464E-02	0
0	0	158	1.29826427190605E-18	2.03047788424814E-02	-3.85019385469491E-18
0	0	159	0	1.84153533569343E-02	0
0	0	160	0	1.66376089372536E-02	0
0	0	161	0	1.49652312485908E-02	0
0	0	162	0	1.33922534730993E-02	0
0	0	163	0	1.19131431007419E-02	0
0	0	164	0	1.05224566754565E-02	0
0	0	165	0	9.21530662680424E-03	0
0	0	166	0	7.98671237709098E-03	0
0	0	167	0	6.83250496882188E-03	0
0	0	168	0	5.74831157085807E-03	0
0	0	169	0	4.7301013674177E-03	0
0	0	170	0	3.77418612208635E-03	0
0	0	171	-8.58755778541115E-20	2.87698013771262E-03	-6.87516967268179E-18
0	0	172	0	2.0351683291142E-03	0
0	0	173	0	1.24554992404815E-03	0
0	0	174	0	5.05172232720168E-04	0
0	0	175	0	-1.88751879858675E-04	0
0	0	176	0	-8.38894177342517E-04	0
0	0	177	0	-1.44778968893524E-03	0
0	0	178	0	-2.01775275424536E-03	0
0	0	179	0	-2.55101672227561E-03	0
0	0	180	0	-3.04965486317072E-03	0
0	0	181	0	-3.51567789534199E-03	0
0	0	182	3.25525935117763E-19	-3.95091264145713E-03	-1.35604263065318E-19
0	0	183	0	-4.35713765828868E-03	0
0	0	184	0	-4.73604236583301E-03	0
0	0	185	1.7631424197808E-19	-5.08913704279116E-03	-6.42482469559158E-18
0	0	186	0	-5.41795893150265E-03	0
0	0	187	0	-5.72387388482546E-03	0
0	0	188	-3.85984158399277E-22	-6.00814395990311E-03	0
0	0	189	0	-6.27199962060671E-03	0
0	0	190	0	-6.51669095675297E-03	0
0	0	191	0	-6.74326487409384E-03	0
0	0	192	0	-6.95278550659223E-03	0
0	0	193	0	-7.14616731036364E-03	0
0	0	194	0	-7.32445323550937E-03	0
0	0	195	0	-7.48842552030345E-03	0
0	0	196	0	-7.63891271622251E-03	0
0	0	197	0	-7.77674182054773E-03	0
0	0	198	0	-7.90258273656067E-03	0
0	0	199	0	-8.01715366697295E-03	0
0	0	200	0	-8.12113266977711E-03	0
0	0	201	0	-8.21511500087208E-03	0
0	0	202	0	-8.29966486241521E-03	0
0	0	203	0	-8.37536015479447E-03	0
0	0	204	0	-8.44269545139733E-03	0
0	0	205	0	-8.50218315470051E-03	0
0	0	206	0	-8.55428053566618E-03	0
0	0	207	1.87801421409716E-22	-8.59940026481485E-03	4.14113538807918E-19
0	0	208	2.99038629049307E-19	-8.63798893048533E-03	0
0	0	209	0	-8.67042620723897E-03	0
0	0	210	1.21150743896057E-21	-8.69706294706413E-03	-5.0618349475018E-19
0	0	211	-1.94804200713281E-21	-8.71827155442677E-03	0
0	0	212	-3.66011808674341E-19	-8.73436406084555E-03	0
0	0	213	0	-8.74566000580529E-03	0
0	0	214	0	-8.75244370981978E-03	0
0	0	215	0	-8.7549896727362E-03	0
0	0	216	0	-8.75358518787505E-03	0
0	0	217	0	-8.74844257064491E-03	0
0	0	218	0	-8.73982776806347E-03	0
0	0	219	0	-8.72795124768771E-03	0
0	0	220	0	-8.71300201662839E-03	0
0	0	221	0	-8.69519649274762E-03	0
0	0	222	0	-8.6747143511912E-03	0
0	0	223	0	-8.65172663835793E-03	0
0	0	224	0	-8.62640883750507E-03	0
0	0	225	0	-8.59893307710993E-03	0
0	0	226	0	-8.56943554931124E-03	0
0	0	227	0	-8.53805138598543E-03	0
0	0	228	0	-8.50490788312295E-03	0
0	0	229	0	-8.47013526485837E-03	0
0	0	230	0	-8.43387054041959E-03	0
0	0	231	0	-8.39620182927557E-03	0
0	0	232	0	-8.35724067268433E-03	0
0	0	233	-1.21381233294146E-21	-8.31708703695555E-03	0
0	0	234	1.00724455023159E-18	-8.27583661251491E-03	2.70406967031645E-18
0	0	235	0	-8.23357902555703E-03	0
0	0	236	4.41948361339499E-19	-8.19039655140818E-03	-8.87588565568393E-19
0	0	237	0	-8.14637226510986E-03	0
0	0	238	0	-8.10157313402636E-03	0
0	0	239	6.30091396283785E-22	-8.05608450291994E-03	4.55217159055197E-19
0	0	240	0	-8.00998119262453E-03	0
0	0	241	2.75690795249588E-22	-7.96330064671311E-03	-2.73937228486622E-20
0	0	242	0	-7.91612201119925E-03	0
0	0	243	2.72383957430232E-22	-7.86849090011574E-03	8.19835887697224E-19
0	0	244	2.33834520114327E-19	-7.82046189256374E-03	9.35338080457309E-19
0	0	245	0	-7.77208433212581E-03	0
0	0	246	0	-7.72341986168762E-03	0
0	0	247	0	-7.67448486387342E-03	0
0	0	248	0	-7.62534601977833E-03	0
0	0	249	0	-7.57602597212693E-03	-1.02762941645842E-18
0	0	250	5.06211401055737E-22	-7.52657112061803E-03	8.48829240494751E-19
0	0	251	-1.10419724356507E-18	-7.47701744973006E-03	1.10419724356507E-18
0	0	252	0	-7.42739416371011E-03	0
0	0	253	5.36644279420165E-23	-7.37773272734228E-03	1.03473074623187E-19
0	0	254	6.38515540280689E-22	-7.3280663369762E-03	7.96284131528084E-19
0	0	255	-5.51372461896492E-19	-7.27841591660425E-03	1.77979893530973E-18
0	0	256	9.7477852310411E-19	-7.22881310481196E-03	2.27017014344528E-18
0	0	257	9.68002980581501E-19	-7.17927623415692E-03	1.979372925868E-18
0	0	258	0	-7.12983715210587E-03	0
0	0	259	0	-7.08051180223229E-03	0
0	0	260	1.0649414617235E-21	-7.03129195031549E-03	2.05945938512711E-18
0	0	261	-2.28048917035123E-22	-6.98224256239887E-03	-9.83825019120072E-19
0	0	262	0	-6.93336759962842E-03	0
0	0	263	0	-6.88467198978197E-03	0
0	0	264	0	-6.83619574915917E-03	0
0	0	265	0	-6.78793887776001E-03	0
0	0	266	0	-6.73990137558451E-03	0
0	0	267	0	-6.69208324263267E-03	0
0	0	268	0	-6.64448447890447E-03	0
0	0	269	0	-6.59710508439992E-03	0
0	0	270	-4.75045851260589E-19	-6.55014208261159E-03	0
0	0	271	0	-6.50342230491889E-03	0
0	0	272	0	-6.45691505589613E-03	0
0	0	273	0	-6.4107284691064E-03	0
0	0	274	0	-6.36486254454969E-03	0
0	0	275	0	-6.31931728222601E-03	0
0	0	276	0	-6.27409268213536E-03	0
0	0	277	0	-6.22918874427773E-03	0
0	0	278	0	-6.18460546865313E-03	0
0	0	279	0	-6.14034285526155E-03	0
0	0	280	0	-6.09639975223924E-03	0
0	0	281	0	-6.05279843775535E-03	0
0	0	282	0	-6.00954618187006E-03	0
0	0	283	0	-5.96664298458334E-03	0
0	0	284	0	-5.92408884589522E-03	0
0	0	285	0	-5.88188376580568E-03	0
0	0	286	0	-5.84002774431473E-03	0
0	0	287	0	-5.79852078142236E-03	0
0	0	288	0	-5.75736287712859E-03	0
0	0	289	0	-5.7165540314334E-03	0
0	0	290	0	-5.6760942443368E-03	0
0	0	291	0	-5.63598080787556E-03	0
0	0	292	0	-5.59619367666182E-03	0
0	0	293	0	-5.55674979226121E-03	0
0	0	294	0	-5.51764915467373E-03	0
0	0	295	0	-5.47912462063471E-03	0
0	0	296	-5.1141612417338E-22	-5.44092614776577E-03	0
0	0	297	0	-5.40295831027026E-03	0
0	0	298	4.27027169430307E-22	-5.36533219574601E-03	9.34471370632889E-19
0	0	299	6.2015008251751E-23	-5.32804780419302E-03	1.42453187973427E-19
0	0	300	-1.75000586696524E-22	-5.2911051356113E-03	0
0	0	301	-3.82564346821513E-22	-5.25450419000083E-03	0
0	0	302	0	-5.21824496736164E-03	0
0	0	303	-1.89156363360439E-22	-5.1823274676937E-03	0
0	0	304	6.5411417230798E-23	-5.14675169099703E-03	2.03842494876737E-19
0	0	305	-1.19778396402863E-22	-5.11151763727162E-03	0
0	0	306	-2.17467916688269E-22	-5.07662530651747E-03	0
0	0	307	-3.58194907713141E-22	-5.04207469873459E-03	0
0	0	308	-1.15526776302229E-22	-5.00786581392297E-03	0
0	0	309	2.52002147226462E-23	-4.97399865208261E-03	1.29336805195555E-19
0	0	310	-4.30374707394711E-23	-4.94047321321352E-03	0
0	0	311	7.13490240673016E-23	-4.90728949731568E-03	5.06854114559925E-19
0	0	312	0	-4.87444783281012E-03	0
0	0	313	0	-4.84194802882722E-03	0
0	0	314	0	-4.8100066412792E-03	0
0	0	315	0	-4.77820047332924E-03	0
0	0	316	0	-4.74668687620515E-03	0
0	0	317	0	-4.71546584990694E-03	0
0	0	318	0	-4.68453739443461E-03	0
0	0	319	0	-4.65390150978816E-03	0
0	0	320	0	-4.62355819596758E-03	0
0	0	321	0	-4.59350745297289E-03	0
0	0	322	0	-4.56374928080406E-03	0
0	0	323	0	-4.53428367946112E-03	0
0	0	324	0	-4.50511064894405E-03	0
0	0	325	0	-4.47623018925287E-03	0
0	0	326	0	-4.44764230038756E-03	0
0	0	327	0	-4.41934698234813E-03	0
0	0	328	0	-4.39134423513457E-03	0
0	0	329	0	-4.36363405874689E-03	0
0	0	330	0	-4.33621645318509E-03	0
0	0	331	0	-4.30909141844917E-03	0
0	0	332	0	-4.28225895453913E-03	0
0	0	333	0	-4.25571906145496E-03	0
0	0	334	0	-4.22947173919667E-03	0
0	0	335	-1.67706178728794E-22	-4.20355397889381E-03	0
0	0	336	1.6632785289755E-22	-4.17786229564742E-03	3.08509126507101E-19
0	0	337	-8.24747635331429E-23	-4.15241569308604E-03	0
0	0	338	-2.45356801852533E-22	-4.12721417120968E-03	0
0	0	339	-4.4603040736033E-22	-4.10225773001833E-03	0
0	0	340	-1.60814549572513E-22	-4.07754636951198E-03	0
0	0	341	-3.18872447482499E-22	-4.05308008969065E-03	0
0	0	342	-3.95144744775011E-23	-4.02885889055433E-03	0
0	0	343	-2.35019358118108E-22	-4.00488277210302E-03	0
0	0	344	-4.27078427180556E-22	-3.98115173433672E-03	0
0	0	345	-1.15442190312172E-22	-3.95766577725544E-03	0
0	0	346	-3.05089189169934E-22	-3.93442490085916E-03	0
0	0	347	0	-3.91143004484733E-03	0
0	0	348	0	-3.88870479978829E-03	0
0	0	349	0	-3.86619575975918E-03	0
0	0	350	0	-0.00384390292476	0
0	0	351	0	-3.82182629479076E-03	0
0	0	352	0	-3.79996586985144E-03	0
0	0	353	0	-3.77832164994206E-03	0
0	0	354	0	-3.75689363506261E-03	0
0	0	355	0	-3.73568182521309E-03	0
0	0	356	0	-3.71468622039351E-03	0
0	0	357	0	-3.69390682060385E-03	0
0	0	358	0	-3.67334362584413E-03	0
0	0	359	0	-3.65299663611434E-03	0
0	0	360	0	-3.63286585141447E-03	0
0	0	361	0	-3.61295127174455E-03	0
0	0	362	0	-3.59325289710455E-03	0
0	0	363	0	-3.57377072749448E-03	0
0	0	364	0	-3.55450476291435E-03	0
0	0	365	-8.50627236965054E-20	-3.53543105088507E-03	0
0	0	366	-8.43236566909621E-20	-3.51654023299131E-03	0
0	0	367	-8.42141305778215E-20	-3.49786003677368E-03	0
0	0	368	-8.35664940409107E-20	-3.47939046223217E-03	0
0	0	369	-8.33586776377807E-20	-3.46113150936678E-03	0
0	0	370	-8.28082762332633E-20	-3.44308317817751E-03	0
0	0	371	-8.25467737047446E-20	-3.42524546866436E-03	0
0	0	372	-8.21033836146564E-20	-3.40761838082733E-03	0
0	0	373	-8.17823902969883E-20	-3.39020191466642E-03	0
0	0	374	1.20895817810591E-21	-3.37262892394817E-03	3.63416564363844E-19
0	0	375	1.04559720729749E-21	-3.35539665675833E-03	3.63416564363844E-19
0	0	376	3.11377495231407E-22	-3.33832308133439E-03	3.63416564363844E-19
0	0	377	2.53720682004905E-22	-3.32140819767637E-03	3.63416564363844E-19
0	0	378	3.9212773755687E-22	-3.30465200578426E-03	3.63416564363844E-19
0	0	379	2.76814111103867E-22	-3.28805450565806E-03	3.63416564363844E-19
0	0	380	1.61500484650859E-22	-3.27161569729778E-03	3.63416564363844E-19
0	0	381	4.61868581978519E-23	-3.25533558070341E-03	3.63416564363844E-19
0	0	382	-6.33662042338934E-23	-3.23921415587495E-03	3.63416564363844E-19
0	0	383	0	-3.22325142281241E-03	3.8648101792631E-19
0	0	384	-2.99754021161175E-22	-3.20744738151578E-03	3.63416564363844E-19
0	0	385	-4.1506764761418E-22	-3.19180203198506E-03	3.63416564363844E-19
0	0	386	0	-3.17631561419076E-03	0
0	0	387	1.54873327215942E-22	-3.16098932622452E-03	6.28401494104788E-19
0	0	388	0	-3.1458232911234E-03	0
0	0	389	0	-3.1308175088874E-03	0
0	0	390	8.93876893503025E-23	-3.11597197951652E-03	1.21717210551694E-18
0	0	391	7.96735049490206E-24	-3.10128670301076E-03	6.01980905643033E-19
0	0	392	-5.75182873707447E-23	-3.08676167937012E-03	1.19075151705519E-18
0	0	393	-5.95323980596566E-23	-3.07239690859459E-03	5.35246010374687E-19
0	0	394	0	-3.05819239068419E-03	0
0	0	395	-1.51569410428521E-22	-3.04414812563891E-03	6.27883982379576E-19
0	0	396	-1.36559688700365E-22	-3.03059382853183E-03	-3.5741451761528E-19
0	0	397	-3.61393866654491E-23	-3.01692312037306E-03	-3.5741451761528E-19
0	0	398	1.08262921298972E-22	-3.0033704058795E-03	-3.5741451761528E-19
0	0	399	4.65962123509112E-23	-2.98993568505119E-03	-3.5741451761528E-19
0	0	400	5.88066057543201E-22	-2.97661895788809E-03	-3.5741451761528E-19
0	0	401	4.01681208139635E-22	-2.96342022439023E-03	-3.5741451761528E-19
0	0	402	5.09329387507606E-22	-2.9503394845576E-03	-3.5741451761528E-19
0	0	403	7.71221958594517E-22	-2.93737673839019E-03	-3.5741451761528E-19
0	0	404	-3.41719425356766E-19	-2.92455057323137E-03	0
0	0	405	-3.40181750513262E-19	-2.91184845457043E-03	0
0	0	406	-3.38126852590449E-19	-2.89926355538473E-03	0
0	0	407	-3.36733890396159E-19	-2.88679587567425E-03	0
0	0	408	-3.35573752552071E-19	-2.87444541543901E-03	0
0	0	409	-3.33456335521426E-19	-2.86221217467899E-03	0
0	0	410	-3.3263287861655E-19	-2.85009615339421E-03	0
0	0	411	-3.3094468616934E-19	-2.83809735158465E-03	0
0	0	412	-3.29531526167068E-19	-2.82621576925032E-03	0
0	0	413	-3.2808403051407E-19	-2.81445140639122E-03	0
0	0	414	-3.26957215901521E-19	-2.80280426300735E-03	0
0	0	415	-3.25519681158778E-19	-2.79127433909871E-03	0
0	0	416	-3.24015450375712E-19	-2.7798616346653E-03	0
0	0	417	-3.22794853289524E-19	-2.76856614970712E-03	0
0	0	418	-3.21243990092276E-19	-2.75738788422417E-03	0
0	0	419	0	-2.74636527123628E-03	0
0	0	420	0	-2.73545218633045E-03	0
0	0	421	0	-2.72463831050232E-03	0
0	0	422	0	-2.71392364375188E-03	0
0	0	423	0	-2.70330818607913E-03	0
0	0	424	0	-2.69279193748406E-03	0
0	0	425	0	-2.68237489796669E-03	0
0	0	426	0	-2.67205706752701E-03	0
0	0	427	0	-2.66183844616502E-03	0
0	0	428	0	-2.65171903388072E-03	0
0	0	429	0	-2.64169883067411E-03	0
0	0	430	0	-2.63177783654519E-03	0
0	0	431	0	-2.62195605149396E-03	0
0	0	432	0	-2.61223347552042E-03	0
0	0	433	0	-2.60261010862457E-03	0
0	0	434	0	-2.59308595080641E-03	0
0	0	435	0	-2.58366100206594E-03	0
0	0	436	0	-2.57433526240316E-03	0
0	0	437	0	-2.56510873181807E-03	0
0	0	438	0	-2.55598141031067E-03	0
0	0	439	0	-2.54695329788097E-03	0
0	0	440	0	-2.53802439452895E-03	0
0	0	441	0	-2.52965619113358E-03	0
0	0	442	0	-2.52088340431131E-03	0
0	0	443	0	-2.51220591604129E-03	0
0	0	444	0	-2.50362372632353E-03	0
0	0	445	0	-2.49513683515802E-03	0
0	0	446	0	-2.48674524254476E-03	0
0	0	447	0	-2.47844894848376E-03	0
0	0	448	0	-2.47024795297501E-03	0
0	0	449	0	-2.46214765754673E-03	0
0	0	450	0	-2.45427150786374E-03	0
0	0	451	0	-2.44646128299999E-03	0
0	0	452	0	-2.43871698295549E-03	0
0	0	453	0	-2.43103860773025E-03	0
0	0	454	0	-2.42342615732424E-03	0
0	0	455	0	-2.41587963173749E-03	0
0	0	456	0	-2.40839903096998E-03	0
0	0	457	0	-2.40098435502173E-03	0
0	0	458	0	-2.39363560389272E-03	0
0	0	459	0	-2.38635277758295E-03	0
0	0	460	0	-2.37913587609244E-03	0
0	0	461	0	-2.37198489942117E-03	0
0	0	462	0	-2.36489984756915E-03	0
0	0	463	0	-2.35788072053638E-03	0
0	0	464	0	-2.35092751832286E-03	0
0	0	465	0	-2.34404024092858E-03	0
0	0	466	0	-2.33721888835356E-03	0
0	0	467	0	-2.33046346059777E-03	0
0	0	468	0	-2.32377395766124E-03	0
0	0	469	0	-2.31715037954396E-03	0
0	0	470	0	-2.31059272624592E-03	0
0	0	471	0	-2.30410099776713E-03	0
0	0	472	0	-2.29767519410759E-03	0
0	0	473	0	-2.2913153152673E-03	0
0	0	474	0	-2.28502136124625E-03	0
0	0	475	0	-2.27879333204445E-03	0
0	0	476	0	-2.2726312276619E-03	0
0	0	477	0	-2.2665350480986E-03	0
0	0	478	0	-2.26050479335455E-03	0
0	0	479	0	-2.25454046342974E-03	0
0	0	480	0	-2.24864205832418E-03	0
0	0	481	0	-2.24280957803787E-03	0
0	0	482	0	-2.23704302257081E-03	0
0	0	483	0	-2.23134239192299E-03	0
0	0	484	0	-2.22570768609443E-03	0
0	0	485	0	-2.22013890508511E-03	0
0	0	486	0	-2.21463604889503E-03	0
0	0	487	0	-2.20919911752421E-03	0
0	0	488	0	-2.20382811097263E-03	0
0	0	489	0	-2.19852302924031E-03	0
0	0	490	0	-2.19328387232722E-03	0
0	0	491	0	-2.18811064023339E-03	0
0	0	492	0	-2.18300333295881E-03	0
0	0	493	0	-2.17796195050347E-03	0
0	0	494	0	-2.17298649286738E-03	0
0	0	495	0	-2.16807696005054E-03	0
0	0	496	0	-2.16323335205294E-03	0
0	0	497	0	-2.1584556688746E-03	0
0	0	498	0	-2.1537439105155E-03	0
0	0	499	0	-2.14909807697565E-03	0
0	0	500	0	-2.14451816825505E-03	0
0	0	501	-6.20496121600899E-20	-2.14065652519857E-03	-5.76555602996114E-20
0	0	502	-6.26387256241438E-20	-2.13612926797925E-03	3.88222037885973E-20
0	0	503	-6.11354139869026E-20	-2.1316637872255E-03	-1.41934970437053E-19
0	0	504	-6.17923158659821E-20	-2.12726008293734E-03	-5.95523737288388E-20
0	0	505	-6.14203249687815E-20	-2.12291815511477E-03	-9.12264219389075E-20
0	0	506	-6.19408728836928E-20	-2.11863800375778E-03	-3.02447647801406E-20
0	0	507	-6.15510295434246E-20	-2.11441962886638E-03	-6.14812071011668E-20
0	0	508	-6.28902140641215E-20	-2.11026303044056E-03	5.66707218113609E-20
0	0	509	-6.02727941375518E-20	-2.10616820848032E-03	-1.41934970437053E-19
0	0	510	-6.15241703473691E-20	-2.10213516298567E-03	-4.9036533234439E-20
0	0	511	-6.10450965846573E-20	-2.09816389395661E-03	-7.82859601974959E-20
0	0	512	-6.25034276039016E-20	-2.09425440139313E-03	1.89977496837234E-20
0	0	513	0	-2.09035845779913E-03	0
0	0	514	-6.00818975692493E-20	-2.08650124030869E-03	0
0	0	515	-5.96793284068813E-20	-2.08265873053099E-03	0
0	0	516	2.57080720215941E-22	-2.07929994422012E-03	-1.10413549615689E-19
0	0	517	2.74604204752058E-22	-2.07563342118342E-03	-9.81835559222979E-20
0	0	518	4.84399304121079E-22	-2.07201465812015E-03	2.08400228699427E-20
0	0	519	4.92994147763949E-22	-2.06844365503031E-03	3.09232054647906E-20
0	0	520	2.27318583905137E-22	-2.06492041191389E-03	-1.15817140617777E-19
0	0	521	0	-2.0614449287709E-03	-2.45787698133926E-19
0	0	522	4.24875031499471E-22	-2.05801720560133E-03	8.27280226051426E-21
0	0	523	2.0499698167204E-22	-2.05463724240519E-03	-1.19929625690389E-19
0	0	524	1.97556447594333E-22	-2.05130503918248E-03	-1.21311842966221E-19
0	0	525	0	-2.04802059593319E-03	-2.44187104384797E-19
0	0	526	3.83618296821756E-22	-2.04478391265733E-03	7.58525342473405E-21
0	0	527	1.75234845361236E-22	-2.04159498935489E-03	-1.25492661548601E-19
0	0	528	1.67794311283529E-22	-2.03845382602588E-03	-1.26897656661023E-19
0	0	529	1.76389154926426E-22	-2.0353604226703E-03	-1.16871418657648E-19
0	0	530	3.21117810569108E-22	-2.03231477928814E-03	-5.87599727082515E-21
0	0	531	3.05492689005923E-22	-2.02931689587941E-03	-9.25554609258321E-21
0	0	532	1.38032174972744E-22	-2.02636677244411E-03	-1.32574581702182E-19
0	0	533	1.30591640895038E-22	-2.02346440898223E-03	-1.3400804911034E-19
0	0	534	2.58617324316419E-22	-2.02060980549378E-03	-1.94283593127417E-20
0	0	535	2.42992202753235E-22	-2.01780296197875E-03	-2.28306859710891E-20
0	0	536	1.0827003866194E-22	-2.01504387843715E-03	-1.38342618089698E-19
0	0	537	1.00829504584233E-22	-2.01233255486898E-03	-1.39798863334446E-19
0	0	538	1.9611683806373E-22	-2.00966899127423E-03	-3.30718327010155E-20
0	0	539	9.45432800717264E-23	-2.00705318765291E-03	-1.3307102810998E-19
0	0	540	7.85079023511362E-23	-2.00448514400502E-03	-1.44201765823572E-19
0	0	541	0	-2.00196486033055E-03	-2.38695842851855E-19
0	0	542	1.33616351811041E-22	-1.99949233662951E-03	-4.68064174356466E-20
0	0	543	6.18049301298426E-23	-1.99706757290189E-03	-1.39710316747038E-19
0	0	544	4.87457660403315E-23	-1.9946905691477E-03	-1.50152024903803E-19
0	0	545	0	-1.99236132536694E-03	-2.37550805834513E-19
0	0	546	7.11158655583546E-23	-1.9900798415596E-03	-6.0632113516635E-20
0	0	547	2.90665801879583E-23	-1.98784611772569E-03	-1.46440716730453E-19
0	0	548	2.08819927025016E-23	-1.9856601538652E-03	-1.48137552874175E-19
0	0	549	1.15430956518395E-23	-1.98352194997814E-03	-1.57717974084907E-19
0	0	550	-1.1813481499877E-19	-1.98141068716524E-03	1.63218639994303E-19
0	0	551	-1.1801995142979E-19	-1.97933818218618E-03	1.63218639994303E-19
0	0	552	-1.17904072196298E-19	-0.001977308172691	1.63218639994303E-19
0	0	553	-1.17735314013854E-19	-1.9753206586797E-03	2.18837947050049E-19
0	0	554	-1.17664126155927E-19	-1.97337564015228E-03	1.63218639994303E-19
0	0	555	-1.1754360839852E-19	-1.97147311710874E-03	1.63218639994303E-19
0	0	556	-1.17416074843775E-19	-1.96961308954909E-03	1.94475069831828E-19
0	0	557	-1.17311088010357E-19	-1.96779555747331E-03	1.80301779007464E-19
0	0	558	-1.17193340397889E-19	-1.96602052088142E-03	1.63218639994303E-19
0	0	559	-1.17103665415726E-19	-1.96428797977341E-03	1.72994692372399E-19
0	0	560	-1.16995540091597E-19	-1.96259793414928E-03	1.63218639994303E-19
0	0	561	-1.1689554621817E-19	-1.96095038400903E-03	1.63218639994303E-19
0	0	562	-1.16789030111669E-19	-1.95934532935266E-03	1.63218639994303E-19
0	0	563	-1.16692328483429E-19	-1.95778277018017E-03	1.63218639994303E-19
0	0	564	-1.16585555572643E-19	-1.95626270649157E-03	1.63218639994303E-19
0	0	565	-1.16592800535301E-19	-1.95478513828684E-03	2.09221968774692E-19
0	0	566	-1.16385116474518E-19	-0.001953350065566	1.63218639994303E-19
0	0	567	-1.16294999336652E-19	-1.95195748832904E-03	1.63218639994303E-19
0	0	568	-1.16315780799244E-19	-1.95060740657596E-03	1.80311594562569E-19
0	0	569	-1.16229751671757E-19	-1.94929982030676E-03	1.74932821842265E-19
0	0	570	-1.15993344600973E-19	-1.94803472952144E-03	1.63218639994303E-19
0	0	571	-1.16034943656796E-19	-0.00194681213422	1.63218639994303E-19
0	0	572	-9.52153962045769E-23	-1.94563367012992E-03	8.61010537805709E-20
0	0	573	-1.17629126359588E-22	-1.94449951045046E-03	1.28545193739613E-19
0	0	574	-7.07051520984757E-23	-1.94340787228199E-03	9.97046404188233E-20
0	0	575	-5.77196508445889E-23	-1.94235875562451E-03	1.18722314499069E-19
0	0	576	-1.25389930070858E-23	-1.94135216047803E-03	5.13984596226825E-20
0	0	577	1.41279010990937E-24	-1.94038808684254E-03	7.02577001667907E-20
0	0	578	1.45168991609605E-23	-1.93946653471804E-03	4.69623206108241E-20
0	0	579	4.00640646357171E-23	-1.93858750410453E-03	6.39203587212784E-20
0	0	580	8.90845528479316E-23	-1.93775099500201E-03	9.11275319977836E-20
0	0	581	1.02329940909965E-22	-1.93695700741048E-03	7.48579224584961E-20
0	0	582	4.4118439390979E-23	-1.93620554132995E-03	2.44864559488545E-20
0	0	583	1.17366613687301E-22	-1.9354965967604E-03	5.12456758302541E-20
0	0	584	9.5684575665134E-23	-1.93483017370185E-03	3.36539035752484E-20
0	0	585	1.48216993802452E-22	-1.93420627215429E-03	4.26629176655046E-20
0	0	586	2.27946583118833E-22	-1.93362489211772E-03	5.42615627605814E-20
0	0	587	2.33602995286685E-22	-1.93308603359214E-03	4.62851915270753E-20
0	0	588	3.20992200002728E-22	-1.93258969657756E-03	5.31034833247101E-20
0	0	589	1.74990327948528E-22	-1.93213588107396E-03	2.4175238620288E-20
0	0	590	1.76852252169309E-22	-1.93172458708136E-03	2.03454865396728E-20
0	0	591	2.71971711790499E-22	-1.93135581459975E-03	2.5896310048205E-20
0	0	592	3.7868655376944E-22	-1.93102956362913E-03	2.95459311230837E-20
0	0	593	4.03809882211182E-22	-1.9307458341695E-03	2.54266591835007E-20
0	0	594	5.11420366547775E-22	-1.93050462622087E-03	2.5404961713902E-20
0	0	595	2.44491982589467E-22	-1.93030593978322E-03	9.25513901002641E-21
0	0	596	2.58019928673482E-22	-1.93014977485657E-03	7.03706950409708E-21
0	0	597	3.8792553536789E-22	-1.93003613144091E-03	6.88428571166837E-21
0	0	598	4.8870140715697E-22	-1.92996500953624E-03	4.45873798669469E-21
0	0	599	4.26576809893695E-22	-1.92993640914256E-03	5.46944266156037E-22
0	0	600	9.00401775811316E-22	-1.93038028723615E-03	-2.28209989211523E-07
