# KICKMAP
# Author: MagNet User. Date: 2022-07-28
# Total Length of Longitudinal Interval [m]
1.2
# Number of Horizontal Points
43
# Number of Vertical Points
31
# Horizontal KickTable [T2m2]
START
               -1.0500000e-02 -1.0000000e-02 -9.5000000e-03 -9.0000000e-03 -8.5000000e-03 -8.0000000e-03 -7.5000000e-03 -7.0000000e-03 -6.5000000e-03 -6.0000000e-03 -5.5000000e-03 -5.0000000e-03 -4.5000000e-03 -4.0000000e-03 -3.5000000e-03 -3.0000000e-03 -2.5000000e-03 -2.0000000e-03 -1.5000000e-03 -1.0000000e-03 -5.0000000e-04 +0.0000000e+00 +5.0000000e-04 +1.0000000e-03 +1.5000000e-03 +2.0000000e-03 +2.5000000e-03 +3.0000000e-03 +3.5000000e-03 +4.0000000e-03 +4.5000000e-03 +5.0000000e-03 +5.5000000e-03 +6.0000000e-03 +6.5000000e-03 +7.0000000e-03 +7.5000000e-03 +8.0000000e-03 +8.5000000e-03 +9.0000000e-03 +9.5000000e-03 +1.0000000e-02 +1.0500000e-02 
+0.0000000e+00 +8.9381515e-03 +8.4217249e-03 +7.8616429e-03 +7.2799604e-03 +6.6795381e-03 +6.0789071e-03 +5.4917689e-03 +4.9147842e-03 +4.3568335e-03 +3.8245196e-03 +3.3369114e-03 +2.8830640e-03 +2.4520852e-03 +2.0698358e-03 +1.7168436e-03 +1.3951898e-03 +1.1090275e-03 +7.9111238e-01 +7.3601426e-04 +6.4321292e-04 +6.1453485e-04 +6.4421589e-04 +7.2547831e-04 +8.5105500e-04 +1.0300142e-03 +1.2559054e-03 +1.5344487e-03 +1.8744023e-03 +2.2662841e-03 +2.7166701e-03 +3.2177374e-03 +3.7715769e-03 +4.3764663e-03 +5.0238809e-03 +5.7170976e-03 +6.4541496e-03 +7.2336871e-03 +8.0276555e-03 +8.8593073e-03 +9.7206992e-03 +1.0589793e-02 +1.1475024e-02 +1.2362099e-02 
+1.0000000e-04 +8.9308814e-03 +8.4210595e-03 +7.8617848e-03 +7.2812957e-03 +6.6837648e-03 +6.0832792e-03 +5.4926815e-03 +4.9107696e-03 +4.3550363e-03 +3.8240743e-03 +3.3366492e-03 +2.8813657e-03 +2.4578329e-03 +2.0742089e-03 +1.7177159e-03 +1.3945883e-03 +1.1114293e-03 +8.9809595e-04 +7.3634144e-04 +6.3908250e-04 +6.1277897e-04 +6.4083941e-04 +7.2353361e-04 +8.5192313e-04 +1.0282212e-03 +1.2542049e-03 +1.5388917e-03 +1.8725989e-03 +2.2665932e-03 +2.7158138e-03 +3.2218088e-03 +3.7756782e-03 +4.3766052e-03 +5.0246752e-03 +5.7172116e-03 +6.4500995e-03 +7.2186497e-03 +8.0290822e-03 +8.8649478e-03 +9.7194289e-03 +1.0590087e-02 +1.1473135e-02 +1.2361906e-02 
+2.0000000e-04 +8.9377419e-03 +8.4211954e-03 +7.8645226e-03 +7.2807562e-03 +6.6875835e-03 +6.0870531e-03 +5.4893662e-03 +4.9094211e-03 +4.3521058e-03 +3.8274182e-03 +3.3343304e-03 +2.8757107e-03 +2.4628121e-03 +2.0723922e-03 +1.7133205e-03 +1.3942042e-03 +1.1147830e-03 +8.8642560e-04 +7.3355617e-04 +6.3697152e-04 +6.1020293e-04 +6.3842689e-04 +7.1944368e-04 +8.4953625e-04 +1.0257191e-03 +1.2534350e-03 +1.5336347e-03 +1.8709538e-03 +2.2650528e-03 +2.7132449e-03 +3.2179201e-03 +3.7757611e-03 +4.3756009e-03 +5.0244281e-03 +5.7127299e-03 +6.4451252e-03 +7.2194086e-03 +8.0283795e-03 +8.8653018e-03 +9.7199385e-03 +1.0592424e-02 +1.1470560e-02 +1.2361806e-02 
+3.0000000e-04 +8.9483907e-03 +8.4239056e-03 +7.8682778e-03 +7.2821730e-03 +6.6886015e-03 +6.0841552e-03 +5.4857956e-03 +4.9061008e-03 +4.3532581e-03 +3.8255320e-03 +3.3280637e-03 +2.8751526e-03 +2.4606462e-03 +2.0668953e-03 +1.7042883e-03 +1.3893199e-03 +1.1131522e-03 +8.8171265e-04 +7.2419664e-04 +6.3243041e-04 +6.0134465e-04 +6.3190675e-04 +7.1286434e-04 +8.4933714e-04 +1.0220028e-03 +1.2468061e-03 +1.5268223e-03 +1.8641623e-03 +2.2571616e-03 +2.7084907e-03 +3.2141469e-03 +3.7715983e-03 +4.3723935e-03 +5.0189040e-03 +5.7077609e-03 +6.4425983e-03 +7.2178514e-03 +8.0264529e-03 +8.8630115e-03 +9.7198332e-03 +1.0589150e-02 +1.1475440e-02 +1.2362269e-02 
+4.0000000e-04 +8.9569794e-03 +8.4336793e-03 +7.8714847e-03 +7.2892451e-03 +6.6849949e-03 +6.0805098e-03 +5.4837190e-03 +4.9025683e-03 +4.3442136e-03 +3.8203681e-03 +3.3266334e-03 +2.8707084e-03 +2.4578017e-03 +2.0573014e-03 +1.7020165e-03 +1.3781214e-03 +1.1058240e-03 +8.7460532e-04 +7.1430036e-04 +6.2374950e-04 +5.9463419e-04 +6.3004495e-04 +7.1020152e-04 +8.3865889e-04 +1.0168036e-03 +1.2456005e-03 +1.5201056e-03 +1.8560521e-03 +2.2483415e-03 +2.7023735e-03 +3.2080145e-03 +3.7624387e-03 +4.3664995e-03 +5.0150388e-03 +5.7016916e-03 +6.4381776e-03 +7.2134686e-03 +8.0213932e-03 +8.8585639e-03 +9.7152693e-03 +1.0589707e-02 +1.1475004e-02 +1.2364646e-02 
+5.0000000e-04 +8.9655382e-03 +8.4334309e-03 +7.8724218e-03 +7.2899029e-03 +6.6856434e-03 +6.0797134e-03 +5.4817312e-03 +4.8972625e-03 +4.3394237e-03 +3.8132566e-03 +3.3221674e-03 +2.8637130e-03 +2.4491147e-03 +2.0563669e-03 +1.7000377e-03 +1.3729844e-03 +1.0941956e-03 +8.6506057e-04 +6.9764338e-04 +6.1189314e-04 +5.8365547e-04 +6.1998137e-04 +7.0093041e-04 +8.2931381e-04 +1.0054464e-03 +1.2320703e-03 +1.5116213e-03 +1.8464516e-03 +2.2438451e-03 +2.6913392e-03 +3.1988042e-03 +3.7535095e-03 +4.3578787e-03 +5.0031377e-03 +5.6956898e-03 +6.4333071e-03 +7.2074005e-03 +8.0170675e-03 +8.8543047e-03 +9.7149638e-03 +1.0588393e-02 +1.1473443e-02 +1.2365760e-02 
+6.0000000e-04 +8.9760125e-03 +8.4489380e-03 +7.8806847e-03 +7.2889917e-03 +6.6842957e-03 +6.0788547e-03 +5.4792137e-03 +4.8924885e-03 +4.3331812e-03 +3.8038939e-03 +3.3151039e-03 +2.8541631e-03 +2.4407539e-03 +2.0528641e-03 +1.6938080e-03 +1.3636066e-03 +1.0798489e-03 +8.5317187e-04 +6.8716044e-04 +5.9574820e-04 +5.7230070e-04 +6.0413380e-04 +6.8763999e-04 +8.2102050e-04 +9.9388787e-04 +1.2216710e-03 +1.4962736e-03 +1.8338121e-03 +2.2274833e-03 +2.6812119e-03 +3.1892158e-03 +3.7430531e-03 +4.3470585e-03 +4.9937959e-03 +5.6866418e-03 +6.4228418e-03 +7.1978426e-03 +8.0096239e-03 +8.8487657e-03 +9.7086835e-03 +1.0586714e-02 +1.1473120e-02 +1.2366895e-02 
+7.0000000e-04 +8.9884707e-03 +8.4625943e-03 +7.8901039e-03 +7.2922656e-03 +6.6871451e-03 +6.0801387e-03 +5.4756432e-03 +4.8870111e-03 +4.3260923e-03 +3.7944898e-03 +3.3055772e-03 +2.8509025e-03 +2.4285705e-03 +2.0473498e-03 +1.6839046e-03 +1.3529357e-03 +1.0637088e-03 +8.3531265e-04 +6.6790489e-04 +5.7491819e-04 +5.5490676e-04 +5.9091985e-04 +6.7641413e-04 +8.0626310e-04 +9.8310563e-04 +1.2061165e-03 +1.4789621e-03 +1.8163877e-03 +2.2136044e-03 +2.6668178e-03 +3.1719897e-03 +3.7297376e-03 +4.3350574e-03 +4.9833380e-03 +5.6760667e-03 +6.4112135e-03 +7.1898030e-03 +8.0038464e-03 +8.8425912e-03 +9.7053735e-03 +1.0581466e-02 +1.1469184e-02 +1.2368339e-02 
+8.0000000e-04 +9.0014249e-03 +8.4727120e-03 +7.8953892e-03 +7.2954777e-03 +6.6887799e-03 +6.0781998e-03 +5.4714227e-03 +4.8845434e-03 +4.3178979e-03 +3.7812999e-03 +3.2883438e-03 +2.8391936e-03 +2.4156419e-03 +2.0353735e-03 +1.6739100e-03 +1.3362734e-03 +1.0477503e-03 +8.1464062e-04 +6.5071220e-04 +5.5751647e-04 +5.3913801e-04 +5.7644997e-04 +6.6271771e-04 +7.9425224e-04 +9.6980187e-04 +1.1893379e-03 +1.4629049e-03 +1.7978033e-03 +2.1954801e-03 +2.6489978e-03 +3.1553244e-03 +3.7174129e-03 +4.3225316e-03 +4.9703022e-03 +5.6638884e-03 +6.3965053e-03 +7.1802020e-03 +7.9980517e-03 +8.8349248e-03 +9.6992814e-03 +1.0579001e-02 +1.1461343e-02 +1.2373573e-02 
+9.0000000e-04 +9.0205874e-03 +8.4804975e-03 +7.8992717e-03 +7.3006232e-03 +6.6903009e-03 +6.0747047e-03 +5.4656701e-03 +4.8748208e-03 +4.3040115e-03 +3.7702980e-03 +3.2752361e-03 +2.8259941e-03 +2.4052500e-03 +2.0208800e-03 +1.6613466e-03 +1.3226239e-03 +1.0273100e-03 +7.9205736e-04 +6.2665844e-04 +5.2971416e-04 +5.1804286e-04 +5.6150628e-04 +6.5023437e-04 +7.7822532e-04 +9.4772129e-04 +1.1747184e-03 +1.4511384e-03 +1.7784857e-03 +2.1771113e-03 +2.6298790e-03 +3.1386618e-03 +3.7060240e-03 +4.3084210e-03 +4.9571499e-03 +5.6455814e-03 +6.3821572e-03 +7.1679259e-03 +7.9820616e-03 +8.8303859e-03 +9.6940178e-03 +1.0567083e-02 +1.1457760e-02 +1.2381360e-02 
+1.0000000e-03 +9.0462491e-03 +8.5000796e-03 +7.9133187e-03 +7.3010509e-03 +6.6917648e-03 +6.0705585e-03 +5.4603762e-03 +4.8667426e-03 +4.2873140e-03 +3.7586903e-03 +3.2513898e-03 +2.8093208e-03 +2.3966577e-03 +2.0108574e-03 +1.6510851e-03 +1.3001934e-03 +1.0029024e-03 +7.7166969e-04 +5.8797734e-04 +5.0839326e-04 +5.0073943e-04 +5.5129442e-04 +6.3560706e-04 +7.6421732e-04 +9.2917859e-04 +1.1546306e-03 +1.4293670e-03 +1.7632243e-03 +2.1582674e-03 +2.6076547e-03 +3.1231432e-03 +3.6806109e-03 +4.2897553e-03 +4.9368940e-03 +5.6223156e-03 +6.3666729e-03 +7.1521440e-03 +7.9701249e-03 +8.8251148e-03 +9.6963715e-03 +1.0565991e-02 +1.1454779e-02 +1.2366748e-02 
+1.1000000e-03 +9.0695046e-03 +8.4829320e-03 +7.9152718e-03 +7.2988677e-03 +6.6760877e-03 +6.0371820e-03 +5.4619275e-03 +4.8547644e-03 +4.2871058e-03 +3.7545347e-03 +3.2544498e-03 +2.7787737e-03 +2.3941229e-03 +2.0131644e-03 +1.6335113e-03 +1.2849746e-03 +9.7572494e-04 +7.3333653e-04 +5.6502710e-04 +4.8613211e-04 +4.7473010e-04 +5.1840846e-04 +6.0713071e-04 +7.4251455e-04 +9.0772737e-04 +1.1222940e-03 +1.3673144e-03 +1.7413881e-03 +2.1288457e-03 +2.5969700e-03 +3.0891238e-03 +3.6627672e-03 +4.2613533e-03 +4.9186336e-03 +5.6141569e-03 +6.3471198e-03 +7.0640357e-03 +7.9549147e-03 +8.8242892e-03 +9.6998526e-03 +1.0558319e-02 +1.1447179e-02 +1.2292614e-02 
+1.2000000e-03 +9.1142262e-03 +8.5180727e-03 +7.9387666e-03 +7.3044800e-03 +6.6699792e-03 +6.0546478e-03 +5.4351019e-03 +4.8508004e-03 +4.2701177e-03 +3.7338117e-03 +3.2303066e-03 +2.7922413e-03 +2.3829951e-03 +1.9944233e-03 +1.6083646e-03 +1.2621748e-03 +9.5094342e-04 +7.0091904e-04 +5.2942581e-04 +4.6410974e-04 +4.5358979e-04 +4.9519378e-04 +5.9309191e-04 +6.9539283e-04 +8.6588194e-04 +1.0639501e-03 +1.3577935e-03 +1.7095681e-03 +2.1089496e-03 +2.5390393e-03 +3.0752783e-03 +3.6313222e-03 +4.2486853e-03 +4.9232947e-03 +5.5851424e-03 +6.3443746e-03 +7.1030479e-03 +7.9533587e-03 +8.8273798e-03 +9.6841252e-03 +1.0546484e-02 +1.1442263e-02 +1.2305779e-02 
+1.3000000e-03 +9.1067964e-03 +8.5343487e-03 +7.9466333e-03 +7.3176082e-03 +6.6802664e-03 +6.0788865e-03 +5.4525432e-03 +4.8161661e-03 +4.2659740e-03 +3.7047809e-03 +3.2308414e-03 +2.7706958e-03 +2.3486100e-03 +1.9827061e-03 +1.6083394e-03 +1.2632707e-03 +9.3255814e-04 +6.3870903e-04 +4.7513874e-04 +4.0231127e-04 +4.1283057e-04 +5.1120224e-04 +5.3701392e-04 +6.6380659e-04 +8.5350554e-04 +1.0581305e-03 +1.3770937e-03 +1.6950189e-03 +2.0674953e-03 +2.5135578e-03 +3.0376609e-03 +3.6255070e-03 +4.1997202e-03 +4.8732788e-03 +5.5601133e-03 +6.3498801e-03 +7.1388393e-03 +7.9137555e-03 +8.8070069e-03 +9.6554893e-03 +1.0531207e-02 +1.1478389e-02 +1.2377248e-02 
+1.4000000e-03 +9.1441336e-03 +8.5821895e-03 +7.9448703e-03 +7.3224120e-03 +6.6953980e-03 +6.1035469e-03 +5.4511753e-03 +4.8025857e-03 +4.2474970e-03 +3.6952870e-03 +3.1724704e-03 +2.7384105e-03 +2.3274205e-03 +1.9713448e-03 +1.5731323e-03 +1.2495654e-03 +9.1661326e-04 +6.2837345e-04 +4.5351163e-04 +3.7466809e-04 +4.1127623e-04 +4.7841302e-04 +5.5185335e-04 +6.9902430e-04 +8.2313399e-04 +1.0591841e-03 +1.3537722e-03 +1.6481298e-03 +2.0339641e-03 +2.5474225e-03 +3.0336963e-03 +3.6024642e-03 +4.2045942e-03 +4.8370914e-03 +5.5537645e-03 +6.3156757e-03 +7.1343661e-03 +7.9195697e-03 +8.7817199e-03 +9.6640493e-03 +1.0539785e-02 +1.1491528e-02 +1.2394732e-02 
+1.5000000e-03 +9.1764612e-03 +8.6111200e-03 +7.9765406e-03 +7.3100546e-03 +6.7094284e-03 +6.1036108e-03 +5.4523622e-03 +4.7953039e-03 +4.1838181e-03 +3.6359368e-03 +3.1499188e-03 +2.6980476e-03 +2.3057257e-03 +1.9646371e-03 +1.6204482e-03 +1.2073631e-03 +8.7974074e-04 +6.1452992e-04 +4.2761075e-04 +3.4905559e-04 +3.6501214e-04 +4.2102344e-04 +5.1703583e-04 +6.6117379e-04 +8.1304829e-04 +1.0135984e-03 +1.2897819e-03 +1.6376523e-03 +2.0027586e-03 +2.4752270e-03 +3.0144680e-03 +3.5732871e-03 +4.1908138e-03 +4.8197907e-03 +5.5333429e-03 +6.2701967e-03 +7.0965989e-03 +7.9227321e-03 +8.7744480e-03 +9.6503763e-03 +1.0557459e-02 +1.1457804e-02 +1.2367949e-02 
+1.6000000e-03 +9.2180822e-03 +8.6331836e-03 +7.9999274e-03 +7.3170645e-03 +6.7074038e-03 +6.0905998e-03 +5.4258163e-03 +4.7865563e-03 +4.1386282e-03 +3.6281244e-03 +3.1234475e-03 +2.6951781e-03 +2.3078478e-03 +1.9257826e-03 +1.5631289e-03 +1.1699644e-03 +8.2539885e-04 +5.4568263e-04 +3.6403576e-04 +2.9399185e-04 +3.1137469e-04 +3.6338018e-04 +5.0617765e-04 +6.2815573e-04 +7.7478331e-04 +9.7691123e-04 +1.2232399e-03 +1.5839709e-03 +1.9247219e-03 +2.4092494e-03 +2.9492181e-03 +3.5441575e-03 +4.1731339e-03 +4.7993267e-03 +5.5431830e-03 +6.2361103e-03 +7.1141664e-03 +7.9120812e-03 +8.7703129e-03 +9.6511883e-03 +1.0554586e-02 +1.1451302e-02 +1.2374667e-02 
+1.7000000e-03 +9.2471689e-03 +8.6618322e-03 +8.0124100e-03 +7.3775212e-03 +6.7211186e-03 +6.0494739e-03 +5.4059970e-03 +4.7814887e-03 +4.1285608e-03 +3.5872548e-03 +3.0918436e-03 +2.6732526e-03 +2.2984559e-03 +1.9054589e-03 +1.5330533e-03 +1.1399064e-03 +7.9074026e-04 +4.9301412e-04 +3.3494919e-04 +2.2218300e-04 +2.8494505e-04 +3.6513754e-04 +4.7169699e-04 +5.9113896e-04 +7.8611402e-04 +9.3935365e-04 +1.1867625e-03 +1.5367059e-03 +1.9305172e-03 +2.3737381e-03 +2.9181899e-03 +3.4934558e-03 +4.1449207e-03 +4.7734568e-03 +5.4830683e-03 +6.1997280e-03 +7.0366199e-03 +7.9010708e-03 +8.7755487e-03 +9.6454573e-03 +1.0544679e-02 +1.1430033e-02 +1.2412191e-02 
+1.8000000e-03 +9.2811480e-03 +8.6675566e-03 +8.0066862e-03 +7.3993077e-03 +6.7234545e-03 +6.0264515e-03 +5.3717064e-03 +4.7626157e-03 +4.1206071e-03 +3.5694218e-03 +3.0800450e-03 +2.6435071e-03 +2.3054665e-03 +1.8987334e-03 +1.5100038e-03 +1.1193732e-03 +7.1461037e-04 +4.6222069e-04 +2.6876240e-04 +1.6818062e-04 +2.4109664e-04 +3.2732455e-04 +4.7376825e-04 +5.3620455e-04 +7.4405684e-04 +9.0493205e-04 +1.1560448e-03 +1.4723273e-03 +1.9109291e-03 +2.3298425e-03 +2.8854632e-03 +3.4652549e-03 +4.1083528e-03 +4.7505023e-03 +5.4498584e-03 +6.1647434e-03 +6.9856539e-03 +7.8792223e-03 +8.7653793e-03 +9.6547874e-03 +1.0505087e-02 +1.1380124e-02 +1.2380663e-02 
+1.9000000e-03 +9.3028545e-03 +8.6814449e-03 +8.0498511e-03 +7.3978000e-03 +6.7312195e-03 +6.0249592e-03 +5.3443891e-03 +4.7266187e-03 +4.1211327e-03 +3.5287873e-03 +3.0546460e-03 +2.6072617e-03 +2.3028502e-03 +1.8778243e-03 +1.5041393e-03 +1.1154118e-03 +6.8499927e-04 +3.9715959e-04 +1.9997978e-04 +9.3683791e-05 +2.0596832e-04 +3.0179443e-04 +4.1938399e-04 +5.2744409e-04 +6.6138109e-04 +8.7354724e-04 +1.1000875e-03 +1.4264946e-03 +1.8496324e-03 +2.3278527e-03 +2.8427413e-03 +3.4250686e-03 +4.0576940e-03 +4.7192389e-03 +5.4024418e-03 +6.1010859e-03 +6.9338767e-03 +7.8689139e-03 +8.7671743e-03 +9.6625459e-03 +1.0531541e-02 +1.1382806e-02 +1.2346514e-02 
+2.0000000e-03 +9.3104541e-03 +8.7099310e-03 +8.1067994e-03 +7.3888223e-03 +6.7281752e-03 +6.0117264e-03 +5.3115052e-03 +4.6942176e-03 +4.0852909e-03 +3.5407557e-03 +3.0919143e-03 +2.5753723e-03 +2.2498742e-03 +1.8778121e-03 +1.5203582e-03 +1.0609792e-03 +6.4375307e-04 +3.3660697e-04 +1.1872572e-04 +4.9378827e-05 +1.5481470e-04 +2.8181898e-04 +3.8905520e-04 +5.0422192e-04 +6.1724940e-04 +8.4056551e-04 +1.0529111e-03 +1.3889036e-03 +1.7843916e-03 +2.3162560e-03 +2.8230109e-03 +3.3836737e-03 +4.0232045e-03 +4.6902902e-03 +5.3261559e-03 +6.0444960e-03 +6.8770942e-03 +7.8031751e-03 +8.7616914e-03 +9.6505190e-03 +1.0578665e-02 +1.1363045e-02 +1.2332046e-02 
+2.1000000e-03 +9.3438547e-03 +8.7658062e-03 +8.0461554e-03 +7.3150552e-03 +6.7228258e-03 +5.9999069e-03 +5.3094856e-03 +4.6960687e-03 +4.1342590e-03 +3.5588663e-03 +2.9639513e-03 +2.5333459e-03 +2.2029121e-03 +1.8869195e-03 +1.4929916e-03 +1.0229346e-03 +6.1346290e-04 +2.6169846e-04 +2.5196057e-05 -3.2842089e-05 +9.9925111e-05 +2.6574515e-04 +3.9069413e-04 +4.7796087e-04 +5.7359547e-04 +8.0781478e-04 +1.0266914e-03 +1.4157678e-03 +1.7561522e-03 +2.2882262e-03 +2.8094252e-03 +3.3667793e-03 +3.9948444e-03 +4.6540129e-03 +5.3253335e-03 +5.9936995e-03 +6.7870598e-03 +7.7760458e-03 +8.7665108e-03 +9.5966744e-03 +1.0467986e-02 +1.1370353e-02 +1.2286048e-02 
+2.2000000e-03 +9.3377949e-03 +8.8064255e-03 +8.0001895e-03 +7.3394877e-03 +6.6954139e-03 +6.0008271e-03 +5.3062906e-03 +4.6846145e-03 +4.0970690e-03 +3.4917095e-03 +2.8590887e-03 +2.4494178e-03 +2.1593274e-03 +1.8702651e-03 +1.4869455e-03 +9.7714990e-04 +5.4423044e-04 +1.1329925e-04 -6.7451826e-05 -1.2272803e-04 +4.2913497e-05 +2.8670564e-04 +3.5746211e-04 +4.3276145e-04 +5.1614091e-04 +7.8929542e-04 +1.0255162e-03 +1.3521032e-03 +1.6438302e-03 +2.2994226e-03 +2.7834156e-03 +3.2866631e-03 +3.9934581e-03 +4.6145795e-03 +5.3003143e-03 +5.8575685e-03 +6.7580261e-03 +7.7840597e-03 +8.8164912e-03 +9.5366681e-03 +1.0454721e-02 +1.1355327e-02 +1.2288014e-02 
+2.3000000e-03 +9.4144609e-03 +8.8854804e-03 +8.0409182e-03 +7.3468562e-03 +6.7446090e-03 +6.0335524e-03 +5.3271987e-03 +4.6706351e-03 +4.0008918e-03 +3.3727177e-03 +2.9202706e-03 +2.4234804e-03 +2.0729037e-03 +1.8973234e-03 +1.5318976e-03 +9.7581934e-04 +4.8445613e-04 +7.0254634e-05 -1.7027103e-04 -1.4519678e-04 +2.7030118e-05 +1.2841008e-04 +2.8533362e-04 +4.2769953e-04 +5.5308397e-04 +6.5375551e-04 +9.6888276e-04 +1.2689338e-03 +1.5365223e-03 +2.2342704e-03 +2.7296879e-03 +3.2999643e-03 +3.9790475e-03 +4.5938431e-03 +5.2578521e-03 +5.8073257e-03 +6.6871361e-03 +7.7900095e-03 +8.9318296e-03 +9.5910854e-03 +1.0483713e-02 +1.1362833e-02 +1.2263388e-02 
+2.4000000e-03 +9.5252212e-03 +8.9249449e-03 +8.1599081e-03 +7.3198546e-03 +6.8137187e-03 +6.1018204e-03 +5.3156406e-03 +4.6052991e-03 +3.8827419e-03 +3.2880813e-03 +2.8319555e-03 +2.3749228e-03 +2.0284789e-03 +1.9360439e-03 +1.5196920e-03 +8.9129067e-04 +4.4460610e-04 +2.4572135e-05 -2.1950244e-04 -1.9184421e-04 +8.1352387e-05 +1.4648334e-04 +2.6599939e-04 +4.3303119e-04 +4.9765655e-04 +5.2858647e-04 +8.9213508e-04 +1.1815241e-03 +1.4340075e-03 +2.1355428e-03 +2.7591101e-03 +3.2557849e-03 +3.9225286e-03 +4.5568803e-03 +5.2377310e-03 +5.9210405e-03 +6.6455160e-03 +7.6818542e-03 +8.9986063e-03 +9.6575867e-03 +1.0458024e-02 +1.1441584e-02 +1.2269552e-02 
+2.5000000e-03 +1.0040007e-02 +9.5762536e-03 +9.3939699e-03 +8.0195051e-03 +7.6619116e-03 +6.7035674e-03 +5.9979667e-03 +5.3055994e-03 +5.1404670e-03 +4.3944036e-03 +4.5513839e-03 +3.9923272e-03 +3.5041987e-03 +2.8617360e-03 +2.5092841e-03 +2.2627338e-03 +1.3334116e-03 +1.5736698e-03 +1.0115863e-03 +8.5025629e-04 -5.5851214e-05 +1.1261498e-04 +2.0127802e-04 +4.0885807e-04 +3.4525862e-04 +4.5093164e-04 +7.4508757e-04 +1.1304345e-03 +1.3665086e-03 +2.0273169e-03 +2.7471677e-03 +3.2007752e-03 +3.8097553e-03 +4.5517892e-03 +5.1930498e-03 +5.8760188e-03 +6.7737796e-03 +7.7214170e-03 +9.0337395e-03 +9.7719971e-03 +1.0524762e-02 +1.1444127e-02 +1.2392991e-02 
+2.6000000e-03 +9.3333398e-03 +8.9359383e-03 +8.8700008e-03 +8.1606494e-03 +6.5973845e-03 +5.7686431e-03 +5.2495021e-03 +4.2962841e-03 +3.8265864e-03 +3.5020276e-03 +3.3456479e-03 +3.2765020e-03 +2.2514602e-03 +1.8370420e-03 +1.4865635e-03 +1.1192656e-03 +3.0239470e-04 -5.0248630e-04 -5.5870737e-04 -4.6276994e-04 +2.1682324e-04 +6.7371614e-04 +4.7885972e-04 +2.6445638e-04 +1.0318685e-04 +1.4423889e-03 +1.6508539e-03 +1.3838599e-03 +2.0572256e-03 +2.0821455e-03 +2.5518371e-03 +3.3493084e-03 +3.8952763e-03 +4.4211454e-03 +5.1335170e-03 +6.0224348e-03 +8.2697727e-03 +8.8409222e-03 +9.5254288e-03 +1.0048104e-02 +1.0958085e-02 +1.2424278e-02 +1.3979271e-02 
+2.7000000e-03 +9.0147024e-03 +8.6443630e-03 +8.1628074e-03 +7.2084978e-03 +6.4408269e-03 +5.7439816e-03 +4.6122789e-03 +4.3009310e-03 +3.1938697e-03 +2.9331615e-03 +2.9736381e-03 +2.1403891e-03 +1.3760220e-03 +1.6054252e-03 +9.5051103e-04 +6.0966324e-04 -2.1253813e-04 -8.3559030e-04 -1.2302563e-03 -1.0557513e-03 -9.7185972e-04 -8.3278243e-04 -1.5606980e-04 -8.4177001e-05 +4.2425768e-04 +6.3477913e-04 +1.1063369e-03 +1.3394852e-03 +1.0514995e-03 +1.9033735e-03 +2.4482673e-03 +2.8785151e-03 +3.3295037e-03 +4.1272814e-03 +4.8980247e-03 +7.2014594e-03 +8.6063412e-03 +8.7454597e-03 +9.4640231e-03 +1.0388416e-02 +1.1000289e-02 +1.1540286e-02 +1.3116506e-02 
+2.8000000e-03 +9.2005856e-03 +8.8768194e-03 +7.5233032e-03 +6.9472550e-03 +6.2758624e-03 +5.9472583e-03 +4.5918740e-03 +4.1676127e-03 +3.1945460e-03 +2.8462733e-03 +1.8920066e-03 +1.3815147e-03 +1.3059556e-03 +1.7513456e-03 +9.8462349e-04 +3.6688140e-04 -2.3688776e-04 -7.7067898e-04 -1.0619387e-03 -1.5585656e-03 -1.4800332e-03 -1.4752854e-03 -3.7678491e-04 -2.9412465e-05 +1.9984326e-05 +4.5324574e-04 +4.1364961e-04 +8.8546920e-04 +1.3093984e-03 +1.2656227e-03 +2.3225802e-03 +2.9416805e-03 +3.2564504e-03 +3.9275010e-03 +5.8270607e-03 +7.3538771e-03 +6.7413645e-03 +6.8353540e-03 +7.4306702e-03 +1.0216745e-02 +1.0244379e-02 +1.1413917e-02 +1.2645916e-02 
+2.9000000e-03 +9.5977717e-03 +8.0246646e-03 +7.2026156e-03 +6.6628433e-03 +6.3137069e-03 +5.8569139e-03 +5.5480655e-03 +4.4585398e-03 +3.4379051e-03 +2.8133516e-03 +1.8234387e-03 +1.0440237e-03 +1.4750701e-03 +1.7229552e-03 +1.3990307e-03 +4.4915201e-04 +1.9506622e-04 -1.2502333e-03 -1.1609582e-03 -9.7959408e-04 -5.2790769e-04 +2.9012709e-04 -3.9168715e-05 +2.8543015e-04 -2.4254316e-04 +1.0501876e-04 +5.6265658e-04 +3.8085742e-04 +8.3847662e-04 +2.2821569e-03 +2.1025723e-03 +3.0359564e-03 +3.6516663e-03 +3.9316547e-03 +5.7799380e-03 +7.5279797e-03 +6.6216119e-03 +6.3901602e-03 +7.0070048e-03 +7.5587832e-03 +1.0220455e-02 +1.1272306e-02 +1.2638540e-02 
+3.0000000e-03 +9.3208119e-03 +8.1837409e-03 +7.5884175e-03 +7.2283121e-03 +6.3061781e-03 +6.3860226e-03 +5.7212001e-03 +4.6399380e-03 +3.9176105e-03 +2.7640184e-03 +2.1931509e-03 +1.6812789e-03 +1.7299458e-03 +2.6193148e-03 +2.0477286e-03 +7.8555626e-04 -4.9350052e-04 -1.1841199e-03 -9.5218967e-04 -1.0215872e-03 -2.0059683e-04 +2.9186156e-04 +2.9943531e-04 -2.4784343e-04 +2.1854260e-04 +3.1969244e-04 +7.2366121e-05 +1.5316133e-04 +1.3383133e-03 +2.5497830e-03 +1.9598719e-03 +3.0398837e-03 +3.7478241e-03 +4.6688285e-03 +6.0024987e-03 +4.6757311e-03 +5.7596252e-03 +6.4142772e-03 +6.6360334e-03 +7.0331199e-03 +7.7248266e-03 +1.1573529e-02 +1.2760597e-02 
# Vertical KickTable [T2m2]
START
               -1.0500000e-02 -1.0000000e-02 -9.5000000e-03 -9.0000000e-03 -8.5000000e-03 -8.0000000e-03 -7.5000000e-03 -7.0000000e-03 -6.5000000e-03 -6.0000000e-03 -5.5000000e-03 -5.0000000e-03 -4.5000000e-03 -4.0000000e-03 -3.5000000e-03 -3.0000000e-03 -2.5000000e-03 -2.0000000e-03 -1.5000000e-03 -1.0000000e-03 -5.0000000e-04 +0.0000000e+00 +5.0000000e-04 +1.0000000e-03 +1.5000000e-03 +2.0000000e-03 +2.5000000e-03 +3.0000000e-03 +3.5000000e-03 +4.0000000e-03 +4.5000000e-03 +5.0000000e-03 +5.5000000e-03 +6.0000000e-03 +6.5000000e-03 +7.0000000e-03 +7.5000000e-03 +8.0000000e-03 +8.5000000e-03 +9.0000000e-03 +9.5000000e-03 +1.0000000e-02 +1.0500000e-02 
+0.0000000e+00 +3.6975752e-17 +2.2470190e-17 +1.3843373e-17 +2.5347370e-17 +4.9667280e-18 +1.1798004e-17 +1.2629407e-17 +1.5251451e-19 -1.5851289e-18 +8.3700291e-18 +3.3912041e-18 +5.0158186e-18 -8.0824737e-18 +4.1862612e-18 +5.7271915e-18 +4.6157768e-18 -7.3011564e-19 -6.3197600e-09 +4.1188066e-20 +6.2603705e-18 +1.2143207e-19 +3.5310292e-18 +1.8252661e-18 +7.2340266e-19 +1.6930006e-18 -1.1896984e-17 -5.2079041e-18 -5.8436595e-18 -5.3726304e-18 -2.3646406e-18 -1.8016136e-18 -2.9454685e-18 +2.8851899e-19 -9.0377359e-18 +1.3843701e-10 -1.6113452e-17 -1.4993432e-17 -2.8454330e-17 -3.7571548e-17 -2.6076439e-17 -4.3859324e-17 -4.1607674e-17 -4.2130374e-17 
+1.0000000e-04 -1.1607753e-05 -4.3902080e-06 +4.2376798e-06 +6.3531740e-06 +7.8031793e-06 +7.2179323e-06 +3.1189783e-06 +4.1911000e-06 -2.4381022e-06 -6.9150013e-06 -1.8784952e-05 -2.1581994e-05 -3.7266105e-05 -3.9629113e-05 -5.0494845e-05 -5.0343986e-05 -5.7272390e-05 -7.6288532e-05 -8.6900100e-05 -9.8596714e-05 -1.1269491e-04 -1.2516791e-04 -1.3448368e-04 -1.4265980e-04 -1.5197811e-04 -1.6283284e-04 -1.7185832e-04 -1.8522086e-04 -1.9606374e-04 -2.0778054e-04 -2.1924847e-04 -2.2505651e-04 -2.3691664e-04 -2.4934946e-04 -2.5538271e-04 -2.6617970e-04 -2.7002555e-04 -2.7529095e-04 -2.8031533e-04 -2.8455650e-04 -2.8674791e-04 -2.9086139e-04 -2.8996054e-04 
+2.0000000e-04 -2.5372289e-05 -9.1121173e-06 +6.1465740e-06 +1.2438196e-05 +1.6684427e-05 +1.3808868e-05 +9.5211219e-06 +4.0272381e-06 -6.7966978e-06 -1.7806775e-05 -3.6264048e-05 -4.5953024e-05 -6.2483349e-05 -7.5568698e-05 -9.1433669e-05 -1.0226209e-04 -1.2322804e-04 -1.5114543e-04 -1.7249767e-04 -2.0137112e-04 -2.2543262e-04 -2.4790987e-04 -2.6681962e-04 -2.8648008e-04 -3.0674472e-04 -3.2557343e-04 -3.4871517e-04 -3.6878557e-04 -3.9355214e-04 -4.1495204e-04 -4.3645380e-04 -4.5580065e-04 -4.7246921e-04 -4.9232024e-04 -5.0884809e-04 -5.2646247e-04 -5.3536656e-04 -5.5283893e-04 -5.6080200e-04 -5.6863837e-04 -5.7522482e-04 -5.8029333e-04 -5.7697433e-04 
+3.0000000e-04 -3.8349980e-05 -1.3500155e-05 +8.2209792e-06 +2.0103550e-05 +2.4801433e-05 +2.2396070e-05 +1.6069543e-05 +5.4318319e-06 -9.6481866e-06 -2.9468594e-05 -5.4740253e-05 -7.2293065e-05 -9.4234008e-05 -1.1230424e-04 -1.3282964e-04 -1.5640045e-04 -1.9005156e-04 -2.2351624e-04 -2.6213669e-04 -3.0204191e-04 -3.3801700e-04 -3.7258809e-04 -4.0075097e-04 -4.2874522e-04 -4.5800884e-04 -4.9060265e-04 -5.2202499e-04 -5.5384345e-04 -5.8938690e-04 -6.2196808e-04 -6.5390953e-04 -6.8718547e-04 -7.0949750e-04 -7.3638267e-04 -7.6312580e-04 -7.8623329e-04 -8.0549147e-04 -8.2932302e-04 -8.4160548e-04 -8.5116631e-04 -8.5952697e-04 -8.6415468e-04 -8.6514986e-04 
+4.0000000e-04 -5.1814051e-05 -1.2719792e-05 +9.5662036e-06 +2.9445642e-05 +3.3402783e-05 +3.1309462e-05 +2.3340698e-05 +6.8429125e-06 -1.2513513e-05 -4.0737543e-05 -6.9354112e-05 -9.9280916e-05 -1.2681652e-04 -1.5288804e-04 -1.7538847e-04 -2.0989018e-04 -2.5123307e-04 -2.9596919e-04 -3.4834195e-04 -4.0334666e-04 -4.5425730e-04 -4.9753704e-04 -5.3617985e-04 -5.7188378e-04 -6.1064292e-04 -6.5097735e-04 -6.9625025e-04 -7.4019470e-04 -7.8632848e-04 -8.2949493e-04 -8.7112655e-04 -9.1181488e-04 -9.4609168e-04 -9.8201245e-04 -1.0185442e-03 -1.0501192e-03 -1.0784449e-03 -1.1051505e-03 -1.1240801e-03 -1.1365631e-03 -1.1463726e-03 -1.1518660e-03 -1.1544051e-03 
+5.0000000e-04 -6.5000466e-05 -1.5102366e-05 +1.1006147e-05 +3.6407268e-05 +4.2427749e-05 +4.0609438e-05 +3.0834026e-05 +1.0528505e-05 -1.8240213e-05 -5.0761816e-05 -8.4139781e-05 -1.2601190e-04 -1.5843909e-04 -1.8898909e-04 -2.2004197e-04 -2.6159142e-04 -3.1259620e-04 -3.6896779e-04 -4.3555603e-04 -5.0249027e-04 -5.6382688e-04 -6.2067179e-04 -6.6705444e-04 -7.1471536e-04 -7.6397767e-04 -8.1270270e-04 -8.6980754e-04 -9.2597878e-04 -9.8368850e-04 -1.0377628e-03 -1.0915605e-03 -1.1395210e-03 -1.1850222e-03 -1.2292155e-03 -1.2760287e-03 -1.3153013e-03 -1.3511537e-03 -1.3807943e-03 -1.4033287e-03 -1.4219276e-03 -1.4337995e-03 -1.4397120e-03 -1.4448489e-03 
+6.0000000e-04 -7.5728648e-05 -2.0239549e-05 +1.7498172e-05 +4.4762959e-05 +5.0597135e-05 +4.9297100e-05 +3.5936257e-05 +1.0720802e-05 -2.1870754e-05 -6.0814796e-05 -1.0090025e-04 -1.5241820e-04 -1.9103145e-04 -2.2454635e-04 -2.6589738e-04 -3.1080861e-04 -3.7471880e-04 -4.4106501e-04 -5.2181770e-04 -6.0463410e-04 -6.7950413e-04 -7.4510853e-04 -8.0065948e-04 -8.5691106e-04 -9.1706099e-04 -9.7576334e-04 -1.0438160e-03 -1.1127302e-03 -1.1827411e-03 -1.2476162e-03 -1.3098180e-03 -1.3660526e-03 -1.4228320e-03 -1.4754513e-03 -1.5293701e-03 -1.5816172e-03 -1.6229666e-03 -1.6574406e-03 -1.6849755e-03 -1.7071284e-03 -1.7193563e-03 -1.7288309e-03 -1.7342610e-03 
+7.0000000e-04 -8.9127848e-05 -2.3873076e-05 +2.0319914e-05 +5.0733413e-05 +6.1337802e-05 +5.9422220e-05 +4.3376369e-05 +1.2492052e-05 -2.3152176e-05 -7.0991132e-05 -1.1954573e-04 -1.7540739e-04 -2.2399381e-04 -2.6207083e-04 -3.1029381e-04 -3.6308709e-04 -4.3432561e-04 -5.1278161e-04 -6.1054362e-04 -7.0716333e-04 -7.9378698e-04 -8.6836979e-04 -9.3454528e-04 -1.0018680e-03 -1.0688697e-03 -1.1384725e-03 -1.2156258e-03 -1.2985018e-03 -1.3781101e-03 -1.4545777e-03 -1.5284486e-03 -1.5948567e-03 -1.6597080e-03 -1.7212549e-03 -1.7832321e-03 -1.8424098e-03 -1.8936253e-03 -1.9322035e-03 -1.9661005e-03 -1.9913882e-03 -2.0094784e-03 -2.0204309e-03 -2.0258281e-03 
+8.0000000e-04 -9.6889367e-05 -2.5150601e-05 +2.6937076e-05 +5.8930609e-05 +7.0667390e-05 +6.9040401e-05 +4.9115363e-05 +1.6983193e-05 -2.4485362e-05 -8.2356616e-05 -1.4001985e-04 -1.9956247e-04 -2.5758907e-04 -3.0040059e-04 -3.5309110e-04 -4.1290725e-04 -4.9132408e-04 -5.8819479e-04 -6.9750522e-04 -8.0812545e-04 -9.0801043e-04 -9.9625991e-04 -1.0731085e-03 -1.1451818e-03 -1.2203100e-03 -1.3021440e-03 -1.3907110e-03 -1.4832784e-03 -1.5753789e-03 -1.6639961e-03 -1.7478163e-03 -1.8250468e-03 -1.8982028e-03 -1.9665786e-03 -2.0364759e-03 -2.1046943e-03 -2.1667618e-03 -2.2105812e-03 -2.2498390e-03 -2.2775600e-03 -2.2980068e-03 -2.3106196e-03 -2.3219755e-03 
+9.0000000e-04 -1.0690564e-04 -2.6807378e-05 +3.3528824e-05 +6.6908401e-05 +8.0847380e-05 +7.7578847e-05 +5.6321130e-05 +1.9765772e-05 -2.7626196e-05 -9.0418257e-05 -1.5796231e-04 -2.2764381e-04 -2.8744676e-04 -3.4220750e-04 -3.9320989e-04 -4.6394813e-04 -5.5212354e-04 -6.5932573e-04 -7.8497396e-04 -9.1275216e-04 -1.0252191e-03 -1.1179356e-03 -1.2083938e-03 -1.2883767e-03 -1.3733638e-03 -1.4640162e-03 -1.5640589e-03 -1.6712037e-03 -1.7732364e-03 -1.8707420e-03 -1.9675484e-03 -2.0535260e-03 -2.1359170e-03 -2.2125265e-03 -2.2937065e-03 -2.3665427e-03 -2.4401936e-03 -2.4877800e-03 -2.5266688e-03 -2.5637107e-03 -2.5850316e-03 -2.6007223e-03 -2.6133510e-03 
+1.0000000e-03 -1.1434474e-04 -2.0133822e-05 +3.5013023e-05 +7.9029389e-05 +9.0686440e-05 +8.6617248e-05 +6.2643928e-05 +2.2493663e-05 -2.7830318e-05 -9.9720410e-05 -1.8680779e-04 -2.5423272e-04 -3.1556257e-04 -3.8285637e-04 -4.3360166e-04 -5.1480911e-04 -6.0900469e-04 -7.2999465e-04 -8.7144146e-04 -1.0137412e-03 -1.1419708e-03 -1.2407530e-03 -1.3431333e-03 -1.4301570e-03 -1.5266465e-03 -1.6271218e-03 -1.7343097e-03 -1.8576800e-03 -1.9703376e-03 -2.0774080e-03 -2.1855098e-03 -2.2856596e-03 -2.3707279e-03 -2.4611060e-03 -2.5501998e-03 -2.6306171e-03 -2.7079009e-03 -2.7643953e-03 -2.8106861e-03 -2.8494741e-03 -2.8745526e-03 -2.8891337e-03 -2.9119633e-03 
+1.1000000e-03 -1.2478226e-04 -4.8646042e-06 +4.2926960e-05 +8.5079630e-05 +1.0236827e-04 +1.0810826e-04 +7.4957592e-05 +3.0766598e-05 -2.6243083e-05 -1.1338869e-04 -2.0310222e-04 -2.8419443e-04 -3.4696627e-04 -4.1847740e-04 -4.7669501e-04 -5.6593500e-04 -6.6562012e-04 -8.0811231e-04 -9.5642462e-04 -1.1190394e-03 -1.2607326e-03 -1.3689820e-03 -1.4907199e-03 -1.5706436e-03 -1.6786742e-03 -1.7880244e-03 -1.8999931e-03 -2.0458424e-03 -2.1718533e-03 -2.2902003e-03 -2.4087191e-03 -2.5171668e-03 -2.6128181e-03 -2.7102614e-03 -2.8029086e-03 -2.8916789e-03 -2.9704458e-03 -3.0493897e-03 -3.1006617e-03 -3.1334802e-03 -3.1616996e-03 -3.1797530e-03 -3.2152835e-03 
+1.2000000e-03 -1.3341423e-04 -6.3969987e-06 +5.4315173e-05 +9.2481168e-05 +1.5443461e-04 +1.1506416e-04 +8.2806571e-05 +2.6360199e-05 -3.0762930e-05 -1.2219437e-04 -2.1856948e-04 -3.0851368e-04 -3.8485987e-04 -4.5235974e-04 -5.1625057e-04 -6.1395394e-04 -7.2165341e-04 -8.8513956e-04 -1.0448447e-03 -1.2241413e-03 -1.3780694e-03 -1.4926214e-03 -1.6290557e-03 -1.7138903e-03 -1.8295593e-03 -1.9432934e-03 -2.0786238e-03 -2.2568678e-03 -2.3715672e-03 -2.4901281e-03 -2.6254229e-03 -2.7448530e-03 -2.8528836e-03 -2.9638400e-03 -3.0549202e-03 -3.1540009e-03 -3.2322457e-03 -3.3346204e-03 -3.3760963e-03 -3.4190905e-03 -3.4406896e-03 -3.4683696e-03 -3.5286819e-03 
+1.3000000e-03 -1.2790376e-04 -1.3624932e-05 +6.5144401e-05 +1.0319966e-04 +1.5251257e-04 +1.1282807e-04 +1.0202198e-04 +4.5139665e-05 -3.3872624e-05 -1.2777107e-04 -2.4081632e-04 -3.3257184e-04 -4.2004413e-04 -4.9366739e-04 -5.6690374e-04 -6.5727948e-04 -7.7799467e-04 -9.4451656e-04 -1.1454697e-03 -1.3430539e-03 -1.5036814e-03 -1.6268429e-03 -1.7657420e-03 -1.8547561e-03 -1.9782638e-03 -2.1124179e-03 -2.2624548e-03 -2.4466123e-03 -2.5656830e-03 -2.7069199e-03 -2.8457024e-03 -2.9759106e-03 -3.0470822e-03 -3.2071089e-03 -3.3165867e-03 -3.4158052e-03 -3.5933714e-03 -3.6329283e-03 -3.6648744e-03 -3.6973459e-03 -3.7239808e-03 -3.7658556e-03 -3.8384478e-03 
+1.4000000e-03 -1.2764515e-04 +6.3544457e-06 +6.9255407e-05 +1.1511423e-04 +1.5052672e-04 +1.2092606e-04 +1.1815049e-04 +4.4688240e-05 -4.5441241e-05 -1.3908375e-04 -2.4754088e-04 -3.5875133e-04 -4.6047095e-04 -5.3288466e-04 -5.9687486e-04 -7.0141422e-04 -8.3058150e-04 -1.0084725e-03 -1.2314602e-03 -1.4319378e-03 -1.6103169e-03 -1.7601439e-03 -1.8636626e-03 -1.9964452e-03 -2.1304278e-03 -2.2861394e-03 -2.4382111e-03 -2.6215366e-03 -2.7566833e-03 -2.9141836e-03 -3.0780515e-03 -3.2003117e-03 -3.3193033e-03 -3.4320742e-03 -3.5773985e-03 -3.6834832e-03 -3.8731501e-03 -3.8994431e-03 -3.9519132e-03 -3.9916611e-03 -4.0352307e-03 -4.0652310e-03 -4.1288510e-03 
+1.5000000e-03 -1.3043297e-04 +3.8320930e-06 +8.5108646e-05 +1.2237853e-04 +1.5532753e-04 +1.2747638e-04 +1.3849622e-04 +5.3990114e-05 -4.2519125e-05 -1.4569516e-04 -2.8239382e-04 -3.9656259e-04 -4.9277716e-04 -5.5531529e-04 -6.2450801e-04 -7.2437079e-04 -8.8350822e-04 -1.0557426e-03 -1.3179216e-03 -1.5449950e-03 -1.7275875e-03 -1.9084055e-03 -1.9884213e-03 -2.1305510e-03 -2.2742401e-03 -2.4506703e-03 -2.6058280e-03 -2.8013029e-03 -2.9620709e-03 -3.1343678e-03 -3.3018378e-03 -3.4333868e-03 -3.5753859e-03 -3.6927419e-03 -3.8274815e-03 -3.9597397e-03 -4.1329373e-03 -4.1788636e-03 -4.2393139e-03 -4.2729724e-03 -4.3378050e-03 -4.3658962e-03 -4.3990644e-03 
+1.6000000e-03 -1.5542604e-04 +1.5073147e-05 +1.0958608e-04 +1.4130986e-04 +1.6176332e-04 +1.4252010e-04 +1.5080127e-04 +6.4856085e-05 -3.2273547e-05 -1.5091222e-04 -2.9615747e-04 -4.2428398e-04 -5.2810854e-04 -5.9879826e-04 -6.9647081e-04 -7.6840672e-04 -9.3860776e-04 -1.1082147e-03 -1.4139456e-03 -1.6543144e-03 -1.8514524e-03 -2.0300618e-03 -2.1198775e-03 -2.2705533e-03 -2.4241864e-03 -2.6214579e-03 -2.7859378e-03 -2.9754180e-03 -3.1753177e-03 -3.3578354e-03 -3.5373096e-03 -3.6605067e-03 -3.8303078e-03 -3.9479385e-03 -4.1309082e-03 -4.2264022e-03 -4.3457110e-03 -4.4435599e-03 -4.5298474e-03 -4.6024257e-03 -4.6317986e-03 -4.6587120e-03 -4.6889033e-03 
+1.7000000e-03 -1.3843604e-04 +2.8952865e-05 +1.2351162e-04 +1.6595174e-04 +1.7424170e-04 +1.8193758e-04 +1.5849648e-04 +8.4863771e-05 -3.1989149e-05 -1.6921090e-04 -3.2452414e-04 -4.6319050e-04 -5.7102121e-04 -6.5144204e-04 -7.2759191e-04 -8.3204234e-04 -9.7414552e-04 -1.1829754e-03 -1.5003917e-03 -1.7533045e-03 -2.0110735e-03 -2.1487710e-03 -2.2561935e-03 -2.4097173e-03 -2.5768964e-03 -2.7874274e-03 -2.9641511e-03 -3.1438650e-03 -3.3934464e-03 -3.5835207e-03 -3.7192277e-03 -3.8944212e-03 -4.0534636e-03 -4.2014481e-03 -4.3845780e-03 -4.4997891e-03 -4.6509907e-03 -4.7350105e-03 -4.8193035e-03 -4.8928084e-03 -4.9303447e-03 -4.9477984e-03 -5.0195849e-03 
+1.8000000e-03 -1.4115512e-04 +1.9832626e-05 +1.3924018e-04 +1.5977594e-04 +1.8914944e-04 +1.9067562e-04 +1.8125010e-04 +8.7939265e-05 -2.1494956e-05 -1.8069489e-04 -3.6687382e-04 -4.8450142e-04 -6.2942467e-04 -6.9531523e-04 -7.7203427e-04 -8.6661566e-04 -1.0552409e-03 -1.2558248e-03 -1.6070822e-03 -1.8591204e-03 -2.1437671e-03 -2.2786571e-03 -2.3960353e-03 -2.6319903e-03 -2.7267819e-03 -2.9454567e-03 -3.1394722e-03 -3.3466539e-03 -3.5646175e-03 -3.7818900e-03 -3.9389402e-03 -4.1346096e-03 -4.2980794e-03 -4.4491091e-03 -4.6268466e-03 -4.7668201e-03 -4.9208727e-03 -5.0255054e-03 -5.1194075e-03 -5.1578652e-03 -5.2273582e-03 -5.2359451e-03 -5.3152825e-03 
+1.9000000e-03 -1.3017763e-04 +2.9588528e-05 +1.5862379e-04 +1.6717046e-04 +2.0891553e-04 +2.1323298e-04 +1.9277684e-04 +8.8383227e-05 -6.5717437e-07 -1.8720766e-04 -3.7199139e-04 -5.1230370e-04 -6.8771912e-04 -7.2847953e-04 -7.9323598e-04 -8.9443228e-04 -1.0942660e-03 -1.3174872e-03 -1.7011803e-03 -1.9751037e-03 -2.2788286e-03 -2.4176801e-03 -2.5521101e-03 -2.7499714e-03 -2.8812740e-03 -3.0735830e-03 -3.2992963e-03 -3.5466633e-03 -3.7363414e-03 -4.0302458e-03 -4.1635588e-03 -4.3671205e-03 -4.5333247e-03 -4.6945094e-03 -4.8794979e-03 -5.0148738e-03 -5.1871204e-03 -5.3129137e-03 -5.4192914e-03 -5.4544868e-03 -5.5134471e-03 -5.5582329e-03 -5.6286276e-03 
+2.0000000e-03 -1.1134283e-04 +3.8599920e-05 +2.0798585e-04 +1.8757788e-04 +2.3757678e-04 +2.4548052e-04 +2.1707925e-04 +1.1353448e-04 +1.1186120e-05 -1.9067720e-04 -3.8559716e-04 -5.3087905e-04 -7.4095201e-04 -7.6587821e-04 -8.1261490e-04 -9.3287719e-04 -1.1228482e-03 -1.3911675e-03 -1.7977328e-03 -2.1023943e-03 -2.4093815e-03 -2.5531061e-03 -2.6828504e-03 -2.8939375e-03 -3.0098233e-03 -3.2267401e-03 -3.4830855e-03 -3.7401827e-03 -3.9425654e-03 -4.2594182e-03 -4.3848164e-03 -4.6040793e-03 -4.7550456e-03 -4.9272641e-03 -5.1412585e-03 -5.2735520e-03 -5.4866028e-03 -5.5934514e-03 -5.7247575e-03 -5.7427237e-03 -5.7523242e-03 -5.8519727e-03 -5.9074980e-03 
+2.1000000e-03 -9.6459562e-05 +4.8739059e-05 +2.7578734e-04 +1.6154237e-04 +2.6599043e-04 +2.6886965e-04 +2.0832006e-04 +1.1781521e-04 -1.0542719e-05 -2.1000722e-04 -3.9021084e-04 -5.6222643e-04 -7.9280197e-04 -8.2872430e-04 -8.1936496e-04 -9.7113233e-04 -1.1556161e-03 -1.4532866e-03 -1.8552776e-03 -2.2367806e-03 -2.5496332e-03 -2.7104135e-03 -2.8248385e-03 -3.0138363e-03 -3.1674625e-03 -3.3897582e-03 -3.6356241e-03 -3.9393920e-03 -4.1507498e-03 -4.5047049e-03 -4.6222417e-03 -4.8534471e-03 -4.9983957e-03 -5.1652294e-03 -5.3509175e-03 -5.5585559e-03 -5.7731503e-03 -5.9370464e-03 -6.0287945e-03 -5.9992762e-03 -6.0490111e-03 -6.1435724e-03 -6.1809751e-03 
+2.2000000e-03 -1.0322179e-04 +3.5370432e-05 +2.6131734e-04 +1.5130854e-04 +2.6719638e-04 +3.0627159e-04 +2.2119351e-04 +1.2084899e-04 -9.1885661e-07 -2.0753452e-04 -4.1099172e-04 -5.5000023e-04 -8.5511163e-04 -9.1529413e-04 -8.3719411e-04 -1.0063800e-03 -1.2028069e-03 -1.5254042e-03 -1.9361522e-03 -2.3804491e-03 -2.6974601e-03 -2.8406599e-03 -2.9844605e-03 -3.1117063e-03 -3.3306476e-03 -3.5713454e-03 -3.8072840e-03 -4.1172494e-03 -4.3619726e-03 -4.6889811e-03 -4.8453772e-03 -5.0982217e-03 -5.2572777e-03 -5.4020710e-03 -5.5966374e-03 -5.8881808e-03 -6.0836569e-03 -6.2794201e-03 -6.2794334e-03 -6.2567632e-03 -6.3323453e-03 -6.4277040e-03 -6.4998731e-03 
+2.3000000e-03 -1.1315583e-04 +4.8017515e-05 +3.2485922e-04 +1.4680064e-04 +2.9659727e-04 +3.4470716e-04 +2.7396664e-04 +1.4022556e-04 -4.3697496e-05 -2.0892304e-04 -3.4224312e-04 -5.0387775e-04 -9.5990442e-04 -9.2631788e-04 -8.6536617e-04 -1.0248402e-03 -1.2445809e-03 -1.5471012e-03 -2.0393699e-03 -2.5065786e-03 -2.8800041e-03 -2.9766733e-03 -3.1429309e-03 -3.2314833e-03 -3.3808556e-03 -3.7561799e-03 -3.9918365e-03 -4.2707369e-03 -4.5674446e-03 -4.9313450e-03 -5.0759130e-03 -5.3243353e-03 -5.5214877e-03 -5.6430330e-03 -5.8552262e-03 -6.1301594e-03 -6.3828324e-03 -6.6284066e-03 -6.5508874e-03 -6.5301112e-03 -6.6241931e-03 -6.7060953e-03 -6.8306301e-03 
+2.4000000e-03 -1.4986375e-04 +3.8700914e-05 +5.1217671e-04 +7.7348546e-05 +3.1670372e-04 +3.8964007e-04 +2.5593166e-04 +1.5014602e-04 -4.6877578e-05 -2.0199078e-04 -3.5806592e-04 -5.0741371e-04 -1.0568700e-03 -9.6179115e-04 -8.8160100e-04 -1.0169420e-03 -1.2582721e-03 -1.5504961e-03 -2.1283845e-03 -2.6849150e-03 -3.0644349e-03 -3.1139531e-03 -3.2991159e-03 -3.3261946e-03 -3.5028806e-03 -3.8813907e-03 -4.1744358e-03 -4.4271189e-03 -4.7671568e-03 -5.1896781e-03 -5.2947595e-03 -5.6275080e-03 -5.7136270e-03 -5.8781157e-03 -6.1229102e-03 -6.4551294e-03 -6.6997759e-03 -6.9607466e-03 -6.8523878e-03 -6.8196083e-03 -6.9410566e-03 -6.9723190e-03 -7.1733476e-03 
+2.5000000e-03 -1.5413768e-04 +9.6967967e-05 +5.2502970e-04 +8.0246857e-05 +3.5309342e-04 +3.9065764e-04 +3.0082264e-04 +1.9776998e-04 -2.8699914e-05 -1.9123044e-04 -3.7767555e-04 -4.5706765e-04 -9.8317225e-04 -1.0453035e-03 -9.0867114e-04 -1.0247565e-03 -1.1890479e-03 -1.6321400e-03 -2.1372012e-03 -2.8575806e-03 -3.2616106e-03 -3.1469404e-03 -3.4574413e-03 -3.4371170e-03 -3.6975577e-03 -4.0529248e-03 -4.3563554e-03 -4.5840093e-03 -5.0447423e-03 -5.4441116e-03 -5.4889025e-03 -5.8046734e-03 -5.9856672e-03 -6.1228236e-03 -6.3692723e-03 -6.6811044e-03 -7.1921937e-03 -7.1649633e-03 -6.9461304e-03 -7.0832370e-03 -7.1818440e-03 -7.3770593e-03 -7.4303570e-03 
+2.6000000e-03 -1.1407067e-04 +2.1221792e-05 +3.9318475e-04 +4.0084506e-04 +4.7921647e-04 +3.4743704e-04 +3.5790350e-04 +2.0022674e-04 +4.8449257e-05 -3.9648963e-04 -6.8547422e-04 -9.4876778e-04 -1.0229822e-03 -1.1245912e-03 -1.0032390e-03 -9.8464947e-04 -1.2798838e-03 -1.7698823e-03 -2.3761711e-03 -2.9806838e-03 -3.5127115e-03 -3.3324632e-03 -3.4895337e-03 -3.7218083e-03 -3.9514171e-03 -4.3656826e-03 -4.5431004e-03 -4.8821023e-03 -5.1603744e-03 -5.5548232e-03 -5.8254001e-03 -6.1675452e-03 -6.1639408e-03 -6.3988338e-03 -6.6190480e-03 -7.0045969e-03 -6.7526010e-03 -7.5422668e-03 -7.3896155e-03 -7.3495337e-03 -7.5804112e-03 -7.9098034e-03 -7.7956708e-03 
+2.7000000e-03 -1.1999782e-04 -7.0404648e-05 +3.5551490e-04 +4.6136515e-04 +5.2685280e-04 +4.6808966e-04 +4.3247642e-04 +1.1889285e-04 +4.9960123e-06 -4.7466516e-04 -7.9483091e-04 -6.3628723e-04 -1.0077667e-03 -1.1735857e-03 -9.9207600e-04 -9.6929933e-04 -1.2737271e-03 -1.7241490e-03 -2.3309519e-03 -3.2245178e-03 -3.6470297e-03 -3.4759962e-03 -3.3052649e-03 -3.6232305e-03 -4.3422749e-03 -4.5254909e-03 -4.8625910e-03 -4.5141636e-03 -5.4230683e-03 -5.7430517e-03 -5.9363692e-03 -6.3971060e-03 -6.4391226e-03 -6.6780826e-03 -6.8733395e-03 -7.4709069e-03 -7.9220936e-03 -7.7987638e-03 -7.6827327e-03 -7.6372599e-03 -7.9060295e-03 -8.2275185e-03 -7.9880804e-03 
+2.8000000e-03 -5.9343862e-05 -1.8035077e-04 +3.8530342e-04 +5.1907201e-04 +5.0703183e-04 +6.0260723e-04 +5.1109853e-04 +1.6936585e-04 +1.0069490e-05 -4.5793241e-04 -4.4820499e-04 -6.4773735e-04 -1.1740263e-03 -1.3035630e-03 -1.1075607e-03 -8.7934178e-04 -1.4433522e-03 -1.6839663e-03 -2.3858273e-03 -3.3080918e-03 -3.8166965e-03 -3.6247313e-03 -3.8775803e-03 -3.7358442e-03 -4.2812644e-03 -4.7677455e-03 -4.8942604e-03 -4.7167215e-03 -5.6591634e-03 -6.0601935e-03 -6.2775383e-03 -6.6094669e-03 -6.6633991e-03 -6.9443421e-03 -7.6561272e-03 -7.9725127e-03 -7.8030291e-03 -7.9627575e-03 -8.3606542e-03 -7.8513076e-03 -8.0413044e-03 -8.5000105e-03 -8.4468177e-03 
+2.9000000e-03 -4.1767705e-05 +1.1570787e-04 +4.3534189e-04 +6.1921264e-04 +4.5667380e-04 +6.7148363e-04 +5.9197045e-04 +2.2582445e-04 +1.0627340e-04 -4.9525469e-04 -3.7657753e-04 -8.6883901e-04 -1.4832915e-03 -1.2347048e-03 -1.1428669e-03 -8.2016939e-04 -1.4440055e-03 -1.8019241e-03 -2.3566044e-03 -3.6469236e-03 -3.9882417e-03 -3.5393972e-03 -4.2521130e-03 -3.7456185e-03 -4.4489721e-03 -4.8758165e-03 -5.3212021e-03 -4.9964450e-03 -6.1047964e-03 -6.1027740e-03 -6.5025551e-03 -6.9368739e-03 -6.7934415e-03 -7.1938401e-03 -8.0191468e-03 -8.3476196e-03 -7.9804771e-03 -8.1768543e-03 -8.7027980e-03 -8.6804109e-03 -8.4527945e-03 -8.9832132e-03 -8.7559264e-03 
+3.0000000e-03 +1.0381304e-04 +1.9482076e-04 +4.0818456e-04 +6.0017669e-04 +3.3758477e-04 +5.0898334e-04 +6.1717526e-04 +4.3575090e-04 +5.9093981e-05 -4.4026027e-04 -4.0299789e-04 -9.1755345e-04 -1.7605993e-03 -1.5315100e-03 -1.1477323e-03 -7.1530724e-04 -1.2278063e-03 -1.7470539e-03 -2.4421685e-03 -3.9635599e-03 -4.2049121e-03 -3.7098017e-03 -4.3719951e-03 -4.1241800e-03 -4.7817125e-03 -4.9493067e-03 -5.0561152e-03 -5.3483534e-03 -6.0318908e-03 -6.1772558e-03 -6.7536425e-03 -7.1558050e-03 -7.0596269e-03 -7.5914083e-03 -8.4101058e-03 -8.1397680e-03 -8.2055769e-03 -8.0439984e-03 -8.8108362e-03 -8.7419109e-03 -9.3299592e-03 -9.3770580e-03 -9.1505982e-03 
