"x' (mrad)"	"y' (mrad)"	"Power Density (kW/mm<sup>2</sup>)"
0.00000e+0	-2.50000e-1	9.90785e-5
4.00000e-1	-2.50000e-1	1.00813e-4
8.00000e-1	-2.50000e-1	1.03971e-4
1.20000e+0	-2.50000e-1	1.07081e-4
1.60000e+0	-2.50000e-1	1.09547e-4
2.00000e+0	-2.50000e-1	1.10731e-4
2.40000e+0	-2.50000e-1	1.11211e-4
2.80000e+0	-2.50000e-1	1.10035e-4
3.20000e+0	-2.50000e-1	1.08134e-4
3.60000e+0	-2.50000e-1	1.05644e-4
4.00000e+0	-2.50000e-1	1.01296e-4
4.40000e+0	-2.50000e-1	9.98209e-5
4.80000e+0	-2.50000e-1	9.60080e-5
5.20000e+0	-2.50000e-1	9.25913e-5
5.60000e+0	-2.50000e-1	8.91761e-5
6.00000e+0	-2.50000e-1	8.57366e-5
6.40000e+0	-2.50000e-1	8.21902e-5
6.80000e+0	-2.50000e-1	7.84826e-5
7.20000e+0	-2.50000e-1	7.45163e-5
7.60000e+0	-2.50000e-1	7.03446e-5
8.00000e+0	-2.50000e-1	6.32580e-5
8.40000e+0	-2.50000e-1	6.59538e-5
8.80000e+0	-2.50000e-1	5.80896e-5
9.20000e+0	-2.50000e-1	4.54899e-5
9.60000e+0	-2.50000e-1	3.12652e-5
1.00000e+1	-2.50000e-1	1.35631e-5
0.00000e+0	-2.45000e-1	1.05681e-4
4.00000e-1	-2.45000e-1	1.07538e-4
8.00000e-1	-2.45000e-1	1.10910e-4
1.20000e+0	-2.45000e-1	1.14230e-4
1.60000e+0	-2.45000e-1	1.16861e-4
2.00000e+0	-2.45000e-1	1.18093e-4
2.40000e+0	-2.45000e-1	1.18621e-4
2.80000e+0	-2.45000e-1	1.17394e-4
3.20000e+0	-2.45000e-1	1.15356e-4
3.60000e+0	-2.45000e-1	1.12698e-4
4.00000e+0	-2.45000e-1	1.07732e-4
4.40000e+0	-2.45000e-1	1.06585e-4
4.80000e+0	-2.45000e-1	1.02418e-4
5.20000e+0	-2.45000e-1	9.87731e-5
5.60000e+0	-2.45000e-1	9.51299e-5
6.00000e+0	-2.45000e-1	9.14612e-5
6.40000e+0	-2.45000e-1	8.76782e-5
6.80000e+0	-2.45000e-1	8.37234e-5
7.20000e+0	-2.45000e-1	7.94928e-5
7.60000e+0	-2.45000e-1	7.50840e-5
8.00000e+0	-2.45000e-1	6.70137e-5
8.40000e+0	-2.45000e-1	7.18971e-5
8.80000e+0	-2.45000e-1	6.33491e-5
9.20000e+0	-2.45000e-1	4.90976e-5
9.60000e+0	-2.45000e-1	3.33745e-5
1.00000e+1	-2.45000e-1	1.44675e-5
0.00000e+0	-2.40000e-1	1.12558e-4
4.00000e-1	-2.40000e-1	1.14543e-4
8.00000e-1	-2.40000e-1	1.18138e-4
1.20000e+0	-2.40000e-1	1.21676e-4
1.60000e+0	-2.40000e-1	1.24482e-4
2.00000e+0	-2.40000e-1	1.25796e-4
2.40000e+0	-2.40000e-1	1.26349e-4
2.80000e+0	-2.40000e-1	1.25048e-4
3.20000e+0	-2.40000e-1	1.22878e-4
3.60000e+0	-2.40000e-1	1.20047e-4
4.00000e+0	-2.40000e-1	1.14782e-4
4.40000e+0	-2.40000e-1	1.13526e-4
4.80000e+0	-2.40000e-1	1.09095e-4
5.20000e+0	-2.40000e-1	1.05213e-4
5.60000e+0	-2.40000e-1	1.01332e-4
6.00000e+0	-2.40000e-1	9.74245e-5
6.40000e+0	-2.40000e-1	9.33950e-5
6.80000e+0	-2.40000e-1	8.91827e-5
7.20000e+0	-2.40000e-1	8.46767e-5
7.60000e+0	-2.40000e-1	7.99779e-5
8.00000e+0	-2.40000e-1	7.14231e-5
8.40000e+0	-2.40000e-1	7.64664e-5
8.80000e+0	-2.40000e-1	6.73755e-5
9.20000e+0	-2.40000e-1	5.22615e-5
9.60000e+0	-2.40000e-1	3.55627e-5
1.00000e+1	-2.40000e-1	1.54073e-5
0.00000e+0	-2.35000e-1	1.19845e-4
4.00000e-1	-2.35000e-1	1.21966e-4
8.00000e-1	-2.35000e-1	1.25798e-4
1.20000e+0	-2.35000e-1	1.29568e-4
1.60000e+0	-2.35000e-1	1.32560e-4
2.00000e+0	-2.35000e-1	1.34007e-4
2.40000e+0	-2.35000e-1	1.34552e-4
2.80000e+0	-2.35000e-1	1.33145e-4
3.20000e+0	-2.35000e-1	1.30847e-4
3.60000e+0	-2.35000e-1	1.27833e-4
4.00000e+0	-2.35000e-1	1.22697e-4
4.40000e+0	-2.35000e-1	1.20747e-4
4.80000e+0	-2.35000e-1	1.16171e-4
5.20000e+0	-2.35000e-1	1.12038e-4
5.60000e+0	-2.35000e-1	1.07905e-4
6.00000e+0	-2.35000e-1	1.03744e-4
6.40000e+0	-2.35000e-1	9.94537e-5
6.80000e+0	-2.35000e-1	9.49686e-5
7.20000e+0	-2.35000e-1	9.01707e-5
7.60000e+0	-2.35000e-1	8.51092e-5
8.00000e+0	-2.35000e-1	7.67334e-5
8.40000e+0	-2.35000e-1	7.92299e-5
8.80000e+0	-2.35000e-1	6.97809e-5
9.20000e+0	-2.35000e-1	5.48525e-5
9.60000e+0	-2.35000e-1	3.78700e-5
1.00000e+1	-2.35000e-1	1.64003e-5
0.00000e+0	-2.30000e-1	1.27658e-4
4.00000e-1	-2.30000e-1	1.29924e-4
8.00000e-1	-2.30000e-1	1.34010e-4
1.20000e+0	-2.30000e-1	1.38030e-4
1.60000e+0	-2.30000e-1	1.41223e-4
2.00000e+0	-2.30000e-1	1.42865e-4
2.40000e+0	-2.30000e-1	1.43360e-4
2.80000e+0	-2.30000e-1	1.41810e-4
3.20000e+0	-2.30000e-1	1.39389e-4
3.60000e+0	-2.30000e-1	1.36182e-4
4.00000e+0	-2.30000e-1	1.31704e-4
4.40000e+0	-2.30000e-1	1.28328e-4
4.80000e+0	-2.30000e-1	1.23758e-4
5.20000e+0	-2.30000e-1	1.19356e-4
5.60000e+0	-2.30000e-1	1.14952e-4
6.00000e+0	-2.30000e-1	1.10520e-4
6.40000e+0	-2.30000e-1	1.05950e-4
6.80000e+0	-2.30000e-1	1.01172e-4
7.20000e+0	-2.30000e-1	9.60611e-5
7.60000e+0	-2.30000e-1	9.05457e-5
8.00000e+0	-2.30000e-1	8.31778e-5
8.40000e+0	-2.30000e-1	7.97432e-5
8.80000e+0	-2.30000e-1	7.01660e-5
9.20000e+0	-2.30000e-1	5.67327e-5
9.60000e+0	-2.30000e-1	4.03299e-5
1.00000e+1	-2.30000e-1	1.74613e-5
0.00000e+0	-2.25000e-1	1.36102e-4
4.00000e-1	-2.25000e-1	1.38526e-4
8.00000e-1	-2.25000e-1	1.42887e-4
1.20000e+0	-2.25000e-1	1.47176e-4
1.60000e+0	-2.25000e-1	1.50590e-4
2.00000e+0	-2.25000e-1	1.52498e-4
2.40000e+0	-2.25000e-1	1.52897e-4
2.80000e+0	-2.25000e-1	1.51157e-4
3.20000e+0	-2.25000e-1	1.48620e-4
3.60000e+0	-2.25000e-1	1.45204e-4
4.00000e+0	-2.25000e-1	1.41999e-4
4.40000e+0	-2.25000e-1	1.36353e-4
4.80000e+0	-2.25000e-1	1.31960e-4
5.20000e+0	-2.25000e-1	1.27267e-4
5.60000e+0	-2.25000e-1	1.22570e-4
6.00000e+0	-2.25000e-1	1.17845e-4
6.40000e+0	-2.25000e-1	1.12972e-4
6.80000e+0	-2.25000e-1	1.07878e-4
7.20000e+0	-2.25000e-1	1.02428e-4
7.60000e+0	-2.25000e-1	9.63517e-5
8.00000e+0	-2.25000e-1	9.09575e-5
8.40000e+0	-2.25000e-1	7.76432e-5
8.80000e+0	-2.25000e-1	6.82048e-5
9.20000e+0	-2.25000e-1	5.77919e-5
9.60000e+0	-2.25000e-1	4.29737e-5
1.00000e+1	-2.25000e-1	1.86044e-5
0.00000e+0	-2.20000e-1	1.45244e-4
4.00000e-1	-2.20000e-1	1.47839e-4
8.00000e-1	-2.20000e-1	1.52498e-4
1.20000e+0	-2.20000e-1	1.57079e-4
1.60000e+0	-2.20000e-1	1.60734e-4
2.00000e+0	-2.20000e-1	1.62958e-4
2.40000e+0	-2.20000e-1	1.63230e-4
2.80000e+0	-2.20000e-1	1.61268e-4
3.20000e+0	-2.20000e-1	1.58614e-4
3.60000e+0	-2.20000e-1	1.54974e-4
4.00000e+0	-2.20000e-1	1.53432e-4
4.40000e+0	-2.20000e-1	1.44954e-4
4.80000e+0	-2.20000e-1	1.40840e-4
5.20000e+0	-2.20000e-1	1.35833e-4
5.60000e+0	-2.20000e-1	1.30818e-4
6.00000e+0	-2.20000e-1	1.25776e-4
6.40000e+0	-2.20000e-1	1.20575e-4
6.80000e+0	-2.20000e-1	1.15140e-4
7.20000e+0	-2.20000e-1	1.09323e-4
7.60000e+0	-2.20000e-1	1.02591e-4
8.00000e+0	-2.20000e-1	9.99305e-5
8.40000e+0	-2.20000e-1	7.35774e-5
8.80000e+0	-2.20000e-1	6.44743e-5
9.20000e+0	-2.20000e-1	5.82805e-5
9.60000e+0	-2.20000e-1	4.58266e-5
1.00000e+1	-2.20000e-1	1.98402e-5
0.00000e+0	-2.15000e-1	1.55113e-4
4.00000e-1	-2.15000e-1	1.57893e-4
8.00000e-1	-2.15000e-1	1.62873e-4
1.20000e+0	-2.15000e-1	1.67770e-4
1.60000e+0	-2.15000e-1	1.71683e-4
2.00000e+0	-2.15000e-1	1.74223e-4
2.40000e+0	-2.15000e-1	1.74378e-4
2.80000e+0	-2.15000e-1	1.72194e-4
3.20000e+0	-2.15000e-1	1.69404e-4
3.60000e+0	-2.15000e-1	1.65522e-4
4.00000e+0	-2.15000e-1	1.65512e-4
4.40000e+0	-2.15000e-1	1.54321e-4
4.80000e+0	-2.15000e-1	1.50428e-4
5.20000e+0	-2.15000e-1	1.45081e-4
5.60000e+0	-2.15000e-1	1.39723e-4
6.00000e+0	-2.15000e-1	1.34338e-4
6.40000e+0	-2.15000e-1	1.28783e-4
6.80000e+0	-2.15000e-1	1.22979e-4
7.20000e+0	-2.15000e-1	1.16766e-4
7.60000e+0	-2.15000e-1	1.09327e-4
8.00000e+0	-2.15000e-1	1.09613e-4
8.40000e+0	-2.15000e-1	6.92048e-5
8.80000e+0	-2.15000e-1	6.04561e-5
9.20000e+0	-2.15000e-1	5.88100e-5
9.60000e+0	-2.15000e-1	4.89071e-5
1.00000e+1	-2.15000e-1	2.11759e-5
0.00000e+0	-2.10000e-1	1.65733e-4
4.00000e-1	-2.10000e-1	1.68714e-4
8.00000e-1	-2.10000e-1	1.74040e-4
1.20000e+0	-2.10000e-1	1.79276e-4
1.60000e+0	-2.10000e-1	1.83465e-4
2.00000e+0	-2.10000e-1	1.86265e-4
2.40000e+0	-2.10000e-1	1.86350e-4
2.80000e+0	-2.10000e-1	1.83979e-4
3.20000e+0	-2.10000e-1	1.81022e-4
3.60000e+0	-2.10000e-1	1.76875e-4
4.00000e+0	-2.10000e-1	1.77718e-4
4.40000e+0	-2.10000e-1	1.64645e-4
4.80000e+0	-2.10000e-1	1.60746e-4
5.20000e+0	-2.10000e-1	1.55034e-4
5.60000e+0	-2.10000e-1	1.49307e-4
6.00000e+0	-2.10000e-1	1.43554e-4
6.40000e+0	-2.10000e-1	1.37618e-4
6.80000e+0	-2.10000e-1	1.31416e-4
7.20000e+0	-2.10000e-1	1.24777e-4
7.60000e+0	-2.10000e-1	1.16625e-4
8.00000e+0	-2.10000e-1	1.19491e-4
8.40000e+0	-2.10000e-1	6.62683e-5
8.80000e+0	-2.10000e-1	5.77071e-5
9.20000e+0	-2.10000e-1	6.00217e-5
9.60000e+0	-2.10000e-1	5.22335e-5
1.00000e+1	-2.10000e-1	2.26186e-5
0.00000e+0	-2.05000e-1	1.77130e-4
4.00000e-1	-2.05000e-1	1.80327e-4
8.00000e-1	-2.05000e-1	1.86024e-4
1.20000e+0	-2.05000e-1	1.91624e-4
1.60000e+0	-2.05000e-1	1.96103e-4
2.00000e+0	-2.05000e-1	1.99054e-4
2.40000e+0	-2.05000e-1	1.99161e-4
2.80000e+0	-2.05000e-1	1.96669e-4
3.20000e+0	-2.05000e-1	1.93495e-4
3.60000e+0	-2.05000e-1	1.89061e-4
4.00000e+0	-2.05000e-1	1.89530e-4
4.40000e+0	-2.05000e-1	1.76120e-4
4.80000e+0	-2.05000e-1	1.71820e-4
5.20000e+0	-2.05000e-1	1.65714e-4
5.60000e+0	-2.05000e-1	1.59593e-4
6.00000e+0	-2.05000e-1	1.53444e-4
6.40000e+0	-2.05000e-1	1.47100e-4
6.80000e+0	-2.05000e-1	1.40471e-4
7.20000e+0	-2.05000e-1	1.33375e-4
7.60000e+0	-2.05000e-1	1.24547e-4
8.00000e+0	-2.05000e-1	1.29053e-4
8.40000e+0	-2.05000e-1	6.65110e-5
8.80000e+0	-2.05000e-1	5.77840e-5
9.20000e+0	-2.05000e-1	6.25571e-5
9.60000e+0	-2.05000e-1	5.58240e-5
1.00000e+1	-2.05000e-1	2.41754e-5
0.00000e+0	-2.00000e-1	1.89327e-4
4.00000e-1	-2.00000e-1	1.92757e-4
8.00000e-1	-2.00000e-1	1.98851e-4
1.20000e+0	-2.00000e-1	2.04842e-4
1.60000e+0	-2.00000e-1	2.09623e-4
2.00000e+0	-2.00000e-1	2.12561e-4
2.40000e+0	-2.00000e-1	2.12821e-4
2.80000e+0	-2.00000e-1	2.10311e-4
3.20000e+0	-2.00000e-1	2.06855e-4
3.60000e+0	-2.00000e-1	2.02109e-4
4.00000e+0	-2.00000e-1	2.00426e-4
4.40000e+0	-2.00000e-1	1.88937e-4
4.80000e+0	-2.00000e-1	1.83673e-4
5.20000e+0	-2.00000e-1	1.77145e-4
5.60000e+0	-2.00000e-1	1.70603e-4
6.00000e+0	-2.00000e-1	1.64031e-4
6.40000e+0	-2.00000e-1	1.57249e-4
6.80000e+0	-2.00000e-1	1.50164e-4
7.20000e+0	-2.00000e-1	1.42579e-4
7.60000e+0	-2.00000e-1	1.33158e-4
8.00000e+0	-2.00000e-1	1.37785e-4
8.40000e+0	-2.00000e-1	7.16758e-5
8.80000e+0	-2.00000e-1	6.22435e-5
9.20000e+0	-2.00000e-1	6.70575e-5
9.60000e+0	-2.00000e-1	5.96966e-5
1.00000e+1	-2.00000e-1	2.58532e-5
0.00000e+0	-1.95000e-1	2.02350e-4
4.00000e-1	-1.95000e-1	2.06030e-4
8.00000e-1	-1.95000e-1	2.12547e-4
1.20000e+0	-1.95000e-1	2.18956e-4
1.60000e+0	-1.95000e-1	2.24051e-4
2.00000e+0	-1.95000e-1	2.26759e-4
2.40000e+0	-1.95000e-1	2.27344e-4
2.80000e+0	-1.95000e-1	2.24950e-4
3.20000e+0	-1.95000e-1	2.21130e-4
3.60000e+0	-1.95000e-1	2.16044e-4
4.00000e+0	-1.95000e-1	2.09895e-4
4.40000e+0	-1.95000e-1	2.03285e-4
4.80000e+0	-1.95000e-1	1.96329e-4
5.20000e+0	-1.95000e-1	1.89349e-4
5.60000e+0	-1.95000e-1	1.82359e-4
6.00000e+0	-1.95000e-1	1.75335e-4
6.40000e+0	-1.95000e-1	1.68086e-4
6.80000e+0	-1.95000e-1	1.60514e-4
7.20000e+0	-1.95000e-1	1.52407e-4
7.60000e+0	-1.95000e-1	1.42520e-4
8.00000e+0	-1.95000e-1	1.45179e-4
8.40000e+0	-1.95000e-1	8.34877e-5
8.80000e+0	-1.95000e-1	7.26265e-5
9.20000e+0	-1.95000e-1	7.41579e-5
9.60000e+0	-1.95000e-1	6.38695e-5
1.00000e+1	-1.95000e-1	2.76590e-5
0.00000e+0	-1.90000e-1	2.16230e-4
4.00000e-1	-1.90000e-1	2.20179e-4
8.00000e-1	-1.90000e-1	2.27147e-4
1.20000e+0	-1.90000e-1	2.34002e-4
1.60000e+0	-1.90000e-1	2.39422e-4
2.00000e+0	-1.90000e-1	2.41696e-4
2.40000e+0	-1.90000e-1	2.42784e-4
2.80000e+0	-1.90000e-1	2.40618e-4
3.20000e+0	-1.90000e-1	2.36356e-4
3.60000e+0	-1.90000e-1	2.30902e-4
4.00000e+0	-1.90000e-1	2.18081e-4
4.40000e+0	-1.90000e-1	2.19165e-4
4.80000e+0	-1.90000e-1	2.09820e-4
5.20000e+0	-1.90000e-1	2.02358e-4
5.60000e+0	-1.90000e-1	1.94892e-4
6.00000e+0	-1.90000e-1	1.87386e-4
6.40000e+0	-1.90000e-1	1.79640e-4
6.80000e+0	-1.90000e-1	1.71546e-4
7.20000e+0	-1.90000e-1	1.62885e-4
7.60000e+0	-1.90000e-1	1.52669e-4
8.00000e+0	-1.90000e-1	1.51121e-4
8.40000e+0	-1.90000e-1	1.02413e-4
8.80000e+0	-1.90000e-1	8.93673e-5
9.20000e+0	-1.90000e-1	8.40497e-5
9.60000e+0	-1.90000e-1	6.83564e-5
1.00000e+1	-1.90000e-1	2.95941e-5
0.00000e+0	-1.85000e-1	2.31026e-4
4.00000e-1	-1.85000e-1	2.35261e-4
8.00000e-1	-1.85000e-1	2.42710e-4
1.20000e+0	-1.85000e-1	2.50040e-4
1.60000e+0	-1.85000e-1	2.55810e-4
2.00000e+0	-1.85000e-1	2.57662e-4
2.40000e+0	-1.85000e-1	2.59334e-4
2.80000e+0	-1.85000e-1	2.57307e-4
3.20000e+0	-1.85000e-1	2.52586e-4
3.60000e+0	-1.85000e-1	2.46741e-4
4.00000e+0	-1.85000e-1	2.27226e-4
4.40000e+0	-1.85000e-1	2.35965e-4
4.80000e+0	-1.85000e-1	2.24202e-4
5.20000e+0	-1.85000e-1	2.16226e-4
5.60000e+0	-1.85000e-1	2.08252e-4
6.00000e+0	-1.85000e-1	2.00233e-4
6.40000e+0	-1.85000e-1	1.91956e-4
6.80000e+0	-1.85000e-1	1.83308e-4
7.20000e+0	-1.85000e-1	1.74054e-4
7.60000e+0	-1.85000e-1	1.63550e-4
8.00000e+0	-1.85000e-1	1.56754e-4
8.40000e+0	-1.85000e-1	1.24889e-4
8.80000e+0	-1.85000e-1	1.09358e-4
9.20000e+0	-1.85000e-1	9.55041e-5
9.60000e+0	-1.85000e-1	7.31581e-5
1.00000e+1	-1.85000e-1	3.16424e-5
0.00000e+0	-1.80000e-1	2.46802e-4
4.00000e-1	-1.80000e-1	2.51342e-4
8.00000e-1	-1.80000e-1	2.59304e-4
1.20000e+0	-1.80000e-1	2.67142e-4
1.60000e+0	-1.80000e-1	2.73299e-4
2.00000e+0	-1.80000e-1	2.75025e-4
2.40000e+0	-1.80000e-1	2.77231e-4
2.80000e+0	-1.80000e-1	2.74994e-4
3.20000e+0	-1.80000e-1	2.69876e-4
3.60000e+0	-1.80000e-1	2.63625e-4
4.00000e+0	-1.80000e-1	2.40226e-4
4.40000e+0	-1.80000e-1	2.52886e-4
4.80000e+0	-1.80000e-1	2.39538e-4
5.20000e+0	-1.80000e-1	2.31015e-4
5.60000e+0	-1.80000e-1	2.22498e-4
6.00000e+0	-1.80000e-1	2.13931e-4
6.40000e+0	-1.80000e-1	2.05088e-4
6.80000e+0	-1.80000e-1	1.95849e-4
7.20000e+0	-1.80000e-1	1.85965e-4
7.60000e+0	-1.80000e-1	1.75080e-4
8.00000e+0	-1.80000e-1	1.63613e-4
8.40000e+0	-1.80000e-1	1.46097e-4
8.80000e+0	-1.80000e-1	1.28387e-4
9.20000e+0	-1.80000e-1	1.06850e-4
9.60000e+0	-1.80000e-1	7.82710e-5
1.00000e+1	-1.80000e-1	3.37819e-5
0.00000e+0	-1.75000e-1	2.63620e-4
4.00000e-1	-1.75000e-1	2.68485e-4
8.00000e-1	-1.75000e-1	2.76994e-4
1.20000e+0	-1.75000e-1	2.85374e-4
1.60000e+0	-1.75000e-1	2.91967e-4
2.00000e+0	-1.75000e-1	2.94090e-4
2.40000e+0	-1.75000e-1	2.96628e-4
2.80000e+0	-1.75000e-1	2.93673e-4
3.20000e+0	-1.75000e-1	2.88286e-4
3.60000e+0	-1.75000e-1	2.81616e-4
4.00000e+0	-1.75000e-1	2.59397e-4
4.40000e+0	-1.75000e-1	2.69300e-4
4.80000e+0	-1.75000e-1	2.55889e-4
5.20000e+0	-1.75000e-1	2.46786e-4
5.60000e+0	-1.75000e-1	2.37687e-4
6.00000e+0	-1.75000e-1	2.28536e-4
6.40000e+0	-1.75000e-1	2.19089e-4
6.80000e+0	-1.75000e-1	2.09221e-4
7.20000e+0	-1.75000e-1	1.98663e-4
7.60000e+0	-1.75000e-1	1.87193e-4
8.00000e+0	-1.75000e-1	1.72999e-4
8.40000e+0	-1.75000e-1	1.61964e-4
8.80000e+0	-1.75000e-1	1.42851e-4
9.20000e+0	-1.75000e-1	1.16642e-4
9.60000e+0	-1.75000e-1	8.36926e-5
1.00000e+1	-1.75000e-1	3.60049e-5
0.00000e+0	-1.70000e-1	2.81528e-4
4.00000e-1	-1.70000e-1	2.86739e-4
8.00000e-1	-1.70000e-1	2.95831e-4
1.20000e+0	-1.70000e-1	3.04790e-4
1.60000e+0	-1.70000e-1	3.11862e-4
2.00000e+0	-1.70000e-1	3.14785e-4
2.40000e+0	-1.70000e-1	3.17190e-4
2.80000e+0	-1.70000e-1	3.13441e-4
3.20000e+0	-1.70000e-1	3.07873e-4
3.60000e+0	-1.70000e-1	3.00771e-4
4.00000e+0	-1.70000e-1	2.83576e-4
4.40000e+0	-1.70000e-1	2.85628e-4
4.80000e+0	-1.70000e-1	2.73303e-4
5.20000e+0	-1.70000e-1	2.63583e-4
5.60000e+0	-1.70000e-1	2.53861e-4
6.00000e+0	-1.70000e-1	2.44089e-4
6.40000e+0	-1.70000e-1	2.34000e-4
6.80000e+0	-1.70000e-1	2.23461e-4
7.20000e+0	-1.70000e-1	2.12185e-4
7.60000e+0	-1.70000e-1	1.99935e-4
8.00000e+0	-1.70000e-1	1.84803e-4
8.40000e+0	-1.70000e-1	1.72950e-4
8.80000e+0	-1.70000e-1	1.52861e-4
9.20000e+0	-1.70000e-1	1.24826e-4
9.60000e+0	-1.70000e-1	8.94279e-5
1.00000e+1	-1.70000e-1	3.83858e-5
0.00000e+0	-1.65000e-1	3.00566e-4
4.00000e-1	-1.65000e-1	3.06146e-4
8.00000e-1	-1.65000e-1	3.15858e-4
1.20000e+0	-1.65000e-1	3.25433e-4
1.60000e+0	-1.65000e-1	3.33017e-4
2.00000e+0	-1.65000e-1	3.36824e-4
2.40000e+0	-1.65000e-1	3.38302e-4
2.80000e+0	-1.65000e-1	3.34450e-4
3.20000e+0	-1.65000e-1	3.28700e-4
3.60000e+0	-1.65000e-1	3.21136e-4
4.00000e+0	-1.65000e-1	3.09618e-4
4.40000e+0	-1.65000e-1	3.02885e-4
4.80000e+0	-1.65000e-1	2.91820e-4
5.20000e+0	-1.65000e-1	2.81444e-4
5.60000e+0	-1.65000e-1	2.71060e-4
6.00000e+0	-1.65000e-1	2.60626e-4
6.40000e+0	-1.65000e-1	2.49855e-4
6.80000e+0	-1.65000e-1	2.38603e-4
7.20000e+0	-1.65000e-1	2.26564e-4
7.60000e+0	-1.65000e-1	2.13417e-4
8.00000e+0	-1.65000e-1	1.98113e-4
8.40000e+0	-1.65000e-1	1.82091e-4
8.80000e+0	-1.65000e-1	1.60635e-4
9.20000e+0	-1.65000e-1	1.32134e-4
9.60000e+0	-1.65000e-1	9.54858e-5
1.00000e+1	-1.65000e-1	4.10461e-5
0.00000e+0	-1.60000e-1	3.20771e-4
4.00000e-1	-1.60000e-1	3.26748e-4
8.00000e-1	-1.60000e-1	3.37117e-4
1.20000e+0	-1.60000e-1	3.47348e-4
1.60000e+0	-1.60000e-1	3.55461e-4
2.00000e+0	-1.60000e-1	3.59933e-4
2.40000e+0	-1.60000e-1	3.59420e-4
2.80000e+0	-1.60000e-1	3.56848e-4
3.20000e+0	-1.60000e-1	3.50824e-4
3.60000e+0	-1.60000e-1	3.42761e-4
4.00000e+0	-1.60000e-1	3.34498e-4
4.40000e+0	-1.60000e-1	3.22051e-4
4.80000e+0	-1.60000e-1	3.11477e-4
5.20000e+0	-1.60000e-1	3.00404e-4
5.60000e+0	-1.60000e-1	2.89319e-4
6.00000e+0	-1.60000e-1	2.78184e-4
6.40000e+0	-1.60000e-1	2.66688e-4
6.80000e+0	-1.60000e-1	2.54678e-4
7.20000e+0	-1.60000e-1	2.41830e-4
7.60000e+0	-1.60000e-1	2.27743e-4
8.00000e+0	-1.60000e-1	2.12035e-4
8.40000e+0	-1.60000e-1	1.92364e-4
8.80000e+0	-1.60000e-1	1.68403e-4
9.20000e+0	-1.60000e-1	1.39346e-4
9.60000e+0	-1.60000e-1	1.01877e-4
1.00000e+1	-1.60000e-1	4.40982e-5
0.00000e+0	-1.55000e-1	3.42181e-4
4.00000e-1	-1.55000e-1	3.48582e-4
8.00000e-1	-1.55000e-1	3.59646e-4
1.20000e+0	-1.55000e-1	3.70572e-4
1.60000e+0	-1.55000e-1	3.79232e-4
2.00000e+0	-1.55000e-1	3.84068e-4
2.40000e+0	-1.55000e-1	3.80932e-4
2.80000e+0	-1.55000e-1	3.80700e-4
3.20000e+0	-1.55000e-1	3.74288e-4
3.60000e+0	-1.55000e-1	3.65685e-4
4.00000e+0	-1.55000e-1	3.57451e-4
4.40000e+0	-1.55000e-1	3.43407e-4
4.80000e+0	-1.55000e-1	3.32310e-4
5.20000e+0	-1.55000e-1	3.20496e-4
5.60000e+0	-1.55000e-1	3.08671e-4
6.00000e+0	-1.55000e-1	2.96792e-4
6.40000e+0	-1.55000e-1	2.84527e-4
6.80000e+0	-1.55000e-1	2.71716e-4
7.20000e+0	-1.55000e-1	2.58009e-4
7.60000e+0	-1.55000e-1	2.42970e-4
8.00000e+0	-1.55000e-1	2.26253e-4
8.40000e+0	-1.55000e-1	2.04927e-4
8.80000e+0	-1.55000e-1	1.77594e-4
9.20000e+0	-1.55000e-1	1.47495e-4
9.60000e+0	-1.55000e-1	1.08626e-4
1.00000e+1	-1.55000e-1	4.75250e-5
0.00000e+0	-1.50000e-1	3.64830e-4
4.00000e-1	-1.50000e-1	3.71677e-4
8.00000e-1	-1.50000e-1	3.83477e-4
1.20000e+0	-1.50000e-1	3.95139e-4
1.60000e+0	-1.50000e-1	4.04373e-4
2.00000e+0	-1.50000e-1	4.09415e-4
2.40000e+0	-1.50000e-1	4.04165e-4
2.80000e+0	-1.50000e-1	4.05990e-4
3.20000e+0	-1.50000e-1	3.99116e-4
3.60000e+0	-1.50000e-1	3.89939e-4
4.00000e+0	-1.50000e-1	3.79971e-4
4.40000e+0	-1.50000e-1	3.66544e-4
4.80000e+0	-1.50000e-1	3.54347e-4
5.20000e+0	-1.50000e-1	3.41749e-4
5.60000e+0	-1.50000e-1	3.29142e-4
6.00000e+0	-1.50000e-1	3.16476e-4
6.40000e+0	-1.50000e-1	3.03399e-4
6.80000e+0	-1.50000e-1	2.89739e-4
7.20000e+0	-1.50000e-1	2.75124e-4
7.60000e+0	-1.50000e-1	2.59103e-4
8.00000e+0	-1.50000e-1	2.41028e-4
8.40000e+0	-1.50000e-1	2.19124e-4
8.80000e+0	-1.50000e-1	1.88843e-4
9.20000e+0	-1.50000e-1	1.57857e-4
9.60000e+0	-1.50000e-1	1.15775e-4
1.00000e+1	-1.50000e-1	5.11801e-5
0.00000e+0	-1.45000e-1	3.88751e-4
4.00000e-1	-1.45000e-1	3.96065e-4
8.00000e-1	-1.45000e-1	4.08641e-4
1.20000e+0	-1.45000e-1	4.21081e-4
1.60000e+0	-1.45000e-1	4.30925e-4
2.00000e+0	-1.45000e-1	4.36176e-4
2.40000e+0	-1.45000e-1	4.30490e-4
2.80000e+0	-1.45000e-1	4.32696e-4
3.20000e+0	-1.45000e-1	4.25332e-4
3.60000e+0	-1.45000e-1	4.15550e-4
4.00000e+0	-1.45000e-1	4.03720e-4
4.40000e+0	-1.45000e-1	3.90996e-4
4.80000e+0	-1.45000e-1	3.77617e-4
5.20000e+0	-1.45000e-1	3.64191e-4
5.60000e+0	-1.45000e-1	3.50758e-4
6.00000e+0	-1.45000e-1	3.37262e-4
6.40000e+0	-1.45000e-1	3.23327e-4
6.80000e+0	-1.45000e-1	3.08771e-4
7.20000e+0	-1.45000e-1	2.93198e-4
7.60000e+0	-1.45000e-1	2.76142e-4
8.00000e+0	-1.45000e-1	2.56664e-4
8.40000e+0	-1.45000e-1	2.34157e-4
8.80000e+0	-1.45000e-1	2.02690e-4
9.20000e+0	-1.45000e-1	1.71667e-4
9.60000e+0	-1.45000e-1	1.23363e-4
1.00000e+1	-1.45000e-1	5.49092e-5
0.00000e+0	-1.40000e-1	4.13964e-4
4.00000e-1	-1.40000e-1	4.21763e-4
8.00000e-1	-1.40000e-1	4.35158e-4
1.20000e+0	-1.40000e-1	4.48417e-4
1.60000e+0	-1.40000e-1	4.58915e-4
2.00000e+0	-1.40000e-1	4.64469e-4
2.40000e+0	-1.40000e-1	4.60375e-4
2.80000e+0	-1.40000e-1	4.60806e-4
3.20000e+0	-1.40000e-1	4.52951e-4
3.60000e+0	-1.40000e-1	4.42539e-4
4.00000e+0	-1.40000e-1	4.29642e-4
4.40000e+0	-1.40000e-1	4.16495e-4
4.80000e+0	-1.40000e-1	4.02137e-4
5.20000e+0	-1.40000e-1	3.87839e-4
5.60000e+0	-1.40000e-1	3.73536e-4
6.00000e+0	-1.40000e-1	3.59165e-4
6.40000e+0	-1.40000e-1	3.44326e-4
6.80000e+0	-1.40000e-1	3.28825e-4
7.20000e+0	-1.40000e-1	3.12242e-4
7.60000e+0	-1.40000e-1	2.94088e-4
8.00000e+0	-1.40000e-1	2.73330e-4
8.40000e+0	-1.40000e-1	2.49560e-4
8.80000e+0	-1.40000e-1	2.18918e-4
9.20000e+0	-1.40000e-1	1.88268e-4
9.60000e+0	-1.40000e-1	1.31409e-4
1.00000e+1	-1.40000e-1	5.86403e-5
0.00000e+0	-1.35000e-1	4.40460e-4
4.00000e-1	-1.35000e-1	4.48768e-4
8.00000e-1	-1.35000e-1	4.63026e-4
1.20000e+0	-1.35000e-1	4.77143e-4
1.60000e+0	-1.35000e-1	4.88332e-4
2.00000e+0	-1.35000e-1	4.94264e-4
2.40000e+0	-1.35000e-1	4.92696e-4
2.80000e+0	-1.35000e-1	4.90327e-4
3.20000e+0	-1.35000e-1	4.81973e-4
3.60000e+0	-1.35000e-1	4.70901e-4
4.00000e+0	-1.35000e-1	4.57432e-4
4.40000e+0	-1.35000e-1	4.43108e-4
4.80000e+0	-1.35000e-1	4.27905e-4
5.20000e+0	-1.35000e-1	4.12691e-4
5.60000e+0	-1.35000e-1	3.97472e-4
6.00000e+0	-1.35000e-1	3.82182e-4
6.40000e+0	-1.35000e-1	3.66393e-4
6.80000e+0	-1.35000e-1	3.49901e-4
7.20000e+0	-1.35000e-1	3.32256e-4
7.60000e+0	-1.35000e-1	3.12940e-4
8.00000e+0	-1.35000e-1	2.90963e-4
8.40000e+0	-1.35000e-1	2.65452e-4
8.80000e+0	-1.35000e-1	2.35974e-4
9.20000e+0	-1.35000e-1	2.03683e-4
9.60000e+0	-1.35000e-1	1.39888e-4
1.00000e+1	-1.35000e-1	6.24463e-5
0.00000e+0	-1.30000e-1	4.68227e-4
4.00000e-1	-1.30000e-1	4.77071e-4
8.00000e-1	-1.30000e-1	4.92241e-4
1.20000e+0	-1.30000e-1	5.07252e-4
1.60000e+0	-1.30000e-1	5.19166e-4
2.00000e+0	-1.30000e-1	5.25507e-4
2.40000e+0	-1.30000e-1	5.26069e-4
2.80000e+0	-1.30000e-1	5.21267e-4
3.20000e+0	-1.30000e-1	5.12398e-4
3.60000e+0	-1.30000e-1	5.00632e-4
4.00000e+0	-1.30000e-1	4.86574e-4
4.40000e+0	-1.30000e-1	4.70962e-4
4.80000e+0	-1.30000e-1	4.54915e-4
5.20000e+0	-1.30000e-1	4.38742e-4
5.60000e+0	-1.30000e-1	4.22562e-4
6.00000e+0	-1.30000e-1	4.06309e-4
6.40000e+0	-1.30000e-1	3.89524e-4
6.80000e+0	-1.30000e-1	3.71993e-4
7.20000e+0	-1.30000e-1	3.53236e-4
7.60000e+0	-1.30000e-1	3.32700e-4
8.00000e+0	-1.30000e-1	3.09459e-4
8.40000e+0	-1.30000e-1	2.82050e-4
8.80000e+0	-1.30000e-1	2.52092e-4
9.20000e+0	-1.30000e-1	2.13411e-4
9.60000e+0	-1.30000e-1	1.48768e-4
1.00000e+1	-1.30000e-1	6.64241e-5
0.00000e+0	-1.25000e-1	4.97244e-4
4.00000e-1	-1.25000e-1	5.06655e-4
8.00000e-1	-1.25000e-1	5.22785e-4
1.20000e+0	-1.25000e-1	5.38726e-4
1.60000e+0	-1.25000e-1	5.51390e-4
2.00000e+0	-1.25000e-1	5.58142e-4
2.40000e+0	-1.25000e-1	5.59500e-4
2.80000e+0	-1.25000e-1	5.53620e-4
3.20000e+0	-1.25000e-1	5.44208e-4
3.60000e+0	-1.25000e-1	5.31712e-4
4.00000e+0	-1.25000e-1	5.16714e-4
4.40000e+0	-1.25000e-1	5.00139e-4
4.80000e+0	-1.25000e-1	4.83151e-4
5.20000e+0	-1.25000e-1	4.65975e-4
5.60000e+0	-1.25000e-1	4.48791e-4
6.00000e+0	-1.25000e-1	4.31531e-4
6.40000e+0	-1.25000e-1	4.13705e-4
6.80000e+0	-1.25000e-1	3.95087e-4
7.20000e+0	-1.25000e-1	3.75168e-4
7.60000e+0	-1.25000e-1	3.53359e-4
8.00000e+0	-1.25000e-1	3.28730e-4
8.40000e+0	-1.25000e-1	2.99508e-4
8.80000e+0	-1.25000e-1	2.66237e-4
9.20000e+0	-1.25000e-1	2.15557e-4
9.60000e+0	-1.25000e-1	1.58030e-4
1.00000e+1	-1.25000e-1	7.06449e-5
0.00000e+0	-1.20000e-1	5.27461e-4
4.00000e-1	-1.20000e-1	5.37468e-4
8.00000e-1	-1.20000e-1	5.54600e-4
1.20000e+0	-1.20000e-1	5.71507e-4
1.60000e+0	-1.20000e-1	5.84951e-4
2.00000e+0	-1.20000e-1	5.92114e-4
2.40000e+0	-1.20000e-1	5.93254e-4
2.80000e+0	-1.20000e-1	5.87327e-4
3.20000e+0	-1.20000e-1	5.77344e-4
3.60000e+0	-1.20000e-1	5.64083e-4
4.00000e+0	-1.20000e-1	5.48016e-4
4.40000e+0	-1.20000e-1	5.30593e-4
4.80000e+0	-1.20000e-1	5.12562e-4
5.20000e+0	-1.20000e-1	4.94342e-4
5.60000e+0	-1.20000e-1	4.76113e-4
6.00000e+0	-1.20000e-1	4.57803e-4
6.40000e+0	-1.20000e-1	4.38893e-4
6.80000e+0	-1.20000e-1	4.19144e-4
7.20000e+0	-1.20000e-1	3.98014e-4
7.60000e+0	-1.20000e-1	3.74881e-4
8.00000e+0	-1.20000e-1	3.48751e-4
8.40000e+0	-1.20000e-1	3.17783e-4
8.80000e+0	-1.20000e-1	2.79715e-4
9.20000e+0	-1.20000e-1	2.16558e-4
9.60000e+0	-1.20000e-1	1.67697e-4
1.00000e+1	-1.20000e-1	7.50974e-5
0.00000e+0	-1.15000e-1	5.58819e-4
4.00000e-1	-1.15000e-1	5.69447e-4
8.00000e-1	-1.15000e-1	5.87617e-4
1.20000e+0	-1.15000e-1	6.05531e-4
1.60000e+0	-1.15000e-1	6.19783e-4
2.00000e+0	-1.15000e-1	6.27368e-4
2.40000e+0	-1.15000e-1	6.27990e-4
2.80000e+0	-1.15000e-1	6.22312e-4
3.20000e+0	-1.15000e-1	6.11731e-4
3.60000e+0	-1.15000e-1	5.97673e-4
4.00000e+0	-1.15000e-1	5.80805e-4
4.40000e+0	-1.15000e-1	5.62232e-4
4.80000e+0	-1.15000e-1	5.43088e-4
5.20000e+0	-1.15000e-1	5.23784e-4
5.60000e+0	-1.15000e-1	5.04469e-4
6.00000e+0	-1.15000e-1	4.85072e-4
6.40000e+0	-1.15000e-1	4.65037e-4
6.80000e+0	-1.15000e-1	4.44113e-4
7.20000e+0	-1.15000e-1	4.21727e-4
7.60000e+0	-1.15000e-1	3.97218e-4
8.00000e+0	-1.15000e-1	3.69512e-4
8.40000e+0	-1.15000e-1	3.36774e-4
8.80000e+0	-1.15000e-1	2.94563e-4
9.20000e+0	-1.15000e-1	2.25450e-4
9.60000e+0	-1.15000e-1	1.77802e-4
1.00000e+1	-1.15000e-1	7.97449e-5
0.00000e+0	-1.10000e-1	5.91253e-4
4.00000e-1	-1.10000e-1	6.02522e-4
8.00000e-1	-1.10000e-1	6.21759e-4
1.20000e+0	-1.10000e-1	6.40722e-4
1.60000e+0	-1.10000e-1	6.55812e-4
2.00000e+0	-1.10000e-1	6.63840e-4
2.40000e+0	-1.10000e-1	6.64247e-4
2.80000e+0	-1.10000e-1	6.58495e-4
3.20000e+0	-1.10000e-1	6.47290e-4
3.60000e+0	-1.10000e-1	6.32411e-4
4.00000e+0	-1.10000e-1	6.15097e-4
4.40000e+0	-1.10000e-1	5.94953e-4
4.80000e+0	-1.10000e-1	5.74661e-4
5.20000e+0	-1.10000e-1	5.54238e-4
5.60000e+0	-1.10000e-1	5.33799e-4
6.00000e+0	-1.10000e-1	5.13277e-4
6.40000e+0	-1.10000e-1	4.92078e-4
6.80000e+0	-1.10000e-1	4.69940e-4
7.20000e+0	-1.10000e-1	4.46254e-4
7.60000e+0	-1.10000e-1	4.20323e-4
8.00000e+0	-1.10000e-1	3.90998e-4
8.40000e+0	-1.10000e-1	3.56384e-4
8.80000e+0	-1.10000e-1	3.12304e-4
9.20000e+0	-1.10000e-1	2.48344e-4
9.60000e+0	-1.10000e-1	1.88353e-4
1.00000e+1	-1.10000e-1	8.45529e-5
0.00000e+0	-1.05000e-1	6.24658e-4
4.00000e-1	-1.05000e-1	6.36588e-4
8.00000e-1	-1.05000e-1	6.56920e-4
1.20000e+0	-1.05000e-1	6.76968e-4
1.60000e+0	-1.05000e-1	6.92924e-4
2.00000e+0	-1.05000e-1	7.01412e-4
2.40000e+0	-1.05000e-1	7.01832e-4
2.80000e+0	-1.05000e-1	6.95763e-4
3.20000e+0	-1.05000e-1	6.83934e-4
3.60000e+0	-1.05000e-1	6.68221e-4
4.00000e+0	-1.05000e-1	6.49147e-4
4.40000e+0	-1.05000e-1	6.28583e-4
4.80000e+0	-1.05000e-1	6.07184e-4
5.20000e+0	-1.05000e-1	5.85604e-4
5.60000e+0	-1.05000e-1	5.64012e-4
6.00000e+0	-1.05000e-1	5.42330e-4
6.40000e+0	-1.05000e-1	5.19932e-4
6.80000e+0	-1.05000e-1	4.96543e-4
7.20000e+0	-1.05000e-1	4.71518e-4
7.60000e+0	-1.05000e-1	4.44121e-4
8.00000e+0	-1.05000e-1	4.13140e-4
8.40000e+0	-1.05000e-1	3.76560e-4
8.80000e+0	-1.05000e-1	3.31374e-4
9.20000e+0	-1.05000e-1	2.73986e-4
9.60000e+0	-1.05000e-1	1.99199e-4
1.00000e+1	-1.05000e-1	8.95052e-5
0.00000e+0	-1.00000e-1	6.58903e-4
4.00000e-1	-1.00000e-1	6.71512e-4
8.00000e-1	-1.00000e-1	6.92967e-4
1.20000e+0	-1.00000e-1	7.14127e-4
1.60000e+0	-1.00000e-1	7.30972e-4
2.00000e+0	-1.00000e-1	7.39930e-4
2.40000e+0	-1.00000e-1	7.40289e-4
2.80000e+0	-1.00000e-1	7.33974e-4
3.20000e+0	-1.00000e-1	7.21509e-4
3.60000e+0	-1.00000e-1	7.04945e-4
4.00000e+0	-1.00000e-1	6.83655e-4
4.40000e+0	-1.00000e-1	6.63045e-4
4.80000e+0	-1.00000e-1	6.40529e-4
5.20000e+0	-1.00000e-1	6.17760e-4
5.60000e+0	-1.00000e-1	5.94991e-4
6.00000e+0	-1.00000e-1	5.72116e-4
6.40000e+0	-1.00000e-1	5.48491e-4
6.80000e+0	-1.00000e-1	5.23818e-4
7.20000e+0	-1.00000e-1	4.97422e-4
7.60000e+0	-1.00000e-1	4.68522e-4
8.00000e+0	-1.00000e-1	4.35842e-4
8.40000e+0	-1.00000e-1	3.97256e-4
8.80000e+0	-1.00000e-1	3.49705e-4
9.20000e+0	-1.00000e-1	2.89940e-4
9.60000e+0	-1.00000e-1	2.10190e-4
1.00000e+1	-1.00000e-1	9.45929e-5
0.00000e+0	-9.50000e-2	6.93839e-4
4.00000e-1	-9.50000e-2	7.07142e-4
8.00000e-1	-9.50000e-2	7.29743e-4
1.20000e+0	-9.50000e-2	7.52039e-4
1.60000e+0	-9.50000e-2	7.69790e-4
2.00000e+0	-9.50000e-2	7.79227e-4
2.40000e+0	-9.50000e-2	7.79495e-4
2.80000e+0	-9.50000e-2	7.72947e-4
3.20000e+0	-9.50000e-2	7.59728e-4
3.60000e+0	-9.50000e-2	7.42234e-4
4.00000e+0	-9.50000e-2	7.26583e-4
4.40000e+0	-9.50000e-2	6.98557e-4
4.80000e+0	-9.50000e-2	6.74539e-4
5.20000e+0	-9.50000e-2	6.50573e-4
5.60000e+0	-9.50000e-2	6.26595e-4
6.00000e+0	-9.50000e-2	6.02506e-4
6.40000e+0	-9.50000e-2	5.77629e-4
6.80000e+0	-9.50000e-2	5.51647e-4
7.20000e+0	-9.50000e-2	5.23852e-4
7.60000e+0	-9.50000e-2	4.93418e-4
8.00000e+0	-9.50000e-2	4.59005e-4
8.40000e+0	-9.50000e-2	4.18376e-4
8.80000e+0	-9.50000e-2	3.68077e-4
9.20000e+0	-9.50000e-2	3.03585e-4
9.60000e+0	-9.50000e-2	2.21373e-4
1.00000e+1	-9.50000e-2	9.97993e-5
0.00000e+0	-9.00000e-2	7.29294e-4
4.00000e-1	-9.00000e-2	7.43303e-4
8.00000e-1	-9.00000e-2	7.67066e-4
1.20000e+0	-9.00000e-2	7.90515e-4
1.60000e+0	-9.00000e-2	8.09187e-4
2.00000e+0	-9.00000e-2	8.19110e-4
2.40000e+0	-9.00000e-2	8.19307e-4
2.80000e+0	-9.00000e-2	8.12487e-4
3.20000e+0	-9.00000e-2	7.98313e-4
3.60000e+0	-9.00000e-2	7.79944e-4
4.00000e+0	-9.00000e-2	7.76286e-4
4.40000e+0	-9.00000e-2	7.34877e-4
4.80000e+0	-9.00000e-2	7.09050e-4
5.20000e+0	-9.00000e-2	6.83878e-4
5.60000e+0	-9.00000e-2	6.58666e-4
6.00000e+0	-9.00000e-2	6.33348e-4
6.40000e+0	-9.00000e-2	6.07200e-4
6.80000e+0	-9.00000e-2	5.79892e-4
7.20000e+0	-9.00000e-2	5.50675e-4
7.60000e+0	-9.00000e-2	5.18686e-4
8.00000e+0	-9.00000e-2	4.82515e-4
8.40000e+0	-9.00000e-2	4.39810e-4
8.80000e+0	-9.00000e-2	3.86990e-4
9.20000e+0	-9.00000e-2	3.19539e-4
9.60000e+0	-9.00000e-2	2.32752e-4
1.00000e+1	-9.00000e-2	1.05101e-4
0.00000e+0	-8.50000e-2	7.65067e-4
4.00000e-1	-8.50000e-2	7.79791e-4
8.00000e-1	-8.50000e-2	8.04728e-4
1.20000e+0	-8.50000e-2	8.29341e-4
1.60000e+0	-8.50000e-2	8.48942e-4
2.00000e+0	-8.50000e-2	8.59355e-4
2.40000e+0	-8.50000e-2	8.59477e-4
2.80000e+0	-8.50000e-2	8.52391e-4
3.20000e+0	-8.50000e-2	8.37219e-4
3.60000e+0	-8.50000e-2	8.18141e-4
4.00000e+0	-8.50000e-2	8.20470e-4
4.40000e+0	-8.50000e-2	7.71259e-4
4.80000e+0	-8.50000e-2	7.43883e-4
5.20000e+0	-8.50000e-2	7.17483e-4
5.60000e+0	-8.50000e-2	6.91030e-4
6.00000e+0	-8.50000e-2	6.64471e-4
6.40000e+0	-8.50000e-2	6.37041e-4
6.80000e+0	-8.50000e-2	6.08394e-4
7.20000e+0	-8.50000e-2	5.77743e-4
7.60000e+0	-8.50000e-2	5.44185e-4
8.00000e+0	-8.50000e-2	5.06240e-4
8.40000e+0	-8.50000e-2	4.61440e-4
8.80000e+0	-8.50000e-2	4.06059e-4
9.20000e+0	-8.50000e-2	3.35497e-4
9.60000e+0	-8.50000e-2	2.44234e-4
1.00000e+1	-8.50000e-2	1.10468e-4
0.00000e+0	-8.00000e-2	8.00934e-4
4.00000e-1	-8.00000e-2	8.16377e-4
8.00000e-1	-8.00000e-2	8.42491e-4
1.20000e+0	-8.00000e-2	8.68273e-4
1.60000e+0	-8.00000e-2	8.88805e-4
2.00000e+0	-8.00000e-2	8.99713e-4
2.40000e+0	-8.00000e-2	8.99746e-4
2.80000e+0	-8.00000e-2	8.92461e-4
3.20000e+0	-8.00000e-2	8.77187e-4
3.60000e+0	-8.00000e-2	8.56748e-4
4.00000e+0	-8.00000e-2	8.49991e-4
4.40000e+0	-8.00000e-2	8.07064e-4
4.80000e+0	-8.00000e-2	7.78824e-4
5.20000e+0	-8.00000e-2	7.51187e-4
5.60000e+0	-8.00000e-2	7.23489e-4
6.00000e+0	-8.00000e-2	6.95685e-4
6.40000e+0	-8.00000e-2	6.66967e-4
6.80000e+0	-8.00000e-2	6.36975e-4
7.20000e+0	-8.00000e-2	6.04887e-4
7.60000e+0	-8.00000e-2	5.69756e-4
8.00000e+0	-8.00000e-2	5.30032e-4
8.40000e+0	-8.00000e-2	4.83132e-4
8.80000e+0	-8.00000e-2	4.25135e-4
9.20000e+0	-8.00000e-2	3.51134e-4
9.60000e+0	-8.00000e-2	2.55746e-4
1.00000e+1	-8.00000e-2	1.15866e-4
0.00000e+0	-7.50000e-2	8.36652e-4
4.00000e-1	-7.50000e-2	8.52811e-4
8.00000e-1	-7.50000e-2	8.80094e-4
1.20000e+0	-7.50000e-2	9.07044e-4
1.60000e+0	-7.50000e-2	9.28504e-4
2.00000e+0	-7.50000e-2	9.39908e-4
2.40000e+0	-7.50000e-2	9.39841e-4
2.80000e+0	-7.50000e-2	9.32412e-4
3.20000e+0	-7.50000e-2	9.17815e-4
3.60000e+0	-7.50000e-2	8.95396e-4
4.00000e+0	-7.50000e-2	8.69311e-4
4.40000e+0	-7.50000e-2	8.42265e-4
4.80000e+0	-7.50000e-2	8.13634e-4
5.20000e+0	-7.50000e-2	7.84765e-4
5.60000e+0	-7.50000e-2	7.55822e-4
6.00000e+0	-7.50000e-2	7.26777e-4
6.40000e+0	-7.50000e-2	6.96772e-4
6.80000e+0	-7.50000e-2	6.65440e-4
7.20000e+0	-7.50000e-2	6.31921e-4
7.60000e+0	-7.50000e-2	5.95224e-4
8.00000e+0	-7.50000e-2	5.53726e-4
8.40000e+0	-7.50000e-2	5.04736e-4
8.80000e+0	-7.50000e-2	4.44153e-4
9.20000e+0	-7.50000e-2	3.66851e-4
9.60000e+0	-7.50000e-2	2.67213e-4
1.00000e+1	-7.50000e-2	1.21257e-4
0.00000e+0	-7.00000e-2	8.71958e-4
4.00000e-1	-7.00000e-2	8.88823e-4
8.00000e-1	-7.00000e-2	9.17259e-4
1.20000e+0	-7.00000e-2	9.45367e-4
1.60000e+0	-7.00000e-2	9.67745e-4
2.00000e+0	-7.00000e-2	9.79640e-4
2.40000e+0	-7.00000e-2	9.79468e-4
2.80000e+0	-7.00000e-2	9.71821e-4
3.20000e+0	-7.00000e-2	9.56462e-4
3.60000e+0	-7.00000e-2	9.33379e-4
4.00000e+0	-7.00000e-2	9.00797e-4
4.40000e+0	-7.00000e-2	8.77655e-4
4.80000e+0	-7.00000e-2	8.48059e-4
5.20000e+0	-7.00000e-2	8.17948e-4
5.60000e+0	-7.00000e-2	7.87788e-4
6.00000e+0	-7.00000e-2	7.57504e-4
6.40000e+0	-7.00000e-2	7.26232e-4
6.80000e+0	-7.00000e-2	6.93577e-4
7.20000e+0	-7.00000e-2	6.58644e-4
7.60000e+0	-7.00000e-2	6.20398e-4
8.00000e+0	-7.00000e-2	5.77149e-4
8.40000e+0	-7.00000e-2	5.26091e-4
8.80000e+0	-7.00000e-2	4.62956e-4
9.20000e+0	-7.00000e-2	3.82415e-4
9.60000e+0	-7.00000e-2	2.78551e-4
1.00000e+1	-7.00000e-2	1.26603e-4
0.00000e+0	-6.50000e-2	9.06567e-4
4.00000e-1	-6.50000e-2	9.24128e-4
8.00000e-1	-6.50000e-2	9.53695e-4
1.20000e+0	-6.50000e-2	9.82939e-4
1.60000e+0	-6.50000e-2	1.00622e-3
2.00000e+0	-6.50000e-2	1.01859e-3
2.40000e+0	-6.50000e-2	1.01831e-3
2.80000e+0	-6.50000e-2	1.01041e-3
3.20000e+0	-6.50000e-2	9.93264e-4
3.60000e+0	-6.50000e-2	9.70406e-4
4.00000e+0	-6.50000e-2	9.42883e-4
4.40000e+0	-6.50000e-2	9.12875e-4
4.80000e+0	-6.50000e-2	8.81810e-4
5.20000e+0	-6.50000e-2	8.50472e-4
5.60000e+0	-6.50000e-2	8.19130e-4
6.00000e+0	-6.50000e-2	7.87630e-4
6.40000e+0	-6.50000e-2	7.55115e-4
6.80000e+0	-6.50000e-2	7.21163e-4
7.20000e+0	-6.50000e-2	6.84843e-4
7.60000e+0	-6.50000e-2	6.45079e-4
8.00000e+0	-6.50000e-2	6.00114e-4
8.40000e+0	-6.50000e-2	5.47030e-4
8.80000e+0	-6.50000e-2	4.81387e-4
9.20000e+0	-6.50000e-2	3.97639e-4
9.60000e+0	-6.50000e-2	2.89668e-4
1.00000e+1	-6.50000e-2	1.31860e-4
0.00000e+0	-6.00000e-2	9.40188e-4
4.00000e-1	-6.00000e-2	9.58432e-4
8.00000e-1	-6.00000e-2	9.89096e-4
1.20000e+0	-6.00000e-2	1.01944e-3
1.60000e+0	-6.00000e-2	1.04359e-3
2.00000e+0	-6.00000e-2	1.05644e-3
2.40000e+0	-6.00000e-2	1.05606e-3
2.80000e+0	-6.00000e-2	1.04795e-3
3.20000e+0	-6.00000e-2	1.02995e-3
3.60000e+0	-6.00000e-2	1.00645e-3
4.00000e+0	-6.00000e-2	9.79246e-4
4.40000e+0	-6.00000e-2	9.46863e-4
4.80000e+0	-6.00000e-2	9.14582e-4
5.20000e+0	-6.00000e-2	8.82076e-4
5.60000e+0	-6.00000e-2	8.49574e-4
6.00000e+0	-6.00000e-2	8.16918e-4
6.40000e+0	-6.00000e-2	7.83179e-4
6.80000e+0	-6.00000e-2	7.47971e-4
7.20000e+0	-6.00000e-2	7.10301e-4
7.60000e+0	-6.00000e-2	6.69061e-4
8.00000e+0	-6.00000e-2	6.22429e-4
8.40000e+0	-6.00000e-2	5.67376e-4
8.80000e+0	-6.00000e-2	4.99298e-4
9.20000e+0	-6.00000e-2	4.12439e-4
9.60000e+0	-6.00000e-2	3.00472e-4
1.00000e+1	-6.00000e-2	1.36984e-4
0.00000e+0	-5.50000e-2	9.72525e-4
4.00000e-1	-5.50000e-2	9.91426e-4
8.00000e-1	-5.50000e-2	1.02315e-3
1.20000e+0	-5.50000e-2	1.05456e-3
1.60000e+0	-5.50000e-2	1.07955e-3
2.00000e+0	-5.50000e-2	1.09285e-3
2.40000e+0	-5.50000e-2	1.09235e-3
2.80000e+0	-5.50000e-2	1.08404e-3
3.20000e+0	-5.50000e-2	1.06566e-3
3.60000e+0	-5.50000e-2	1.04115e-3
4.00000e+0	-5.50000e-2	1.01167e-3
4.40000e+0	-5.50000e-2	9.79428e-4
4.80000e+0	-5.50000e-2	9.46097e-4
5.20000e+0	-5.50000e-2	9.12477e-4
5.60000e+0	-5.50000e-2	8.78855e-4
6.00000e+0	-5.50000e-2	8.45088e-4
6.40000e+0	-5.50000e-2	8.10174e-4
6.80000e+0	-5.50000e-2	7.73756e-4
7.20000e+0	-5.50000e-2	7.34788e-4
7.60000e+0	-5.50000e-2	6.92130e-4
8.00000e+0	-5.50000e-2	6.43893e-4
8.40000e+0	-5.50000e-2	5.86947e-4
8.80000e+0	-5.50000e-2	5.16527e-4
9.20000e+0	-5.50000e-2	4.26681e-4
9.60000e+0	-5.50000e-2	3.10864e-4
1.00000e+1	-5.50000e-2	1.41926e-4
0.00000e+0	-5.00000e-2	1.00329e-3
4.00000e-1	-5.00000e-2	1.02281e-3
8.00000e-1	-5.00000e-2	1.05554e-3
1.20000e+0	-5.00000e-2	1.08796e-3
1.60000e+0	-5.00000e-2	1.11374e-3
2.00000e+0	-5.00000e-2	1.12748e-3
2.40000e+0	-5.00000e-2	1.12687e-3
2.80000e+0	-5.00000e-2	1.11839e-3
3.20000e+0	-5.00000e-2	1.09940e-3
3.60000e+0	-5.00000e-2	1.07414e-3
4.00000e+0	-5.00000e-2	1.04388e-3
4.40000e+0	-5.00000e-2	1.01047e-3
4.80000e+0	-5.00000e-2	9.76079e-4
5.20000e+0	-5.00000e-2	9.41394e-4
5.60000e+0	-5.00000e-2	9.06708e-4
6.00000e+0	-5.00000e-2	8.71871e-4
6.40000e+0	-5.00000e-2	8.35852e-4
6.80000e+0	-5.00000e-2	7.98281e-4
7.20000e+0	-5.00000e-2	7.58081e-4
7.60000e+0	-5.00000e-2	7.14073e-4
8.00000e+0	-5.00000e-2	6.64311e-4
8.40000e+0	-5.00000e-2	6.05564e-4
8.80000e+0	-5.00000e-2	5.32917e-4
9.20000e+0	-5.00000e-2	4.40226e-4
9.60000e+0	-5.00000e-2	3.20751e-4
1.00000e+1	-5.00000e-2	1.46639e-4
0.00000e+0	-4.50000e-2	1.03218e-3
4.00000e-1	-4.50000e-2	1.05229e-3
8.00000e-1	-4.50000e-2	1.08596e-3
1.20000e+0	-4.50000e-2	1.11933e-3
1.60000e+0	-4.50000e-2	1.14586e-3
2.00000e+0	-4.50000e-2	1.15995e-3
2.40000e+0	-4.50000e-2	1.15930e-3
2.80000e+0	-4.50000e-2	1.15085e-3
3.20000e+0	-4.50000e-2	1.13106e-3
3.60000e+0	-4.50000e-2	1.10512e-3
4.00000e+0	-4.50000e-2	1.07437e-3
4.40000e+0	-4.50000e-2	1.03964e-3
4.80000e+0	-4.50000e-2	1.00424e-3
5.20000e+0	-4.50000e-2	9.68559e-4
5.60000e+0	-4.50000e-2	9.32873e-4
6.00000e+0	-4.50000e-2	8.97030e-4
6.40000e+0	-4.50000e-2	8.59972e-4
6.80000e+0	-4.50000e-2	8.21321e-4
7.20000e+0	-4.50000e-2	7.79963e-4
7.60000e+0	-4.50000e-2	7.34687e-4
8.00000e+0	-4.50000e-2	6.83492e-4
8.40000e+0	-4.50000e-2	6.23054e-4
8.80000e+0	-4.50000e-2	5.48313e-4
9.20000e+0	-4.50000e-2	4.52951e-4
9.60000e+0	-4.50000e-2	3.30048e-4
1.00000e+1	-4.50000e-2	1.51080e-4
0.00000e+0	-4.00000e-2	1.05892e-3
4.00000e-1	-4.00000e-2	1.07957e-3
8.00000e-1	-4.00000e-2	1.11412e-3
1.20000e+0	-4.00000e-2	1.14836e-3
1.60000e+0	-4.00000e-2	1.17558e-3
2.00000e+0	-4.00000e-2	1.18998e-3
2.40000e+0	-4.00000e-2	1.18930e-3
2.80000e+0	-4.00000e-2	1.18093e-3
3.20000e+0	-4.00000e-2	1.16042e-3
3.60000e+0	-4.00000e-2	1.13380e-3
4.00000e+0	-4.00000e-2	1.10227e-3
4.40000e+0	-4.00000e-2	1.06662e-3
4.80000e+0	-4.00000e-2	1.03030e-3
5.20000e+0	-4.00000e-2	9.93694e-4
5.60000e+0	-4.00000e-2	9.57084e-4
6.00000e+0	-4.00000e-2	9.20313e-4
6.40000e+0	-4.00000e-2	8.82290e-4
6.80000e+0	-4.00000e-2	8.42639e-4
7.20000e+0	-4.00000e-2	8.00210e-4
7.60000e+0	-4.00000e-2	7.53761e-4
8.00000e+0	-4.00000e-2	7.01240e-4
8.40000e+0	-4.00000e-2	6.39237e-4
8.80000e+0	-4.00000e-2	5.62561e-4
9.20000e+0	-4.00000e-2	4.64727e-4
9.60000e+0	-4.00000e-2	3.38653e-4
1.00000e+1	-4.00000e-2	1.55199e-4
0.00000e+0	-3.50000e-2	1.08319e-3
4.00000e-1	-3.50000e-2	1.10433e-3
8.00000e-1	-3.50000e-2	1.13968e-3
1.20000e+0	-3.50000e-2	1.17472e-3
1.60000e+0	-3.50000e-2	1.20258e-3
2.00000e+0	-3.50000e-2	1.21735e-3
2.40000e+0	-3.50000e-2	1.21654e-3
2.80000e+0	-3.50000e-2	1.20792e-3
3.20000e+0	-3.50000e-2	1.18709e-3
3.60000e+0	-3.50000e-2	1.15984e-3
4.00000e+0	-3.50000e-2	1.12742e-3
4.40000e+0	-3.50000e-2	1.09111e-3
4.80000e+0	-3.50000e-2	1.05397e-3
5.20000e+0	-3.50000e-2	1.01652e-3
5.60000e+0	-3.50000e-2	9.79070e-4
6.00000e+0	-3.50000e-2	9.41457e-4
6.40000e+0	-3.50000e-2	9.02558e-4
6.80000e+0	-3.50000e-2	8.61999e-4
7.20000e+0	-3.50000e-2	8.18597e-4
7.60000e+0	-3.50000e-2	7.71083e-4
8.00000e+0	-3.50000e-2	7.17358e-4
8.40000e+0	-3.50000e-2	6.53933e-4
8.80000e+0	-3.50000e-2	5.75499e-4
9.20000e+0	-3.50000e-2	4.75421e-4
9.60000e+0	-3.50000e-2	3.46455e-4
1.00000e+1	-3.50000e-2	1.58948e-4
0.00000e+0	-3.00000e-2	1.10472e-3
4.00000e-1	-3.00000e-2	1.12630e-3
8.00000e-1	-3.00000e-2	1.16235e-3
1.20000e+0	-3.00000e-2	1.19810e-3
1.60000e+0	-3.00000e-2	1.22653e-3
2.00000e+0	-3.00000e-2	1.24183e-3
2.40000e+0	-3.00000e-2	1.24070e-3
2.80000e+0	-3.00000e-2	1.23115e-3
3.20000e+0	-3.00000e-2	1.21072e-3
3.60000e+0	-3.00000e-2	1.18294e-3
4.00000e+0	-3.00000e-2	1.14970e-3
4.40000e+0	-3.00000e-2	1.11283e-3
4.80000e+0	-3.00000e-2	1.07495e-3
5.20000e+0	-3.00000e-2	1.03676e-3
5.60000e+0	-3.00000e-2	9.98566e-4
6.00000e+0	-3.00000e-2	9.60207e-4
6.40000e+0	-3.00000e-2	9.20531e-4
6.80000e+0	-3.00000e-2	8.79165e-4
7.20000e+0	-3.00000e-2	8.34901e-4
7.60000e+0	-3.00000e-2	7.86443e-4
8.00000e+0	-3.00000e-2	7.31650e-4
8.40000e+0	-3.00000e-2	6.66965e-4
8.80000e+0	-3.00000e-2	5.86972e-4
9.20000e+0	-3.00000e-2	4.84903e-4
9.60000e+0	-3.00000e-2	3.53348e-4
1.00000e+1	-3.00000e-2	1.62276e-4
0.00000e+0	-2.50000e-2	1.12329e-3
4.00000e-1	-2.50000e-2	1.14524e-3
8.00000e-1	-2.50000e-2	1.18190e-3
1.20000e+0	-2.50000e-2	1.21826e-3
1.60000e+0	-2.50000e-2	1.24721e-3
2.00000e+0	-2.50000e-2	1.26319e-3
2.40000e+0	-2.50000e-2	1.26153e-3
2.80000e+0	-2.50000e-2	1.25039e-3
3.20000e+0	-2.50000e-2	1.23105e-3
3.60000e+0	-2.50000e-2	1.20286e-3
4.00000e+0	-2.50000e-2	1.16898e-3
4.40000e+0	-2.50000e-2	1.13156e-3
4.80000e+0	-2.50000e-2	1.09305e-3
5.20000e+0	-2.50000e-2	1.05422e-3
5.60000e+0	-2.50000e-2	1.01538e-3
6.00000e+0	-2.50000e-2	9.76378e-4
6.40000e+0	-2.50000e-2	9.36034e-4
6.80000e+0	-2.50000e-2	8.93971e-4
7.20000e+0	-2.50000e-2	8.48963e-4
7.60000e+0	-2.50000e-2	7.99690e-4
8.00000e+0	-2.50000e-2	7.43977e-4
8.40000e+0	-2.50000e-2	6.78205e-4
8.80000e+0	-2.50000e-2	5.96868e-4
9.20000e+0	-2.50000e-2	4.93080e-4
9.60000e+0	-2.50000e-2	3.59262e-4
1.00000e+1	-2.50000e-2	1.65149e-4
0.00000e+0	-2.00000e-2	1.13877e-3
4.00000e-1	-2.00000e-2	1.16103e-3
8.00000e-1	-2.00000e-2	1.19820e-3
1.20000e+0	-2.00000e-2	1.23507e-3
1.60000e+0	-2.00000e-2	1.26445e-3
2.00000e+0	-2.00000e-2	1.28118e-3
2.40000e+0	-2.00000e-2	1.27889e-3
2.80000e+0	-2.00000e-2	1.26581e-3
3.20000e+0	-2.00000e-2	1.24797e-3
3.60000e+0	-2.00000e-2	1.21947e-3
4.00000e+0	-2.00000e-2	1.18510e-3
4.40000e+0	-2.00000e-2	1.14718e-3
4.80000e+0	-2.00000e-2	1.10814e-3
5.20000e+0	-2.00000e-2	1.06877e-3
5.60000e+0	-2.00000e-2	1.02940e-3
6.00000e+0	-2.00000e-2	9.89857e-4
6.40000e+0	-2.00000e-2	9.48959e-4
6.80000e+0	-2.00000e-2	9.06312e-4
7.20000e+0	-2.00000e-2	8.60685e-4
7.60000e+0	-2.00000e-2	8.10733e-4
8.00000e+0	-2.00000e-2	7.54253e-4
8.40000e+0	-2.00000e-2	6.87575e-4
8.80000e+0	-2.00000e-2	6.05117e-4
9.20000e+0	-2.00000e-2	4.99895e-4
9.60000e+0	-2.00000e-2	3.64169e-4
1.00000e+1	-2.00000e-2	1.67547e-4
0.00000e+0	-1.50000e-2	1.15103e-3
4.00000e-1	-1.50000e-2	1.17355e-3
8.00000e-1	-1.50000e-2	1.21112e-3
1.20000e+0	-1.50000e-2	1.24840e-3
1.60000e+0	-1.50000e-2	1.27813e-3
2.00000e+0	-1.50000e-2	1.29556e-3
2.40000e+0	-1.50000e-2	1.29265e-3
2.80000e+0	-1.50000e-2	1.27766e-3
3.20000e+0	-1.50000e-2	1.26135e-3
3.60000e+0	-1.50000e-2	1.23264e-3
4.00000e+0	-1.50000e-2	1.19792e-3
4.40000e+0	-1.50000e-2	1.15956e-3
4.80000e+0	-1.50000e-2	1.12010e-3
5.20000e+0	-1.50000e-2	1.08030e-3
5.60000e+0	-1.50000e-2	1.04050e-3
6.00000e+0	-1.50000e-2	1.00054e-3
6.40000e+0	-1.50000e-2	9.59202e-4
6.80000e+0	-1.50000e-2	9.16092e-4
7.20000e+0	-1.50000e-2	8.69974e-4
7.60000e+0	-1.50000e-2	8.19485e-4
8.00000e+0	-1.50000e-2	7.62396e-4
8.40000e+0	-1.50000e-2	6.95000e-4
8.80000e+0	-1.50000e-2	6.11654e-4
9.20000e+0	-1.50000e-2	5.05296e-4
9.60000e+0	-1.50000e-2	3.68043e-4
1.00000e+1	-1.50000e-2	1.69449e-4
0.00000e+0	-1.00000e-2	1.15996e-3
4.00000e-1	-1.00000e-2	1.18266e-3
8.00000e-1	-1.00000e-2	1.22052e-3
1.20000e+0	-1.00000e-2	1.25810e-3
1.60000e+0	-1.00000e-2	1.28809e-3
2.00000e+0	-1.00000e-2	1.30607e-3
2.40000e+0	-1.00000e-2	1.30267e-3
2.80000e+0	-1.00000e-2	1.28614e-3
3.20000e+0	-1.00000e-2	1.27108e-3
3.60000e+0	-1.00000e-2	1.24222e-3
4.00000e+0	-1.00000e-2	1.20728e-3
4.40000e+0	-1.00000e-2	1.16858e-3
4.80000e+0	-1.00000e-2	1.12881e-3
5.20000e+0	-1.00000e-2	1.08870e-3
5.60000e+0	-1.00000e-2	1.04859e-3
6.00000e+0	-1.00000e-2	1.00832e-3
6.40000e+0	-1.00000e-2	9.66661e-4
6.80000e+0	-1.00000e-2	9.23213e-4
7.20000e+0	-1.00000e-2	8.76738e-4
7.60000e+0	-1.00000e-2	8.25857e-4
8.00000e+0	-1.00000e-2	7.68326e-4
8.40000e+0	-1.00000e-2	7.00407e-4
8.80000e+0	-1.00000e-2	6.16414e-4
9.20000e+0	-1.00000e-2	5.09228e-4
9.60000e+0	-1.00000e-2	3.70859e-4
1.00000e+1	-1.00000e-2	1.70836e-4
0.00000e+0	-5.00000e-3	1.16544e-3
4.00000e-1	-5.00000e-3	1.18824e-3
8.00000e-1	-5.00000e-3	1.22629e-3
1.20000e+0	-5.00000e-3	1.26404e-3
1.60000e+0	-5.00000e-3	1.29419e-3
2.00000e+0	-5.00000e-3	1.31246e-3
2.40000e+0	-5.00000e-3	1.30881e-3
2.80000e+0	-5.00000e-3	1.29150e-3
3.20000e+0	-5.00000e-3	1.27705e-3
3.60000e+0	-5.00000e-3	1.24809e-3
4.00000e+0	-5.00000e-3	1.21305e-3
4.40000e+0	-5.00000e-3	1.17411e-3
4.80000e+0	-5.00000e-3	1.13414e-3
5.20000e+0	-5.00000e-3	1.09384e-3
5.60000e+0	-5.00000e-3	1.05355e-3
6.00000e+0	-5.00000e-3	1.01308e-3
6.40000e+0	-5.00000e-3	9.71232e-4
6.80000e+0	-5.00000e-3	9.27577e-4
7.20000e+0	-5.00000e-3	8.80884e-4
7.60000e+0	-5.00000e-3	8.29762e-4
8.00000e+0	-5.00000e-3	7.71960e-4
8.40000e+0	-5.00000e-3	7.03721e-4
8.80000e+0	-5.00000e-3	6.19332e-4
9.20000e+0	-5.00000e-3	5.11639e-4
9.60000e+0	-5.00000e-3	3.72590e-4
1.00000e+1	-5.00000e-3	1.71688e-4
0.00000e+0	0.00000e+0	1.16733e-3
4.00000e-1	0.00000e+0	1.19018e-3
8.00000e-1	0.00000e+0	1.22828e-3
1.20000e+0	0.00000e+0	1.26610e-3
1.60000e+0	0.00000e+0	1.29629e-3
2.00000e+0	0.00000e+0	1.31449e-3
2.40000e+0	0.00000e+0	1.31093e-3
2.80000e+0	0.00000e+0	1.29396e-3
3.20000e+0	0.00000e+0	1.27914e-3
3.60000e+0	0.00000e+0	1.25012e-3
4.00000e+0	0.00000e+0	1.21506e-3
4.40000e+0	0.00000e+0	1.17602e-3
4.80000e+0	0.00000e+0	1.13599e-3
5.20000e+0	0.00000e+0	1.09562e-3
5.60000e+0	0.00000e+0	1.05527e-3
6.00000e+0	0.00000e+0	1.01473e-3
6.40000e+0	0.00000e+0	9.72813e-4
6.80000e+0	0.00000e+0	9.29088e-4
7.20000e+0	0.00000e+0	8.82319e-4
7.60000e+0	0.00000e+0	8.31114e-4
8.00000e+0	0.00000e+0	7.73218e-4
8.40000e+0	0.00000e+0	7.04868e-4
8.80000e+0	0.00000e+0	6.20342e-4
9.20000e+0	0.00000e+0	5.12476e-4
9.60000e+0	0.00000e+0	3.73212e-4
1.00000e+1	0.00000e+0	1.71985e-4
0.00000e+0	5.00000e-3	1.16557e-3
4.00000e-1	5.00000e-3	1.18837e-3
8.00000e-1	5.00000e-3	1.22642e-3
1.20000e+0	5.00000e-3	1.26418e-3
1.60000e+0	5.00000e-3	1.29430e-3
2.00000e+0	5.00000e-3	1.31202e-3
2.40000e+0	5.00000e-3	1.30895e-3
2.80000e+0	5.00000e-3	1.29358e-3
3.20000e+0	5.00000e-3	1.27727e-3
3.60000e+0	5.00000e-3	1.24822e-3
4.00000e+0	5.00000e-3	1.21322e-3
4.40000e+0	5.00000e-3	1.17424e-3
4.80000e+0	5.00000e-3	1.13427e-3
5.20000e+0	5.00000e-3	1.09396e-3
5.60000e+0	5.00000e-3	1.05367e-3
6.00000e+0	5.00000e-3	1.01319e-3
6.40000e+0	5.00000e-3	9.71338e-4
6.80000e+0	5.00000e-3	9.27681e-4
7.20000e+0	5.00000e-3	8.80982e-4
7.60000e+0	5.00000e-3	8.29855e-4
8.00000e+0	5.00000e-3	7.72046e-4
8.40000e+0	5.00000e-3	7.03799e-4
8.80000e+0	5.00000e-3	6.19401e-4
9.20000e+0	5.00000e-3	5.11702e-4
9.60000e+0	5.00000e-3	3.72704e-4
1.00000e+1	5.00000e-3	1.71714e-4
0.00000e+0	1.00000e-2	1.16019e-3
4.00000e-1	1.00000e-2	1.18289e-3
8.00000e-1	1.00000e-2	1.22076e-3
1.20000e+0	1.00000e-2	1.25834e-3
1.60000e+0	1.00000e-2	1.28828e-3
2.00000e+0	1.00000e-2	1.30526e-3
2.40000e+0	1.00000e-2	1.30293e-3
2.80000e+0	1.00000e-2	1.28990e-3
3.20000e+0	1.00000e-2	1.27148e-3
3.60000e+0	1.00000e-2	1.24245e-3
4.00000e+0	1.00000e-2	1.20761e-3
4.40000e+0	1.00000e-2	1.16881e-3
4.80000e+0	1.00000e-2	1.12903e-3
5.20000e+0	1.00000e-2	1.08891e-3
5.60000e+0	1.00000e-2	1.04880e-3
6.00000e+0	1.00000e-2	1.00852e-3
6.40000e+0	1.00000e-2	9.66849e-4
6.80000e+0	1.00000e-2	9.23399e-4
7.20000e+0	1.00000e-2	8.76914e-4
7.60000e+0	1.00000e-2	8.26023e-4
8.00000e+0	1.00000e-2	7.68480e-4
8.40000e+0	1.00000e-2	7.00548e-4
8.80000e+0	1.00000e-2	6.16539e-4
9.20000e+0	1.00000e-2	5.09340e-4
9.60000e+0	1.00000e-2	3.71065e-4
1.00000e+1	1.00000e-2	1.70883e-4
0.00000e+0	1.50000e-2	1.15131e-3
4.00000e-1	1.50000e-2	1.17383e-3
8.00000e-1	1.50000e-2	1.21140e-3
1.20000e+0	1.50000e-2	1.24869e-3
1.60000e+0	1.50000e-2	1.27835e-3
2.00000e+0	1.50000e-2	1.29455e-3
2.40000e+0	1.50000e-2	1.29296e-3
2.80000e+0	1.50000e-2	1.28231e-3
3.20000e+0	1.50000e-2	1.26182e-3
3.60000e+0	1.50000e-2	1.23292e-3
4.00000e+0	1.50000e-2	1.19834e-3
4.40000e+0	1.50000e-2	1.15985e-3
4.80000e+0	1.50000e-2	1.12037e-3
5.20000e+0	1.50000e-2	1.08056e-3
5.60000e+0	1.50000e-2	1.04076e-3
6.00000e+0	1.50000e-2	1.00078e-3
6.40000e+0	1.50000e-2	9.59429e-4
6.80000e+0	1.50000e-2	9.16317e-4
7.20000e+0	1.50000e-2	8.70187e-4
7.60000e+0	1.50000e-2	8.19685e-4
8.00000e+0	1.50000e-2	7.62583e-4
8.40000e+0	1.50000e-2	6.95170e-4
8.80000e+0	1.50000e-2	6.11804e-4
9.20000e+0	1.50000e-2	5.05429e-4
9.60000e+0	1.50000e-2	3.68298e-4
1.00000e+1	1.50000e-2	1.69506e-4
0.00000e+0	2.00000e-2	1.13901e-3
4.00000e-1	2.00000e-2	1.16128e-3
8.00000e-1	2.00000e-2	1.19845e-3
1.20000e+0	2.00000e-2	1.23533e-3
1.60000e+0	2.00000e-2	1.26465e-3
2.00000e+0	2.00000e-2	1.28020e-3
2.40000e+0	2.00000e-2	1.27917e-3
2.80000e+0	2.00000e-2	1.27020e-3
3.20000e+0	2.00000e-2	1.24838e-3
3.60000e+0	2.00000e-2	1.21972e-3
4.00000e+0	2.00000e-2	1.18553e-3
4.40000e+0	2.00000e-2	1.14743e-3
4.80000e+0	2.00000e-2	1.10838e-3
5.20000e+0	2.00000e-2	1.06900e-3
5.60000e+0	2.00000e-2	1.02962e-3
6.00000e+0	2.00000e-2	9.90069e-4
6.40000e+0	2.00000e-2	9.49157e-4
6.80000e+0	2.00000e-2	9.06510e-4
7.20000e+0	2.00000e-2	8.60872e-4
7.60000e+0	2.00000e-2	8.10909e-4
8.00000e+0	2.00000e-2	7.54417e-4
8.40000e+0	2.00000e-2	6.87724e-4
8.80000e+0	2.00000e-2	6.05249e-4
9.20000e+0	2.00000e-2	5.00009e-4
9.60000e+0	2.00000e-2	3.64407e-4
1.00000e+1	2.00000e-2	1.67598e-4
0.00000e+0	2.50000e-2	1.12342e-3
4.00000e-1	2.50000e-2	1.14538e-3
8.00000e-1	2.50000e-2	1.18204e-3
1.20000e+0	2.50000e-2	1.21840e-3
1.60000e+0	2.50000e-2	1.24730e-3
2.00000e+0	2.50000e-2	1.26248e-3
2.40000e+0	2.50000e-2	1.26168e-3
2.80000e+0	2.50000e-2	1.25337e-3
3.20000e+0	2.50000e-2	1.23127e-3
3.60000e+0	2.50000e-2	1.20300e-3
4.00000e+0	2.50000e-2	1.16932e-3
4.40000e+0	2.50000e-2	1.13171e-3
4.80000e+0	2.50000e-2	1.09319e-3
5.20000e+0	2.50000e-2	1.05434e-3
5.60000e+0	2.50000e-2	1.01550e-3
6.00000e+0	2.50000e-2	9.76494e-4
6.40000e+0	2.50000e-2	9.36142e-4
6.80000e+0	2.50000e-2	8.94080e-4
7.20000e+0	2.50000e-2	8.49066e-4
7.60000e+0	2.50000e-2	7.99788e-4
8.00000e+0	2.50000e-2	7.44068e-4
8.40000e+0	2.50000e-2	6.78288e-4
8.80000e+0	2.50000e-2	5.96941e-4
9.20000e+0	2.50000e-2	4.93137e-4
9.60000e+0	2.50000e-2	3.59419e-4
1.00000e+1	2.50000e-2	1.65179e-4
0.00000e+0	3.00000e-2	1.10474e-3
4.00000e-1	3.00000e-2	1.12632e-3
8.00000e-1	3.00000e-2	1.16237e-3
1.20000e+0	3.00000e-2	1.19812e-3
1.60000e+0	3.00000e-2	1.22653e-3
2.00000e+0	3.00000e-2	1.24150e-3
2.40000e+0	3.00000e-2	1.24072e-3
2.80000e+0	3.00000e-2	1.23234e-3
3.20000e+0	3.00000e-2	1.21074e-3
3.60000e+0	3.00000e-2	1.18296e-3
4.00000e+0	3.00000e-2	1.14987e-3
4.40000e+0	3.00000e-2	1.11285e-3
4.80000e+0	3.00000e-2	1.07497e-3
5.20000e+0	3.00000e-2	1.03678e-3
5.60000e+0	3.00000e-2	9.98583e-4
6.00000e+0	3.00000e-2	9.60222e-4
6.40000e+0	3.00000e-2	9.20543e-4
6.80000e+0	3.00000e-2	8.79181e-4
7.20000e+0	3.00000e-2	8.34916e-4
7.60000e+0	3.00000e-2	7.86457e-4
8.00000e+0	3.00000e-2	7.31663e-4
8.40000e+0	3.00000e-2	6.66977e-4
8.80000e+0	3.00000e-2	5.86982e-4
9.20000e+0	3.00000e-2	4.84902e-4
9.60000e+0	3.00000e-2	3.53406e-4
1.00000e+1	3.00000e-2	1.62283e-4
0.00000e+0	3.50000e-2	1.08316e-3
4.00000e-1	3.50000e-2	1.10430e-3
8.00000e-1	3.50000e-2	1.13965e-3
1.20000e+0	3.50000e-2	1.17469e-3
1.60000e+0	3.50000e-2	1.20255e-3
2.00000e+0	3.50000e-2	1.21734e-3
2.40000e+0	3.50000e-2	1.21651e-3
2.80000e+0	3.50000e-2	1.20782e-3
3.20000e+0	3.50000e-2	1.18705e-3
3.60000e+0	3.50000e-2	1.15981e-3
4.00000e+0	3.50000e-2	1.12735e-3
4.40000e+0	3.50000e-2	1.09108e-3
4.80000e+0	3.50000e-2	1.05394e-3
5.20000e+0	3.50000e-2	1.01649e-3
5.60000e+0	3.50000e-2	9.79041e-4
6.00000e+0	3.50000e-2	9.41428e-4
6.40000e+0	3.50000e-2	9.02528e-4
6.80000e+0	3.50000e-2	8.61973e-4
7.20000e+0	3.50000e-2	8.18572e-4
7.60000e+0	3.50000e-2	7.71060e-4
8.00000e+0	3.50000e-2	7.17337e-4
8.40000e+0	3.50000e-2	6.53914e-4
8.80000e+0	3.50000e-2	5.75482e-4
9.20000e+0	3.50000e-2	4.75399e-4
9.60000e+0	3.50000e-2	3.46447e-4
1.00000e+1	3.50000e-2	1.58942e-4
0.00000e+0	4.00000e-2	1.05889e-3
4.00000e-1	4.00000e-2	1.07954e-3
8.00000e-1	4.00000e-2	1.11409e-3
1.20000e+0	4.00000e-2	1.14833e-3
1.60000e+0	4.00000e-2	1.17557e-3
2.00000e+0	4.00000e-2	1.19010e-3
2.40000e+0	4.00000e-2	1.18927e-3
2.80000e+0	4.00000e-2	1.18045e-3
3.20000e+0	4.00000e-2	1.16044e-3
3.60000e+0	4.00000e-2	1.13378e-3
4.00000e+0	4.00000e-2	1.10192e-3
4.40000e+0	4.00000e-2	1.06658e-3
4.80000e+0	4.00000e-2	1.03028e-3
5.20000e+0	4.00000e-2	9.93670e-4
5.60000e+0	4.00000e-2	9.57062e-4
6.00000e+0	4.00000e-2	9.20291e-4
6.40000e+0	4.00000e-2	8.82268e-4
6.80000e+0	4.00000e-2	8.42620e-4
7.20000e+0	4.00000e-2	8.00192e-4
7.60000e+0	4.00000e-2	7.53744e-4
8.00000e+0	4.00000e-2	7.01224e-4
8.40000e+0	4.00000e-2	6.39222e-4
8.80000e+0	4.00000e-2	5.62548e-4
9.20000e+0	4.00000e-2	4.64724e-4
9.60000e+0	4.00000e-2	3.38622e-4
1.00000e+1	4.00000e-2	1.55194e-4
0.00000e+0	4.50000e-2	1.03217e-3
4.00000e-1	4.50000e-2	1.05228e-3
8.00000e-1	4.50000e-2	1.08595e-3
1.20000e+0	4.50000e-2	1.11932e-3
1.60000e+0	4.50000e-2	1.14586e-3
2.00000e+0	4.50000e-2	1.16001e-3
2.40000e+0	4.50000e-2	1.15929e-3
2.80000e+0	4.50000e-2	1.15063e-3
3.20000e+0	4.50000e-2	1.13112e-3
3.60000e+0	4.50000e-2	1.10512e-3
4.00000e+0	4.50000e-2	1.07403e-3
4.40000e+0	4.50000e-2	1.03962e-3
4.80000e+0	4.50000e-2	1.00423e-3
5.20000e+0	4.50000e-2	9.68550e-4
5.60000e+0	4.50000e-2	9.32865e-4
6.00000e+0	4.50000e-2	8.97023e-4
6.40000e+0	4.50000e-2	8.59964e-4
6.80000e+0	4.50000e-2	8.21313e-4
7.20000e+0	4.50000e-2	7.79956e-4
7.60000e+0	4.50000e-2	7.34680e-4
8.00000e+0	4.50000e-2	6.83486e-4
8.40000e+0	4.50000e-2	6.23048e-4
8.80000e+0	4.50000e-2	5.48309e-4
9.20000e+0	4.50000e-2	4.52960e-4
9.60000e+0	4.50000e-2	3.30028e-4
1.00000e+1	4.50000e-2	1.51077e-4
0.00000e+0	5.00000e-2	1.00329e-3
4.00000e-1	5.00000e-2	1.02281e-3
8.00000e-1	5.00000e-2	1.05554e-3
1.20000e+0	5.00000e-2	1.08796e-3
1.60000e+0	5.00000e-2	1.11374e-3
2.00000e+0	5.00000e-2	1.12747e-3
2.40000e+0	5.00000e-2	1.12687e-3
2.80000e+0	5.00000e-2	1.11842e-3
3.20000e+0	5.00000e-2	1.09928e-3
3.60000e+0	5.00000e-2	1.07414e-3
4.00000e+0	5.00000e-2	1.04428e-3
4.40000e+0	5.00000e-2	1.01049e-3
4.80000e+0	5.00000e-2	9.76083e-4
5.20000e+0	5.00000e-2	9.41394e-4
5.60000e+0	5.00000e-2	9.06708e-4
6.00000e+0	5.00000e-2	8.71872e-4
6.40000e+0	5.00000e-2	8.35852e-4
6.80000e+0	5.00000e-2	7.98282e-4
7.20000e+0	5.00000e-2	7.58081e-4
7.60000e+0	5.00000e-2	7.14073e-4
8.00000e+0	5.00000e-2	6.64311e-4
8.40000e+0	5.00000e-2	6.05564e-4
8.80000e+0	5.00000e-2	5.32915e-4
9.20000e+0	5.00000e-2	4.40192e-4
9.60000e+0	5.00000e-2	3.20774e-4
1.00000e+1	5.00000e-2	1.46641e-4
0.00000e+0	5.50000e-2	9.72525e-4
4.00000e-1	5.50000e-2	9.91427e-4
8.00000e-1	5.50000e-2	1.02315e-3
1.20000e+0	5.50000e-2	1.05456e-3
1.60000e+0	5.50000e-2	1.07955e-3
2.00000e+0	5.50000e-2	1.09284e-3
2.40000e+0	5.50000e-2	1.09235e-3
2.80000e+0	5.50000e-2	1.08406e-3
3.20000e+0	5.50000e-2	1.06550e-3
3.60000e+0	5.50000e-2	1.04114e-3
4.00000e+0	5.50000e-2	1.01224e-3
4.40000e+0	5.50000e-2	9.79455e-4
4.80000e+0	5.50000e-2	9.46103e-4
5.20000e+0	5.50000e-2	9.12477e-4
5.60000e+0	5.50000e-2	8.78856e-4
6.00000e+0	5.50000e-2	8.45088e-4
6.40000e+0	5.50000e-2	8.10175e-4
6.80000e+0	5.50000e-2	7.73756e-4
7.20000e+0	5.50000e-2	7.34789e-4
7.60000e+0	5.50000e-2	6.92130e-4
8.00000e+0	5.50000e-2	6.43894e-4
8.40000e+0	5.50000e-2	5.86948e-4
8.80000e+0	5.50000e-2	5.16526e-4
9.20000e+0	5.50000e-2	4.26643e-4
9.60000e+0	5.50000e-2	3.10890e-4
1.00000e+1	5.50000e-2	1.41927e-4
0.00000e+0	6.00000e-2	9.40187e-4
4.00000e-1	6.00000e-2	9.58432e-4
8.00000e-1	6.00000e-2	9.89095e-4
1.20000e+0	6.00000e-2	1.01944e-3
1.60000e+0	6.00000e-2	1.04359e-3
2.00000e+0	6.00000e-2	1.05644e-3
2.40000e+0	6.00000e-2	1.05606e-3
2.80000e+0	6.00000e-2	1.04797e-3
3.20000e+0	6.00000e-2	1.03064e-3
3.60000e+0	6.00000e-2	1.00647e-3
4.00000e+0	6.00000e-2	9.76709e-4
4.40000e+0	6.00000e-2	9.46745e-4
4.80000e+0	6.00000e-2	9.14559e-4
5.20000e+0	6.00000e-2	8.82076e-4
5.60000e+0	6.00000e-2	8.49574e-4
6.00000e+0	6.00000e-2	8.16920e-4
6.40000e+0	6.00000e-2	7.83179e-4
6.80000e+0	6.00000e-2	7.47971e-4
7.20000e+0	6.00000e-2	7.10301e-4
7.60000e+0	6.00000e-2	6.69061e-4
8.00000e+0	6.00000e-2	6.22429e-4
8.40000e+0	6.00000e-2	5.67376e-4
8.80000e+0	6.00000e-2	4.99305e-4
9.20000e+0	6.00000e-2	4.12597e-4
9.60000e+0	6.00000e-2	3.00358e-4
1.00000e+1	6.00000e-2	1.36977e-4
0.00000e+0	6.50000e-2	9.06566e-4
4.00000e-1	6.50000e-2	9.24129e-4
8.00000e-1	6.50000e-2	9.53694e-4
1.20000e+0	6.50000e-2	9.82939e-4
1.60000e+0	6.50000e-2	1.00622e-3
2.00000e+0	6.50000e-2	1.01859e-3
2.40000e+0	6.50000e-2	1.01832e-3
2.80000e+0	6.50000e-2	1.01047e-3
3.20000e+0	6.50000e-2	9.94731e-4
3.60000e+0	6.50000e-2	9.70453e-4
4.00000e+0	6.50000e-2	9.37816e-4
4.40000e+0	6.50000e-2	9.12644e-4
4.80000e+0	6.50000e-2	8.81760e-4
5.20000e+0	6.50000e-2	8.50472e-4
5.60000e+0	6.50000e-2	8.19132e-4
6.00000e+0	6.50000e-2	7.87633e-4
6.40000e+0	6.50000e-2	7.55115e-4
6.80000e+0	6.50000e-2	7.21164e-4
7.20000e+0	6.50000e-2	6.84843e-4
7.60000e+0	6.50000e-2	6.45079e-4
8.00000e+0	6.50000e-2	6.00114e-4
8.40000e+0	6.50000e-2	5.47030e-4
8.80000e+0	6.50000e-2	4.81396e-4
9.20000e+0	6.50000e-2	3.97848e-4
9.60000e+0	6.50000e-2	2.89395e-4
1.00000e+1	6.50000e-2	1.31845e-4
0.00000e+0	7.00000e-2	8.71958e-4
4.00000e-1	7.00000e-2	8.88823e-4
8.00000e-1	7.00000e-2	9.17261e-4
1.20000e+0	7.00000e-2	9.45368e-4
1.60000e+0	7.00000e-2	9.67746e-4
2.00000e+0	7.00000e-2	9.79640e-4
2.40000e+0	7.00000e-2	9.79468e-4
2.80000e+0	7.00000e-2	9.71864e-4
3.20000e+0	7.00000e-2	9.57268e-4
3.60000e+0	7.00000e-2	9.33413e-4
4.00000e+0	7.00000e-2	8.97624e-4
4.40000e+0	7.00000e-2	8.77523e-4
4.80000e+0	7.00000e-2	8.48032e-4
5.20000e+0	7.00000e-2	8.17949e-4
5.60000e+0	7.00000e-2	7.87794e-4
6.00000e+0	7.00000e-2	7.57504e-4
6.40000e+0	7.00000e-2	7.26233e-4
6.80000e+0	7.00000e-2	6.93577e-4
7.20000e+0	7.00000e-2	6.58644e-4
7.60000e+0	7.00000e-2	6.20398e-4
8.00000e+0	7.00000e-2	5.77150e-4
8.40000e+0	7.00000e-2	5.26091e-4
8.80000e+0	7.00000e-2	4.62944e-4
9.20000e+0	7.00000e-2	3.82108e-4
9.60000e+0	7.00000e-2	2.78332e-4
1.00000e+1	7.00000e-2	1.26590e-4
0.00000e+0	7.50000e-2	8.36653e-4
4.00000e-1	7.50000e-2	8.52811e-4
8.00000e-1	7.50000e-2	8.80098e-4
1.20000e+0	7.50000e-2	9.07045e-4
1.60000e+0	7.50000e-2	9.28504e-4
2.00000e+0	7.50000e-2	9.39910e-4
2.40000e+0	7.50000e-2	9.39841e-4
2.80000e+0	7.50000e-2	9.32434e-4
3.20000e+0	7.50000e-2	9.18194e-4
3.60000e+0	7.50000e-2	8.95517e-4
4.00000e+0	7.50000e-2	8.63411e-4
4.40000e+0	7.50000e-2	8.42006e-4
4.80000e+0	7.50000e-2	8.13644e-4
5.20000e+0	7.50000e-2	7.84771e-4
5.60000e+0	7.50000e-2	7.55829e-4
6.00000e+0	7.50000e-2	7.26779e-4
6.40000e+0	7.50000e-2	6.96773e-4
6.80000e+0	7.50000e-2	6.65440e-4
7.20000e+0	7.50000e-2	6.31922e-4
7.60000e+0	7.50000e-2	5.95224e-4
8.00000e+0	7.50000e-2	5.53727e-4
8.40000e+0	7.50000e-2	5.04736e-4
8.80000e+0	7.50000e-2	4.44151e-4
9.20000e+0	7.50000e-2	3.66761e-4
9.60000e+0	7.50000e-2	2.67185e-4
1.00000e+1	7.50000e-2	1.21255e-4
0.00000e+0	8.00000e-2	8.00935e-4
4.00000e-1	8.00000e-2	8.16378e-4
8.00000e-1	8.00000e-2	8.42494e-4
1.20000e+0	8.00000e-2	8.68275e-4
1.60000e+0	8.00000e-2	8.88805e-4
2.00000e+0	8.00000e-2	8.99716e-4
2.40000e+0	8.00000e-2	8.99748e-4
2.80000e+0	8.00000e-2	8.92501e-4
3.20000e+0	8.00000e-2	8.77894e-4
3.60000e+0	8.00000e-2	8.56931e-4
4.00000e+0	8.00000e-2	8.40845e-4
4.40000e+0	8.00000e-2	8.06646e-4
4.80000e+0	8.00000e-2	7.78839e-4
5.20000e+0	8.00000e-2	7.51199e-4
5.60000e+0	8.00000e-2	7.23494e-4
6.00000e+0	8.00000e-2	6.95691e-4
6.40000e+0	8.00000e-2	6.66969e-4
6.80000e+0	8.00000e-2	6.36976e-4
7.20000e+0	8.00000e-2	6.04888e-4
7.60000e+0	8.00000e-2	5.69757e-4
8.00000e+0	8.00000e-2	5.30032e-4
8.40000e+0	8.00000e-2	4.83132e-4
8.80000e+0	8.00000e-2	4.25204e-4
9.20000e+0	8.00000e-2	3.52808e-4
9.60000e+0	8.00000e-2	2.55816e-4
1.00000e+1	8.00000e-2	1.15870e-4
0.00000e+0	8.50000e-2	7.65066e-4
4.00000e-1	8.50000e-2	7.79792e-4
8.00000e-1	8.50000e-2	8.04730e-4
1.20000e+0	8.50000e-2	8.29342e-4
1.60000e+0	8.50000e-2	8.48942e-4
2.00000e+0	8.50000e-2	8.59356e-4
2.40000e+0	8.50000e-2	8.59481e-4
2.80000e+0	8.50000e-2	8.52413e-4
3.20000e+0	8.50000e-2	8.37557e-4
3.60000e+0	8.50000e-2	8.18252e-4
4.00000e+0	8.50000e-2	8.15129e-4
4.40000e+0	8.50000e-2	7.71016e-4
4.80000e+0	8.50000e-2	7.43889e-4
5.20000e+0	8.50000e-2	7.17485e-4
5.60000e+0	8.50000e-2	6.91033e-4
6.00000e+0	8.50000e-2	6.64474e-4
6.40000e+0	8.50000e-2	6.37043e-4
6.80000e+0	8.50000e-2	6.08395e-4
7.20000e+0	8.50000e-2	5.77744e-4
7.60000e+0	8.50000e-2	5.44186e-4
8.00000e+0	8.50000e-2	5.06241e-4
8.40000e+0	8.50000e-2	4.61441e-4
8.80000e+0	8.50000e-2	4.06039e-4
9.20000e+0	8.50000e-2	3.35242e-4
9.60000e+0	8.50000e-2	2.44233e-4
1.00000e+1	8.50000e-2	1.10468e-4
0.00000e+0	9.00000e-2	7.29295e-4
4.00000e-1	9.00000e-2	7.43306e-4
8.00000e-1	9.00000e-2	7.67069e-4
1.20000e+0	9.00000e-2	7.90518e-4
1.60000e+0	9.00000e-2	8.09190e-4
2.00000e+0	9.00000e-2	8.19112e-4
2.40000e+0	9.00000e-2	8.19315e-4
2.80000e+0	9.00000e-2	8.12494e-4
3.20000e+0	9.00000e-2	7.98306e-4
3.60000e+0	9.00000e-2	7.80079e-4
4.00000e+0	9.00000e-2	7.70781e-4
4.40000e+0	9.00000e-2	7.34632e-4
4.80000e+0	9.00000e-2	7.09058e-4
5.20000e+0	9.00000e-2	6.83874e-4
5.60000e+0	9.00000e-2	6.58669e-4
6.00000e+0	9.00000e-2	6.33350e-4
6.40000e+0	9.00000e-2	6.07202e-4
6.80000e+0	9.00000e-2	5.79893e-4
7.20000e+0	9.00000e-2	5.50677e-4
7.60000e+0	9.00000e-2	5.18688e-4
8.00000e+0	9.00000e-2	4.82519e-4
8.40000e+0	9.00000e-2	4.39814e-4
8.80000e+0	9.00000e-2	3.86677e-4
9.20000e+0	9.00000e-2	3.10779e-4
9.60000e+0	9.00000e-2	2.32565e-4
1.00000e+1	9.00000e-2	1.05087e-4
0.00000e+0	9.50000e-2	6.93839e-4
4.00000e-1	9.50000e-2	7.07143e-4
8.00000e-1	9.50000e-2	7.29744e-4
1.20000e+0	9.50000e-2	7.52040e-4
1.60000e+0	9.50000e-2	7.69792e-4
2.00000e+0	9.50000e-2	7.79229e-4
2.40000e+0	9.50000e-2	7.79501e-4
2.80000e+0	9.50000e-2	7.72955e-4
3.20000e+0	9.50000e-2	7.59812e-4
3.60000e+0	9.50000e-2	7.42355e-4
4.00000e+0	9.50000e-2	7.21425e-4
4.40000e+0	9.50000e-2	6.98325e-4
4.80000e+0	9.50000e-2	6.74547e-4
5.20000e+0	9.50000e-2	6.50571e-4
5.60000e+0	9.50000e-2	6.26596e-4
6.00000e+0	9.50000e-2	6.02507e-4
6.40000e+0	9.50000e-2	5.77630e-4
6.80000e+0	9.50000e-2	5.51647e-4
7.20000e+0	9.50000e-2	5.23853e-4
7.60000e+0	9.50000e-2	4.93419e-4
8.00000e+0	9.50000e-2	4.59008e-4
8.40000e+0	9.50000e-2	4.18380e-4
8.80000e+0	9.50000e-2	3.67798e-4
9.20000e+0	9.50000e-2	2.91287e-4
9.60000e+0	9.50000e-2	2.21111e-4
1.00000e+1	9.50000e-2	9.97770e-5
0.00000e+0	1.00000e-1	6.58901e-4
4.00000e-1	1.00000e-1	6.71511e-4
8.00000e-1	1.00000e-1	6.92966e-4
1.20000e+0	1.00000e-1	7.14126e-4
1.60000e+0	1.00000e-1	7.30971e-4
2.00000e+0	1.00000e-1	7.39929e-4
2.40000e+0	1.00000e-1	7.40271e-4
2.80000e+0	1.00000e-1	7.33975e-4
3.20000e+0	1.00000e-1	7.21568e-4
3.60000e+0	1.00000e-1	7.04961e-4
4.00000e+0	1.00000e-1	6.82816e-4
4.40000e+0	1.00000e-1	6.63006e-4
4.80000e+0	1.00000e-1	6.40529e-4
5.20000e+0	1.00000e-1	6.17761e-4
5.60000e+0	1.00000e-1	5.94989e-4
6.00000e+0	1.00000e-1	5.72116e-4
6.40000e+0	1.00000e-1	5.48491e-4
6.80000e+0	1.00000e-1	5.23817e-4
7.20000e+0	1.00000e-1	4.97421e-4
7.60000e+0	1.00000e-1	4.68521e-4
8.00000e+0	1.00000e-1	4.35841e-4
8.40000e+0	1.00000e-1	3.97258e-4
8.80000e+0	1.00000e-1	3.49695e-4
9.20000e+0	1.00000e-1	2.84284e-4
9.60000e+0	1.00000e-1	2.10065e-4
1.00000e+1	1.00000e-1	9.45806e-5
0.00000e+0	1.05000e-1	6.24654e-4
4.00000e-1	1.05000e-1	6.36585e-4
8.00000e-1	1.05000e-1	6.56916e-4
1.20000e+0	1.05000e-1	6.76965e-4
1.60000e+0	1.05000e-1	6.92921e-4
2.00000e+0	1.05000e-1	7.01409e-4
2.40000e+0	1.05000e-1	7.01818e-4
2.80000e+0	1.05000e-1	6.95760e-4
3.20000e+0	1.05000e-1	6.83920e-4
3.60000e+0	1.05000e-1	6.68207e-4
4.00000e+0	1.05000e-1	6.49705e-4
4.40000e+0	1.05000e-1	6.28604e-4
4.80000e+0	1.05000e-1	6.07182e-4
5.20000e+0	1.05000e-1	5.85602e-4
5.60000e+0	1.05000e-1	5.64009e-4
6.00000e+0	1.05000e-1	5.42328e-4
6.40000e+0	1.05000e-1	5.19932e-4
6.80000e+0	1.05000e-1	4.96541e-4
7.20000e+0	1.05000e-1	4.71516e-4
7.60000e+0	1.05000e-1	4.44120e-4
8.00000e+0	1.05000e-1	4.13139e-4
8.40000e+0	1.05000e-1	3.76559e-4
8.80000e+0	1.05000e-1	3.31044e-4
9.20000e+0	1.05000e-1	2.71983e-4
9.60000e+0	1.05000e-1	1.99175e-4
1.00000e+1	1.05000e-1	8.95034e-5
0.00000e+0	1.10000e-1	5.91252e-4
4.00000e-1	1.10000e-1	6.02522e-4
8.00000e-1	1.10000e-1	6.21756e-4
1.20000e+0	1.10000e-1	6.40721e-4
1.60000e+0	1.10000e-1	6.55813e-4
2.00000e+0	1.10000e-1	6.63842e-4
2.40000e+0	1.10000e-1	6.64311e-4
2.80000e+0	1.10000e-1	6.58495e-4
3.20000e+0	1.10000e-1	6.47280e-4
3.60000e+0	1.10000e-1	6.32409e-4
4.00000e+0	1.10000e-1	6.15244e-4
4.40000e+0	1.10000e-1	5.94954e-4
4.80000e+0	1.10000e-1	5.74662e-4
5.20000e+0	1.10000e-1	5.54238e-4
5.60000e+0	1.10000e-1	5.33799e-4
6.00000e+0	1.10000e-1	5.13277e-4
6.40000e+0	1.10000e-1	4.92079e-4
6.80000e+0	1.10000e-1	4.69940e-4
7.20000e+0	1.10000e-1	4.46254e-4
7.60000e+0	1.10000e-1	4.20323e-4
8.00000e+0	1.10000e-1	3.91003e-4
8.40000e+0	1.10000e-1	3.56379e-4
8.80000e+0	1.10000e-1	3.11751e-4
9.20000e+0	1.10000e-1	2.45561e-4
9.60000e+0	1.10000e-1	1.88314e-4
1.00000e+1	1.10000e-1	8.45510e-5
0.00000e+0	1.15000e-1	5.58817e-4
4.00000e-1	1.15000e-1	5.69446e-4
8.00000e-1	1.15000e-1	5.87618e-4
1.20000e+0	1.15000e-1	6.05530e-4
1.60000e+0	1.15000e-1	6.19781e-4
2.00000e+0	1.15000e-1	6.27364e-4
2.40000e+0	1.15000e-1	6.27884e-4
2.80000e+0	1.15000e-1	6.22309e-4
3.20000e+0	1.15000e-1	6.11728e-4
3.60000e+0	1.15000e-1	5.97672e-4
4.00000e+0	1.15000e-1	5.80787e-4
4.40000e+0	1.15000e-1	5.62238e-4
4.80000e+0	1.15000e-1	5.43087e-4
5.20000e+0	1.15000e-1	5.23783e-4
5.60000e+0	1.15000e-1	5.04468e-4
6.00000e+0	1.15000e-1	4.85071e-4
6.40000e+0	1.15000e-1	4.65036e-4
6.80000e+0	1.15000e-1	4.44112e-4
7.20000e+0	1.15000e-1	4.21726e-4
7.60000e+0	1.15000e-1	3.97218e-4
8.00000e+0	1.15000e-1	3.69504e-4
8.40000e+0	1.15000e-1	3.36781e-4
8.80000e+0	1.15000e-1	2.94999e-4
9.20000e+0	1.15000e-1	2.27973e-4
9.60000e+0	1.15000e-1	1.77852e-4
1.00000e+1	1.15000e-1	7.97481e-5
0.00000e+0	1.20000e-1	5.27451e-4
4.00000e-1	1.20000e-1	5.37462e-4
8.00000e-1	1.20000e-1	5.54607e-4
1.20000e+0	1.20000e-1	5.71500e-4
1.60000e+0	1.20000e-1	5.84941e-4
2.00000e+0	1.20000e-1	5.92093e-4
2.40000e+0	1.20000e-1	5.92653e-4
2.80000e+0	1.20000e-1	5.87318e-4
3.20000e+0	1.20000e-1	5.77323e-4
3.60000e+0	1.20000e-1	5.64071e-4
4.00000e+0	1.20000e-1	5.48091e-4
4.40000e+0	1.20000e-1	5.30628e-4
4.80000e+0	1.20000e-1	5.12555e-4
5.20000e+0	1.20000e-1	4.94334e-4
5.60000e+0	1.20000e-1	4.76106e-4
6.00000e+0	1.20000e-1	4.57798e-4
6.40000e+0	1.20000e-1	4.38887e-4
6.80000e+0	1.20000e-1	4.19139e-4
7.20000e+0	1.20000e-1	3.98009e-4
7.60000e+0	1.20000e-1	3.74876e-4
8.00000e+0	1.20000e-1	3.48712e-4
8.40000e+0	1.20000e-1	3.17826e-4
8.80000e+0	1.20000e-1	2.80354e-4
9.20000e+0	1.20000e-1	2.26498e-4
9.60000e+0	1.20000e-1	1.67962e-4
1.00000e+1	1.20000e-1	7.51294e-5
0.00000e+0	1.25000e-1	4.97234e-4
4.00000e-1	1.25000e-1	5.06649e-4
8.00000e-1	1.25000e-1	5.22796e-4
1.20000e+0	1.25000e-1	5.38718e-4
1.60000e+0	1.25000e-1	5.51380e-4
2.00000e+0	1.25000e-1	5.58123e-4
2.40000e+0	1.25000e-1	5.58709e-4
2.80000e+0	1.25000e-1	5.53633e-4
3.20000e+0	1.25000e-1	5.44192e-4
3.60000e+0	1.25000e-1	5.31699e-4
4.00000e+0	1.25000e-1	5.16866e-4
4.40000e+0	1.25000e-1	5.00176e-4
4.80000e+0	1.25000e-1	4.83144e-4
5.20000e+0	1.25000e-1	4.65967e-4
5.60000e+0	1.25000e-1	4.48785e-4
6.00000e+0	1.25000e-1	4.31526e-4
6.40000e+0	1.25000e-1	4.13700e-4
6.80000e+0	1.25000e-1	3.95082e-4
7.20000e+0	1.25000e-1	3.75164e-4
7.60000e+0	1.25000e-1	3.53358e-4
8.00000e+0	1.25000e-1	3.28705e-4
8.40000e+0	1.25000e-1	2.99580e-4
8.80000e+0	1.25000e-1	2.60861e-4
9.20000e+0	1.25000e-1	2.13836e-4
9.60000e+0	1.25000e-1	1.58349e-4
1.00000e+1	1.25000e-1	7.07338e-5
0.00000e+0	1.30000e-1	4.68227e-4
4.00000e-1	1.30000e-1	4.77070e-4
8.00000e-1	1.30000e-1	4.92251e-4
1.20000e+0	1.30000e-1	5.07251e-4
1.60000e+0	1.30000e-1	5.19166e-4
2.00000e+0	1.30000e-1	5.25516e-4
2.40000e+0	1.30000e-1	5.26124e-4
2.80000e+0	1.30000e-1	5.21292e-4
3.20000e+0	1.30000e-1	5.12405e-4
3.60000e+0	1.30000e-1	5.00630e-4
4.00000e+0	1.30000e-1	4.86700e-4
4.40000e+0	1.30000e-1	4.70946e-4
4.80000e+0	1.30000e-1	4.54915e-4
5.20000e+0	1.30000e-1	4.38741e-4
5.60000e+0	1.30000e-1	4.22562e-4
6.00000e+0	1.30000e-1	4.06309e-4
6.40000e+0	1.30000e-1	3.89524e-4
6.80000e+0	1.30000e-1	3.71993e-4
7.20000e+0	1.30000e-1	3.53237e-4
7.60000e+0	1.30000e-1	3.32706e-4
8.00000e+0	1.30000e-1	3.09525e-4
8.40000e+0	1.30000e-1	2.82083e-4
8.80000e+0	1.30000e-1	2.36414e-4
9.20000e+0	1.30000e-1	1.82955e-4
9.60000e+0	1.30000e-1	1.48920e-4
1.00000e+1	1.30000e-1	6.65048e-5
0.00000e+0	1.35000e-1	4.40472e-4
4.00000e-1	1.35000e-1	4.48772e-4
8.00000e-1	1.35000e-1	4.63032e-4
1.20000e+0	1.35000e-1	4.77147e-4
1.60000e+0	1.35000e-1	4.88343e-4
2.00000e+0	1.35000e-1	4.94297e-4
2.40000e+0	1.35000e-1	4.94945e-4
2.80000e+0	1.35000e-1	4.90250e-4
3.20000e+0	1.35000e-1	4.81945e-4
3.60000e+0	1.35000e-1	4.70910e-4
4.00000e+0	1.35000e-1	4.57455e-4
4.40000e+0	1.35000e-1	4.43038e-4
4.80000e+0	1.35000e-1	4.27909e-4
5.20000e+0	1.35000e-1	4.12695e-4
5.60000e+0	1.35000e-1	3.97476e-4
6.00000e+0	1.35000e-1	3.82185e-4
6.40000e+0	1.35000e-1	3.66397e-4
6.80000e+0	1.35000e-1	3.49905e-4
7.20000e+0	1.35000e-1	3.32262e-4
7.60000e+0	1.35000e-1	3.12950e-4
8.00000e+0	1.35000e-1	2.91163e-4
8.40000e+0	1.35000e-1	2.65338e-4
8.80000e+0	1.35000e-1	2.16397e-4
9.20000e+0	1.35000e-1	1.58184e-4
9.60000e+0	1.35000e-1	1.39922e-4
1.00000e+1	1.35000e-1	6.22760e-5
0.00000e+0	1.40000e-1	4.13989e-4
4.00000e-1	1.40000e-1	4.21776e-4
8.00000e-1	1.40000e-1	4.35168e-4
1.20000e+0	1.40000e-1	4.48428e-4
1.60000e+0	1.40000e-1	4.58935e-4
2.00000e+0	1.40000e-1	4.64494e-4
2.40000e+0	1.40000e-1	4.65194e-4
2.80000e+0	1.40000e-1	4.60561e-4
3.20000e+0	1.40000e-1	4.52844e-4
3.60000e+0	1.40000e-1	4.42557e-4
4.00000e+0	1.40000e-1	4.29340e-4
4.40000e+0	1.40000e-1	4.16459e-4
4.80000e+0	1.40000e-1	4.02149e-4
5.20000e+0	1.40000e-1	3.87849e-4
5.60000e+0	1.40000e-1	3.73544e-4
6.00000e+0	1.40000e-1	3.59173e-4
6.40000e+0	1.40000e-1	3.44334e-4
6.80000e+0	1.40000e-1	3.28834e-4
7.20000e+0	1.40000e-1	3.12251e-4
7.60000e+0	1.40000e-1	2.94100e-4
8.00000e+0	1.40000e-1	2.73618e-4
8.40000e+0	1.40000e-1	2.49347e-4
8.80000e+0	1.40000e-1	2.04481e-4
9.20000e+0	1.40000e-1	1.50188e-4
9.60000e+0	1.40000e-1	1.31473e-4
1.00000e+1	1.40000e-1	5.80305e-5
0.00000e+0	1.45000e-1	3.88780e-4
4.00000e-1	1.45000e-1	3.96081e-4
8.00000e-1	1.45000e-1	4.08654e-4
1.20000e+0	1.45000e-1	4.21095e-4
1.60000e+0	1.45000e-1	4.30945e-4
2.00000e+0	1.45000e-1	4.36147e-4
2.40000e+0	1.45000e-1	4.36873e-4
2.80000e+0	1.45000e-1	4.32388e-4
3.20000e+0	1.45000e-1	4.25187e-4
3.60000e+0	1.45000e-1	4.15570e-4
4.00000e+0	1.45000e-1	4.02882e-4
4.40000e+0	1.45000e-1	3.91117e-4
4.80000e+0	1.45000e-1	3.77630e-4
5.20000e+0	1.45000e-1	3.64201e-4
5.60000e+0	1.45000e-1	3.50768e-4
6.00000e+0	1.45000e-1	3.37271e-4
6.40000e+0	1.45000e-1	3.23336e-4
6.80000e+0	1.45000e-1	3.08779e-4
7.20000e+0	1.45000e-1	2.93206e-4
7.60000e+0	1.45000e-1	2.76159e-4
8.00000e+0	1.45000e-1	2.56904e-4
8.40000e+0	1.45000e-1	2.34119e-4
8.80000e+0	1.45000e-1	1.97465e-4
9.20000e+0	1.45000e-1	1.52210e-4
9.60000e+0	1.45000e-1	1.23515e-4
1.00000e+1	1.45000e-1	5.39148e-5
0.00000e+0	1.50000e-1	3.64847e-4
4.00000e-1	1.50000e-1	3.71687e-4
8.00000e-1	1.50000e-1	3.83485e-4
1.20000e+0	1.50000e-1	3.95145e-4
1.60000e+0	1.50000e-1	4.04377e-4
2.00000e+0	1.50000e-1	4.09294e-4
2.40000e+0	1.50000e-1	4.09983e-4
2.80000e+0	1.50000e-1	4.05905e-4
3.20000e+0	1.50000e-1	3.99066e-4
3.60000e+0	1.50000e-1	3.89946e-4
4.00000e+0	1.50000e-1	3.78636e-4
4.40000e+0	1.50000e-1	3.66911e-4
4.80000e+0	1.50000e-1	3.54350e-4
5.20000e+0	1.50000e-1	3.41750e-4
5.60000e+0	1.50000e-1	3.29144e-4
6.00000e+0	1.50000e-1	3.16478e-4
6.40000e+0	1.50000e-1	3.03401e-4
6.80000e+0	1.50000e-1	2.89741e-4
7.20000e+0	1.50000e-1	2.75126e-4
7.60000e+0	1.50000e-1	2.59126e-4
8.00000e+0	1.50000e-1	2.41034e-4
8.40000e+0	1.50000e-1	2.19660e-4
8.80000e+0	1.50000e-1	1.91575e-4
9.20000e+0	1.50000e-1	1.56039e-4
9.60000e+0	1.50000e-1	1.15979e-4
1.00000e+1	1.50000e-1	5.00889e-5
0.00000e+0	1.55000e-1	3.42186e-4
4.00000e-1	1.55000e-1	3.48586e-4
8.00000e-1	1.55000e-1	3.59650e-4
1.20000e+0	1.55000e-1	3.70571e-4
1.60000e+0	1.55000e-1	3.79229e-4
2.00000e+0	1.55000e-1	3.83961e-4
2.40000e+0	1.55000e-1	3.84519e-4
2.80000e+0	1.55000e-1	3.81216e-4
3.20000e+0	1.55000e-1	3.74553e-4
3.60000e+0	1.55000e-1	3.65679e-4
4.00000e+0	1.55000e-1	3.57011e-4
4.40000e+0	1.55000e-1	3.43763e-4
4.80000e+0	1.55000e-1	3.32302e-4
5.20000e+0	1.55000e-1	3.20491e-4
5.60000e+0	1.55000e-1	3.08669e-4
6.00000e+0	1.55000e-1	2.96789e-4
6.40000e+0	1.55000e-1	2.84525e-4
6.80000e+0	1.55000e-1	2.71714e-4
7.20000e+0	1.55000e-1	2.58007e-4
7.60000e+0	1.55000e-1	2.43000e-4
8.00000e+0	1.55000e-1	2.26017e-4
8.40000e+0	1.55000e-1	2.05976e-4
8.80000e+0	1.55000e-1	1.83484e-4
9.20000e+0	1.55000e-1	1.54432e-4
9.60000e+0	1.55000e-1	1.08803e-4
1.00000e+1	1.55000e-1	4.66895e-5
0.00000e+0	1.60000e-1	3.20772e-4
4.00000e-1	1.60000e-1	3.26754e-4
8.00000e-1	1.60000e-1	3.37122e-4
1.20000e+0	1.60000e-1	3.47347e-4
1.60000e+0	1.60000e-1	3.55472e-4
2.00000e+0	1.60000e-1	3.60086e-4
2.40000e+0	1.60000e-1	3.60454e-4
2.80000e+0	1.60000e-1	3.57993e-4
3.20000e+0	1.60000e-1	3.51612e-4
3.60000e+0	1.60000e-1	3.42744e-4
4.00000e+0	1.60000e-1	3.37487e-4
4.40000e+0	1.60000e-1	3.21730e-4
4.80000e+0	1.60000e-1	3.11464e-4
5.20000e+0	1.60000e-1	3.00400e-4
5.60000e+0	1.60000e-1	2.89318e-4
6.00000e+0	1.60000e-1	2.78183e-4
6.40000e+0	1.60000e-1	2.66688e-4
6.80000e+0	1.60000e-1	2.54679e-4
7.20000e+0	1.60000e-1	2.41830e-4
7.60000e+0	1.60000e-1	2.27762e-4
8.00000e+0	1.60000e-1	2.11839e-4
8.40000e+0	1.60000e-1	1.93053e-4
8.80000e+0	1.60000e-1	1.72779e-4
9.20000e+0	1.60000e-1	1.46446e-4
9.60000e+0	1.60000e-1	1.01969e-4
1.00000e+1	1.60000e-1	4.37016e-5
0.00000e+0	1.65000e-1	3.00566e-4
4.00000e-1	1.65000e-1	3.06152e-4
8.00000e-1	1.65000e-1	3.15863e-4
1.20000e+0	1.65000e-1	3.25433e-4
1.60000e+0	1.65000e-1	3.33057e-4
2.00000e+0	1.65000e-1	3.37550e-4
2.40000e+0	1.65000e-1	3.37745e-4
2.80000e+0	1.65000e-1	3.35640e-4
3.20000e+0	1.65000e-1	3.30136e-4
3.60000e+0	1.65000e-1	3.21105e-4
4.00000e+0	1.65000e-1	3.18967e-4
4.40000e+0	1.65000e-1	3.00956e-4
4.80000e+0	1.65000e-1	2.91802e-4
5.20000e+0	1.65000e-1	2.81444e-4
5.60000e+0	1.65000e-1	2.71060e-4
6.00000e+0	1.65000e-1	2.60628e-4
6.40000e+0	1.65000e-1	2.49857e-4
6.80000e+0	1.65000e-1	2.38605e-4
7.20000e+0	1.65000e-1	2.26566e-4
7.60000e+0	1.65000e-1	2.13385e-4
8.00000e+0	1.65000e-1	1.98469e-4
8.40000e+0	1.65000e-1	1.80864e-4
8.80000e+0	1.65000e-1	1.60840e-4
9.20000e+0	1.65000e-1	1.35026e-4
9.60000e+0	1.65000e-1	9.54903e-5
1.00000e+1	1.65000e-1	4.10163e-5
0.00000e+0	1.70000e-1	2.81530e-4
4.00000e-1	1.70000e-1	2.86742e-4
8.00000e-1	1.70000e-1	2.95834e-4
1.20000e+0	1.70000e-1	3.04788e-4
1.60000e+0	1.70000e-1	3.11935e-4
2.00000e+0	1.70000e-1	3.16233e-4
2.40000e+0	1.70000e-1	3.16348e-4
2.80000e+0	1.70000e-1	3.13552e-4
3.20000e+0	1.70000e-1	3.10016e-4
3.60000e+0	1.70000e-1	3.00724e-4
4.00000e+0	1.70000e-1	3.00335e-4
4.40000e+0	1.70000e-1	2.81586e-4
4.80000e+0	1.70000e-1	2.73283e-4
5.20000e+0	1.70000e-1	2.63586e-4
5.60000e+0	1.70000e-1	2.53860e-4
6.00000e+0	1.70000e-1	2.44089e-4
6.40000e+0	1.70000e-1	2.34002e-4
6.80000e+0	1.70000e-1	2.23463e-4
7.20000e+0	1.70000e-1	2.12187e-4
7.60000e+0	1.70000e-1	1.99841e-4
8.00000e+0	1.70000e-1	1.85875e-4
8.40000e+0	1.70000e-1	1.69382e-4
8.80000e+0	1.70000e-1	1.49120e-4
9.20000e+0	1.70000e-1	1.23267e-4
9.60000e+0	1.70000e-1	8.93797e-5
1.00000e+1	1.70000e-1	3.85215e-5
0.00000e+0	1.75000e-1	2.63621e-4
4.00000e-1	1.75000e-1	2.68484e-4
8.00000e-1	1.75000e-1	2.76993e-4
1.20000e+0	1.75000e-1	2.85371e-4
1.60000e+0	1.75000e-1	2.92060e-4
2.00000e+0	1.75000e-1	2.96038e-4
2.40000e+0	1.75000e-1	2.96218e-4
2.80000e+0	1.75000e-1	2.91387e-4
3.20000e+0	1.75000e-1	2.91124e-4
3.60000e+0	1.75000e-1	2.81563e-4
4.00000e+0	1.75000e-1	2.80820e-4
4.40000e+0	1.75000e-1	2.63707e-4
4.80000e+0	1.75000e-1	2.55870e-4
5.20000e+0	1.75000e-1	2.46791e-4
5.60000e+0	1.75000e-1	2.37683e-4
6.00000e+0	1.75000e-1	2.28534e-4
6.40000e+0	1.75000e-1	2.19089e-4
6.80000e+0	1.75000e-1	2.09220e-4
7.20000e+0	1.75000e-1	1.98662e-4
7.60000e+0	1.75000e-1	1.87103e-4
8.00000e+0	1.75000e-1	1.74027e-4
8.40000e+0	1.75000e-1	1.58581e-4
8.80000e+0	1.75000e-1	1.38771e-4
9.20000e+0	1.75000e-1	1.13631e-4
9.60000e+0	1.75000e-1	8.36451e-5
1.00000e+1	1.75000e-1	3.61263e-5
0.00000e+0	1.80000e-1	2.46796e-4
4.00000e-1	1.80000e-1	2.51332e-4
8.00000e-1	1.80000e-1	2.59295e-4
1.20000e+0	1.80000e-1	2.67132e-4
1.60000e+0	1.80000e-1	2.73383e-4
2.00000e+0	1.80000e-1	2.76959e-4
2.40000e+0	1.80000e-1	2.77306e-4
2.80000e+0	1.80000e-1	2.69808e-4
3.20000e+0	1.80000e-1	2.73265e-4
3.60000e+0	1.80000e-1	2.63570e-4
4.00000e+0	1.80000e-1	2.60951e-4
4.40000e+0	1.80000e-1	2.47175e-4
4.80000e+0	1.80000e-1	2.39519e-4
5.20000e+0	1.80000e-1	2.31015e-4
5.60000e+0	1.80000e-1	2.22489e-4
6.00000e+0	1.80000e-1	2.13923e-4
6.40000e+0	1.80000e-1	2.05081e-4
6.80000e+0	1.80000e-1	1.95843e-4
7.20000e+0	1.80000e-1	1.85959e-4
7.60000e+0	1.80000e-1	1.75137e-4
8.00000e+0	1.80000e-1	1.62896e-4
8.40000e+0	1.80000e-1	1.48435e-4
8.80000e+0	1.80000e-1	1.29805e-4
9.20000e+0	1.80000e-1	1.06176e-4
9.60000e+0	1.80000e-1	7.82727e-5
1.00000e+1	1.80000e-1	3.38221e-5
0.00000e+0	1.85000e-1	2.31009e-4
4.00000e-1	1.85000e-1	2.35241e-4
8.00000e-1	1.85000e-1	2.42691e-4
1.20000e+0	1.85000e-1	2.50021e-4
1.60000e+0	1.85000e-1	2.55857e-4
2.00000e+0	1.85000e-1	2.59025e-4
2.40000e+0	1.85000e-1	2.59561e-4
2.80000e+0	1.85000e-1	2.49848e-4
3.20000e+0	1.85000e-1	2.56217e-4
3.60000e+0	1.85000e-1	2.46693e-4
4.00000e+0	1.85000e-1	2.41745e-4
4.40000e+0	1.85000e-1	2.31762e-4
4.80000e+0	1.85000e-1	2.24181e-4
5.20000e+0	1.85000e-1	2.16216e-4
5.60000e+0	1.85000e-1	2.08235e-4
6.00000e+0	1.85000e-1	2.00216e-4
6.40000e+0	1.85000e-1	1.91940e-4
6.80000e+0	1.85000e-1	1.83293e-4
7.20000e+0	1.85000e-1	1.74041e-4
7.60000e+0	1.85000e-1	1.63911e-4
8.00000e+0	1.85000e-1	1.52452e-4
8.40000e+0	1.85000e-1	1.38916e-4
8.80000e+0	1.85000e-1	1.21809e-4
9.20000e+0	1.85000e-1	1.00062e-4
9.60000e+0	1.85000e-1	7.32410e-5
1.00000e+1	1.85000e-1	3.16305e-5
0.00000e+0	1.90000e-1	2.16215e-4
4.00000e-1	1.90000e-1	2.20163e-4
8.00000e-1	1.90000e-1	2.27131e-4
1.20000e+0	1.90000e-1	2.33987e-4
1.60000e+0	1.90000e-1	2.39436e-4
2.00000e+0	1.90000e-1	2.42263e-4
2.40000e+0	1.90000e-1	2.42931e-4
2.80000e+0	1.90000e-1	2.32536e-4
3.20000e+0	1.90000e-1	2.39760e-4
3.60000e+0	1.90000e-1	2.30877e-4
4.00000e+0	1.90000e-1	2.24217e-4
4.40000e+0	1.90000e-1	2.17241e-4
4.80000e+0	1.90000e-1	2.09807e-4
5.20000e+0	1.90000e-1	2.02348e-4
5.60000e+0	1.90000e-1	1.94878e-4
6.00000e+0	1.90000e-1	1.87373e-4
6.40000e+0	1.90000e-1	1.79627e-4
6.80000e+0	1.90000e-1	1.71533e-4
7.20000e+0	1.90000e-1	1.62874e-4
7.60000e+0	1.90000e-1	1.53393e-4
8.00000e+0	1.90000e-1	1.42666e-4
8.40000e+0	1.90000e-1	1.29996e-4
8.80000e+0	1.90000e-1	1.14368e-4
9.20000e+0	1.90000e-1	9.44403e-5
9.60000e+0	1.90000e-1	6.85281e-5
1.00000e+1	1.90000e-1	2.95737e-5
0.00000e+0	1.95000e-1	2.02365e-4
4.00000e-1	1.95000e-1	2.06047e-4
8.00000e-1	1.95000e-1	2.12565e-4
1.20000e+0	1.95000e-1	2.18976e-4
1.60000e+0	1.95000e-1	2.24068e-4
2.00000e+0	1.95000e-1	2.26664e-4
2.40000e+0	1.95000e-1	2.27362e-4
2.80000e+0	1.95000e-1	2.18327e-4
3.20000e+0	1.95000e-1	2.23800e-4
3.60000e+0	1.95000e-1	2.16066e-4
4.00000e+0	1.95000e-1	2.08957e-4
4.40000e+0	1.95000e-1	2.03451e-4
4.80000e+0	1.95000e-1	1.96348e-4
5.20000e+0	1.95000e-1	1.89364e-4
5.60000e+0	1.95000e-1	1.82375e-4
6.00000e+0	1.95000e-1	1.75349e-4
6.40000e+0	1.95000e-1	1.68100e-4
6.80000e+0	1.95000e-1	1.60525e-4
7.20000e+0	1.95000e-1	1.52421e-4
7.60000e+0	1.95000e-1	1.43547e-4
8.00000e+0	1.95000e-1	1.33506e-4
8.40000e+0	1.95000e-1	1.21648e-4
8.80000e+0	1.95000e-1	1.07196e-4
9.20000e+0	1.95000e-1	8.87385e-5
9.60000e+0	1.95000e-1	6.41136e-5
1.00000e+1	1.95000e-1	2.76638e-5
0.00000e+0	2.00000e-1	1.89401e-4
4.00000e-1	2.00000e-1	1.92835e-4
8.00000e-1	2.00000e-1	1.98930e-4
1.20000e+0	2.00000e-1	2.04925e-4
1.60000e+0	2.00000e-1	2.09687e-4
2.00000e+0	2.00000e-1	2.12136e-4
2.40000e+0	2.00000e-1	2.12789e-4
2.80000e+0	2.00000e-1	2.06384e-4
3.20000e+0	2.00000e-1	2.08528e-4
3.60000e+0	2.00000e-1	2.02199e-4
4.00000e+0	2.00000e-1	1.95593e-4
4.40000e+0	2.00000e-1	1.90388e-4
4.80000e+0	2.00000e-1	1.83748e-4
5.20000e+0	2.00000e-1	1.77212e-4
5.60000e+0	2.00000e-1	1.70671e-4
6.00000e+0	2.00000e-1	1.64096e-4
6.40000e+0	2.00000e-1	1.57312e-4
6.80000e+0	2.00000e-1	1.50222e-4
7.20000e+0	2.00000e-1	1.42638e-4
7.60000e+0	2.00000e-1	1.34332e-4
8.00000e+0	2.00000e-1	1.24934e-4
8.40000e+0	2.00000e-1	1.13835e-4
8.80000e+0	2.00000e-1	1.00299e-4
9.20000e+0	2.00000e-1	8.30137e-5
9.60000e+0	2.00000e-1	5.99796e-5
1.00000e+1	2.00000e-1	2.58899e-5
0.00000e+0	2.05000e-1	1.77263e-4
4.00000e-1	2.05000e-1	1.80466e-4
8.00000e-1	2.05000e-1	1.86166e-4
1.20000e+0	2.05000e-1	1.91771e-4
1.60000e+0	2.05000e-1	1.96226e-4
2.00000e+0	2.05000e-1	1.98569e-4
2.40000e+0	2.05000e-1	1.99145e-4
2.80000e+0	2.05000e-1	1.95585e-4
3.20000e+0	2.05000e-1	1.94195e-4
3.60000e+0	2.05000e-1	1.89216e-4
4.00000e+0	2.05000e-1	1.83540e-4
4.40000e+0	2.05000e-1	1.78081e-4
4.80000e+0	2.05000e-1	1.71951e-4
5.20000e+0	2.05000e-1	1.65835e-4
5.60000e+0	2.05000e-1	1.59715e-4
6.00000e+0	2.05000e-1	1.53561e-4
6.40000e+0	2.05000e-1	1.47212e-4
6.80000e+0	2.05000e-1	1.40577e-4
7.20000e+0	2.05000e-1	1.33479e-4
7.60000e+0	2.05000e-1	1.25706e-4
8.00000e+0	2.05000e-1	1.16910e-4
8.40000e+0	2.05000e-1	1.06521e-4
8.80000e+0	2.05000e-1	9.37509e-5
9.20000e+0	2.05000e-1	7.74609e-5
9.60000e+0	2.05000e-1	5.61088e-5
1.00000e+1	2.05000e-1	2.42363e-5
0.00000e+0	2.10000e-1	1.65894e-4
4.00000e-1	2.10000e-1	1.68881e-4
8.00000e-1	2.10000e-1	1.74210e-4
1.20000e+0	2.10000e-1	1.79451e-4
1.60000e+0	2.10000e-1	1.83619e-4
2.00000e+0	2.10000e-1	1.85856e-4
2.40000e+0	2.10000e-1	1.86364e-4
2.80000e+0	2.10000e-1	1.84836e-4
3.20000e+0	2.10000e-1	1.81047e-4
3.60000e+0	2.10000e-1	1.77056e-4
4.00000e+0	2.10000e-1	1.72225e-4
4.40000e+0	2.10000e-1	1.66558e-4
4.80000e+0	2.10000e-1	1.60902e-4
5.20000e+0	2.10000e-1	1.55179e-4
5.60000e+0	2.10000e-1	1.49453e-4
6.00000e+0	2.10000e-1	1.43694e-4
6.40000e+0	2.10000e-1	1.37753e-4
6.80000e+0	2.10000e-1	1.31544e-4
7.20000e+0	2.10000e-1	1.24901e-4
7.60000e+0	2.10000e-1	1.17627e-4
8.00000e+0	2.10000e-1	1.09395e-4
8.40000e+0	2.10000e-1	9.96716e-5
8.80000e+0	2.10000e-1	8.76236e-5
9.20000e+0	2.10000e-1	7.22712e-5
9.60000e+0	2.10000e-1	5.24844e-5
1.00000e+1	2.10000e-1	2.26876e-5
0.00000e+0	2.15000e-1	1.55256e-4
4.00000e-1	2.15000e-1	1.58041e-4
8.00000e-1	2.15000e-1	1.63024e-4
1.20000e+0	2.15000e-1	1.67924e-4
1.60000e+0	2.15000e-1	1.71823e-4
2.00000e+0	2.15000e-1	1.73933e-4
2.40000e+0	2.15000e-1	1.74405e-4
2.80000e+0	2.15000e-1	1.73655e-4
3.20000e+0	2.15000e-1	1.69162e-4
3.60000e+0	2.15000e-1	1.65681e-4
4.00000e+0	2.15000e-1	1.61349e-4
4.40000e+0	2.15000e-1	1.55827e-4
4.80000e+0	2.15000e-1	1.50565e-4
5.20000e+0	2.15000e-1	1.45211e-4
5.60000e+0	2.15000e-1	1.39853e-4
6.00000e+0	2.15000e-1	1.34463e-4
6.40000e+0	2.15000e-1	1.28903e-4
6.80000e+0	2.15000e-1	1.23092e-4
7.20000e+0	2.15000e-1	1.16876e-4
7.60000e+0	2.15000e-1	1.10068e-4
8.00000e+0	2.15000e-1	1.02364e-4
8.40000e+0	2.15000e-1	9.32632e-5
8.80000e+0	2.15000e-1	8.19493e-5
9.20000e+0	2.15000e-1	6.75388e-5
9.60000e+0	2.15000e-1	4.90951e-5
1.00000e+1	2.15000e-1	2.12346e-5
0.00000e+0	2.20000e-1	1.45340e-4
4.00000e-1	2.20000e-1	1.47938e-4
8.00000e-1	2.20000e-1	1.52599e-4
1.20000e+0	2.20000e-1	1.57182e-4
1.60000e+0	2.20000e-1	1.60829e-4
2.00000e+0	2.20000e-1	1.62799e-4
2.40000e+0	2.20000e-1	1.63258e-4
2.80000e+0	2.20000e-1	1.62396e-4
3.20000e+0	2.20000e-1	1.58392e-4
3.60000e+0	2.20000e-1	1.55080e-4
4.00000e+0	2.20000e-1	1.50986e-4
4.40000e+0	2.20000e-1	1.45864e-4
4.80000e+0	2.20000e-1	1.40933e-4
5.20000e+0	2.20000e-1	1.35921e-4
5.60000e+0	2.20000e-1	1.30905e-4
6.00000e+0	2.20000e-1	1.25860e-4
6.40000e+0	2.20000e-1	1.20655e-4
6.80000e+0	2.20000e-1	1.15216e-4
7.20000e+0	2.20000e-1	1.09396e-4
7.60000e+0	2.20000e-1	1.03023e-4
8.00000e+0	2.20000e-1	9.58108e-5
8.40000e+0	2.20000e-1	8.72908e-5
8.80000e+0	2.20000e-1	7.67068e-5
9.20000e+0	2.20000e-1	6.32249e-5
9.60000e+0	2.20000e-1	4.59379e-5
1.00000e+1	2.20000e-1	1.98775e-5
0.00000e+0	2.25000e-1	1.36142e-4
4.00000e-1	2.25000e-1	1.38567e-4
8.00000e-1	2.25000e-1	1.42929e-4
1.20000e+0	2.25000e-1	1.47219e-4
1.60000e+0	2.25000e-1	1.50631e-4
2.00000e+0	2.25000e-1	1.52460e-4
2.40000e+0	2.25000e-1	1.52917e-4
2.80000e+0	2.25000e-1	1.51522e-4
3.20000e+0	2.25000e-1	1.48560e-4
3.60000e+0	2.25000e-1	1.45248e-4
4.00000e+0	2.25000e-1	1.41257e-4
4.40000e+0	2.25000e-1	1.36644e-4
4.80000e+0	2.25000e-1	1.31998e-4
5.20000e+0	2.25000e-1	1.27304e-4
5.60000e+0	2.25000e-1	1.22606e-4
6.00000e+0	2.25000e-1	1.17880e-4
6.40000e+0	2.25000e-1	1.13005e-4
6.80000e+0	2.25000e-1	1.07910e-4
7.20000e+0	2.25000e-1	1.02459e-4
7.60000e+0	2.25000e-1	9.64889e-5
8.00000e+0	2.25000e-1	8.97327e-5
8.40000e+0	2.25000e-1	8.17513e-5
8.80000e+0	2.25000e-1	7.18678e-5
9.20000e+0	2.25000e-1	5.92734e-5
9.60000e+0	2.25000e-1	4.30106e-5
1.00000e+1	2.25000e-1	1.86173e-5
0.00000e+0	2.30000e-1	1.27651e-4
4.00000e-1	2.30000e-1	1.29917e-4
8.00000e-1	2.30000e-1	1.34003e-4
1.20000e+0	2.30000e-1	1.38023e-4
1.60000e+0	2.30000e-1	1.41218e-4
2.00000e+0	2.30000e-1	1.42918e-4
2.40000e+0	2.30000e-1	1.43372e-4
2.80000e+0	2.30000e-1	1.41464e-4
3.20000e+0	2.30000e-1	1.39495e-4
3.60000e+0	2.30000e-1	1.36174e-4
4.00000e+0	2.30000e-1	1.32272e-4
4.40000e+0	2.30000e-1	1.28134e-4
4.80000e+0	2.30000e-1	1.23752e-4
5.20000e+0	2.30000e-1	1.19351e-4
5.60000e+0	2.30000e-1	1.14946e-4
6.00000e+0	2.30000e-1	1.10515e-4
6.40000e+0	2.30000e-1	1.05944e-4
6.80000e+0	2.30000e-1	1.01167e-4
7.20000e+0	2.30000e-1	9.60559e-5
7.60000e+0	2.30000e-1	9.04584e-5
8.00000e+0	2.30000e-1	8.41231e-5
8.40000e+0	2.30000e-1	7.66390e-5
8.80000e+0	2.30000e-1	6.74032e-5
9.20000e+0	2.30000e-1	5.56294e-5
9.60000e+0	2.30000e-1	4.03095e-5
1.00000e+1	2.30000e-1	1.74544e-5
0.00000e+0	2.35000e-1	1.19814e-4
4.00000e-1	2.35000e-1	1.21934e-4
8.00000e-1	2.35000e-1	1.25765e-4
1.20000e+0	2.35000e-1	1.29535e-4
1.60000e+0	2.35000e-1	1.32532e-4
2.00000e+0	2.35000e-1	1.34115e-4
2.40000e+0	2.35000e-1	1.34562e-4
2.80000e+0	2.35000e-1	1.32354e-4
3.20000e+0	2.35000e-1	1.31064e-4
3.60000e+0	2.35000e-1	1.27798e-4
4.00000e+0	2.35000e-1	1.24025e-4
4.40000e+0	2.35000e-1	1.20273e-4
4.80000e+0	2.35000e-1	1.16142e-4
5.20000e+0	2.35000e-1	1.12011e-4
5.60000e+0	2.35000e-1	1.07877e-4
6.00000e+0	2.35000e-1	1.03717e-4
6.40000e+0	2.35000e-1	9.94277e-5
6.80000e+0	2.35000e-1	9.49440e-5
7.20000e+0	2.35000e-1	9.01468e-5
7.60000e+0	2.35000e-1	8.48929e-5
8.00000e+0	2.35000e-1	7.89462e-5
8.40000e+0	2.35000e-1	7.19210e-5
8.80000e+0	2.35000e-1	6.32738e-5
9.20000e+0	2.35000e-1	5.22469e-5
9.60000e+0	2.35000e-1	3.78172e-5
1.00000e+1	2.35000e-1	1.63819e-5
0.00000e+0	2.40000e-1	1.12538e-4
4.00000e-1	2.40000e-1	1.14522e-4
8.00000e-1	2.40000e-1	1.18117e-4
1.20000e+0	2.40000e-1	1.21655e-4
1.60000e+0	2.40000e-1	1.24467e-4
2.00000e+0	2.40000e-1	1.25948e-4
2.40000e+0	2.40000e-1	1.26382e-4
2.80000e+0	2.40000e-1	1.24069e-4
3.20000e+0	2.40000e-1	1.23175e-4
3.60000e+0	2.40000e-1	1.20023e-4
4.00000e+0	2.40000e-1	1.16417e-4
4.40000e+0	2.40000e-1	1.12967e-4
4.80000e+0	2.40000e-1	1.09077e-4
5.20000e+0	2.40000e-1	1.05196e-4
5.60000e+0	2.40000e-1	1.01314e-4
6.00000e+0	2.40000e-1	9.74071e-5
6.40000e+0	2.40000e-1	9.33783e-5
6.80000e+0	2.40000e-1	8.91670e-5
7.20000e+0	2.40000e-1	8.46612e-5
7.60000e+0	2.40000e-1	7.97263e-5
8.00000e+0	2.40000e-1	7.41404e-5
8.40000e+0	2.40000e-1	6.75413e-5
8.80000e+0	2.40000e-1	5.94312e-5
9.20000e+0	2.40000e-1	4.90873e-5
9.60000e+0	2.40000e-1	3.55040e-5
1.00000e+1	2.40000e-1	1.53873e-5
0.00000e+0	2.45000e-1	1.05726e-4
4.00000e-1	2.45000e-1	1.07583e-4
8.00000e-1	2.45000e-1	1.10957e-4
1.20000e+0	2.45000e-1	1.14279e-4
1.60000e+0	2.45000e-1	1.16918e-4
2.00000e+0	2.45000e-1	1.18307e-4
2.40000e+0	2.45000e-1	1.18724e-4
2.80000e+0	2.45000e-1	1.16468e-4
3.20000e+0	2.45000e-1	1.15732e-4
3.60000e+0	2.45000e-1	1.12745e-4
4.00000e+0	2.45000e-1	1.09337e-4
4.40000e+0	2.45000e-1	1.06120e-4
4.80000e+0	2.45000e-1	1.02462e-4
5.20000e+0	2.45000e-1	9.88172e-5
5.60000e+0	2.45000e-1	9.51702e-5
6.00000e+0	2.45000e-1	9.15000e-5
6.40000e+0	2.45000e-1	8.77153e-5
6.80000e+0	2.45000e-1	8.37591e-5
7.20000e+0	2.45000e-1	7.95261e-5
7.60000e+0	2.45000e-1	7.48899e-5
8.00000e+0	2.45000e-1	6.96418e-5
8.40000e+0	2.45000e-1	6.34416e-5
8.80000e+0	2.45000e-1	5.58259e-5
9.20000e+0	2.45000e-1	4.61122e-5
9.60000e+0	2.45000e-1	3.33389e-5
1.00000e+1	2.45000e-1	1.44569e-5
0.00000e+0	2.50000e-1	9.92761e-5
4.00000e-1	2.50000e-1	1.01014e-4
8.00000e-1	2.50000e-1	1.04178e-4
1.20000e+0	2.50000e-1	1.07295e-4
1.60000e+0	2.50000e-1	1.09771e-4
2.00000e+0	2.50000e-1	1.11076e-4
2.40000e+0	2.50000e-1	1.11473e-4
2.80000e+0	2.50000e-1	1.09405e-4
3.20000e+0	2.50000e-1	1.08638e-4
3.60000e+0	2.50000e-1	1.05853e-4
4.00000e+0	2.50000e-1	1.02669e-4
4.40000e+0	2.50000e-1	9.96320e-5
4.80000e+0	2.50000e-1	9.62004e-5
5.20000e+0	2.50000e-1	9.27777e-5
5.60000e+0	2.50000e-1	8.93538e-5
6.00000e+0	2.50000e-1	8.59076e-5
6.40000e+0	2.50000e-1	8.23540e-5
6.80000e+0	2.50000e-1	7.86392e-5
7.20000e+0	2.50000e-1	7.46645e-5
7.60000e+0	2.50000e-1	7.03111e-5
8.00000e+0	2.50000e-1	6.53830e-5
8.40000e+0	2.50000e-1	5.95605e-5
8.80000e+0	2.50000e-1	5.24057e-5
9.20000e+0	2.50000e-1	4.32806e-5
9.60000e+0	2.50000e-1	3.12896e-5
1.00000e+1	2.50000e-1	1.35768e-5