"Energy (eV)"	"Flux Density (ph/s/mm<sup>2</sup>/0.1%B.W.)"
1.00000e+1	1.16044e+11
1.01036e+1	1.16354e+11
1.02083e+1	1.16659e+11
1.03141e+1	1.16960e+11
1.04210e+1	1.17255e+11
1.05290e+1	1.17546e+11
1.06381e+1	1.17832e+11
1.07483e+1	1.18112e+11
1.08597e+1	1.18387e+11
1.09722e+1	1.18657e+11
1.10859e+1	1.18922e+11
1.12008e+1	1.19181e+11
1.13168e+1	1.19434e+11
1.14341e+1	1.19682e+11
1.15526e+1	1.19924e+11
1.16723e+1	1.20160e+11
1.17933e+1	1.20390e+11
1.19155e+1	1.20614e+11
1.20389e+1	1.20832e+11
1.21637e+1	1.21043e+11
1.22897e+1	1.21249e+11
1.24171e+1	1.21448e+11
1.25458e+1	1.21640e+11
1.26758e+1	1.21826e+11
1.28071e+1	1.22005e+11
1.29398e+1	1.22177e+11
1.30739e+1	1.22343e+11
1.32094e+1	1.22501e+11
1.33463e+1	1.22653e+11
1.34846e+1	1.22797e+11
1.36243e+1	1.22935e+11
1.37655e+1	1.23065e+11
1.39081e+1	1.23187e+11
1.40522e+1	1.23302e+11
1.41978e+1	1.23410e+11
1.43450e+1	1.23510e+11
1.44936e+1	1.23603e+11
1.46438e+1	1.23687e+11
1.47955e+1	1.23764e+11
1.49488e+1	1.23833e+11
1.51038e+1	1.23894e+11
1.52603e+1	1.23947e+11
1.54184e+1	1.23993e+11
1.55782e+1	1.24029e+11
1.57396e+1	1.24058e+11
1.59027e+1	1.24079e+11
1.60675e+1	1.24091e+11
1.62340e+1	1.24095e+11
1.64022e+1	1.24090e+11
1.65722e+1	1.24077e+11
1.67439e+1	1.24056e+11
1.69174e+1	1.24026e+11
1.70927e+1	1.23987e+11
1.72698e+1	1.23940e+11
1.74488e+1	1.23884e+11
1.76296e+1	1.23820e+11
1.78123e+1	1.23747e+11
1.79968e+1	1.23665e+11
1.81833e+1	1.23574e+11
1.83717e+1	1.23474e+11
1.85621e+1	1.23366e+11
1.87545e+1	1.23249e+11
1.89488e+1	1.23123e+11
1.91451e+1	1.22989e+11
1.93435e+1	1.22845e+11
1.95440e+1	1.22693e+11
1.97465e+1	1.22532e+11
1.99511e+1	1.22362e+11
2.01579e+1	1.22184e+11
2.03667e+1	1.21996e+11
2.05778e+1	1.21800e+11
2.07910e+1	1.21595e+11
2.10065e+1	1.21382e+11
2.12241e+1	1.21160e+11
2.14441e+1	1.20929e+11
2.16663e+1	1.20690e+11
2.18908e+1	1.20442e+11
2.21176e+1	1.20186e+11
2.23468e+1	1.19921e+11
2.25784e+1	1.19648e+11
2.28123e+1	1.19367e+11
2.30487e+1	1.19077e+11
2.32876e+1	1.18780e+11
2.35289e+1	1.18474e+11
2.37727e+1	1.18161e+11
2.40190e+1	1.17839e+11
2.42679e+1	1.17510e+11
2.45194e+1	1.17173e+11
2.47735e+1	1.16829e+11
2.50302e+1	1.16477e+11
2.52895e+1	1.16117e+11
2.55516e+1	1.15751e+11
2.58164e+1	1.15377e+11
2.60839e+1	1.14997e+11
2.63542e+1	1.14609e+11
2.66273e+1	1.14215e+11
2.69032e+1	1.13815e+11
2.71820e+1	1.13408e+11
2.74636e+1	1.12994e+11
2.77482e+1	1.12575e+11
2.80357e+1	1.12150e+11
2.83263e+1	1.11719e+11
2.86198e+1	1.11282e+11
2.89164e+1	1.10839e+11
2.92160e+1	1.10392e+11
2.95187e+1	1.09939e+11
2.98246e+1	1.09482e+11
3.01337e+1	1.09020e+11
3.04459e+1	1.08553e+11
3.07614e+1	1.08082e+11
3.10802e+1	1.07607e+11
3.14022e+1	1.07129e+11
3.17276e+1	1.06646e+11
3.20564e+1	1.06160e+11
3.23886e+1	1.05671e+11
3.27242e+1	1.05180e+11
3.30633e+1	1.04685e+11
3.34059e+1	1.04188e+11
3.37521e+1	1.03688e+11
3.41018e+1	1.03187e+11
3.44552e+1	1.02684e+11
3.48122e+1	1.02180e+11
3.51729e+1	1.01674e+11
3.55374e+1	1.01167e+11
3.59057e+1	1.00660e+11
3.62777e+1	1.00152e+11
3.66537e+1	9.96433e+10
3.70335e+1	9.91352e+10
3.74172e+1	9.86274e+10
3.78049e+1	9.81202e+10
3.81967e+1	9.76139e+10
3.85925e+1	9.71084e+10
3.89924e+1	9.66046e+10
3.93965e+1	9.61024e+10
3.98047e+1	9.56021e+10
4.02172e+1	9.51041e+10
4.06339e+1	9.46084e+10
4.10550e+1	9.41156e+10
4.14804e+1	9.36258e+10
4.19102e+1	9.31393e+10
4.23445e+1	9.26563e+10
4.27833e+1	9.21772e+10
4.32266e+1	9.17022e+10
4.36745e+1	9.12316e+10
4.41271e+1	9.07656e+10
4.45844e+1	9.03046e+10
4.50464e+1	8.98487e+10
4.55131e+1	8.93982e+10
4.59848e+1	8.89534e+10
4.64613e+1	8.85146e+10
4.69427e+1	8.80820e+10
4.74291e+1	8.76558e+10
4.79206e+1	8.72364e+10
4.84172e+1	8.68238e+10
4.89189e+1	8.64184e+10
4.94258e+1	8.60205e+10
4.99380e+1	8.56302e+10
5.04554e+1	8.52477e+10
5.09783e+1	8.48733e+10
5.15065e+1	8.45072e+10
5.20403e+1	8.41497e+10
5.25795e+1	8.38008e+10
5.31244e+1	8.34609e+10
5.36748e+1	8.31300e+10
5.42310e+1	8.28085e+10
5.47930e+1	8.24964e+10
5.53608e+1	8.21940e+10
5.59344e+1	8.19014e+10
5.65140e+1	8.16188e+10
5.70997e+1	8.13464e+10
5.76913e+1	8.10842e+10
5.82892e+1	8.08324e+10
5.88932e+1	8.05913e+10
5.95034e+1	8.03608e+10
6.01200e+1	8.01411e+10
6.07430e+1	7.99323e+10
6.13724e+1	7.97346e+10
6.20084e+1	7.95480e+10
6.26509e+1	7.93726e+10
6.33001e+1	7.92085e+10
6.39561e+1	7.90558e+10
6.46188e+1	7.89145e+10
6.52884e+1	7.87847e+10
6.59649e+1	7.86665e+10
6.66485e+1	7.85598e+10
6.73391e+1	7.84648e+10
6.80369e+1	7.83814e+10
6.87419e+1	7.83097e+10
6.94542e+1	7.82497e+10
7.01739e+1	7.82014e+10
7.09011e+1	7.81647e+10
7.16358e+1	7.81398e+10
7.23781e+1	7.81264e+10
7.31281e+1	7.81247e+10
7.38859e+1	7.81346e+10
7.46515e+1	7.81561e+10
7.54251e+1	7.81890e+10
7.62067e+1	7.82334e+10
7.69963e+1	7.82892e+10
7.77942e+1	7.83563e+10
7.86003e+1	7.84347e+10
7.94148e+1	7.85242e+10
8.02377e+1	7.86248e+10
8.10691e+1	7.87363e+10
8.19092e+1	7.88587e+10
8.27580e+1	7.89920e+10
8.36155e+1	7.91358e+10
8.44820e+1	7.92903e+10
8.53574e+1	7.94551e+10
8.62419e+1	7.96303e+10
8.71356e+1	7.98156e+10
8.80385e+1	8.00110e+10
8.89508e+1	8.02163e+10
8.98725e+1	8.04313e+10
9.08038e+1	8.06560e+10
9.17447e+1	8.08901e+10
9.26954e+1	8.11335e+10
9.36559e+1	8.13861e+10
9.46264e+1	8.16476e+10
9.56070e+1	8.19181e+10
9.65977e+1	8.21971e+10
9.75986e+1	8.24847e+10
9.86100e+1	8.27806e+10
9.96318e+1	8.30847e+10
1.00664e+2	8.33968e+10
1.01707e+2	8.37167e+10
1.02761e+2	8.40442e+10
1.03826e+2	8.43792e+10
1.04902e+2	8.47216e+10
1.05989e+2	8.50710e+10
1.07087e+2	8.54275e+10
1.08197e+2	8.57906e+10
1.09318e+2	8.61604e+10
1.10451e+2	8.65367e+10
1.11595e+2	8.69192e+10
1.12752e+2	8.73077e+10
1.13920e+2	8.77022e+10
1.15101e+2	8.81025e+10
1.16293e+2	8.85083e+10
1.17498e+2	8.89195e+10
1.18716e+2	8.93359e+10
1.19946e+2	8.97574e+10
1.21189e+2	9.01838e+10
1.22445e+2	9.06150e+10
1.23714e+2	9.10507e+10
1.24996e+2	9.14909e+10
1.26291e+2	9.19353e+10
1.27599e+2	9.23839e+10
1.28922e+2	9.28364e+10
1.30258e+2	9.32927e+10
1.31607e+2	9.37527e+10
1.32971e+2	9.42162e+10
1.34349e+2	9.46831e+10
1.35741e+2	9.51532e+10
1.37148e+2	9.56264e+10
1.38569e+2	9.61025e+10
1.40005e+2	9.65815e+10
1.41456e+2	9.70632e+10
1.42921e+2	9.75474e+10
1.44402e+2	9.80340e+10
1.45899e+2	9.85230e+10
1.47411e+2	9.90141e+10
1.48938e+2	9.95073e+10
1.50481e+2	1.00002e+11
1.52041e+2	1.00499e+11
1.53616e+2	1.00998e+11
1.55208e+2	1.01498e+11
1.56816e+2	1.02000e+11
1.58441e+2	1.02503e+11
1.60083e+2	1.03008e+11
1.61742e+2	1.03513e+11
1.63418e+2	1.04020e+11
1.65111e+2	1.04527e+11
1.66822e+2	1.05036e+11
1.68551e+2	1.05545e+11
1.70298e+2	1.06055e+11
1.72062e+2	1.06565e+11
1.73845e+2	1.07076e+11
1.75647e+2	1.07587e+11
1.77467e+2	1.08098e+11
1.79306e+2	1.08610e+11
1.81164e+2	1.09122e+11
1.83041e+2	1.09633e+11
1.84938e+2	1.10145e+11
1.86854e+2	1.10656e+11
1.88790e+2	1.11167e+11
1.90747e+2	1.11678e+11
1.92723e+2	1.12188e+11
1.94720e+2	1.12698e+11
1.96738e+2	1.13207e+11
1.98777e+2	1.13715e+11
2.00836e+2	1.14223e+11
2.02917e+2	1.14729e+11
2.05020e+2	1.15235e+11
2.07145e+2	1.15739e+11
2.09291e+2	1.16242e+11
2.11460e+2	1.16744e+11
2.13651e+2	1.17245e+11
2.15865e+2	1.17744e+11
2.18102e+2	1.18242e+11
2.20362e+2	1.18738e+11
2.22645e+2	1.19232e+11
2.24952e+2	1.19724e+11
2.27283e+2	1.20215e+11
2.29639e+2	1.20703e+11
2.32018e+2	1.21189e+11
2.34422e+2	1.21674e+11
2.36852e+2	1.22155e+11
2.39306e+2	1.22635e+11
2.41786e+2	1.23112e+11
2.44291e+2	1.23586e+11
2.46822e+2	1.24058e+11
2.49380e+2	1.24526e+11
2.51964e+2	1.24992e+11
2.54575e+2	1.25455e+11
2.57213e+2	1.25915e+11
2.59878e+2	1.26372e+11
2.62571e+2	1.26825e+11
2.65292e+2	1.27275e+11
2.68041e+2	1.27721e+11
2.70819e+2	1.28164e+11
2.73625e+2	1.28603e+11
2.76460e+2	1.29038e+11
2.79325e+2	1.29469e+11
2.82220e+2	1.29896e+11
2.85144e+2	1.30319e+11
2.88099e+2	1.30737e+11
2.91084e+2	1.31151e+11
2.94101e+2	1.31561e+11
2.97148e+2	1.31966e+11
3.00227e+2	1.32366e+11
3.03338e+2	1.32761e+11
3.06481e+2	1.33151e+11
3.09657e+2	1.33536e+11
3.12866e+2	1.33916e+11
3.16108e+2	1.34291e+11
3.19384e+2	1.34660e+11
3.22693e+2	1.35023e+11
3.26037e+2	1.35380e+11
3.29416e+2	1.35732e+11
3.32829e+2	1.36078e+11
3.36278e+2	1.36417e+11
3.39763e+2	1.36750e+11
3.43283e+2	1.37077e+11
3.46840e+2	1.37398e+11
3.50434e+2	1.37711e+11
3.54066e+2	1.38018e+11
3.57735e+2	1.38318e+11
3.61442e+2	1.38611e+11
3.65187e+2	1.38897e+11
3.68971e+2	1.39175e+11
3.72795e+2	1.39447e+11
3.76658e+2	1.39710e+11
3.80561e+2	1.39966e+11
3.84504e+2	1.40214e+11
3.88488e+2	1.40454e+11
3.92514e+2	1.40686e+11
3.96581e+2	1.40909e+11
4.00691e+2	1.41125e+11
4.04843e+2	1.41331e+11
4.09038e+2	1.41530e+11
4.13277e+2	1.41719e+11
4.17559e+2	1.41899e+11
4.21886e+2	1.42071e+11
4.26258e+2	1.42233e+11
4.30675e+2	1.42386e+11
4.35137e+2	1.42530e+11
4.39646e+2	1.42664e+11
4.44202e+2	1.42788e+11
4.48805e+2	1.42903e+11
4.53456e+2	1.43008e+11
4.58155e+2	1.43102e+11
4.62902e+2	1.43187e+11
4.67699e+2	1.43261e+11
4.72545e+2	1.43324e+11
4.77442e+2	1.43378e+11
4.82389e+2	1.43420e+11
4.87388e+2	1.43452e+11
4.92438e+2	1.43472e+11
4.97541e+2	1.43482e+11
5.02697e+2	1.43481e+11
5.07906e+2	1.43468e+11
5.13169e+2	1.43444e+11
5.18486e+2	1.43408e+11
5.23859e+2	1.43361e+11
5.29288e+2	1.43302e+11
5.34772e+2	1.43232e+11
5.40314e+2	1.43149e+11
5.45913e+2	1.43055e+11
5.51569e+2	1.42948e+11
5.57285e+2	1.42830e+11
5.63060e+2	1.42699e+11
5.68894e+2	1.42555e+11
5.74789e+2	1.42399e+11
5.80745e+2	1.42231e+11
5.86763e+2	1.42050e+11
5.92843e+2	1.41857e+11
5.98987e+2	1.41650e+11
6.05194e+2	1.41431e+11
6.11465e+2	1.41199e+11
6.17801e+2	1.40955e+11
6.24203e+2	1.40697e+11
6.30671e+2	1.40426e+11
6.37206e+2	1.40142e+11
6.43809e+2	1.39845e+11
6.50480e+2	1.39534e+11
6.57221e+2	1.39211e+11
6.64031e+2	1.38874e+11
6.70912e+2	1.38524e+11
6.77864e+2	1.38161e+11
6.84888e+2	1.37784e+11
6.91985e+2	1.37394e+11
6.99156e+2	1.36991e+11
7.06401e+2	1.36574e+11
7.13721e+2	1.36145e+11
7.21116e+2	1.35701e+11
7.28589e+2	1.35245e+11
7.36139e+2	1.34775e+11
7.43767e+2	1.34292e+11
7.51474e+2	1.33796e+11
7.59261e+2	1.33287e+11
7.67128e+2	1.32764e+11
7.75078e+2	1.32228e+11
7.83109e+2	1.31680e+11
7.91224e+2	1.31118e+11
7.99423e+2	1.30543e+11
8.07707e+2	1.29956e+11
8.16076e+2	1.29356e+11
8.24533e+2	1.28743e+11
8.33077e+2	1.28117e+11
8.41709e+2	1.27479e+11
8.50431e+2	1.26829e+11
8.59244e+2	1.26167e+11
8.68147e+2	1.25492e+11
8.77143e+2	1.24805e+11
8.86233e+2	1.24106e+11
8.95416e+2	1.23396e+11
9.04695e+2	1.22674e+11
9.14069e+2	1.21940e+11
9.23541e+2	1.21196e+11
9.33111e+2	1.20440e+11
9.42780e+2	1.19673e+11
9.52550e+2	1.18895e+11
9.62420e+2	1.18107e+11
9.72393e+2	1.17308e+11
9.82469e+2	1.16499e+11
9.92650e+2	1.15680e+11
1.00294e+3	1.14851e+11
1.01333e+3	1.14013e+11
1.02383e+3	1.13165e+11
1.03444e+3	1.12308e+11
1.04516e+3	1.11442e+11
1.05599e+3	1.10568e+11
1.06693e+3	1.09685e+11
1.07799e+3	1.08794e+11
1.08916e+3	1.07895e+11
1.10044e+3	1.06988e+11
1.11185e+3	1.06074e+11
1.12337e+3	1.05153e+11
1.13501e+3	1.04225e+11
1.14677e+3	1.03291e+11
1.15865e+3	1.02350e+11
1.17066e+3	1.01404e+11
1.18279e+3	1.00452e+11
1.19505e+3	9.94948e+10
1.20743e+3	9.85322e+10
1.21994e+3	9.75655e+10
1.23258e+3	9.65942e+10
1.24535e+3	9.56192e+10
1.25826e+3	9.46406e+10
1.27130e+3	9.36584e+10
1.28447e+3	9.26736e+10
1.29778e+3	9.16859e+10
1.31123e+3	9.06962e+10
1.32482e+3	8.97045e+10
1.33854e+3	8.87114e+10
1.35241e+3	8.77170e+10
1.36643e+3	8.67219e+10
1.38059e+3	8.57263e+10
1.39489e+3	8.47306e+10
1.40935e+3	8.37352e+10
1.42395e+3	8.27405e+10
1.43871e+3	8.17468e+10
1.45362e+3	8.07545e+10
1.46868e+3	7.97639e+10
1.48390e+3	7.87754e+10
1.49927e+3	7.77895e+10
1.51481e+3	7.68063e+10
1.53051e+3	7.58265e+10
1.54637e+3	7.48502e+10
1.56239e+3	7.38779e+10
1.57858e+3	7.29098e+10
1.59494e+3	7.19465e+10
1.61146e+3	7.09882e+10
1.62816e+3	7.00353e+10
1.64503e+3	6.90882e+10
1.66208e+3	6.81471e+10
1.67930e+3	6.72125e+10
1.69671e+3	6.62847e+10
1.71429e+3	6.53640e+10
1.73205e+3	6.44508e+10
1.75000e+3	6.35453e+10
1.76813e+3	6.26480e+10
1.78645e+3	6.17590e+10
1.80497e+3	6.08788e+10
1.82367e+3	6.00077e+10
1.84257e+3	5.91458e+10
1.86166e+3	5.82936e+10
1.88095e+3	5.74514e+10
1.90044e+3	5.66193e+10
1.92014e+3	5.57976e+10
1.94003e+3	5.49867e+10
1.96014e+3	5.41868e+10
1.98045e+3	5.33981e+10
2.00097e+3	5.26208e+10
2.02170e+3	5.18553e+10
2.04265e+3	5.11016e+10
2.06382e+3	5.03601e+10
2.08521e+3	4.96309e+10
2.10681e+3	4.89142e+10
2.12864e+3	4.82102e+10
2.15070e+3	4.75190e+10
2.17299e+3	4.68409e+10
2.19550e+3	4.61760e+10
2.21826e+3	4.55244e+10
2.24124e+3	4.48862e+10
2.26447e+3	4.42617e+10
2.28793e+3	4.36508e+10
2.31164e+3	4.30537e+10
2.33559e+3	4.24705e+10
2.35979e+3	4.19013e+10
2.38425e+3	4.13461e+10
2.40895e+3	4.08050e+10
2.43392e+3	4.02780e+10
2.45914e+3	3.97652e+10
2.48462e+3	3.92666e+10
2.51037e+3	3.87822e+10
2.53638e+3	3.83120e+10
2.56266e+3	3.78561e+10
2.58922e+3	3.74144e+10
2.61605e+3	3.69868e+10
2.64315e+3	3.65734e+10
2.67054e+3	3.61741e+10
2.69822e+3	3.57889e+10
2.72618e+3	3.54176e+10
2.75443e+3	3.50603e+10
2.78297e+3	3.47168e+10
2.81181e+3	3.43871e+10
2.84094e+3	3.40710e+10
2.87038e+3	3.37684e+10
2.90012e+3	3.34793e+10
2.93018e+3	3.32035e+10
2.96054e+3	3.29409e+10
2.99122e+3	3.26913e+10
3.02221e+3	3.24546e+10
3.05353e+3	3.22307e+10
3.08517e+3	3.20193e+10
3.11714e+3	3.18204e+10
3.14944e+3	3.16337e+10
3.18208e+3	3.14591e+10
3.21505e+3	3.12964e+10
3.24837e+3	3.11455e+10
3.28203e+3	3.10060e+10
3.31604e+3	3.08779e+10
3.35040e+3	3.07610e+10
3.38512e+3	3.06549e+10
3.42019e+3	3.05596e+10
3.45563e+3	3.04749e+10
3.49144e+3	3.04004e+10
3.52762e+3	3.03361e+10
3.56418e+3	3.02817e+10
3.60111e+3	3.02369e+10
3.63842e+3	3.02016e+10
3.67613e+3	3.01756e+10
3.71422e+3	3.01586e+10
3.75271e+3	3.01504e+10
3.79159e+3	3.01508e+10
3.83088e+3	3.01596e+10
3.87058e+3	3.01766e+10
3.91069e+3	3.02015e+10
3.95121e+3	3.02342e+10
3.99216e+3	3.02744e+10
4.03352e+3	3.03219e+10
4.07532e+3	3.03764e+10
4.11755e+3	3.04379e+10
4.16022e+3	3.05061e+10
4.20333e+3	3.05808e+10
4.24688e+3	3.06618e+10
4.29089e+3	3.07488e+10
4.33535e+3	3.08418e+10
4.38028e+3	3.09405e+10
4.42567e+3	3.10447e+10
4.47153e+3	3.11542e+10
4.51786e+3	3.12690e+10
4.56468e+3	3.13887e+10
4.61198e+3	3.15132e+10
4.65977e+3	3.16423e+10
4.70805e+3	3.17760e+10
4.75684e+3	3.19139e+10
4.80613e+3	3.20561e+10
4.85593e+3	3.22022e+10
4.90625e+3	3.23523e+10
4.95709e+3	3.25060e+10
5.00846e+3	3.26634e+10
5.06036e+3	3.28242e+10
5.11279e+3	3.29883e+10
5.16577e+3	3.31556e+10
5.21930e+3	3.33261e+10
5.27339e+3	3.34994e+10
5.32803e+3	3.36756e+10
5.38324e+3	3.38546e+10
5.43903e+3	3.40362e+10
5.49539e+3	3.42203e+10
5.55233e+3	3.44069e+10
5.60987e+3	3.45958e+10
5.66800e+3	3.47870e+10
5.72673e+3	3.49803e+10
5.78607e+3	3.51758e+10
5.84603e+3	3.53732e+10
5.90661e+3	3.55726e+10
5.96781e+3	3.57738e+10
6.02965e+3	3.59768e+10
6.09213e+3	3.61816e+10
6.15526e+3	3.63880e+10
6.21904e+3	3.65960e+10
6.28349e+3	3.68056e+10
6.34860e+3	3.70167e+10
6.41439e+3	3.72292e+10
6.48085e+3	3.74431e+10
6.54801e+3	3.76583e+10
6.61586e+3	3.78749e+10
6.68442e+3	3.80927e+10
6.75368e+3	3.83118e+10
6.82367e+3	3.85320e+10
6.89437e+3	3.87533e+10
6.96582e+3	3.89758e+10
7.03800e+3	3.91993e+10
7.11093e+3	3.94239e+10
7.18461e+3	3.96495e+10
7.25906e+3	3.98761e+10
7.33428e+3	4.01036e+10
7.41028e+3	4.03320e+10
7.48707e+3	4.05614e+10
7.56465e+3	4.07916e+10
7.64304e+3	4.10227e+10
7.72224e+3	4.12546e+10
7.80226e+3	4.14873e+10
7.88311e+3	4.17208e+10
7.96479e+3	4.19550e+10
8.04733e+3	4.21900e+10
8.13072e+3	4.24257e+10
8.21497e+3	4.26621e+10
8.30009e+3	4.28991e+10
8.38610e+3	4.31369e+10
8.47300e+3	4.33752e+10
8.56080e+3	4.36142e+10
8.64951e+3	4.38538e+10
8.73914e+3	4.40939e+10
8.82970e+3	4.43347e+10
8.92119e+3	4.45759e+10
9.01364e+3	4.48177e+10
9.10704e+3	4.50600e+10
9.20141e+3	4.53028e+10
9.29676e+3	4.55460e+10
9.39309e+3	4.57897e+10
9.49042e+3	4.60338e+10
9.58877e+3	4.62783e+10
9.68813e+3	4.65232e+10
9.78852e+3	4.67684e+10
9.88995e+3	4.70140e+10
9.99243e+3	4.72599e+10
1.00960e+4	4.75061e+10
1.02006e+4	4.77526e+10
1.03063e+4	4.79994e+10
1.04131e+4	4.82464e+10
1.05210e+4	4.84936e+10
1.06300e+4	4.87409e+10
1.07402e+4	4.89885e+10
1.08515e+4	4.92362e+10
1.09639e+4	4.94840e+10
1.10775e+4	4.97319e+10
1.11923e+4	4.99798e+10
1.13083e+4	5.02278e+10
1.14255e+4	5.04758e+10
1.15439e+4	5.07238e+10
1.16635e+4	5.09718e+10
1.17843e+4	5.12196e+10
1.19065e+4	5.14674e+10
1.20298e+4	5.17151e+10
1.21545e+4	5.19626e+10
1.22804e+4	5.22099e+10
1.24077e+4	5.24570e+10
1.25363e+4	5.27038e+10
1.26662e+4	5.29504e+10
1.27974e+4	5.31966e+10
1.29300e+4	5.34425e+10
1.30640e+4	5.36881e+10
1.31994e+4	5.39332e+10
1.33362e+4	5.41778e+10
1.34743e+4	5.44220e+10
1.36140e+4	5.46657e+10
1.37550e+4	5.49088e+10
1.38976e+4	5.51513e+10
1.40416e+4	5.53932e+10
1.41871e+4	5.56345e+10
1.43341e+4	5.58750e+10
1.44826e+4	5.61148e+10
1.46327e+4	5.63538e+10
1.47843e+4	5.65919e+10
1.49375e+4	5.68292e+10
1.50923e+4	5.70656e+10
1.52487e+4	5.73011e+10
1.54067e+4	5.75356e+10
1.55664e+4	5.77690e+10
1.57277e+4	5.80014e+10
1.58907e+4	5.82326e+10
1.60553e+4	5.84626e+10
1.62217e+4	5.86915e+10
1.63898e+4	5.89191e+10
1.65596e+4	5.91453e+10
1.67312e+4	5.93703e+10
1.69046e+4	5.95938e+10
1.70798e+4	5.98158e+10
1.72567e+4	6.00364e+10
1.74356e+4	6.02554e+10
1.76162e+4	6.04728e+10
1.77988e+4	6.06885e+10
1.79832e+4	6.09026e+10
1.81696e+4	6.11149e+10
1.83578e+4	6.13253e+10
1.85481e+4	6.15339e+10
1.87403e+4	6.17406e+10
1.89345e+4	6.19453e+10
1.91307e+4	6.21480e+10
1.93289e+4	6.23485e+10
1.95292e+4	6.25470e+10
1.97316e+4	6.27432e+10
1.99360e+4	6.29372e+10
2.01426e+4	6.31288e+10
2.03513e+4	6.33181e+10
2.05622e+4	6.35049e+10
2.07753e+4	6.36893e+10
2.09906e+4	6.38710e+10
2.12081e+4	6.40502e+10
2.14278e+4	6.42267e+10
2.16499e+4	6.44004e+10
2.18742e+4	6.45714e+10
2.21009e+4	6.47394e+10
2.23299e+4	6.49046e+10
2.25613e+4	6.50667e+10
2.27951e+4	6.52258e+10
2.30313e+4	6.53818e+10
2.32699e+4	6.55345e+10
2.35111e+4	6.56840e+10
2.37547e+4	6.58302e+10
2.40008e+4	6.59731e+10
2.42495e+4	6.61124e+10
2.45008e+4	6.62483e+10
2.47547e+4	6.63805e+10
2.50112e+4	6.65091e+10
2.52704e+4	6.66340e+10
2.55323e+4	6.67551e+10
2.57968e+4	6.68723e+10
2.60641e+4	6.69857e+10
2.63342e+4	6.70950e+10
2.66071e+4	6.72003e+10
2.68828e+4	6.73014e+10
2.71614e+4	6.73983e+10
2.74428e+4	6.74910e+10
2.77272e+4	6.75794e+10
2.80145e+4	6.76633e+10
2.83048e+4	6.77428e+10
2.85981e+4	6.78177e+10
2.88945e+4	6.78881e+10
2.91939e+4	6.79537e+10
2.94964e+4	6.80146e+10
2.98020e+4	6.80707e+10
3.01109e+4	6.81220e+10
3.04229e+4	6.81683e+10
3.07381e+4	6.82095e+10
3.10566e+4	6.82457e+10
3.13785e+4	6.82768e+10
3.17036e+4	6.83026e+10
3.20321e+4	6.83232e+10
3.23641e+4	6.83384e+10
3.26994e+4	6.83482e+10
3.30383e+4	6.83526e+10
3.33806e+4	6.83514e+10
3.37265e+4	6.83447e+10
3.40760e+4	6.83323e+10
3.44291e+4	6.83141e+10
3.47859e+4	6.82902e+10
3.51463e+4	6.82605e+10
3.55105e+4	6.82249e+10
3.58785e+4	6.81833e+10
3.62503e+4	6.81357e+10
3.66259e+4	6.80821e+10
3.70054e+4	6.80223e+10
3.73889e+4	6.79564e+10
3.77763e+4	6.78842e+10
3.81678e+4	6.78058e+10
3.85633e+4	6.77211e+10
3.89629e+4	6.76300e+10
3.93666e+4	6.75325e+10
3.97746e+4	6.74285e+10
4.01867e+4	6.73181e+10
4.06032e+4	6.72010e+10
4.10239e+4	6.70775e+10
4.14490e+4	6.69472e+10
4.18785e+4	6.68104e+10
4.23125e+4	6.66668e+10
4.27509e+4	6.65165e+10
4.31939e+4	6.63595e+10
4.36415e+4	6.61957e+10
4.40937e+4	6.60250e+10
4.45506e+4	6.58475e+10
4.50123e+4	6.56632e+10
4.54787e+4	6.54720e+10
4.59500e+4	6.52738e+10
4.64261e+4	6.50688e+10
4.69072e+4	6.48568e+10
4.73933e+4	6.46379e+10
4.78844e+4	6.44120e+10
4.83805e+4	6.41792e+10
4.88819e+4	6.39394e+10
4.93884e+4	6.36927e+10
4.99002e+4	6.34390e+10
5.04173e+4	6.31783e+10
5.09397e+4	6.29107e+10
5.14676e+4	6.26361e+10
5.20009e+4	6.23546e+10
5.25397e+4	6.20662e+10
5.30842e+4	6.17709e+10
5.36342e+4	6.14687e+10
5.41900e+4	6.11597e+10
5.47515e+4	6.08439e+10
5.53189e+4	6.05213e+10
5.58921e+4	6.01919e+10
5.64713e+4	5.98558e+10
5.70564e+4	5.95130e+10
5.76477e+4	5.91636e+10
5.82450e+4	5.88075e+10
5.88486e+4	5.84450e+10
5.94584e+4	5.80760e+10
6.00745e+4	5.77005e+10
6.06970e+4	5.73187e+10
6.13260e+4	5.69306e+10
6.19615e+4	5.65362e+10
6.26035e+4	5.61357e+10
6.32522e+4	5.57291e+10
6.39077e+4	5.53164e+10
6.45699e+4	5.48979e+10
6.52390e+4	5.44735e+10
6.59150e+4	5.40433e+10
6.65981e+4	5.36075e+10
6.72882e+4	5.31661e+10
6.79854e+4	5.27192e+10
6.86899e+4	5.22670e+10
6.94017e+4	5.18095e+10
7.01208e+4	5.13468e+10
7.08475e+4	5.08791e+10
7.15816e+4	5.04065e+10
7.23233e+4	4.99290e+10
7.30728e+4	4.94469e+10
7.38300e+4	4.89603e+10
7.45950e+4	4.84692e+10
7.53680e+4	4.79738e+10
7.61490e+4	4.74742e+10
7.69381e+4	4.69706e+10
7.77353e+4	4.64632e+10
7.85408e+4	4.59520e+10
7.93547e+4	4.54372e+10
8.01770e+4	4.49161e+10
8.10078e+4	4.43942e+10
8.18472e+4	4.38692e+10
8.26954e+4	4.33412e+10
8.35523e+4	4.28104e+10
8.44181e+4	4.22769e+10
8.52928e+4	4.17409e+10
8.61766e+4	4.12026e+10
8.70696e+4	4.06621e+10
8.79719e+4	4.01197e+10
8.88835e+4	3.95754e+10
8.98045e+4	3.90295e+10
9.07351e+4	3.84821e+10
9.16753e+4	3.79334e+10
9.26253e+4	3.73837e+10
9.35851e+4	3.68330e+10
9.45548e+4	3.62815e+10
9.55346e+4	3.57296e+10
9.65246e+4	3.51772e+10
9.75248e+4	3.46247e+10
9.85354e+4	3.40722e+10
9.95564e+4	3.35199e+10
1.00588e+5	3.29679e+10
1.01630e+5	3.24166e+10
1.02683e+5	3.18660e+10
1.03748e+5	3.13163e+10
1.04823e+5	3.07678e+10
1.05909e+5	3.02206e+10
1.07006e+5	2.96749e+10
1.08115e+5	2.91309e+10
1.09235e+5	2.85887e+10
1.10367e+5	2.80487e+10
1.11511e+5	2.75109e+10
1.12666e+5	2.69755e+10
1.13834e+5	2.64427e+10
1.15014e+5	2.59127e+10
1.16205e+5	2.53857e+10
1.17409e+5	2.48618e+10
1.18626e+5	2.43413e+10
1.19855e+5	2.38242e+10
1.21097e+5	2.33108e+10
1.22352e+5	2.28011e+10
1.23620e+5	2.22955e+10
1.24901e+5	2.17940e+10
1.26195e+5	2.12967e+10
1.27503e+5	2.08040e+10
1.28824e+5	2.03158e+10
1.30159e+5	1.98323e+10
1.31508e+5	1.93537e+10
1.32871e+5	1.88802e+10
1.34247e+5	1.84118e+10
1.35638e+5	1.79486e+10
1.37044e+5	1.74909e+10
1.38464e+5	1.70387e+10
1.39899e+5	1.65921e+10
1.41349e+5	1.61513e+10
1.42813e+5	1.57163e+10
1.44293e+5	1.52873e+10
1.45788e+5	1.48643e+10
1.47299e+5	1.44475e+10
1.48825e+5	1.40369e+10
1.50368e+5	1.36327e+10
1.51926e+5	1.32348e+10
1.53500e+5	1.28434e+10
1.55091e+5	1.24585e+10
1.56698e+5	1.20802e+10
1.58321e+5	1.17086e+10
1.59962e+5	1.13436e+10
1.61620e+5	1.09853e+10
1.63294e+5	1.06339e+10
1.64986e+5	1.02892e+10
1.66696e+5	9.95139e+9
1.68423e+5	9.62041e+9
1.70169e+5	9.29630e+9
1.71932e+5	8.97907e+9
1.73714e+5	8.66871e+9
1.75514e+5	8.36524e+9
1.77332e+5	8.06865e+9
1.79170e+5	7.77892e+9
1.81027e+5	7.49604e+9
1.82902e+5	7.21998e+9
1.84798e+5	6.95072e+9
1.86713e+5	6.68823e+9
1.88647e+5	6.43247e+9
1.90602e+5	6.18340e+9
1.92577e+5	5.94098e+9
1.94573e+5	5.70515e+9
1.96589e+5	5.47585e+9
1.98626e+5	5.25303e+9
2.00684e+5	5.03663e+9
2.02764e+5	4.82657e+9
2.04865e+5	4.62279e+9
2.06988e+5	4.42520e+9
2.09133e+5	4.23374e+9
2.11300e+5	4.04831e+9
2.13489e+5	3.86884e+9
2.15702e+5	3.69522e+9
2.17937e+5	3.52738e+9
2.20195e+5	3.36522e+9
2.22477e+5	3.20863e+9
2.24782e+5	3.05753e+9
2.27111e+5	2.91180e+9
2.29465e+5	2.77135e+9
2.31843e+5	2.63606e+9
2.34245e+5	2.50584e+9
2.36672e+5	2.38056e+9
2.39125e+5	2.26013e+9
2.41603e+5	2.14443e+9
2.44106e+5	2.03334e+9
2.46636e+5	1.92676e+9
2.49191e+5	1.82457e+9
2.51774e+5	1.72666e+9
2.54383e+5	1.63291e+9
2.57019e+5	1.54320e+9
2.59682e+5	1.45742e+9
2.62373e+5	1.37547e+9
2.65091e+5	1.29721e+9
2.67838e+5	1.22255e+9
2.70614e+5	1.15136e+9
2.73418e+5	1.08354e+9
2.76251e+5	1.01897e+9
2.79114e+5	9.57547e+8
2.82006e+5	8.99157e+8
2.84928e+5	8.43695e+8
2.87881e+5	7.91053e+8
2.90864e+5	7.41128e+8
2.93878e+5	6.93816e+8
2.96923e+5	6.49017e+8
3.00000e+5	6.06631e+8