fieldmap_name:     	SWLS Sirius
timestamp:         	2022-08-15_16-16-43
filename:          	2022-08-15_SWLS_Sirius_Model8.0_rotation_x_Z=-600_600mm.txt
MagNet_file:       	SWLS_Sirius_Model8.0_rotation_x.mn
nr_magnets:        	1

magnet_name:       	SWLS
gap[mm]:           	
control_gap[mm]:   	--
magnet_length[mm]: 	
current_main[A]:   	--
NI_main[A.esp]:    	--
center_pos_z[mm]:  	0
center_pos_x[mm]:  	0
rotation[deg]:     	0

X[mm]	Y[mm]	Z[mm]	Bx	By	Bz [T]
------------------------------------------------------------------------------------------------------------------------------------------------------------------
0	0	-600	0	-1.82273120453666E-03	0
0	0	-599	0	-1.82276046867119E-03	0
0	0	-598	0	-1.82282688235754E-03	0
0	0	-597	0	-1.8229304455957E-03	0
0	0	-596	0	-1.82307115838567E-03	0
0	0	-595	0	-1.82324902072746E-03	0
0	0	-594	0	-1.82346403262107E-03	0
0	0	-593	0	-1.82371619406648E-03	0
0	0	-592	0	-1.82400550506372E-03	0
0	0	-591	0	-1.82433196561276E-03	0
0	0	-590	0	-1.82469557571362E-03	0
0	0	-589	0	-1.8250963353663E-03	0
0	0	-588	0	-1.82553424457078E-03	0
0	0	-587	0	-1.82600930332709E-03	0
0	0	-586	0	-1.8265215116352E-03	0
0	0	-585	0	-1.82707086949513E-03	0
0	0	-584	0	-1.82765737690688E-03	0
0	0	-583	0	-1.82828103387044E-03	0
0	0	-582	0	-1.82894184038581E-03	0
0	0	-581	0	-0.001829639796453	0
0	0	-580	0	-0.001830374902072	0
0	0	-579	0	-1.83114715724282E-03	0
0	0	-578	0	-1.83195656196545E-03	0
0	0	-577	0	-1.83280311623989E-03	0
0	0	-576	0	-1.83368682006615E-03	0
0	0	-575	0	-1.83460767344422E-03	0
0	0	-574	0	-1.83556567637411E-03	0
0	0	-573	0	-1.83656082885581E-03	0
0	0	-572	0	-1.83759313088933E-03	0
0	0	-571	1.61973226386235E-22	-1.83806298623647E-03	-3.20586169815409E-20
0	0	-570	1.31673020017982E-22	-1.83918810178533E-03	-2.84504190351487E-20
0	0	-569	8.3007897327081E-23	-1.84035230842259E-03	-1.96146823431273E-20
0	0	-568	5.86753359816297E-23	-1.84155560614826E-03	-1.51968139971166E-20
0	0	-567	0	-1.84279799496233E-03	0
0	0	-566	-6.86855492723585E-23	-1.8440794748648E-03	0
0	0	-565	1.59778583135308E-22	-1.84540004585567E-03	-5.55140690547664E-20
0	0	-564	8.87059758538241E-23	-1.84675970793494E-03	-3.4280045912402E-20
0	0	-563	5.43632012176421E-23	-1.84815846110262E-03	-2.35011002612962E-20
0	0	-562	4.95890851994008E-23	-1.8495963053587E-03	-2.4148836580991E-20
0	0	-561	0	-1.85107324070318E-03	0
0	0	-560	1.20122559488769E-22	-1.85258926713606E-03	-7.6332927661142E-20
0	0	-559	8.81668428617061E-23	-1.85414438465734E-03	-6.52301138501887E-20
0	0	-558	4.57389316896632E-23	-1.85573859326703E-03	-4.01096727896554E-20
0	0	-557	3.85777576623E-23	-1.85737189296511E-03	-4.10812772691977E-20
0	0	-556	1.047219454498E-23	-1.8590442837516E-03	-1.401762724958E-20
0	0	-555	4.85108192151786E-23	-1.8607557656265E-03	-8.60489724565642E-20
0	0	-554	3.41884711604529E-23	-1.86250633858979E-03	-8.79921814156486E-20
0	0	-553	1.65551025881097E-23	-1.86429600264148E-03	-7.49461586456109E-20
0	0	-552	0	-1.86611152794584E-03	2.47370592667262E-19
0	0	-551	-6.51028231996301E-24	-1.86795401162567E-03	2.39892007998858E-19
0	0	-550	0	-1.86984012619174E-03	2.4786485335002E-19
0	0	-549	6.48385470254149E-23	-1.87176987164408E-03	2.62255798258579E-19
0	0	-548	5.34125184437005E-23	-1.87374324798267E-03	2.62255798258579E-19
0	0	-547	7.75948354911197E-23	-1.87576025520751E-03	2.62255798258579E-19
0	0	-546	8.39729797239717E-23	-1.87782089331861E-03	2.62255798258579E-19
0	0	-545	-6.77633429676249E-23	-1.87992516231596E-03	1.96358136727359E-19
0	0	-544	0	-1.88207306219958E-03	2.4948644379893E-19
0	0	-543	1.54661118633815E-22	-1.88426459296944E-03	2.62255798258579E-19
0	0	-542	1.91599724146942E-22	-1.88649975462556E-03	2.62255798258579E-19
0	0	-541	2.02761476554433E-22	-1.88877854716794E-03	2.62255798258579E-19
0	0	-540	1.83362767681651E-22	-1.89110097059658E-03	2.62255798258579E-19
0	0	-539	9.64649920154764E-23	-1.89346702491146E-03	2.62255798258579E-19
0	0	-538	1.34998133586821E-22	-1.89587671011261E-03	2.62255798258579E-19
0	0	-537	1.41376277819673E-22	-1.89833002620001E-03	2.62255798258579E-19
0	0	-536	1.10815816539394E-22	-1.90082697317366E-03	2.62255798258579E-19
0	0	-535	2.69731990999423E-22	-1.90336755103357E-03	2.62255798258579E-19
0	0	-534	2.80893743406913E-22	-1.90595175977974E-03	2.62255798258579E-19
0	0	-533	0	-1.90857959941216E-03	2.5300013401607E-19
0	0	-532	0	-1.91125106993084E-03	2.53354262499605E-19
0	0	-531	0	-1.91396617133578E-03	2.537141746665E-19
0	0	-530	1.86023287449661E-22	-1.91672490362697E-03	2.62255798258579E-19
0	0	-529	1.92401431682514E-22	-1.91952726680441E-03	2.62255798258579E-19
0	0	-528	1.49084681936525E-22	-1.92237326086811E-03	2.62255798258579E-19
0	0	-527	-1.5386829011117E-22	-1.92526288581807E-03	1.82848146040119E-19
0	0	-526	-1.85093881333445E-22	-1.92819614165428E-03	1.69911210200938E-19
0	0	-525	3.81349515074391E-22	-1.93117302837675E-03	2.62255798258579E-19
0	0	-524	3.92511267481882E-22	-1.93419354598547E-03	2.62255798258579E-19
0	0	-523	4.03673019889373E-22	-1.93725769448045E-03	2.62255798258579E-19
0	0	-522	4.14834772296865E-22	-1.94036547386168E-03	2.62255798258579E-19
0	0	-521	2.43426585545362E-22	-1.94351688412917E-03	2.62255798258579E-19
0	0	-520	2.49804729778214E-22	-1.94671192528292E-03	2.62255798258579E-19
0	0	-519	1.921371555083E-22	-1.94995059732292E-03	2.62255798258579E-19
0	0	-518	2.62561018243919E-22	-1.95323290024917E-03	2.62255798258579E-19
0	0	-517	2.68939162476771E-22	-1.95655883406169E-03	2.62255798258579E-19
0	0	-516	4.81805286741854E-22	-1.95992839876045E-03	2.62255798258579E-19
0	0	-515	0	-1.96334159434548E-03	2.60259350273743E-19
0	0	-514	0	-1.96679842081676E-03	2.60717585057754E-19
0	0	-513	0	-1.97029887817429E-03	2.61181603525124E-19
0	0	-512	0	-1.9736007686674E-03	0
0	0	-511	0	-1.97727388233128E-03	0
0	0	-510	0	-1.98100737736461E-03	0
0	0	-509	0	-1.98479555517533E-03	0
0	0	-508	-1.18180471857888E-19	-1.98950441070795E-03	-1.78772128088503E-19
0	0	-507	-1.18169845105911E-19	-1.99317756005603E-03	-3.26870339534058E-20
0	0	-506	-1.18380874031081E-19	-1.99690945916195E-03	-3.48565841143586E-20
0	0	-505	-1.18406705308529E-19	-2.00070010802572E-03	1.18406705308529E-19
0	0	-504	-1.18992202691694E-19	-2.00454950664733E-03	-1.97005029943673E-19
0	0	-503	-1.19034822599626E-19	-2.00845765502679E-03	-4.13443728041794E-20
0	0	-502	-1.19100588872006E-19	-2.01242455316409E-03	1.19100588872006E-19
0	0	-501	-1.19488173139521E-19	-2.01645020105923E-03	-4.56521804365284E-20
0	0	-500	-1.19707381938104E-19	-2.02053459871222E-03	-3.25843750275071E-20
0	0	-499	-1.19955431541442E-19	-2.02467774612306E-03	-4.99460802068521E-20
0	0	-498	-1.20314107907594E-19	-2.02887964329174E-03	-2.24250073761239E-19
0	0	-497	-1.20436597805388E-19	-2.03314029021827E-03	-5.42260721151506E-20
0	0	-496	-1.20582234067629E-19	-2.03745968690264E-03	1.20582234067629E-19
0	0	-495	-1.21013787948195E-19	-2.04183783334485E-03	-2.21522611138026E-19
0	0	-494	-1.21184424442604E-19	-2.04627472954491E-03	-6.06199827363008E-20
0	0	-493	-1.21440653919355E-19	-2.05077037550282E-03	-6.27443323456716E-20
0	0	-492	-1.21639536841505E-19	-2.05532477121857E-03	1.21639536841505E-19
0	0	-491	-1.21968179116707E-19	-2.05993791669217E-03	-8.41548875421337E-20
0	0	-490	-1.22189050021481E-19	-2.06460981192361E-03	1.22189050021481E-19
0	0	-489	-1.22469022059728E-19	-2.06934045691289E-03	1.22469022059728E-19
0	0	-488	-1.22793487351366E-19	-2.07412985166002E-03	-2.5155610497667E-19
0	0	-487	-1.23052106148473E-19	-0.002078977996165	-9.34589419770823E-20
0	0	-486	-1.23331450261402E-19	-2.08388489042782E-03	-5.92585859821267E-20
0	0	-485	-1.23615660491593E-19	-2.08885053444848E-03	-7.96139584624106E-20
0	0	-484	-1.23903182657901E-19	-2.09387492822699E-03	-8.17070153822244E-20
0	0	-483	-1.24221870564844E-19	-2.09895807176335E-03	1.24221870564844E-19
0	0	-482	-1.24451134412437E-19	-2.10409996505755E-03	-2.96291578012303E-19
0	0	-481	-1.24786610949864E-19	-2.10930060810959E-03	-8.79653243486283E-20
0	0	-480	-1.25088040978197E-19	-2.11456000091948E-03	-9.0044473406417E-20
0	0	-479	-1.25392947972037E-19	-2.11987814348721E-03	-9.21201454986993E-20
0	0	-478	-1.257083194107E-19	-2.12525503581279E-03	-7.41950192773533E-20
0	0	-477	-1.25926495884283E-19	-2.13069067789622E-03	-3.18622007401679E-19
0	0	-476	-1.26231999075171E-19	-2.13618506973749E-03	-3.23077662383035E-19
0	0	-475	-1.26753711973353E-19	-2.1417382113366E-03	1.26753711973353E-19
0	0	-474	-1.27075274760526E-19	-2.14735010269356E-03	1.06219275769495E-19
0	0	-473	-1.27295406210708E-19	-2.15302074380836E-03	-1.04501161776761E-19
0	0	-472	0	-2.15869982035362E-03	0
0	0	-471	0	-2.16443620079204E-03	0
0	0	-470	0	-2.17024345891878E-03	0
0	0	-469	0	-2.17612159473385E-03	0
0	0	-468	0	-2.18207060823723E-03	0
0	0	-467	0	-2.18809049942894E-03	0
0	0	-466	0	-2.19418126830897E-03	0
0	0	-465	0	-2.20034291487732E-03	0
0	0	-464	0	-2.20657543913399E-03	0
0	0	-463	0	-2.21287884107899E-03	0
0	0	-462	0	-2.21925312071231E-03	0
0	0	-461	0	-2.22569827803395E-03	0
0	0	-460	0	-2.23221431304391E-03	0
0	0	-459	0	-2.23880122574219E-03	0
0	0	-458	0	-2.24545901612879E-03	0
0	0	-457	0	-2.25218768420372E-03	0
0	0	-456	0	-2.25898722996697E-03	0
0	0	-455	0	-2.26585765341854E-03	0
0	0	-454	0	-2.27279895455843E-03	0
0	0	-453	0	-2.27981113338664E-03	0
0	0	-452	0	-2.28689418990318E-03	0
0	0	-451	0	-2.29404812410803E-03	0
0	0	-450	0	-2.30127293600121E-03	0
0	0	-449	0	-2.30856862558271E-03	0
0	0	-448	0	-2.31593519285254E-03	0
0	0	-447	0	-2.32337263781068E-03	0
0	0	-446	0	-2.33088096045715E-03	0
0	0	-445	0	-2.33846016079193E-03	0
0	0	-444	0	-2.34611023881504E-03	0
0	0	-443	1.1542222588837E-21	-2.3538394112833E-03	-5.74564651503966E-19
0	0	-442	1.17277789366423E-21	-2.36164203014195E-03	-6.08878429765253E-19
0	0	-441	1.18760443528631E-21	-2.36951655613716E-03	-6.43724164758548E-19
0	0	-440	1.25081935695647E-21	-2.37746298926894E-03	-7.08628024157063E-19
0	0	-439	1.25632316568244E-21	-2.3854813295373E-03	-7.44803650980379E-19
0	0	-438	1.25809788124997E-21	-2.39357157694223E-03	-7.81511234535704E-19
0	0	-437	6.04809835095071E-22	-2.40173373148373E-03	-3.94213336025907E-19
0	0	-436	6.25230016454817E-22	-2.4099677931618E-03	-4.28261135921189E-19
0	0	-435	0	-2.41827376197644E-03	0
0	0	-434	7.02902779299563E-22	-2.42629212876543E-03	1.2610213735268E-19
0	0	-433	3.37656434812598E-22	-2.43474883159279E-03	2.89455362725225E-19
0	0	-432	0	-2.44330373346705E-03	4.56650542274896E-19
0	0	-431	1.61234593071886E-21	-2.45195683438821E-03	-4.22715577056372E-19
0	0	-430	1.18508628120424E-21	-2.46070813435626E-03	-2.25423315925871E-19
0	0	-429	8.47429846391629E-22	-2.46955763337122E-03	-5.81730765233433E-20
0	0	-428	5.37363321253386E-22	-2.47850533143307E-03	1.1291911705631E-19
0	0	-427	1.32541087010551E-21	-2.48755122854181E-03	-4.55828476693841E-19
0	0	-426	9.64367003809348E-22	-2.49669532469746E-03	-2.49286160283382E-19
0	0	-425	6.81890388345462E-22	-0.0025059376199	-7.43153059580327E-20
0	0	-424	4.27003682555943E-22	-2.51527811414944E-03	1.04497502544442E-19
0	0	-423	1.99706886440788E-22	-2.52471680744577E-03	2.87152265224043E-19
0	0	-422	7.4364772641446E-22	-0.002534253699789	-2.72855352092324E-19
0	0	-421	6.88467907065753E-22	-2.54388879117913E-03	-2.78701766833845E-19
0	0	-420	4.74966065787767E-22	-2.55362208161616E-03	-9.4080143854968E-20
0	0	-419	2.89054134184145E-22	-2.56345357110008E-03	9.43834333010347E-20
0	0	-418	6.79806983725476E-22	-2.57338325963091E-03	-5.29258833747438E-19
0	0	-417	4.91136061154414E-22	-2.58341114720862E-03	-3.41140910112148E-19
0	0	-416	4.12568810322148E-22	-2.59353723383324E-03	-3.07658541277167E-19
0	0	-415	2.50172293681389E-22	-2.60376151950475E-03	-7.33844123111197E-20
0	0	-414	1.51104585812341E-22	-2.61408400422316E-03	8.47281961647679E-20
0	0	-413	4.94058704551897E-23	-2.62450468798847E-03	3.27450953663634E-19
0	0	-412	1.91849532927258E-22	-2.63502357080067E-03	-3.30493601714683E-19
0	0	-411	0	-2.6456408005298E-03	0
0	0	-410	0	-2.6563554151097E-03	0
0	0	-409	0	-2.66716679166513E-03	0
0	0	-408	0	-2.67807493019608E-03	0
0	0	-407	0	-2.68907983070256E-03	0
0	0	-406	0	-2.70018149318456E-03	0
0	0	-405	0	-2.71137991764208E-03	0
0	0	-404	0	-2.72267510407513E-03	0
0	0	-403	0	-2.7340670524837E-03	0
0	0	-402	0	-2.7455557628678E-03	0
0	0	-401	0	-2.75714123522742E-03	0
0	0	-400	0	-2.76882346956257E-03	0
0	0	-399	0	-2.78060246587324E-03	0
0	0	-398	-5.39950719317737E-22	-2.79191402031485E-03	-3.15767015347476E-19
0	0	-397	-2.27661432503788E-22	-2.8039398750987E-03	-3.15767015347476E-19
0	0	-396	-2.09986657915294E-22	-2.81609512649389E-03	-3.15767015347476E-19
0	0	-395	-2.37844169827575E-22	-2.82837977450042E-03	-3.15767015347476E-19
0	0	-394	-2.65701681739838E-22	-2.84079381911829E-03	-3.15767015347476E-19
0	0	-393	-6.60508185717262E-22	-2.8533372603475E-03	-3.15767015347476E-19
0	0	-392	-7.23187587519853E-22	-2.86601009818805E-03	-3.15767015347476E-19
0	0	-391	0	-2.87879488998567E-03	0
0	0	-390	0	-2.89171185270093E-03	0
0	0	-389	0	-2.90476104142355E-03	0
0	0	-388	0	-2.91794245615351E-03	0
0	0	-387	0	-2.93125609689083E-03	0
0	0	-386	0	-2.94470196363549E-03	0
0	0	-385	0	-2.95828005638751E-03	0
0	0	-384	0	-2.97199037514688E-03	0
0	0	-383	0	-2.9858329199136E-03	0
0	0	-382	0	-2.99980769068767E-03	0
0	0	-381	0	-3.01391468746909E-03	0
0	0	-380	0	-3.02815391025786E-03	0
0	0	-379	0	-3.04252535905398E-03	0
0	0	-378	0	-3.05702903385745E-03	0
0	0	-377	0	-3.07166493466827E-03	0
0	0	-376	0	-3.08643306148645E-03	0
0	0	-375	0	-3.10133341431197E-03	0
0	0	-374	0	-3.11636599314485E-03	0
0	0	-373	0	-3.13153079798507E-03	0
0	0	-372	0	-3.14682782883265E-03	0
0	0	-371	0	-3.16225708568758E-03	0
0	0	-370	0	-3.17764698628352E-03	0
0	0	-369	0	-3.19330045560577E-03	0
0	0	-368	0	-3.20911737412756E-03	0
0	0	-367	0	-3.2250977418489E-03	0
0	0	-366	0	-3.2412415587698E-03	0
0	0	-365	0	-3.25754882489024E-03	0
0	0	-364	0	-3.27401954021024E-03	0
0	0	-363	0	-3.29065370472978E-03	0
0	0	-362	0	-3.30745131844888E-03	0
0	0	-361	0	-3.32441238136753E-03	0
0	0	-360	0	-3.34153689348572E-03	0
0	0	-359	4.47953192615789E-19	-3.35880076512356E-03	-4.47953192615789E-19
0	0	-358	4.50273344023067E-19	-3.3761975075744E-03	-4.50273344023067E-19
0	0	-357	4.52489417766346E-19	-3.39376813201169E-03	-7.83779643019203E-19
0	0	-356	4.54779005216019E-19	-3.41151263843545E-03	-1.12383135323211E-18
0	0	-355	4.57372938961644E-19	-3.42943102684566E-03	-4.57372938961644E-19
0	0	-354	4.5978585084675E-19	-3.44752329724233E-03	-4.5978585084675E-19
0	0	-353	4.62195332241731E-19	-3.46578944962545E-03	-8.06429352515335E-19
0	0	-352	4.64679786159219E-19	-3.48422948399504E-03	-8.1214975518801E-19
0	0	-351	4.67187430196164E-19	-3.50284340035107E-03	-8.17893347980142E-19
0	0	-350	4.69669399581743E-19	-3.52163119869357E-03	-4.69669399581743E-19
0	0	-349	4.72198262064134E-19	-3.54059287902252E-03	-4.72198262064134E-19
0	0	-348	4.74750314665981E-19	-3.55972844133794E-03	-4.74750314665981E-19
0	0	-347	4.77449907538515E-19	-3.57903788563981E-03	-8.4109962034324E-19
0	0	-346	4.80239626555743E-19	-3.59852121192813E-03	-1.25477602318222E-18
0	0	-345	4.82545613188266E-19	-3.61817842020291E-03	-4.82545613188266E-19
0	0	-344	4.85412465747535E-19	-3.63800951046415E-03	-9.00254198047852E-19
0	0	-343	4.88108426494966E-19	-3.65801448271185E-03	-9.06545657412157E-19
0	0	-342	4.90799781904234E-19	-0.003678193336946	-8.70629238484893E-19
0	0	-341	4.93264006223708E-19	-3.69854607316662E-03	-4.93264006223708E-19
0	0	-340	4.96001579781211E-19	-3.71907269137369E-03	-4.96001579781211E-19
0	0	-339	4.98762343458171E-19	-3.73977319156721E-03	-4.98762343458171E-19
0	0	-338	5.01897103547034E-19	-3.7606475737472E-03	-8.9467035514844E-19
0	0	-337	5.0514715157406E-19	-3.78169583791364E-03	-1.34116657454909E-18
0	0	-336	4.76054302045994E-19	-3.80290875705428E-03	0
0	0	-335	-3.24472022895086E-22	-3.82430062019253E-03	-2.31556974612027E-19
0	0	-334	-5.07245709284035E-22	-3.84587062893248E-03	-2.31556974612027E-19
0	0	-333	-1.10774790928038E-19	-3.86762429992351E-03	0
0	0	-332	-1.11403272972189E-19	-3.88961179267527E-03	0
0	0	-331	-1.11511214073391E-19	-3.91179297257936E-03	-4.37593467112155E-19
0	0	-330	-1.12173117424403E-19	-3.93416783963577E-03	-4.01270858470869E-19
0	0	-329	-1.13046881777372E-19	-3.95673639384451E-03	0
0	0	-328	-1.13697215828472E-19	-3.97949863520557E-03	0
0	0	-327	-1.14353083664599E-19	-4.00245456371895E-03	0
0	0	-326	-1.15014485285753E-19	-4.02560417938466E-03	0
0	0	-325	-1.15681420691932E-19	-4.04894748220269E-03	0
0	0	-324	-1.16630345586343E-19	-4.07248447217305E-03	0
0	0	-323	-1.17262508556337E-19	-4.09621514929573E-03	0
0	0	-322	-1.17992451590144E-19	-4.12013951357073E-03	0
0	0	-321	-1.18681805269584E-19	-4.14425756499806E-03	0
0	0	-320	-1.19330428028079E-19	-4.16856930357772E-03	0
0	0	-319	-1.20077113983542E-19	-4.1930747293097E-03	0
0	0	-318	-1.20783069018061E-19	-0.004217773842194	0
0	0	-317	-1.21448151565058E-19	-4.24266664223063E-03	0
0	0	-316	-1.21677365635987E-19	-4.26775312941958E-03	-4.94660625199169E-19
0	0	-315	-1.22422629678837E-19	-4.29303330376086E-03	-4.53150093095427E-19
0	0	-314	-1.2315020077601E-19	-4.31850716525446E-03	-4.56608708737064E-19
0	0	-313	-1.23860008144216E-19	-4.34417471390038E-03	-5.06074056816571E-19
0	0	-312	-1.24855155409657E-19	-4.37003594969863E-03	0
0	0	-311	-1.25599563806204E-19	-4.3960908726492E-03	0
0	0	-310	-1.18884040084274E-21	-4.42220097829746E-03	5.02504047148961E-19
0	0	-309	-8.79627947379345E-22	-4.44860796209706E-03	5.02504047148961E-19
0	0	-308	-8.83268230979796E-22	-4.47518557007874E-03	5.02504047148961E-19
0	0	-307	-1.52041459642331E-21	-4.50193380224248E-03	5.02504047148961E-19
0	0	-306	-1.20860194038816E-21	-4.5288526585883E-03	5.02504047148961E-19
0	0	-305	-5.74835838287925E-22	-4.5559421391162E-03	5.02504047148961E-19
0	0	-304	-1.85978939971917E-21	-4.58320224382617E-03	5.02504047148961E-19
0	0	-303	-1.22342309504718E-21	-4.61063297271821E-03	5.02504047148961E-19
0	0	-302	-9.05109932582618E-22	-4.63823432579233E-03	5.02504047148961E-19
0	0	-301	-9.08750216183068E-22	-4.66600630304852E-03	5.02504047148961E-19
0	0	-300	-1.56409799962892E-21	-4.69394890448679E-03	5.02504047148961E-19
0	0	-299	-1.2431846345926E-21	-4.72206213010713E-03	5.02504047148961E-19
0	0	-298	-5.91217114490029E-22	-4.75034597990954E-03	5.02504047148961E-19
0	0	-297	-1.84662270116988E-21	-4.77880045389403E-03	5.02504047148961E-19
0	0	-296	-1.25800578925163E-21	-4.80742555206059E-03	5.02504047148961E-19
0	0	-295	0	-4.83630235181331E-03	0
0	0	-294	0	-4.86530985573357E-03	0
0	0	-293	0	-4.8943985330873E-03	0
0	0	-292	0	-4.92356838387452E-03	0
0	0	-291	0	-4.9528194080952E-03	0
0	0	-290	0	-4.98215160574936E-03	0
0	0	-289	0	-5.01156497683699E-03	0
0	0	-288	0	-5.0410595213581E-03	0
0	0	-287	0	-5.07063523931269E-03	0
0	0	-286	0	-5.10029213070075E-03	0
0	0	-285	0	-5.13003019552229E-03	0
0	0	-284	0	-5.1598494337773E-03	0
0	0	-283	0	-5.18974984546578E-03	0
0	0	-282	0	-5.21973143058775E-03	0
0	0	-281	0	-5.24979418914318E-03	0
0	0	-280	0	-5.2799381211321E-03	0
0	0	-279	0	-5.31016322655448E-03	0
0	0	-278	-2.5525795878694E-19	-5.34031884466617E-03	8.21585657058972E-19
0	0	-277	-1.57667234440513E-22	-5.37030045617593E-03	0
0	0	-276	0	-5.40022826709106E-03	0
0	0	-275	0	-5.43030047593189E-03	0
0	0	-274	0	-5.46030022760549E-03	0
0	0	-273	0	-5.49016210894743E-03	0
0	0	-272	0	-5.51988611995772E-03	0
0	0	-271	0	-5.54947226063636E-03	0
0	0	-270	0	-5.57892053098334E-03	0
0	0	-269	0	-5.60823093099868E-03	0
0	0	-268	2.05540565275393E-19	-5.63739819835392E-03	0
0	0	-267	2.0630051013348E-19	-5.66633945638798E-03	0
0	0	-266	2.08076401260139E-19	-5.69502615632442E-03	-2.279624621764E-19
0	0	-265	2.08845154452702E-19	-5.72345829816325E-03	0
0	0	-264	3.87402277008988E-22	-5.75170545007972E-03	9.78415479467177E-20
0	0	-263	0	-5.77952086812796E-03	4.09813972602194E-19
0	0	-262	2.6485491425702E-22	-5.80700723064937E-03	1.24189769560826E-19
0	0	-261	1.52310207698964E-22	-5.83417414481591E-03	-1.25761850647138E-21
0	0	-260	7.91940084099255E-22	-5.86089780031462E-03	-5.73995914411206E-19
0	0	-259	3.33447102618364E-22	-5.88714056876309E-03	-2.26824042108678E-19
0	0	-258	0	-5.91290144695681E-03	0
0	0	-257	0	-5.93814782706483E-03	0
0	0	-256	0	-5.96282854850142E-03	0
0	0	-255	0	-5.9868808847839E-03	0
0	0	-254	0	-6.01029450030013E-03	0
0	0	-253	0	-6.03297545944876E-03	0
0	0	-252	9.68424898581264E-19	-6.05489899196707E-03	3.15610923244606E-19
0	0	-251	8.26520576896506E-19	-6.07598022188317E-03	-4.13260288448253E-19
0	0	-250	0	-6.09620107765883E-03	0
0	0	-249	-2.320275770137E-19	-6.11547805041305E-03	-1.67197741208146E-19
0	0	-248	0	-6.13373600142588E-03	2.30402427309462E-19
0	0	-247	-5.0909992537957E-22	-6.15093589698803E-03	0
0	0	-246	0	-6.16699103463278E-03	0
0	0	-245	0	-6.18184287094232E-03	0
0	0	-244	0	-6.19538157727427E-03	0
0	0	-243	3.58864479397542E-19	-6.20755873214543E-03	6.52169728003718E-19
0	0	-242	0	-6.21827340812932E-03	0
0	0	-241	3.4303352573273E-19	-6.2274303453455E-03	-3.63061418020615E-19
0	0	-240	-4.62019397982968E-20	-6.23493856603334E-03	0
0	0	-239	0	-6.24069255085378E-03	0
0	0	-238	-4.99625909874139E-22	-6.24458910231553E-03	-5.51550534817974E-19
0	0	-237	0	-6.24651856484938E-03	0
0	0	-236	0	-6.24636934201608E-03	0
0	0	-235	-2.32167126806376E-19	-6.24400114615932E-03	4.83284477477214E-19
0	0	-234	-3.48649449568307E-19	-6.2392921593945E-03	5.26479983298224E-20
0	0	-233	2.8218456440161E-19	-6.23212001755221E-03	3.42101220110584E-19
0	0	-232	-1.29050113756578E-19	-6.22230886234244E-03	3.07805667837893E-20
0	0	-231	0	-6.20974629350377E-03	0
0	0	-230	0	-6.19419657019987E-03	0
0	0	-229	-3.38682216500239E-19	-6.17553356639485E-03	1.69451497178889E-19
0	0	-228	0	-6.15360411831598E-03	0
0	0	-227	-1.3399884300214E-22	-6.12820633192014E-03	4.24026958210198E-19
0	0	-226	-4.22966763531504E-19	-6.09915508974603E-03	-1.58612536324525E-19
0	0	-225	0	-6.06623118390819E-03	0
0	0	-224	0	-6.02920683242212E-03	0
0	0	-223	0	-5.98788920647805E-03	0
0	0	-222	0	-5.94198117151841E-03	0
0	0	-221	0	-5.89124769989213E-03	0
0	0	-220	0	-5.83540357626083E-03	0
0	0	-219	0	-5.77417672795779E-03	0
0	0	-218	0	-5.70729090227386E-03	0
0	0	-217	2.91453055840846E-22	-5.63441717745092E-03	8.38091838965456E-19
0	0	-216	-3.77972356977218E-22	-5.55521684087307E-03	2.33083818688776E-19
0	0	-215	0	-5.46936379683749E-03	0
0	0	-214	0	-5.37646500880212E-03	0
0	0	-213	3.06658929252092E-23	-5.27615560318396E-03	2.24924542632525E-19
0	0	-212	0	-5.16800469830111E-03	0
0	0	-211	0	-5.05157514134803E-03	0
0	0	-210	0	-4.92643383076419E-03	0
0	0	-209	0	-4.79209209065473E-03	0
0	0	-208	0	-4.64802184601271E-03	0
0	0	-207	0	-4.49367726207829E-03	0
0	0	-206	0	-4.32854827371428E-03	0
0	0	-205	0	-4.15198774666376E-03	0
0	0	-204	0	-3.96339731273466E-03	0
0	0	-203	0	-3.76209950083153E-03	0
0	0	-202	0	-3.54740294855163E-03	0
0	0	-201	-1.68470188741213E-19	-3.31856314104231E-03	0
0	0	-200	0	-3.07479807695311E-03	0
0	0	-199	0	-2.81529902691346E-03	0
0	0	-198	0	-2.53916483351441E-03	0
0	0	-197	0	-2.24550894592702E-03	0
0	0	-196	0	-1.93332124198399E-03	0
0	0	-195	0	-1.60161977116425E-03	0
0	0	-194	0	-1.24927522055164E-03	0
0	0	-193	2.73507122032651E-22	-8.75191000313334E-04	6.59776170893565E-18
0	0	-192	0	-4.78111273085424E-04	0
0	0	-191	0	-5.67897718246081E-05	0
0	0	-190	0	3.90130396531967E-04	0
0	0	-189	7.34740767351682E-22	8.64085754141863E-04	6.1184413246429E-20
0	0	-188	-6.52860942144383E-20	1.36657802666453E-03	4.96319051759939E-19
0	0	-187	0	1.89921279999436E-03	0
0	0	-186	0	2.46366301865341E-03	0
0	0	-185	0	3.06172412817926E-03	0
0	0	-184	0	3.69524620288366E-03	0
0	0	-183	0	4.36624125947728E-03	0
0	0	-182	0	5.07682630550036E-03	0
0	0	-181	-2.5987571647442E-19	5.82924744905256E-03	-5.74233309742006E-19
0	0	-180	0	6.62578940139406E-03	0
0	0	-179	0	7.46899333457647E-03	0
0	0	-178	2.67601859130073E-19	8.36146378396512E-03	0
0	0	-177	0	9.30598714973472E-03	0
0	0	-176	0	1.03054784996397E-02	0
0	0	-175	0	1.13631196477257E-02	0
0	0	-174	0	1.24821103603162E-02	0
0	0	-173	0	1.36659249206555E-02	0
0	0	-172	0	1.49182751942471E-02	0
0	0	-171	0	1.62430709553743E-02	0
0	0	-170	0	1.76443386972507E-02	0
0	0	-169	0	1.91264022656514E-02	0
0	0	-168	-7.83098724431281E-22	2.06939273737702E-02	7.63523661249804E-18
0	0	-167	0	2.23516627370237E-02	0
0	0	-166	2.05652695727556E-21	2.41047203971648E-02	0
0	0	-165	0	2.59584804001042E-02	0
0	0	-164	-8.89166960678512E-21	2.79186605641628E-02	5.16534940928611E-17
0	0	-163	0	2.99913055512452E-02	0
0	0	-162	0	3.21826459979521E-02	0
0	0	-161	0	3.44994613996154E-02	0
0	0	-160	0	3.69488340490719E-02	0
0	0	-159	4.29310392902825E-18	3.95382213606384E-02	6.70179811055846E-17
0	0	-158	-4.29450778371085E-21	4.22754155531592E-02	2.19395822334268E-17
0	0	-157	0	4.51687123752556E-02	0
0	0	-156	0	4.82269025338456E-02	0
0	0	-155	0	5.14592108378593E-02	0
0	0	-154	0	5.48752702377932E-02	0
0	0	-153	0	5.84853593203074E-02	0
0	0	-152	2.65474625333841E-21	6.23003931785288E-02	-6.65610858444878E-18
0	0	-151	0	6.63316126956854E-02	0
0	0	-150	0	7.05910543915608E-02	0
0	0	-149	0	7.50915065955265E-02	0
0	0	-148	0	7.98459766146654E-02	0
0	0	-147	0	8.48688719285245E-02	0
0	0	-146	0	9.01745080270426E-02	0
0	0	-145	0	9.57792361548154E-02	0
0	0	-144	-2.325106245382E-20	0.101698879063513	1.26225087001504E-16
0	0	-143	0	0.107951491241208	0
0	0	-142	2.05891879930998E-20	0.114555189103504	1.07502389074309E-17
0	0	-141	0	0.121529615369173	0
0	0	-140	2.28352285422617E-20	0.128895492138016	0
0	0	-139	-8.73228174627226E-21	0.136674903740475	7.18949162650733E-17
0	0	-138	0	0.144891241656738	0
0	0	-137	0	0.153569583953211	0
0	0	-136	0	0.162736527411223	0
0	0	-135	0	0.172419854900408	0
0	0	-134	0	0.182651279882863	0
0	0	-133	0	0.193463465429704	0
0	0	-132	4.05878288173541E-18	0.204892552266846	2.20157705720294E-16
0	0	-131	-8.69116693132905E-18	0.216975942839852	1.09653849081543E-16
0	0	-130	0	0.229756670597617	0
0	0	-129	-5.48341449156662E-21	0.243279863128175	1.05985798770395E-16
0	0	-128	0	0.257595795430031	0
0	0	-127	0	0.272758876526119	0
0	0	-126	2.71864240137977E-17	0.288830470625763	3.31065024046815E-17
0	0	-125	0	0.305875546601665	0
0	0	-124	0	0.323967453070401	0
0	0	-123	0	0.343186466874788	0
0	0	-122	0	0.363620213368535	0
0	0	-121	0	0.385366737263604	0
0	0	-120	0	0.408531601525354	0
0	0	-119	-3.21544422893805E-21	0.433230339422033	1.18172370806904E-16
0	0	-118	0	0.459583759886344	0
0	0	-117	2.27228593063171E-21	0.487719951160295	0
0	0	-116	-2.12251838023974E-17	0.517771023313685	0
0	0	-115	0	0.549866367034676	0
0	0	-114	-1.19743252340853E-17	0.584127788832184	1.87148078196238E-16
0	0	-113	0	0.620653247852368	0
0	0	-112	0	0.659510393170249	0
0	0	-111	0	0.700713503903012	0
0	0	-110	-4.04242419309684E-17	0.744189501900651	0
0	0	-109	1.93696005419349E-20	0.789743396233641	-3.2447408326352E-17
0	0	-108	0	0.837009691527263	0
0	0	-107	0	0.885437256322778	0
0	0	-106	0	0.934338166955121	0
0	0	-105	0	0.982845520454688	0
0	0	-104	-6.06486868614187E-17	1.02998651427197	0
0	0	-103	0	1.07496662053905	0
0	0	-102	0	1.11733623713496	0
0	0	-101	4.52413425852311E-17	1.15630639873542	0
0	0	-100	0	1.19112848029182	0
0	0	-99	0	1.22159811447561	0
0	0	-98	0	1.24786283442205	0
0	0	-97	0	1.27020080565744	0
0	0	-96	0	1.28899739466963	0
0	0	-95	0	1.30466865741702	0
0	0	-94	2.06437456780259E-20	1.31766690973109	6.6374917169804E-17
0	0	-93	0	1.32840307822118	0
0	0	-92	0	1.33728600926235	0
0	0	-91	-6.56150185899977E-17	1.34464893251581	6.13241887078614E-17
0	0	-90	0	1.35078190293293	0
0	0	-89	0	1.35592413944281	0
0	0	-88	0	1.36027208350456	0
0	0	-87	0	1.36397876649605	0
0	0	-86	0	1.36716677000014	0
0	0	-85	0	1.36993789638753	0
0	0	-84	0	1.37236534857475	0
0	0	-83	2.57363110812509E-17	1.37450687138783	0
0	0	-82	0	1.37640536583769	0
0	0	-81	0	1.37809491822915	0
0	0	-80	4.8066610132248E-20	1.37959944526317	0
0	0	-79	0	1.38093558820302	0
0	0	-78	6.77898916639549E-17	1.38211382453828	0
0	0	-77	-9.0666823698723E-20	1.38313617192548	8.77337001510847E-18
0	0	-76	0	1.38400082042193	0
0	0	-75	0	1.38470023411843	0
0	0	-74	0	1.38521986502449	0
0	0	-73	0	1.38553804071594	0
0	0	-72	0	1.38562570471304	0
0	0	-71	0	1.38544189743459	0
0	0	-70	-1.14236090051971E-19	1.3849340564665	6.55107407655189E-17
0	0	-69	0	1.38403501934886	0
0	0	-68	0	1.38265929814185	0
0	0	-67	1.78149764994818E-20	1.38069678567624	0
0	0	-66	0	1.37800658874286	0
0	0	-65	0	1.37440266679338	0
0	0	-64	0	1.36966612705729	0
0	0	-63	0	1.36352446768499	0
0	0	-62	0	1.35564137042643	0
0	0	-61	-1.36721985923686E-16	1.34560165007674	0
0	0	-60	0	1.33294595010696	0
0	0	-59	0	1.31715896560429	0
0	0	-58	0	1.29770462914761	0
0	0	-57	0	1.27407671778818	0
0	0	-56	0	1.24583077867087	0
0	0	-55	-2.72891235905838E-20	1.212673237742	-8.8633298071548E-17
0	0	-54	0	1.17449952242978	0
0	0	-53	0	1.13149985022563	0
0	0	-52	4.29866809676048E-17	1.08427171226124	-1.44403576005214E-16
0	0	-51	0	1.03369042467561	0
0	0	-50	0	0.980781713115376	0
0	0	-49	0	0.926426337234997	0
0	0	-48	0	0.871479625243031	0
0	0	-47	0	0.816789382590995	0
0	0	-46	0	0.762996178028336	0
0	0	-45	-1.46691335228787E-20	0.7105464491726	-1.1523074390206E-16
0	0	-44	1.98965849684044E-21	0.659639034252977	0
0	0	-43	0	0.610303722441162	0
0	0	-42	2.51350398515863E-22	0.562418207435741	-2.48786441579672E-17
0	0	-41	-1.71026420563111E-20	0.515739595357536	0
0	0	-40	0	0.469928030467029	0
0	0	-39	0	0.424539530389745	0
0	0	-38	0	0.379062406109143	0
0	0	-37	0	0.332832834486865	0
0	0	-36	0	0.285064878193896	0
0	0	-35	0	0.234750272413499	0
0	0	-34	0	0.180628877894672	0
0	0	-33	0	0.120971986317793	0
0	0	-32	0	5.34694548147121E-02	0
0	0	-31	8.83862954377832E-20	-2.48525813427035E-02	3.4927198982556E-18
0	0	-30	0	-0.117867174855405	0
0	0	-29	-1.2236137498262E-20	-0.230050806580267	-1.83847409424052E-17
0	0	-28	3.21723968626758E-17	-0.364321504735801	-1.32500246030895E-17
0	0	-27	0	-0.521424510911873	0
0	0	-26	0	-0.69930725488095	0
0	0	-25	0	-0.894000857135222	0
0	0	-24	0	-1.1016743098703	0
0	0	-23	0	-1.31906608973813	0
0	0	-22	0	-1.5436309936016	0
0	0	-21	5.27671517082345E-20	-1.7735008673536	-2.90520330444879E-16
0	0	-20	0	-2.00744656719228	0
0	0	-19	0	-2.24448389020591	0
0	0	-18	1.07796684591945E-16	-2.48387054557605	-5.09302334628888E-17
0	0	-17	0	-2.72504064832113	0
0	0	-16	-6.47796903670391E-17	-2.96756548566762	1.03732411778428E-17
0	0	-15	0	-3.2111392815541	0
0	0	-14	0	-3.45553305492715	0
0	0	-13	0	-3.70063205150556	0
0	0	-12	3.29899579675361E-16	-3.94649269147951	0
0	0	-11	0	-4.19353935819004	0
0	0	-10	0	-4.44308551829168	0
0	0	-9	0	-4.69838429677952	0
0	0	-8	0	-4.96445433893268	0
0	0	-7	0	-5.24340786607404	0
0	0	-6	0	-5.52360830126479	3.53228377828305E-16
0	0	-5	0	-5.77843668181857	0
0	0	-4	0	-5.98429466187767	0
0	0	-3	0	-6.13514476137462	0
0	0	-2	0	-6.23655507711106	0
0	0	-1	0	-6.29663830928482	0
0	0	0	0	-6.32141523387502	0
0	0	1	0	-6.31296471443966	0
0	0	2	0	-6.26927071678849	0
0	0	3	0	-6.18442340889653	0
0	0	4	4.66343303546065E-20	-6.04904855391471	-2.22521310364197E-16
0	0	5	0	-5.85540876532719	0
0	0	6	0	-5.60763680063642	0
0	0	7	-2.24993787854055E-20	-5.32954106300128	4.12063473184867E-16
0	0	8	0	-5.05100323560631	9.80689752642263E-17
0	0	9	0	-4.78610988977459	0
0	0	10	0	-4.53280407658892	0
0	0	11	0	-4.28508858261664	0
0	0	12	0	-4.03927735019506	0
0	0	13	0	-3.79388116873025	0
0	0	14	0	-3.54855504614091	0
0	0	15	0	-3.30325953362387	0
0	0	16	0	-3.05809463140974	0
0	0	17	0	-2.81325363842903	0
0	0	18	0	-2.56900327464967	0
0	0	19	0	-2.32571947026944	0
0	0	20	-9.73440547930725E-17	-2.08388840892047	1.82953672062148E-16
0	0	21	-1.722754730838E-16	-1.84418405871294	2.82740897106094E-16
0	0	22	0	-1.60748616075762	0
0	0	23	0	-1.37501959400949	0
0	0	24	0	-1.14859546587371	0
0	0	25	0	-0.9307776761087	0
0	0	26	0	-0.725174019765591	0
0	0	27	0	-0.536702402681772	0
0	0	28	-1.1211724393177E-20	-0.370734409783021	-2.22318300599645E-17
0	0	29	0	-0.230603171275966	0
0	0	30	0	-0.116047368001968	0
0	0	31	-1.65277082391753E-20	-2.29749574228918E-02	2.55349583015615E-16
0	0	32	0	5.39481652638301E-02	0
0	0	33	0	0.119474375860049	0
0	0	34	0	0.17703422430422	0
0	0	35	0	0.229167603789787	0
0	0	36	0	0.277613848641878	0
0	0	37	-6.5715259831181E-20	0.323739039117414	1.50670607465074E-16
0	0	38	-9.91598410067823E-20	0.368540096850321	1.9213192051032E-16
0	0	39	0	0.412840223839924	0
0	0	40	0	0.457325092839834	0
0	0	41	1.61152255833988E-17	0.502580659093592	3.19523350987101E-17
0	0	42	0	0.549090906970771	0
0	0	43	2.59145866290856E-20	0.597301715619216	6.41610840038972E-17
0	0	44	0	0.647555804409355	0
0	0	45	0	0.700086982210776	1.67025478228772E-17
0	0	46	0	0.754988180039856	0
0	0	47	0	0.81214884409868	0
0	0	48	0	0.871203886047508	0
0	0	49	0	0.931525868028297	0
0	0	50	0	0.99211045067399	0
0	0	51	0	1.05174711663872	0
0	0	52	0	1.10918710556777	0
0	0	53	5.7313106961508E-17	1.16309349589149	5.69460979812054E-17
0	0	54	1.98108111146806E-20	1.21229829979236	0
0	0	55	0	1.25603498627939	0
0	0	56	-4.13668773490529E-17	1.2939965110606	-8.32715010175608E-17
0	0	57	-4.24487513837211E-17	1.32627590997019	0
0	0	58	0	1.35333707022582	0
0	0	59	0	1.37576091369812	0
0	0	60	0	1.3941476529816	0
0	0	61	0	1.40908622458085	0
0	0	62	0	1.42122817953492	0
0	0	63	0	1.43113446436341	0
0	0	64	0	1.43925896179779	0
0	0	65	0	1.4459917177196	0
0	0	66	0	1.4516334906164	0
0	0	67	0	1.45641862216732	0
0	0	68	0	1.4605244833594	0
0	0	69	-6.64684050255255E-17	1.46408821914421	1.32861954792374E-16
0	0	70	0	1.46721823651265	0
0	0	71	0	1.46999297310533	0
0	0	72	0	1.47247308659439	0
0	0	73	0	1.47470598657386	0
0	0	74	0	1.47672609708282	0
0	0	75	0	1.47855754819306	0
0	0	76	0	1.48021912497717	0
0	0	77	-1.69894434473054E-20	1.48172241292646	7.59198344196687E-17
0	0	78	0	1.48307323073123	0
0	0	79	0	1.4842725599202	0
0	0	80	0	1.48531600328958	0
0	0	81	0	1.48619412174037	0
0	0	82	0	1.48689199052576	0
0	0	83	0	1.48738929411936	0
0	0	84	0	1.48765805010852	0
0	0	85	0	1.48765741521919	0
0	0	86	0	1.48733312823264	0
0	0	87	1.19296538828451E-19	1.48661711440638	-4.10785971749526E-17
0	0	88	0	1.48541854580355	0
0	0	89	0	1.48361623980843	0
0	0	90	4.74119672713457E-17	1.48104879669376	-1.67375500014341E-17
0	0	91	0	1.47751017006052	0
0	0	92	-8.47421475961578E-17	1.47270338381014	-1.56346752814641E-18
0	0	93	0	1.46626954422675	0
0	0	94	3.77356529514792E-20	1.45777896766818	-4.03751838323656E-17
0	0	95	4.62460249751222E-17	1.44673452219326	-4.60568988669146E-17
0	0	96	0	1.43252897771617	0
0	0	97	0	1.41448022906321	0
0	0	98	0	1.39184859048254	0
0	0	99	0	1.36388691049762	0
0	0	100	0	1.33006863878565	0
0	0	101	0	1.29005892196219	0
0	0	102	0	1.24391207386366	0
0	0	103	0	1.19215840407543	0
0	0	104	0	1.13580270232083	0
0	0	105	1.13862053686712E-19	1.07620995595614	-6.79602030649463E-17
0	0	106	3.63116860190649E-17	1.01491276276307	-6.23139817989031E-16
0	0	107	0	0.953735035203741	0
0	0	108	0	0.894169263073975	0
0	0	109	0	0.83699191856573	0
0	0	110	0	0.782749580804938	0
0	0	111	0	0.731861513720751	0
0	0	112	0	0.684460093334937	0
0	0	113	0	0.640498548876521	0
0	0	114	0	0.599807860207201	0
0	0	115	0	0.562167948902903	0
0	0	116	0	0.527333302034431	0
0	0	117	0	0.495060613775033	0
0	0	118	7.79355297337634E-21	0.465116833265577	-3.69037467852071E-17
0	0	119	0	0.437284311474789	0
0	0	120	0	0.411369320828003	0
0	0	121	0	0.387196682523507	0
0	0	122	0	0.364604434411408	0
0	0	123	0	0.343456111669725	0
0	0	124	0	0.323633370970513	0
0	0	125	0	0.305020476176738	0
0	0	126	0	0.287523573041147	0
0	0	127	0	0.27105881224974	0
0	0	128	0	0.255550225324517	0
0	0	129	0	0.240929365726957	0
0	0	130	0	0.227136043784904	0
0	0	131	0	0.214115046825743	0
0	0	132	0	0.201818015046624	0
0	0	133	0	0.190199788674179	0
0	0	134	0	0.179219264159126	0
0	0	135	-1.62838640348892E-17	0.168838963682155	0
0	0	136	-3.91236245518234E-21	0.159024512148592	-1.23911532973513E-18
0	0	137	0	0.149743910524696	0
0	0	138	0	0.140967367453375	0
0	0	139	-8.51591331423354E-23	0.132666618778049	0
0	0	140	0	0.124817190608139	0
0	0	141	6.68715969748467E-18	0.117393584225965	1.37902944963403E-17
0	0	142	0	0.110373313534358	0
0	0	143	7.92524339503782E-18	0.103734900736101	1.98131084875946E-18
0	0	144	0	9.74580154732365E-02	0
0	0	145	0	9.15234181187803E-02	0
0	0	146	0	8.59132097441639E-02	0
0	0	147	0	8.06099750805456E-02	0
0	0	148	0	7.55975129100996E-02	0
0	0	149	0	7.08600719221597E-02	0
0	0	150	0	0.066383668341152	0
0	0	151	-6.07571368971298E-22	0.062153876867556	-5.08803322387872E-17
0	0	152	-1.24257117926725E-21	5.81576815309691E-02	0
0	0	153	0	5.43825269310122E-02	0
0	0	154	-2.13039610659502E-18	5.08165314600851E-02	4.44186051835583E-18
0	0	155	0	4.74484921257169E-02	0
0	0	156	0	4.42677694752245E-02	0
0	0	157	0	4.12639937098441E-02	0
0	0	158	0	3.84273577161526E-02	-4.04764195699375E-18
0	0	159	0	3.57499763620024E-02	0
0	0	160	0	3.32219531733781E-02	0
0	0	161	-6.23359759376743E-19	3.08354943088327E-02	-2.44739412521931E-18
0	0	162	0	2.85828694203493E-02	0
0	0	163	0	2.64568539754185E-02	0
0	0	164	0	2.44503109026114E-02	0
0	0	165	0	0.022556829101432	0
0	0	166	0	2.07701528513409E-02	0
0	0	167	0	1.90843165500182E-02	-1.65929841017076E-18
0	0	168	0	1.74938011192542E-02	0
0	0	169	0	1.59934413231472E-02	0
0	0	170	0	1.45782234506329E-02	0
0	0	171	0	1.32434409394742E-02	0
0	0	172	0	1.19845528847185E-02	0
0	0	173	0	1.07974384450761E-02	0
0	0	174	0	9.67822030389617E-03	0
0	0	175	0	8.62296878140916E-03	0
0	0	176	0	7.62826497362658E-03	0
0	0	177	-2.66153218779002E-23	6.69080377888721E-03	-7.37141893173988E-19
0	0	178	0	5.80733828615776E-03	0
0	0	179	0	4.97493301668215E-03	0
0	0	180	0	4.19074972007078E-03	0
0	0	181	0	3.45217504578245E-03	0
0	0	182	0	2.75661807025741E-03	0
0	0	183	0	2.10177403228722E-03	0
0	0	184	0	1.4853740991178E-03	0
0	0	185	2.53915978045126E-23	9.05326717367595E-04	-2.16375478806364E-20
0	0	186	0	3.59622450603933E-04	0
0	0	187	0	-1.53642884687196E-04	0
0	0	188	-1.82748173203745E-20	-6.3623675490855E-04	-4.0526682517964E-18
0	0	189	0	-1.08976403410968E-03	0
0	0	190	-3.10012412325582E-23	-1.51591765886394E-03	-9.3644881636321E-19
0	0	191	6.69845246712982E-23	-1.9161678082985E-03	0
0	0	192	5.16507177243172E-23	-2.29192407354114E-03	0
0	0	193	1.10471320457974E-19	-2.64452594753157E-03	-5.43115869942083E-18
0	0	194	0	-2.97524247501201E-03	0
0	0	195	0	-3.28524265900821E-03	0
0	0	196	0	-3.57565636565091E-03	0
0	0	197	0	-3.84761775565701E-03	0
0	0	198	0	-4.10210813503933E-03	0
0	0	199	0	-4.34000122328462E-03	0
0	0	200	0	-4.56228060267676E-03	0
0	0	201	0	-4.76975063908632E-03	0
0	0	202	-5.16406276505758E-23	-4.96324334473554E-03	-3.43749240766413E-19
0	0	203	-2.05530518740699E-19	-5.14351562623559E-03	-2.16572900196918E-18
0	0	204	0	-0.005311293540333	0
0	0	205	0	-5.4672117021676E-03	0
0	0	206	0	-5.61198093289424E-03	0
0	0	207	0	-5.74618107919244E-03	0
0	0	208	0	-5.87037252458014E-03	0
0	0	209	0	-5.98510902412729E-03	0
0	0	210	0	-6.09092549382809E-03	0
0	0	211	2.09262674535381E-19	-6.18828591831526E-03	0
0	0	212	-2.11713845569639E-19	-6.27765406984358E-03	-2.53412295622946E-19
0	0	213	0	-6.35947592694667E-03	0
0	0	214	-1.20061257165727E-19	-6.43415339887333E-03	4.83973500817028E-19
0	0	215	0	-6.50208487559214E-03	0
0	0	216	3.93192167601902E-22	-6.56365234762035E-03	4.20546321485887E-19
0	0	217	0	-6.6192006300835E-03	0
0	0	218	0	-6.66904407773582E-03	0
0	0	219	0	-6.71352714728567E-03	0
0	0	220	0	-6.75293274967022E-03	0
0	0	221	0	-6.7875635873693E-03	0
0	0	222	0	-6.81762301003199E-03	0
0	0	223	0	-6.84341882093365E-03	0
0	0	224	0	-6.86518143875411E-03	0
0	0	225	0	-6.88314021338386E-03	0
0	0	226	0	-6.89751595868456E-03	0
0	0	227	0	-6.90850456838291E-03	0
0	0	228	0	-6.91630064037855E-03	0
0	0	229	0	-6.92108355091715E-03	0
0	0	230	1.61797568697841E-19	-6.92303208564477E-03	6.48720030092668E-19
0	0	231	2.42387013955118E-22	-6.92230412497593E-03	-6.47268023109715E-19
0	0	232	7.9468871265682E-24	-6.91905859329491E-03	4.92595176311013E-19
0	0	233	1.72157048024749E-22	-6.91347427856535E-03	0
0	0	234	0	-6.90565097264295E-03	0
0	0	235	0	-6.89573673938955E-03	0
0	0	236	0	-6.88385979033688E-03	0
0	0	237	0	-6.87015790354382E-03	0
0	0	238	0	-6.85470882802453E-03	0
0	0	239	0	-6.83764949044036E-03	0
0	0	240	0	-6.81905304425916E-03	0
0	0	241	0	-6.79903536622029E-03	0
0	0	242	0	-6.7776719915031E-03	0
0	0	243	0	-6.75505946200251E-03	0
0	0	244	0	-6.73130869177233E-03	0
0	0	245	0	-6.70646294297694E-03	0
0	0	246	0	-6.68061170076315E-03	0
0	0	247	0	-6.65383598948947E-03	0
0	0	248	0	-6.62617970408665E-03	0
0	0	249	0	-6.59769230604501E-03	0
0	0	250	9.50914604378971E-22	-6.56846866242383E-03	0
0	0	251	0	-6.53854910866947E-03	0
0	0	252	0	-6.5079970211393E-03	0
0	0	253	0	-6.47685384369621E-03	0
0	0	254	0	-6.44518553622963E-03	0
0	0	255	0	-6.41300997083653E-03	0
0	0	256	0	-6.38038567621405E-03	0
0	0	257	0	-6.34736733551537E-03	0
0	0	258	0	-6.31394999855054E-03	0
0	0	259	0	-6.28020996862753E-03	0
0	0	260	0	-6.24620131674866E-03	0
0	0	261	0	-6.2119325504324E-03	0
0	0	262	0	-6.17740864355779E-03	0
0	0	263	0	-6.14262756594096E-03	0
0	0	264	-8.03485254794864E-23	-6.10774459140673E-03	5.10229684122765E-19
0	0	265	-3.05939180211946E-23	-6.07262180113296E-03	5.09451627369051E-19
0	0	266	3.83213788741992E-23	-6.03744240855925E-03	8.0242097320151E-19
0	0	267	6.43209437690352E-23	-6.00220641368559E-03	4.88274691092717E-19
0	0	268	-1.26581231310599E-22	-0.005966913816512	2.06751860390484E-19
0	0	269	3.36849023623948E-22	-5.93156461703847E-03	8.0148542352659E-19
0	0	270	7.57100683663442E-22	-5.89613532052005E-03	4.15444924553627E-19
0	0	271	0	-5.86067145674334E-03	4.19210790933671E-19
0	0	272	-2.08394465617421E-19	-5.82516237835233E-03	5.34242568800232E-19
0	0	273	0	-5.7896898026699E-03	0
0	0	274	0	-5.75420304655412E-03	0
0	0	275	0	-5.71881209305435E-03	0
0	0	276	0	-5.68351694217061E-03	0
0	0	277	0	-5.64831759390289E-03	0
0	0	278	0	-5.6132140482512E-03	0
0	0	279	0	-5.57820630521553E-03	0
0	0	280	0	-5.54329436479588E-03	0
0	0	281	0	-5.50847822699225E-03	0
0	0	282	0	-5.47375789180465E-03	0
0	0	283	5.93261611983626E-22	-5.43917464658589E-03	3.21597672375513E-19
0	0	284	3.48935948543631E-22	-5.40480965850149E-03	3.21001678997081E-19
0	0	285	1.07437590106446E-22	-5.37059250636643E-03	3.3939153540625E-19
0	0	286	0	-5.33650834607505E-03	0
0	0	287	0	-5.30259070686544E-03	0
0	0	288	0	-5.26886289325027E-03	0
0	0	289	0	-5.23532490522956E-03	0
0	0	290	0	-5.2019767428033E-03	0
0	0	291	0	-5.16881840597148E-03	0
0	0	292	0	-5.13584989473411E-03	0
0	0	293	0	-5.10307120909119E-03	0
0	0	294	0	-5.07048234904272E-03	0
0	0	295	0	-5.0380833145887E-03	0
0	0	296	0	-5.00587410572913E-03	0
0	0	297	0	-4.97385472246401E-03	0
0	0	298	5.83463115435587E-22	-4.94233520816241E-03	6.62858436840725E-19
0	0	299	-8.74227201203354E-22	-4.91083412688744E-03	0
0	0	300	4.85036797146282E-22	-4.8795667215741E-03	6.53060569915883E-19
0	0	301	4.35823638001628E-22	-4.84853299222239E-03	6.48161636453461E-19
0	0	302	-6.32635329038693E-22	-4.81773293883231E-03	0
0	0	303	3.68069803322533E-22	-4.78716656140386E-03	6.96396839485767E-19
0	0	304	2.88184160567669E-22	-4.75683385993705E-03	6.33464836066198E-19
0	0	305	-3.91043456874033E-22	-4.72673483443187E-03	0
0	0	306	2.07008555212759E-22	-4.69686948488831E-03	6.80363966336025E-19
0	0	307	1.40544683133709E-22	-4.66723781130639E-03	6.18768035678935E-19
0	0	308	-1.49451584709371E-22	-4.6378398136861E-03	0
0	0	309	4.21183648444035E-23	-4.60867549202744E-03	6.08970168754093E-19
0	0	310	-7.73977560027314E-24	-4.57974484633042E-03	6.58986802136369E-19
0	0	311	9.21402874552894E-23	-4.55104787659502E-03	0
0	0	312	0	-4.52263985231923E-03	0
0	0	313	0	-4.4944328779402E-03	0
0	0	314	0	-4.46646401395387E-03	0
0	0	315	-3.18111614130926E-23	-4.43882908415457E-03	1.37263628081604E-18
0	0	316	-1.40916578513487E-23	-4.41131992598722E-03	9.9982757481045E-19
0	0	317	-2.40089206182774E-23	-4.38404093410155E-03	1.60884927304236E-18
0	0	318	-1.08123616071944E-23	-4.35699210849756E-03	1.29093048481934E-18
0	0	319	-8.35425584249233E-24	-4.33017344917525E-03	1.93743698467306E-18
0	0	320	1.240915469684E-25	-4.30358495613461E-03	5.70745428542272E-19
0	0	321	7.65169123635977E-24	-4.27722662937566E-03	1.21208608991947E-18
0	0	322	7.75205760866445E-24	-4.25109846889838E-03	9.07767659464477E-19
0	0	323	2.9220765590949E-23	-4.22520047470279E-03	1.53480479638077E-18
0	0	324	2.35809971175706E-23	-4.19953264678886E-03	1.13610309611644E-18
0	0	325	5.81458977386313E-23	-4.17409498515662E-03	1.74970696437985E-18
0	0	326	2.65883850931251E-24	-4.14888748980607E-03	5.49417567708395E-19
0	0	327	4.00568523728072E-23	-4.12391016073718E-03	1.10998342254874E-18
0	0	328	2.45262791439899E-23	-4.09916299794998E-03	8.21931813657593E-19
0	0	329	0	-4.07464600144445E-03	4.92997924470054E-19
0	0	330	0	-4.0504094013538E-03	0
0	0	331	0	-4.02638896549589E-03	0
0	0	332	1.59929005658391E-22	-4.00257820120818E-03	1.28947184578395E-18
0	0	333	7.34159818930282E-23	-3.9789791314338E-03	8.27799122046705E-19
0	0	334	1.28591271070893E-22	-3.95558868683975E-03	1.23457659303786E-18
0	0	335	1.20637880041363E-22	-3.93240686742603E-03	1.25878337757264E-18
0	0	336	5.37704190845138E-23	-3.90943367319263E-03	8.09195301758941E-19
0	0	337	4.72218981483305E-23	-3.88666910413955E-03	8.03033496459258E-19
0	0	338	7.82180331003237E-23	-3.8641131602668E-03	1.1950893551198E-18
0	0	339	3.41248562760003E-23	-3.84176584157437E-03	7.90769088054253E-19
0	0	340	2.54550787752151E-23	-3.81962714806227E-03	7.52100013648883E-19
0	0	341	1.94102902187385E-23	-3.79769707973049E-03	7.46325489370633E-19
0	0	342	1.55930852726774E-23	-3.77597563657904E-03	8.04470262708115E-19
0	0	343	7.9307725313021E-24	-3.75446281860792E-03	7.66477080021679E-19
0	0	344	1.38225159511916E-24	-3.73315862581711E-03	7.60453413175501E-19
0	0	345	0	-3.71206305820663E-03	3.51127763042143E-19
0	0	346	-1.08136525635798E-23	-3.69117611577648E-03	7.17748878951178E-19
0	0	347	-1.68584411200564E-23	-3.67049779852665E-03	7.12092759061646E-19
0	0	348	-4.9810773651145E-24	-3.65001874963635E-03	7.23152912204188E-19
0	0	349	2.38182211496892E-23	-3.62972406242421E-03	7.16618182204798E-19
0	0	350	5.26175196644899E-23	-3.60961359935974E-03	7.10083452205407E-19
0	0	351	8.1416818179289E-23	-3.58968736044294E-03	7.03548722206017E-19
0	0	352	7.8069749324996E-23	-3.56994534567381E-03	4.93718244479694E-19
0	0	353	1.39015415208939E-22	-3.55038755505235E-03	6.90479262207237E-19
0	0	354	1.67814713723739E-22	-3.53101398857855E-03	6.83944532207846E-19
0	0	355	2.04806262748479E-22	-3.51182464625243E-03	7.05635210633809E-19
0	0	356	2.25413310753341E-22	-3.49281952807397E-03	6.70875072209066E-19
0	0	357	2.54212609268184E-22	-3.47399863404319E-03	6.64340342209676E-19
0	0	358	2.83011907782986E-22	-3.45536196416008E-03	6.57805612210285E-19
0	0	359	3.11811206297786E-22	-3.43690951842463E-03	6.51270882210895E-19
0	0	360	4.54147339750148E-22	-3.41864129683686E-03	8.59648202948673E-19
0	0	361	2.46273202218271E-22	-3.40055729939675E-03	4.25467614808076E-19
0	0	362	1.32736367280742E-22	-3.38265752610431E-03	2.10555564070908E-19
0	0	363	1.42336133452342E-22	-3.36494197695955E-03	2.08377320737778E-19
0	0	364	3.03871799247901E-22	-3.34741065196245E-03	4.12398154809295E-19
0	0	365	3.23071331591102E-22	-3.33006355111302E-03	4.08041668143035E-19
0	0	366	3.63662792930197E-22	-3.31290067441126E-03	4.28915505319074E-19
0	0	367	3.61470396277504E-22	-3.29592202185718E-03	3.99328694810515E-19
0	0	368	3.80669928620733E-22	-3.27912759345076E-03	3.94972208144255E-19
0	0	369	3.99869460963934E-22	-3.26251738919201E-03	3.90615721477994E-19
0	0	370	4.19068993307134E-22	-3.24609140908093E-03	3.86259234811734E-19
0	0	371	0	-3.22937375422789E-03	0
0	0	372	0	-3.2132497404005E-03	0
0	0	373	0	-3.19730762684221E-03	0
0	0	374	0	-3.18154741355303E-03	0
0	0	375	0	-3.16538204501577E-03	0
0	0	376	0	-3.1497844090438E-03	0
0	0	377	0	-3.13432219347108E-03	0
0	0	378	0	-3.11899539829762E-03	0
0	0	379	0	-3.1038040235234E-03	0
0	0	380	0	-3.08874337679942E-03	1.84974594096551E-19
0	0	381	9.54052433894785E-22	-3.0738109177519E-03	1.65991086348357E-19
0	0	382	-5.04965711044422E-22	-3.05901692263361E-03	6.24102983704315E-19
0	0	383	-8.13327554760709E-22	-3.04436139144456E-03	9.46651141605765E-19
0	0	384	0	-3.02984432418475E-03	1.81447325229897E-19
0	0	385	-3.36301337813329E-22	-3.01546572085417E-03	5.5549782986185E-19
0	0	386	-6.45257395778168E-22	-3.00122558145283E-03	9.75341539133361E-19
0	0	387	0	-2.98712390598073E-03	1.78888941106347E-19
0	0	388	-2.30757678462787E-22	-2.97316069443787E-03	5.42080881369245E-19
0	0	389	1.67636964582237E-22	-2.95933594682424E-03	1.65991086348357E-19
0	0	390	0	-2.94564966313985E-03	1.76405186291176E-19
0	0	391	-1.4310173612828E-22	-2.9321018433847E-03	5.79187806452848E-19
0	0	392	1.02894627804269E-22	-2.91869248755878E-03	1.65991086348357E-19
0	0	393	0	-2.9054215956621E-03	1.73996060784383E-19
0	0	394	1.68603083671696E-23	-2.89228916769466E-03	1.65991086348357E-19
0	0	395	1.55108600218123E-23	-2.87929520365646E-03	5.11064893307969E-19
0	0	396	1.01384159610659E-22	-2.86643970354749E-03	8.41672848318322E-19
0	0	397	0	-2.85372266736776E-03	1.70899983477248E-19
0	0	398	1.38348022139835E-22	-2.84114409511727E-03	5.44718139842728E-19
0	0	399	0	-2.82870398679601E-03	1.69401697695933E-19
0	0	400	0	-0.002816402342404	1.68664993023338E-19
0	0	401	2.26598178722897E-22	-2.80423916194121E-03	4.84803154353658E-19
0	0	402	-2.99176455435892E-22	-2.79221444540767E-03	1.65991086348357E-19
0	0	403	-3.50801853298781E-19	-2.78111603456855E-03	3.16349343720642E-19
0	0	404	-3.48972419624173E-19	-2.7692969740578E-03	3.16349343720642E-19
0	0	405	-3.47664384026505E-19	-2.75757992395157E-03	3.16349343720642E-19
0	0	406	-3.46199904027431E-19	-2.74596488424986E-03	3.16349343720642E-19
0	0	407	-3.44622947968007E-19	-2.73445185495267E-03	3.16349343720642E-19
0	0	408	-3.43309443019997E-19	-2.72304083605999E-03	3.16349343720642E-19
0	0	409	-3.41593639309231E-19	-2.71173182757184E-03	3.16349343720642E-19
0	0	410	-3.4030543391248E-19	-2.7005248294882E-03	3.16349343720642E-19
0	0	411	-3.39069998985631E-19	-2.68941984180909E-03	3.16349343720642E-19
0	0	412	-3.37396541912363E-19	-2.67841686453449E-03	3.16349343720642E-19
0	0	413	-3.36145186514847E-19	-2.66751589766441E-03	3.16349343720642E-19
0	0	414	-3.34946051923407E-19	-2.65671694119885E-03	3.16349343720642E-19
0	0	415	-3.33314941487636E-19	-2.64601999513781E-03	3.16349343720642E-19
0	0	416	-3.32100436089356E-19	-2.63542505948129E-03	3.16349343720642E-19
0	0	417	-3.30498289630352E-19	-2.62493213422929E-03	3.16349343720642E-19
0	0	418	0	-2.61454094973226E-03	3.09935324300321E-19
0	0	419	0	-2.60425012623002E-03	3.09935324300321E-19
0	0	420	0	-2.59405946944958E-03	3.09935324300321E-19
0	0	421	0	-2.58396897939093E-03	3.09935324300321E-19
0	0	422	0	-2.57397865605408E-03	3.09935324300321E-19
0	0	423	0	-2.56408849943903E-03	3.09935324300321E-19
0	0	424	0	-2.55429850954577E-03	3.09935324300321E-19
0	0	425	0	-2.54460868637432E-03	3.09935324300321E-19
0	0	426	0	-2.53501902992466E-03	3.09935324300321E-19
0	0	427	0	-2.52552954019679E-03	3.09935324300321E-19
0	0	428	0	-2.51614021719073E-03	3.09935324300321E-19
0	0	429	0	-2.50685106090646E-03	3.09935324300321E-19
0	0	430	0	-2.49766376180909E-03	0
0	0	431	0	-2.48867716627395E-03	0
0	0	432	0	-2.4797664671058E-03	0
0	0	433	0	-2.47093166430463E-03	0
0	0	434	0	-2.46217275787044E-03	0
0	0	435	0	-2.45348974780324E-03	0
0	0	436	0	-2.44488263410302E-03	0
0	0	437	0	-2.43635141676978E-03	0
0	0	438	0	-2.42789609580353E-03	0
0	0	439	0	-2.41951667120426E-03	0
0	0	440	0	-2.41121314297197E-03	0
0	0	441	0	-2.40298551110667E-03	0
0	0	442	0	-2.39483377560835E-03	0
0	0	443	0	-2.38675793647701E-03	0
0	0	444	0	-2.37875799371266E-03	0
0	0	445	0	-2.37083394731529E-03	0
0	0	446	0	-2.3629857972849E-03	0
0	0	447	0	-2.3552135436215E-03	0
0	0	448	0	-2.34751718632508E-03	0
0	0	449	0	-2.33989672539564E-03	0
0	0	450	0	-2.33235216083318E-03	0
0	0	451	0	-2.32488349263771E-03	0
0	0	452	0	-2.31749072080922E-03	0
0	0	453	0	-2.31017384534772E-03	0
0	0	454	0	-2.3029328662532E-03	0
0	0	455	0	-2.29576778352566E-03	0
0	0	456	0	-2.28867859716511E-03	0
0	0	457	0	-2.28166530717154E-03	0
0	0	458	1.36663396661214E-19	-2.27501040735295E-03	2.99259684297572E-19
0	0	459	1.36569855248518E-19	-2.26809431625739E-03	4.27228852100981E-19
0	0	460	1.3575960218715E-19	-2.26125116161754E-03	2.71519204374301E-19
0	0	461	1.3473359053232E-19	-2.25448094343339E-03	2.59929102485415E-19
0	0	462	1.35182719860719E-19	-2.24778366170493E-03	4.4485739006181E-19
0	0	463	1.34553340381354E-19	-2.24115931643218E-03	2.69106680762708E-19
0	0	464	1.34073761910002E-19	-2.23460790761512E-03	2.59929102485415E-19
0	0	465	1.33765792994469E-19	-2.22812943525376E-03	6.0595805694122E-19
0	0	466	0	-2.22181963204503E-03	0
0	0	467	0	-2.21561127065545E-03	0
0	0	468	0	-2.20945946540249E-03	0
0	0	469	0	-2.20336421628615E-03	0
0	0	470	0	-2.19732552330644E-03	0
0	0	471	0	-2.19134338646336E-03	0
0	0	472	0	-2.1854178057569E-03	0
0	0	473	0	-2.17954878118707E-03	0
0	0	474	0	-2.17373631275386E-03	0
0	0	475	0	-2.16798040045728E-03	0
0	0	476	0	-2.16228104429732E-03	0
0	0	477	0	-2.15663824427399E-03	0
0	0	478	0	-2.15105200038729E-03	0
0	0	479	0	-2.14552231263721E-03	0
0	0	480	0	-2.14004918102376E-03	0
0	0	481	0	-2.13463260554693E-03	0
0	0	482	0	-2.12927258620673E-03	0
0	0	483	0	-2.12396912300316E-03	0
0	0	484	0	-2.11872221593621E-03	0
0	0	485	0	-2.11353186500588E-03	0
0	0	486	0	-2.10839807021218E-03	0
0	0	487	0	-2.10332083155511E-03	0
0	0	488	0	-2.09830014903466E-03	0
0	0	489	0	-2.09333602265084E-03	0
0	0	490	0	-2.08842845240365E-03	0
0	0	491	0	-2.08357743829308E-03	0
0	0	492	0	-2.07878298031913E-03	0
0	0	493	0	-2.07404507848181E-03	0
0	0	494	0	-2.06936373278112E-03	0
0	0	495	0	-2.06473894321706E-03	0
0	0	496	0	-2.06017070978961E-03	0
0	0	497	0	-2.0556590324988E-03	0
0	0	498	0	-2.05120391134461E-03	0
0	0	499	0	-2.04680534632704E-03	0
0	0	500	0	-2.0424633374461E-03	0
0	0	501	0	-2.03817788470179E-03	0
0	0	502	0	-2.0339489880941E-03	0
0	0	503	0	-2.02977664762304E-03	0
0	0	504	0	-2.02566086328861E-03	0
0	0	505	0	-2.0216016350908E-03	0
0	0	506	0	-2.01759896302961E-03	0
0	0	507	0	-2.01365284710505E-03	0
0	0	508	0	-2.00976328731712E-03	0
0	0	509	0	-2.00593028366581E-03	0
0	0	510	0	-2.00215383615113E-03	0
0	0	511	0	-1.99843394477308E-03	0
0	0	512	0	-1.99477060953165E-03	0
0	0	513	0	-1.99116383042684E-03	0
0	0	514	0	-1.98761360745866E-03	0
0	0	515	0	-1.98411994062711E-03	0
0	0	516	0	-1.98061041487894E-03	0
0	0	517	0	-1.97710493602058E-03	0
0	0	518	0	-1.9736521818253E-03	0
0	0	519	0	-1.97025215229313E-03	0
0	0	520	0	-1.96690484742405E-03	0
0	0	521	0	-1.96361026721807E-03	0
0	0	522	-1.18386445022853E-19	-1.96036241880322E-03	3.65341777247907E-19
0	0	523	-1.18316293310919E-19	-1.95714473014197E-03	2.76219317253664E-19
0	0	524	-1.1828106278683E-19	-1.95397187907884E-03	2.72343271950601E-19
0	0	525	-1.18386445022853E-19	-1.95084386561383E-03	3.61847131568419E-19
0	0	526	-1.18171428070002E-19	-1.94776068974695E-03	2.53087216938191E-19
0	0	527	-1.18191549490612E-19	-1.94472235147819E-03	2.60715136041409E-19
0	0	528	0	-1.94217090832198E-03	0
0	0	529	0	-1.93929469200017E-03	0
0	0	530	0	-1.93645996480596E-03	0
0	0	531	0	-1.93366672673935E-03	0
0	0	532	0	-1.93091497780036E-03	0
0	0	533	0	-1.92820471798897E-03	0
0	0	534	0	-1.92553594730518E-03	0
0	0	535	0	-0.001922908665749	0
0	0	536	0	-1.92032287332043E-03	0
0	0	537	0	-1.91777857001947E-03	0
0	0	538	0	-1.91527575584611E-03	0
0	0	539	0	-1.91281443080035E-03	0
0	0	540	0	-1.91039459488221E-03	0
0	0	541	0	-1.90801624809167E-03	0
0	0	542	0	-1.90567939042873E-03	0
0	0	543	0	-1.90338402189341E-03	0
0	0	544	0	-1.90113014248569E-03	0
0	0	545	0	-1.89891775220557E-03	0
0	0	546	0	-1.89674685105306E-03	0
0	0	547	0	-1.89461743902816E-03	0
0	0	548	0	-1.89252951613086E-03	0
0	0	549	0	-1.89048308236117E-03	0
0	0	550	0	-1.88847813771909E-03	0
0	0	551	0	-1.88651468220461E-03	0
0	0	552	0	-1.88459271581774E-03	0
0	0	553	0	-1.88271223855848E-03	0
0	0	554	0	-1.88087325042682E-03	0
0	0	555	0	-1.87907575142277E-03	0
0	0	556	0	-1.87731974154632E-03	0
0	0	557	0	-1.87560522079748E-03	0
0	0	558	0	-1.87393218917625E-03	0
0	0	559	0	-1.87230064668262E-03	0
0	0	560	0	-1.8707105933166E-03	0
0	0	561	0	-1.86916202907819E-03	0
0	0	562	0	-1.86765495396738E-03	0
0	0	563	0	-1.86618936798418E-03	0
0	0	564	0	-1.86476527112858E-03	0
0	0	565	0	-1.86338266340059E-03	0
0	0	566	0	-1.86204154480021E-03	0
0	0	567	0	-1.86074191532744E-03	0
0	0	568	0	-1.85948377498227E-03	0
0	0	569	0	-1.8582671237647E-03	0
0	0	570	0	-1.85709196167474E-03	0
0	0	571	0	-1.85595828871239E-03	0
0	0	572	0	-1.85486610487765E-03	0
0	0	573	0	-1.85381541017051E-03	0
0	0	574	0	-1.85280620459098E-03	0
0	0	575	0	-1.85183848813905E-03	0
0	0	576	0	-1.85091226081473E-03	0
0	0	577	0	-1.85002752261802E-03	0
0	0	578	0	-1.84918427354891E-03	0
0	0	579	0	-1.84836142939279E-03	0
0	0	580	0	-1.84756046912824E-03	0
0	0	581	0	-1.84679883782413E-03	0
0	0	582	0	-1.84607653548045E-03	0
0	0	583	0	-1.84539356209721E-03	0
0	0	584	0	-1.8447499176744E-03	0
0	0	585	0	-1.84414560221203E-03	0
0	0	586	0	-1.84358061571009E-03	0
0	0	587	0	-1.84305495816859E-03	0
0	0	588	0	-1.84256862958752E-03	0
0	0	589	0	-1.84212162996689E-03	0
0	0	590	0	-1.8417139593067E-03	0
0	0	591	0	-1.84134561760694E-03	0
0	0	592	0	-1.84101660486761E-03	0
0	0	593	0	-1.84072692108873E-03	0
0	0	594	0	-1.84047656627027E-03	0
0	0	595	0	-1.84026554041226E-03	0
0	0	596	0	-1.84009384351467E-03	0
0	0	597	0	-1.83996147557753E-03	0
0	0	598	0	-1.83986843660082E-03	0
0	0	599	0	-1.83981472658454E-03	0
0	0	600	0	-1.8401706224184E-03	-2.16438072602718E-07
