fieldmap_name:     	SWLS Sirius
timestamp:         	2022-08-15_16-05-38
filename:          	2022-08-15_SWLS_Sirius_Model8.0_r0-0.2mm_Z=-600_600mm.txt
MagNet_file:       	SWLS_Sirius_Model8.0_r0-0.2mm.mn
nr_magnets:        	1

magnet_name:       	SWLS
gap[mm]:           	
control_gap[mm]:   	--
magnet_length[mm]: 	
current_main[A]:   	--
NI_main[A.esp]:    	--
center_pos_z[mm]:  	0
center_pos_x[mm]:  	0
rotation[deg]:     	0

X[mm]	Y[mm]	Z[mm]	Bx	By	Bz [T]
------------------------------------------------------------------------------------------------------------------------------------------------------------------
0	0	-600	0	-1.88441812958608E-03	0
0	0	-599	0	-1.88444887708069E-03	0
0	0	-598	0	-1.88451837284948E-03	0
0	0	-597	0	-1.88462661689244E-03	0
0	0	-596	0	-1.88477360920958E-03	0
0	0	-595	0	-1.8849593498009E-03	0
0	0	-594	0	-1.88518383866638E-03	0
0	0	-593	0	-1.88544707580604E-03	0
0	0	-592	0	-1.88574906121988E-03	0
0	0	-591	0	-1.88608979490789E-03	0
0	0	-590	0	-1.88646927687007E-03	0
0	0	-589	0	-1.88688750710643E-03	0
0	0	-588	0	-1.88734448561697E-03	0
0	0	-587	0	-1.88784021240167E-03	0
0	0	-586	0	-1.88837468746055E-03	0
0	0	-585	0	-1.88894791079361E-03	0
0	0	-584	0	-1.88955988240084E-03	0
0	0	-583	0	-1.89021060228224E-03	0
0	0	-582	0	-1.89090007043782E-03	0
0	0	-581	0	-1.89162828686758E-03	0
0	0	-580	0	-1.8923952515715E-03	0
0	0	-579	0	-1.89320096454961E-03	0
0	0	-578	0	-1.89404542580188E-03	0
0	0	-577	0	-1.89492863532833E-03	0
0	0	-576	0	-1.89585059312896E-03	0
0	0	-575	0	-1.89681129920376E-03	0
0	0	-574	0	-1.89781075355273E-03	0
0	0	-573	0	-1.89884895617588E-03	0
0	0	-572	0	-1.8999259070732E-03	0
0	0	-571	-4.31137825582326E-23	-1.90040463448507E-03	-3.11500830692618E-20
0	0	-570	1.41814124096301E-22	-1.90157884474667E-03	-6.61497304859967E-20
0	0	-569	5.68842896737633E-23	-1.90279386644982E-03	-4.6882350445392E-20
0	0	-568	0	-1.90404969959455E-03	-3.15499566603667E-20
0	0	-567	0	-1.90534634418083E-03	-3.15714419611494E-20
0	0	-566	1.506823780946E-22	-1.90668380020867E-03	-8.78427646069554E-20
0	0	-565	8.2623042693171E-23	-1.90806206767808E-03	-6.63803016098528E-20
0	0	-564	3.74183292647893E-23	-1.90948114658905E-03	-4.95290673071768E-20
0	0	-563	0	-1.91094103694158E-03	-3.1664145588669E-20
0	0	-562	9.87731503373433E-23	-1.91244173873568E-03	-9.47005975927018E-20
0	0	-561	5.14775060388175E-23	-1.91398325197133E-03	-7.0535869809966E-20
0	0	-560	2.18455609376125E-23	-1.91556557664855E-03	-5.16586131605039E-20
0	0	-559	2.39364918077561E-23	-1.91718871276734E-03	-5.90010306081738E-20
0	0	-558	5.62367070961037E-23	-1.91885266032768E-03	-1.15524052433375E-19
0	0	-557	3.38866156407704E-23	-1.92055741932959E-03	-1.03288104279759E-19
0	0	-556	-1.25455852208641E-23	-1.92230298977305E-03	-3.11500830692618E-20
0	0	-555	2.37960052864042E-24	-1.92408937165809E-03	-5.43357609320369E-20
0	0	-554	0	-1.92591656498468E-03	-3.19122889332604E-20
0	0	-553	-1.80226121164848E-23	-1.92778456975283E-03	-1.10170281993304E-19
0	0	-552	-6.78926757675856E-23	-1.92967925243731E-03	2.00711097844852E-19
0	0	-551	-7.40166448400829E-23	-1.93160177374432E-03	1.99641828182741E-19
0	0	-550	-1.71729886955546E-22	-1.9335699584383E-03	1.32596635689624E-19
0	0	-549	-8.62645829850909E-23	-1.93558380651927E-03	1.97521448189723E-19
0	0	-548	-9.23885520575811E-23	-1.93764331798721E-03	1.96470337858815E-19
0	0	-547	0	-1.93974849284213E-03	2.57131863287865E-19
0	0	-546	-1.04636490202588E-22	-1.94189933108403E-03	1.94386276528204E-19
0	0	-545	-9.49375365215022E-23	-1.94409583271291E-03	2.02546871021373E-19
0	0	-544	-2.17071081216951E-22	-1.94633799772877E-03	1.36030196481729E-19
0	0	-543	0	-1.94862582613161E-03	2.58308637110953E-19
0	0	-542	-1.29132366492583E-22	-1.95095931792143E-03	1.90290791191798E-19
0	0	-541	0	-1.95333847309822E-03	2.58933342684904E-19
0	0	-540	-2.82760609275168E-22	-1.95576329166199E-03	1.17303959234522E-19
0	0	-539	-1.26432234608646E-22	-1.95823377361274E-03	1.97611238541813E-19
0	0	-538	0	-1.96074991895047E-03	2.59915799373841E-19
0	0	-537	-3.19504423710164E-22	-1.96331172767518E-03	1.10359867853013E-19
0	0	-536	-1.89572778202955E-22	-1.96591919978687E-03	1.73433173706E-19
0	0	-535	-3.44000300000179E-22	-1.96857233528554E-03	1.0576073915068E-19
0	0	-534	-3.56248238145173E-22	-1.97127113417118E-03	1.03470254465115E-19
0	0	-533	-1.57926932695785E-22	-1.9740155964438E-03	1.92893518036699E-19
0	0	-532	0	-1.9768057221034E-03	2.62044146732547E-19
0	0	-531	-3.92992052580169E-22	-1.97964151114998E-03	9.6635119070829E-20
0	0	-530	-2.02619995362587E-22	-1.98252296358354E-03	1.78585433781098E-19
0	0	-529	-4.17487928870184E-22	-1.98545007940408E-03	9.21086276933111E-20
0	0	-528	-4.29735867015177E-22	-1.9884228586116E-03	8.9854461670154E-20
0	0	-527	-2.20991902580085E-22	-1.99144130120609E-03	1.75795289412451E-19
0	0	-526	0	-1.99450540718756E-03	2.643904060657E-19
0	0	-525	-4.66479681450172E-22	-1.99761517655602E-03	8.31282822630904E-20
0	0	-524	-2.05168979826505E-22	-2.00077060931145E-03	1.86225522231113E-19
0	0	-523	-4.90975557740188E-22	-2.00397170545386E-03	7.86744282103875E-20
0	0	-522	0	-2.00721846498324E-03	2.66075641162493E-19
0	0	-521	-2.20916328870075E-22	-2.01051088789961E-03	1.84111812949807E-19
0	0	-520	0	-2.01384897420295E-03	2.66954577373297E-19
0	0	-519	-5.39967310320178E-22	-2.01723272389328E-03	6.9839357429797E-20
0	0	-518	-7.88878926378837E-22	-2.02066213697058E-03	-1.81594218529419E-20
0	0	-517	0	-2.02413721343486E-03	2.68318380017512E-19
0	0	-516	-5.76711124755172E-22	-2.02765795328612E-03	6.32766120035672E-20
0	0	-515	-2.94479531450089E-22	-2.03122435652436E-03	1.65179491873978E-19
0	0	-514	-6.01207001045188E-22	-2.03483642314957E-03	5.89317139380871E-20
0	0	-513	-6.13454939190182E-22	-2.03849415316177E-03	5.67683445709487E-20
0	0	-512	0	-2.04194316939029E-03	0
0	0	-511	0	-2.04578354477351E-03	0
0	0	-510	0	-2.04968825780908E-03	0
0	0	-509	0	-2.05365062643909E-03	0
0	0	-508	5.67942642374935E-22	-2.05859623047185E-03	-1.21231557484516E-19
0	0	-507	2.48815858478024E-22	-2.06243193826839E-03	-1.21231557484516E-19
0	0	-506	2.87371164506405E-22	-2.06632953413979E-03	-1.21231557484516E-19
0	0	-505	0	-2.07028901808605E-03	-1.22525150084538E-19
0	0	-504	4.85751627481889E-22	-2.07431039010717E-03	-1.21231557484516E-19
0	0	-503	0	-2.07839365020314E-03	-1.2300480353285E-19
0	0	-502	0	-2.08253879837398E-03	-1.2325012430561E-19
0	0	-501	2.31331836170249E-22	-2.08674583461968E-03	-1.21231557484516E-19
0	0	-500	2.20123970503025E-22	-2.09101475894023E-03	-1.21231557484516E-19
0	0	-499	1.74096754029833E-22	-2.09534557133565E-03	-1.21231557484516E-19
0	0	-498	3.62465105142359E-22	-2.09973827180592E-03	-1.21231557484516E-19
0	0	-497	3.41917351419112E-22	-2.10419286035106E-03	-1.21231557484516E-19
0	0	-496	0	-2.10870933697105E-03	-1.24798965622637E-19
0	0	-495	3.00821843972627E-22	-2.1132877016659E-03	-1.21231557484516E-19
0	0	-494	1.52876776499644E-22	-2.11792795443561E-03	-1.21231557484516E-19
0	0	-493	1.41668910832419E-22	-2.12263009528019E-03	-1.21231557484516E-19
0	0	-492	0	-2.12739412419962E-03	-1.2590478048205E-19
0	0	-491	2.1863082907958E-22	-2.13222004119391E-03	-1.21231557484516E-19
0	0	-490	1.0804531383071E-22	-2.13710784626305E-03	-1.21231557484516E-19
0	0	-489	-8.06978734695871E-24	-2.14205753940706E-03	-1.45195550604444E-19
0	0	-488	8.56295824962626E-23	-2.14706912062593E-03	-1.21231557484516E-19
0	0	-487	6.20180973575316E-23	-2.15214258991966E-03	-1.21231557484516E-19
0	0	-486	0	-2.15727794728825E-03	-1.2767338374326E-19
0	0	-485	9.53443067400501E-23	-2.16247519273169E-03	-1.21231557484516E-19
0	0	-484	3.39984331894414E-23	-0.00216773432625	-1.21231557484516E-19
0	0	-483	0	-2.17305534784316E-03	-1.28607131811306E-19
0	0	-482	1.53186570774013E-23	-2.17843825751118E-03	-1.21231557484516E-19
0	0	-481	7.1745228256563E-24	-2.18388305525407E-03	-1.21231557484516E-19
0	0	-480	-3.36111903463883E-24	-2.18938974107181E-03	-1.21231557484516E-19
0	0	-479	0	-2.19495831496441E-03	-1.29903407022343E-19
0	0	-478	0	-2.20058877693187E-03	-1.30236632572777E-19
0	0	-477	-3.76569398432729E-23	-2.20628112697419E-03	-1.21231557484516E-19
0	0	-476	-4.07206712587491E-23	-2.21203536509137E-03	-1.21231557484516E-19
0	0	-475	-5.00605593147692E-23	-2.21785149128341E-03	-1.21231557484516E-19
0	0	-474	-1.30680984215765E-22	-2.22372950555031E-03	-1.21231557484516E-19
0	0	-473	-8.24884025121689E-23	-2.22966940789207E-03	-1.21231557484516E-19
0	0	-472	0	-2.23561693570403E-03	0
0	0	-471	0	-2.24162452047723E-03	0
0	0	-470	0	-2.24770715032341E-03	0
0	0	-469	0	-2.25386482524255E-03	0
0	0	-468	0	-2.26009754523467E-03	0
0	0	-467	0	-2.26640531029976E-03	0
0	0	-466	0	-2.27278812043782E-03	0
0	0	-465	0	-2.27924597564885E-03	0
0	0	-464	0	-2.28577887593286E-03	0
0	0	-463	0	-2.29238682128983E-03	0
0	0	-462	0	-2.29906981171977E-03	0
0	0	-461	0	-2.30582784722269E-03	0
0	0	-460	0	-2.31266092779857E-03	0
0	0	-459	0	-2.31956905344743E-03	0
0	0	-458	0	-2.32655222416926E-03	0
0	0	-457	0	-2.33361043996406E-03	0
0	0	-456	0	-2.34074370083183E-03	0
0	0	-455	0	-2.34795200677257E-03	0
0	0	-454	0	-2.35523535778628E-03	0
0	0	-453	0	-2.36259375387296E-03	0
0	0	-452	0	-2.37002719503262E-03	0
0	0	-451	0	-2.37753568126524E-03	0
0	0	-450	0	-2.38511921257084E-03	0
0	0	-449	0	-2.3927777889494E-03	0
0	0	-448	0	-2.40051141040094E-03	0
0	0	-447	0	-2.40832007692545E-03	0
0	0	-446	0	-2.41620378852293E-03	0
0	0	-445	0	-2.42416254519338E-03	0
0	0	-444	0	-2.4321963469368E-03	0
0	0	-443	-1.10963595589977E-22	-2.44031419915676E-03	-2.62608396885569E-19
0	0	-442	4.79813945627338E-22	-2.44850979367676E-03	-5.6391906035754E-19
0	0	-441	3.58004664188701E-22	-2.45678152677468E-03	-5.05958321378497E-19
0	0	-440	9.79487725715951E-23	-2.46512939845051E-03	-3.53823440621323E-19
0	0	-439	0	-2.47355340870426E-03	-2.92782795055153E-19
0	0	-438	-1.78544447785341E-22	-2.48205355753591E-03	-2.62608396885569E-19
0	0	-437	3.39735798212855E-22	-2.49062984494549E-03	-5.49714196837504E-19
0	0	-436	1.61191350427503E-22	-2.49928227093298E-03	-4.2440979135638E-19
0	0	-435	3.81287004371446E-23	-2.50801083549839E-03	-3.29288385658728E-19
0	0	-434	-1.78623216236581E-21	-2.51642510056943E-03	-3.11338162007015E-19
0	0	-433	-6.55284140324903E-22	-2.52531309042154E-03	-3.11338162007015E-19
0	0	-432	-9.9768945681454E-22	-2.53430615232874E-03	-3.11338162007015E-19
0	0	-431	-1.18365536138655E-21	-2.54340428629103E-03	-3.11338162007015E-19
0	0	-430	-2.24039780350992E-22	-2.55260749230841E-03	-3.11338162007015E-19
0	0	-429	-8.45393953698642E-22	-2.56191577038088E-03	-3.11338162007015E-19
0	0	-428	-9.93285982491676E-22	-2.57132912050843E-03	-3.11338162007015E-19
0	0	-427	-1.11579542743206E-21	-2.58084754269108E-03	-3.11338162007015E-19
0	0	-426	-4.33186531614232E-22	-2.59047103692882E-03	-3.11338162007015E-19
0	0	-425	-6.42333282877462E-22	-2.60019960322164E-03	-3.11338162007015E-19
0	0	-424	-3.69730071982603E-22	-2.61003324156956E-03	-3.11338162007015E-19
0	0	-423	-6.76003684333549E-22	-2.61997195197256E-03	-3.11338162007015E-19
0	0	-422	-1.22509444940393E-22	-2.63001573443066E-03	-3.11338162007015E-19
0	0	-421	-2.74545382535166E-22	-2.64016458894384E-03	-3.11338162007015E-19
0	0	-420	-3.8850744435096E-22	-2.65041851551211E-03	-3.11338162007015E-19
0	0	-419	-4.22177845807074E-22	-2.66077751413548E-03	-3.11338162007015E-19
0	0	-418	-1.79360693087729E-22	-2.67124158481393E-03	-3.11338162007015E-19
0	0	-417	-2.36211941235062E-22	-2.68181072754747E-03	-3.11338162007015E-19
0	0	-416	-1.8544677352977E-22	-2.6924849423361E-03	-3.11338162007015E-19
0	0	-415	-1.68352007280587E-22	-2.70326422917982E-03	-3.11338162007015E-19
0	0	-414	-2.09791095298005E-23	-2.71414858807863E-03	-3.11338162007015E-19
0	0	-413	-2.0719544008686E-23	-2.72513801903253E-03	-3.11338162007015E-19
0	0	-412	2.20173716142822E-23	-2.73623252204152E-03	-3.11338162007015E-19
0	0	-411	0	-2.74743225764512E-03	0
0	0	-410	0	-2.75873616901573E-03	0
0	0	-409	0	-2.77014351677847E-03	0
0	0	-408	0	-2.78165430093335E-03	0
0	0	-407	0	-2.79326852148038E-03	0
0	0	-406	0	-2.80498617841954E-03	0
0	0	-405	0	-2.81680727175084E-03	0
0	0	-404	0	-2.82873180147429E-03	0
0	0	-403	0	-2.84075976758987E-03	0
0	0	-402	0	-2.85289117009759E-03	0
0	0	-401	0	-2.86512600899745E-03	0
0	0	-400	0	-2.87746428428946E-03	0
0	0	-399	0	-2.8899059959736E-03	0
0	0	-398	8.91967795082948E-23	-2.90182999881857E-03	2.12777529242565E-19
0	0	-397	1.36355766691937E-22	-2.91454594622389E-03	2.10695490678041E-19
0	0	-396	3.48678032363548E-22	-2.92740125647255E-03	-2.09067044698256E-19
0	0	-395	4.3828010801247E-22	-2.94039592956457E-03	-2.15588983868814E-19
0	0	-394	5.27882183661391E-22	-2.95352996549993E-03	-2.22078894901546E-19
0	0	-393	0	-2.96679709718477E-03	0
0	0	-392	0	-2.98018368708258E-03	0
0	0	-391	0	-2.99371378786335E-03	0
0	0	-390	0	-3.0073873995271E-03	0
0	0	-389	0	-3.02120452207381E-03	0
0	0	-388	0	-3.03516515550348E-03	0
0	0	-387	0	-3.04926929981613E-03	0
0	0	-386	0	-3.06351695501174E-03	0
0	0	-385	0	-3.07790812109033E-03	0
0	0	-384	0	-3.09244279805188E-03	0
0	0	-383	0	-3.10712098589639E-03	0
0	0	-382	0	-3.12194268462388E-03	0
0	0	-381	0	-3.13690789423433E-03	0
0	0	-380	0	-3.15201661472775E-03	0
0	0	-379	0	-3.16726884610414E-03	0
0	0	-378	0	-3.1826645883635E-03	0
0	0	-377	0	-3.19820384150582E-03	0
0	0	-376	0	-3.21388660553111E-03	0
0	0	-375	0	-3.22971288043937E-03	0
0	0	-374	0	-3.2456826662306E-03	0
0	0	-373	0	-3.26179596290479E-03	0
0	0	-372	0	-3.27805277046195E-03	0
0	0	-371	0	-3.29429445663453E-03	0
0	0	-370	0	-3.31076655564055E-03	0
0	0	-369	0	-3.3274186264914E-03	0
0	0	-368	0	-3.34425066918709E-03	0
0	0	-367	0	-3.36126268372762E-03	0
0	0	-366	0	-3.37845467011298E-03	0
0	0	-365	0	-3.39582662834318E-03	0
0	0	-364	0	-3.41337855841822E-03	0
0	0	-363	0	-3.43111046033809E-03	0
0	0	-362	0	-3.4490223341028E-03	0
0	0	-361	0	-3.46711417971234E-03	0
0	0	-360	0	-3.48538599716673E-03	0
0	0	-359	4.19252818150762E-22	-3.50380200585593E-03	-2.27544024619832E-19
0	0	-358	3.82814166464326E-22	-3.52236108391095E-03	-2.27544024619832E-19
0	0	-357	6.23475926600218E-22	-3.54111489571594E-03	-2.27544024619832E-19
0	0	-356	3.09936863091471E-22	-3.56006344127091E-03	-2.27544024619832E-19
0	0	-355	2.18798569124027E-22	-3.57920672057585E-03	-2.27544024619832E-19
0	0	-354	2.37059559718617E-22	-3.59854473363075E-03	-2.27544024619832E-19
0	0	-353	0	-3.61807748043562E-03	-2.42202551298039E-19
0	0	-352	2.95528061422358E-22	-3.63780496099047E-03	-2.27544024619832E-19
0	0	-351	1.27743604659329E-22	-3.65772717529528E-03	-2.27544024619832E-19
0	0	-350	1.64348915351228E-22	-3.67784412335007E-03	-2.27544024619832E-19
0	0	-349	5.48663012864772E-23	-3.69815580515482E-03	-2.27544024619832E-19
0	0	-348	0	-3.71866222070955E-03	-2.48935928581366E-19
0	0	-347	-3.24198037554947E-23	-3.73936337001424E-03	-2.27544024619832E-19
0	0	-346	-9.80093767910443E-23	-3.76025925306891E-03	-2.27544024619832E-19
0	0	-345	-7.27106443673852E-23	-3.78134986987354E-03	-2.27544024619832E-19
0	0	-344	-1.01861565716534E-22	-3.80263522042815E-03	-2.27544024619832E-19
0	0	-343	0	-3.82411530473273E-03	-2.5599520415818E-19
0	0	-342	-1.60163408414818E-22	-3.84579012278728E-03	-2.27544024619832E-19
0	0	-341	-4.25957241968903E-22	-3.86765967459179E-03	-2.27544024619832E-19
0	0	-340	-2.184652511131E-22	-3.88972396014628E-03	-2.27544024619832E-19
0	0	-339	0	-3.91198297945073E-03	-2.61877271390941E-19
0	0	-338	-6.22725961075628E-22	-3.93443673250516E-03	-2.27544024619832E-19
0	0	-337	-6.88315534111178E-22	-3.95708521930956E-03	-2.27544024619832E-19
0	0	-336	4.98114214456358E-19	-3.97993148415904E-03	-1.55496816357205E-19
0	0	-335	-1.52597953934318E-22	-4.00285793732349E-03	0
0	0	-334	0	-4.02609109443429E-03	-2.67082000171697E-19
0	0	-333	1.54154402717106E-22	-4.04957886685171E-03	0
0	0	-332	1.39924990586639E-22	-4.07329265875935E-03	0
0	0	-331	2.30441893836297E-22	-4.09723352092454E-03	0
0	0	-330	9.288847193807E-23	-4.12140145334727E-03	0
0	0	-329	-8.10306284960046E-24	-4.14579645602755E-03	-4.37977438383423E-20
0	0	-328	8.30073420647294E-23	-4.17041852896538E-03	0
0	0	-327	1.14629883223754E-22	-4.19526767216075E-03	0
0	0	-326	0	-4.22034388561367E-03	0
0	0	-325	4.03191056733079E-23	-4.24564716932413E-03	0
0	0	-324	4.78311048285239E-23	-4.27117752329214E-03	0
0	0	-323	2.37205628247296E-23	-4.29693494751769E-03	0
0	0	-322	-2.36913071811407E-24	-4.32291944200079E-03	0
0	0	-321	-1.65985428486018E-23	-4.34913100674144E-03	0
0	0	-320	-3.0827954979069E-23	-4.37556964173963E-03	0
0	0	-319	0	-4.40223534699537E-03	0
0	0	-318	0	-4.42912812250865E-03	0
0	0	-317	-7.35161913704911E-23	-4.45624796827949E-03	0
0	0	-316	-1.75491207001931E-22	-4.48359488430786E-03	0
0	0	-315	0	-4.51116887059378E-03	0
0	0	-314	-9.68370231349266E-23	-4.53896992713725E-03	0
0	0	-313	-1.08694866577E-22	-4.56699805393827E-03	0
0	0	-312	-1.20552710019056E-22	-4.59525325099683E-03	0
0	0	-311	-4.85650695790373E-19	-4.62357543879297E-03	-4.72991713559546E-19
0	0	-310	-4.88544940323783E-19	-4.65230532809335E-03	-4.72991713559546E-19
0	0	-309	-4.91727391155708E-19	-4.68125526526623E-03	-4.72991713559546E-19
0	0	-308	-4.94657660195425E-19	-4.71042525031163E-03	-4.72991713559546E-19
0	0	-307	-4.9774867097367E-19	-4.73981528322954E-03	-4.72991713559546E-19
0	0	-306	-5.00845792746609E-19	-4.76942536401997E-03	-4.72991713559546E-19
0	0	-305	-5.03999994215005E-19	-4.7992554926829E-03	-4.72991713559546E-19
0	0	-304	-5.07160306678096E-19	-4.82930566921835E-03	-4.72991713559546E-19
0	0	-303	-5.10156863005382E-19	-4.85957589362631E-03	-5.10156863005382E-19
0	0	-302	-5.13530982251776E-19	-4.89006616590678E-03	-4.72991713559546E-19
0	0	-301	-5.16581683387504E-19	-4.92077648605976E-03	-5.16581683387504E-19
0	0	-300	-5.20012180374052E-19	-4.95170685408526E-03	-4.72991713559546E-19
0	0	-299	-5.23098906016089E-19	-4.98285726998327E-03	-5.23098906016089E-19
0	0	-298	-5.2658578074279E-19	-5.01422773375379E-03	-4.72991713559546E-19
0	0	-297	-5.29708530891136E-19	-5.04581824539682E-03	-5.29708530891136E-19
0	0	-296	-5.33251783357991E-19	-5.07762880491237E-03	-4.72991713559546E-19
0	0	-295	0	-5.10849385657643E-03	0
0	0	-294	0	-5.14109539133937E-03	0
0	0	-293	0	-5.17381892341404E-03	0
0	0	-292	0	-5.20666445280043E-03	0
0	0	-291	0	-5.23963197949856E-03	0
0	0	-290	0	-5.27272150350841E-03	0
0	0	-289	0	-5.30593302482999E-03	0
0	0	-288	0	-5.3392656516992E-03	0
0	0	-287	0	-5.37271792713764E-03	0
0	0	-286	0	-5.40629483769754E-03	0
0	0	-285	0	-5.43999638337889E-03	0
0	0	-284	0	-5.4738225641817E-03	0
0	0	-283	0	-5.50777338010597E-03	0
0	0	-282	0	-5.54184883115169E-03	0
0	0	-281	0	-5.57604891731887E-03	0
0	0	-280	0	-5.6103736386075E-03	0
0	0	-279	0	-5.64482299501759E-03	0
0	0	-278	0	-5.67939698654914E-03	0
0	0	-277	0	-5.71409561320215E-03	0
0	0	-276	0	-5.74891887497661E-03	0
0	0	-275	0	-5.78386677187252E-03	0
0	0	-274	1.41274325460215E-19	-5.8186751832384E-03	0
0	0	-273	-4.22485690127404E-19	-5.85345053089594E-03	0
0	0	-272	-5.15337249649522E-25	-5.88842393850802E-03	2.27490647111033E-19
0	0	-271	0	-5.92327316102015E-03	4.26134795043865E-19
0	0	-270	-3.40927887895122E-23	-5.95802744090058E-03	-1.37067196563761E-19
0	0	-269	0	-5.99268677814929E-03	4.31128580861841E-19
0	0	-268	2.29969308810442E-23	-6.0272511727663E-03	4.49300391414106E-19
0	0	-267	-5.72346585777891E-23	-6.0617206247516E-03	4.91572806832344E-20
0	0	-266	3.4237727696741E-23	-6.09609513410518E-03	4.49300391414106E-19
0	0	-265	-7.97162522091827E-23	-6.13037470082706E-03	5.62309250384139E-20
0	0	-264	-4.09306720611965E-23	-6.16455932491722E-03	2.7081230804233E-19
0	0	-263	-9.70879535485472E-23	-6.19864900637568E-03	8.24106858112553E-20
0	0	-262	-5.67193213281371E-23	-6.23264374520243E-03	2.57590918487027E-19
0	0	-261	3.10887011014126E-22	-6.26596200630025E-03	-1.18199035799935E-19
0	0	-260	-5.75815361752042E-23	-6.29919292617956E-03	6.62795275676151E-20
0	0	-259	-1.33044323005871E-22	-6.33210003462756E-03	-3.34922287728541E-19
0	0	-258	-7.54627868306234E-23	-6.36467100541811E-03	7.96276171432935E-20
0	0	-257	0	-6.39687896324858E-03	-2.783436398494E-19
0	0	-256	2.7898755311538E-22	-6.42864990115093E-03	0
0	0	-255	0	-6.45995617847122E-03	0
0	0	-254	5.55079064772592E-19	-6.49078034697937E-03	0
0	0	-253	2.79052459840366E-19	-6.52104442815115E-03	0
0	0	-252	0	-6.55071609531492E-03	0
0	0	-251	6.13190697626874E-22	-6.57974239683539E-03	-4.47017754679409E-19
0	0	-250	0	-6.60807195294304E-03	-2.56528991372958E-18
0	0	-249	0	-6.6356458426463E-03	0
0	0	-248	0	-6.66238920074166E-03	0
0	0	-247	0	-6.68826402806237E-03	0
0	0	-246	0	-6.71319598586804E-03	0
0	0	-245	0	-6.73713166006097E-03	0
0	0	-244	0	-6.75997612019558E-03	0
0	0	-243	0	-6.78166373742273E-03	0
0	0	-242	0	-6.80211233453695E-03	0
0	0	-241	0	-6.82123507353865E-03	0
0	0	-240	2.11804009971545E-22	-6.83894399871178E-03	-6.60915453230691E-19
0	0	-239	1.4540416293023E-22	-6.85513984552321E-03	7.91398472896486E-19
0	0	-238	-6.76531488610851E-19	-6.86972568039765E-03	2.7816208037346E-20
0	0	-237	6.13709916883763E-23	-6.88259304626095E-03	-1.36372930638484E-19
0	0	-236	-2.3954995248735E-19	-6.89364003991233E-03	0
0	0	-235	0	-6.90275435566532E-03	0
0	0	-234	0	-6.90980244400354E-03	0
0	0	-233	0	-6.91465366272439E-03	0
0	0	-232	0	-6.91716444620166E-03	0
0	0	-231	3.73894164673749E-19	-6.91719392462022E-03	0
0	0	-230	0	-6.91461231824231E-03	0
0	0	-229	0	-6.90924336290415E-03	0
0	0	-228	0	-6.90091940555141E-03	0
0	0	-227	0	-6.88946199293479E-03	0
0	0	-226	-3.79973193021233E-22	-6.87468860740843E-03	9.32103915321463E-19
0	0	-225	0	-6.85639242672716E-03	0
0	0	-224	0	-6.83438096159874E-03	0
0	0	-223	0	-6.80842838950335E-03	0
0	0	-222	0	-6.77830399591236E-03	0
0	0	-221	0	-6.74374209296543E-03	0
0	0	-220	0	-6.70450013937729E-03	0
0	0	-219	0	-6.66031121192699E-03	0
0	0	-218	6.30210266623276E-19	-6.61087835107293E-03	8.61440980515626E-19
0	0	-217	3.11885662935135E-19	-6.55593260280804E-03	2.19839882754453E-18
0	0	-216	-7.75044941420734E-19	-6.49512250135682E-03	8.25251209632524E-19
0	0	-215	2.05707373835277E-19	-6.42811983878978E-03	0
0	0	-214	6.51368645351694E-19	-6.35456682850017E-03	3.23331413191895E-19
0	0	-213	0	-6.27409207997564E-03	0
0	0	-212	0	-6.18628771008043E-03	0
0	0	-211	0	-6.09075130497759E-03	0
0	0	-210	0	-5.98706763987148E-03	0
0	0	-209	0	-5.87473286688513E-03	0
0	0	-208	0	-5.75326457975828E-03	0
0	0	-207	0	-5.62213415567576E-03	0
0	0	-206	1.3902980287955E-19	-5.48081393379171E-03	4.90956436186592E-19
0	0	-205	0	-5.32869779695005E-03	0
0	0	-204	0	-5.16521985808876E-03	0
0	0	-203	0	-4.9896974649823E-03	0
0	0	-202	0	-4.8014550092346E-03	0
0	0	-201	0	-4.59978711912926E-03	0
0	0	-200	-2.57309460097824E-19	-4.38390277480563E-03	-5.35765547373496E-19
0	0	-199	0	-4.15302160953119E-03	1.43042921011379E-19
0	0	-198	0	-3.90627558628285E-03	0
0	0	-197	0	-3.64277504484033E-03	0
0	0	-196	0	-3.36157311545003E-03	0
0	0	-195	0	-3.06167794579902E-03	0
0	0	-194	0	-2.74200494040272E-03	0
0	0	-193	-2.44981093627262E-19	-2.40144665323611E-03	-1.34878958555488E-19
0	0	-192	0	-2.03877651671907E-03	0
0	0	-191	1.41158921950682E-21	-1.65276732062795E-03	0
0	0	-190	0	-1.24208469539193E-03	0
0	0	-189	-1.6474140874276E-21	-8.05318627020044E-04	7.44153869716947E-18
0	0	-188	0	-3.40987253960736E-04	0
0	0	-187	0	1.52507717506557E-04	0
0	0	-186	0	6.76802130223247E-04	0
0	0	-185	0	1.2336525639662E-03	0
0	0	-184	0	1.8249352872971E-03	0
0	0	-183	0	2.45262306393252E-03	0
0	0	-182	0	3.11880522087395E-03	-2.33327041289051E-19
0	0	-181	0	3.82568719448878E-03	0
0	0	-180	0	4.57563032506259E-03	0
0	0	-179	0	5.37112445962139E-03	0
0	0	-178	0	6.21470503125126E-03	0
0	0	-177	-1.97438403266149E-19	7.10919762424512E-03	9.98258015342075E-18
0	0	-176	0	8.0575155317496E-03	0
0	0	-175	0	9.06280465409081E-03	0
0	0	-174	0	1.01282390699757E-02	0
0	0	-173	0	1.12573584299385E-02	0
0	0	-172	0	1.24538401525927E-02	0
0	0	-171	0	1.37216339263319E-02	0
0	0	-170	0	1.50646658963293E-02	0
0	0	-169	0	1.64873815485409E-02	0
0	0	-168	0	1.79943972305099E-02	0
0	0	-167	0	1.95905985219446E-02	0
0	0	-166	0	2.12810044252154E-02	0
0	0	-165	5.12352928950154E-21	2.30710581201947E-02	2.0917735769604E-18
0	0	-164	0	2.49665255619987E-02	0
0	0	-163	0	2.69735096678994E-02	0
0	0	-162	0	2.90982926202643E-02	0
0	0	-161	0	3.13476885001394E-02	0
0	0	-160	0	3.37288233392128E-02	0
0	0	-159	-2.04617326929988E-18	3.62492822341688E-02	2.24047492833317E-17
0	0	-158	0	3.89169257838497E-02	0
0	0	-157	0	4.17401565050969E-02	0
0	0	-156	0	4.47278331638896E-02	0
0	0	-155	0	0.047889211672899	0
0	0	-154	-3.11955397370889E-22	5.12342723600457E-02	6.95876859624492E-18
0	0	-153	0	5.47732173642145E-02	0
0	0	-152	-3.70681117399428E-21	0.058517038843958	2.92304453895471E-17
0	0	-151	0	6.24773569022862E-02	0
0	0	-150	2.13350646877942E-18	6.66661769076588E-02	-6.6371897089909E-18
0	0	-149	0	7.10962941685119E-02	0
0	0	-148	0	7.57813394239523E-02	0
0	0	-147	0	8.07354284010674E-02	0
0	0	-146	0	8.59734141208464E-02	0
0	0	-145	0	9.15115943946907E-02	0
0	0	-144	0	9.73658615643214E-02	0
0	0	-143	0	0.10355478080383	0
0	0	-142	-7.88126639000471E-21	0.110096363499631	4.587726082615E-17
0	0	-141	0	0.117010668322102	0
0	0	-140	0	0.124318451069269	0
0	0	-139	0	0.132042096861823	0
0	0	-138	0	0.140205270732263	0
0	0	-137	0	0.148833360157822	0
0	0	-136	0	0.157952339866846	0
0	0	-135	-7.59501792690955E-21	0.167591762496504	4.77006112837722E-17
0	0	-134	0	0.177782669375375	0
0	0	-133	2.72885878479195E-20	0.188558318090141	0
0	0	-132	-6.2102962053597E-18	0.199954926384686	0
0	0	-131	0	0.2120120335088	0
0	0	-130	0	0.224772011227246	0
0	0	-129	0	0.238281644166404	0
0	0	-128	1.31137825289502E-17	0.252592793058063	0
0	0	-127	0	0.267762049526089	0
0	0	-126	0	0.283852830779605	0
0	0	-125	0	0.300934536603729	0
0	0	-124	0	0.319084979497949	0
0	0	-123	0	0.338388357043542	0
0	0	-122	0	0.358947769524833	0
0	0	-121	0	0.380863898112651	0
0	0	-120	0	0.404259150196701	0
0	0	-119	0	0.429266238379671	0
0	0	-118	0	0.456031048497033	0
0	0	-117	0	0.484709159118151	0
0	0	-116	0	0.515470669548555	0
0	0	-115	-4.5665067044307E-17	0.548490010410358	-1.48301671473377E-18
0	0	-114	0	0.583945699752233	0
0	0	-113	0	0.622001418249856	0
0	0	-112	0	0.662799374198446	0
0	0	-111	0	0.706427700143675	0
0	0	-110	-2.78400779165943E-21	0.752873458376016	2.21902049001608E-16
0	0	-109	0	0.801969898669826	0
0	0	-108	0	0.853336643910133	0
0	0	-107	0	0.906439235322071	0
0	0	-106	0	0.960692510815786	0
0	0	-105	-1.67972028445549E-19	1.01522227491226	4.88614994434054E-16
0	0	-104	0	1.0686015525689	0
0	0	-103	0	1.11946906449905	0
0	0	-102	0	1.16677490752624	0
0	0	-101	-3.88836517218438E-17	1.20974604868328	2.10600421148599E-16
0	0	-100	0	1.24794262780637	0
0	0	-99	0	1.28108566893545	0
0	0	-98	0	1.30919626728451	0
0	0	-97	0	1.33258166095772	0
0	0	-96	0	1.3517844770692	0
0	0	-95	1.46449171880159E-16	1.36739738488522	7.2616434721743E-17
0	0	-94	0	1.38000191059772	0
0	0	-93	3.0638691389986E-21	1.39009776560993	0
0	0	-92	0	1.39815458053449	0
0	0	-91	0	1.40457631321872	0
0	0	-90	0	1.40970118346268	0
0	0	-89	0	1.4137982277009	0
0	0	-88	0	1.41708093153781	0
0	0	-87	0	1.41971261009722	0
0	0	-86	6.63349930279307E-20	1.42183199481694	0
0	0	-85	0	1.42353526119191	0
0	0	-84	7.50372724522624E-17	1.42489820117357	-1.4435858870204E-16
0	0	-83	-2.45678820484766E-17	1.42597868724627	9.9345023286075E-17
0	0	-82	0	1.4268195768199	9.82644574708584E-17
0	0	-81	0	1.42745366322757	0
0	0	-80	7.35249166267087E-17	1.42790467718085	-1.47049833253417E-16
0	0	-79	5.5058690066305E-17	1.42818906649865	5.62736006936152E-19
0	0	-78	0	1.42831714873124	0
0	0	-77	6.82491790653288E-20	1.42829304324536	6.2726394996484E-17
0	0	-76	0	1.42811649817206	0
0	0	-75	0	1.42778158191572	0
0	0	-74	0	1.42727610115083	0
0	0	-73	0	1.42658066919759	0
0	0	-72	0	1.42567195741192	0
0	0	-71	0	1.4245122800934	0
0	0	-70	0	1.4230556274974	0
0	0	-69	0	1.4212391467305	0
0	0	-68	0	1.41898531445917	0
0	0	-67	0	1.41619024601446	0
0	0	-66	0	1.41272261145848	0
0	0	-65	0	1.40840626257043	0
0	0	-64	0	1.40302331116193	0
0	0	-63	0	1.39629688465137	0
0	0	-62	0	1.38789883020086	0
0	0	-61	4.81034384361333E-21	1.37739829593586	0
0	0	-60	0	1.36431280822467	0
0	0	-59	0	1.34807622828821	0
0	0	-58	0	1.328072781975	0
0	0	-57	0	1.30370342986918	0
0	0	-56	0	1.27444926278887	0
0	0	-55	-6.5328586063736E-20	1.23999054247375	-1.24025374568283E-16
0	0	-54	0	1.20028780860379	0
0	0	-53	0	1.15551941590282	0
0	0	-52	0	1.10608141350673	0
0	0	-51	0	1.05285777735169	0
0	0	-50	0	0.997100264306774	0
0	0	-49	0	0.939891854739047	0
0	0	-48	0	0.882259628288162	0
0	0	-47	0	0.825186096377886	0
0	0	-46	-4.9070474574532E-21	0.769369912502777	4.59875315184819E-17
0	0	-45	0	0.715278098550431	0
0	0	-44	0	0.663114064164568	0
0	0	-43	0	0.612888554049254	0
0	0	-42	0	0.564451575780981	4.71891507696365E-17
0	0	-41	0	0.517535154060552	0
0	0	-40	1.37419625769198E-20	0.471769248089781	-3.48387309223334E-17
0	0	-39	0	0.426698343838438	0
0	0	-38	0	0.381811412954588	0
0	0	-37	-1.30701154292156E-17	0.336434377935186	0
0	0	-36	0	0.289806959264125	0
0	0	-35	5.1863106529019E-18	0.240962315972243	0
0	0	-34	-6.97057644530104E-18	0.188659177858005	-1.44920621117691E-16
0	0	-33	0	0.131252356447697	9.79848200837949E-18
0	0	-32	0	6.65101616939634E-02	0
0	0	-31	4.32998472001998E-19	-8.59521942058225E-03	0
0	0	-30	-5.70235685309378E-18	-9.81834773506605E-02	-4.07861531419578E-16
0	0	-29	0	-0.207006285114455	0
0	0	-28	0	-0.339094722830515	0
0	0	-27	0	-0.495730189378149	0
0	0	-26	0	-0.674699217027162	0
0	0	-25	0	-0.871612912834947	0
0	0	-24	0	-1.08194468460357	0
0	0	-23	0	-1.30205884978678	0
0	0	-22	0	-1.52916593865354	0
0	0	-21	0	-1.76138437276578	0
0	0	-20	0	-1.99736504586173	0
0	0	-19	0	-2.23611006310113	0
0	0	-18	0	-2.47685139424708	0
0	0	-17	0	-2.71902193994697	4.34467470126933E-17
0	0	-16	1.02787519645813E-16	-2.96219502758184	-5.45372522480577E-16
0	0	-15	0	-3.20605625732586	0
0	0	-14	0	-3.45037217422888	0
0	0	-13	0	-3.69499786844357	0
0	0	-12	0	-3.93993422084665	0
0	0	-11	0	-4.18546886791071	0
0	0	-10	0	-4.43264531734331	0
0	0	-9	1.7205964984541E-16	-4.68429812355509	3.16649457018582E-16
0	0	-8	0	-4.94560329576195	0
0	0	-7	0	-5.22041702526606	0
0	0	-6	-2.09759562099334E-16	-5.49999047957839	2.26592988196663E-16
0	0	-5	0	-5.75762415578631	0
0	0	-4	0	-5.96662736955544	0
0	0	-3	2.56831949117556E-16	-6.11830190667751	-3.05154161599676E-17
0	0	-2	0	-6.2175664296643	0
0	0	-1	0	-6.27283569449266	0
0	0	0	0	-6.29060197117334	0
0	0	1	0	-6.27299246015978	0
0	0	2	0	-6.21792731346511	0
0	0	3	0	-6.11914610814116	0
0	0	4	0	-5.96788171205633	0
0	0	5	0	-5.75860890829934	0
0	0	6	0	-5.5004509287252	0
0	0	7	-2.41447862674223E-16	-5.22058731672439	0
0	0	8	0	-4.94546135238365	0
0	0	9	1.82769924755809E-20	-4.68398178784723	2.70481804216271E-16
0	0	10	0	-4.432377698205	0
0	0	11	0	-4.18543016707934	0
0	0	12	-4.44095252286601E-21	-3.94002173686916	2.37965490832022E-17
0	0	13	0	-3.69514944408586	0
0	0	14	0	-3.45055224784467	0
0	0	15	0	-3.20626411719472	0
0	0	16	-9.41673943724512E-20	-2.96242974978398	7.42820852692253E-17
0	0	17	0	-2.71927014341351	0
0	0	18	0	-2.47710418984075	0
0	0	19	0	-2.23636545995216	0
0	0	20	-8.70042556629272E-17	-1.99761465772766	2.62519403090808E-16
0	0	21	-1.53368964739948E-16	-1.76160737221286	-2.83792880281934E-17
0	0	22	0	-1.52932949666134	0
0	0	23	0	-1.30214583119749	0
0	0	24	0	-1.0820362906594	0
0	0	25	0	-0.87177757967897	0
0	0	26	0	-0.674833523391382	0
0	0	27	0	-0.496011206745941	0
0	0	28	0	-0.33943604953822	0
0	0	29	0	-0.207257769792406	0
0	0	30	0	-9.82738589476306E-02	0
0	0	31	-2.94394022129758E-19	-8.54466382235534E-03	1.19364865933602E-16
0	0	32	-1.07959858916621E-20	6.66402024476871E-02	2.92494967669892E-18
0	0	33	-4.20108458414252E-18	0.131388909497891	0
0	0	34	0	0.188747493452298	0
0	0	35	0	0.241050706661872	0
0	0	36	0	0.289870138698071	0
0	0	37	-2.39507244591795E-20	0.336491194734677	5.74191515578463E-17
0	0	38	0	0.381855006814272	0
0	0	39	0	0.426743699226366	0
0	0	40	-1.96163231506069E-17	0.471799299124987	9.35718670352457E-17
0	0	41	0	0.517566200292103	0
0	0	42	1.80528251105684E-17	0.564475767240745	3.53140245087023E-17
0	0	43	-3.61957266331496E-20	0.612908550685921	1.42383104349476E-16
0	0	44	0	0.663130226980651	0
0	0	45	0	0.715290499131776	0
0	0	46	-8.459466574054E-20	0.76938305590545	2.06698021825151E-16
0	0	47	0	0.82520894530326	0
0	0	48	0	0.882333988870213	0
0	0	49	0	0.940021714939547	0
0	0	50	0	0.997279979165871	0
0	0	51	0	1.05293561611039	0
0	0	52	0	1.1059605881543	0
0	0	53	-4.98996416262761E-17	1.15544353209186	8.24978205526505E-17
0	0	54	0	1.20045551982065	0
0	0	55	0	1.24029058696828	0
0	0	56	-1.26686834570135E-19	1.27472426927257	3.50708915563289E-16
0	0	57	0	1.30392470177073	0
0	0	58	-1.1232431104632E-20	1.32828259543157	1.0380507237785E-17
0	0	59	0	1.34831590515513	0
0	0	60	0	1.36458947105394	0
0	0	61	-4.32665712282128E-20	1.37771807683135	4.32231307399437E-17
0	0	62	0	1.38825323287046	0
0	0	63	2.2926961571761E-20	1.39668747491184	-1.13731782306311E-16
0	0	64	0	1.40343670794832	0
0	0	65	0	1.40884287604762	0
0	0	66	0	1.41317849954296	0
0	0	67	0	1.41666300322913	0
0	0	68	0	1.41947262053171	0
0	0	69	0	1.42174183931927	0
0	0	70	9.79418715433355E-21	1.42357135089653	-6.33410792414543E-17
0	0	71	0	1.42503987199576	0
0	0	72	0	1.42620822041419	0
0	0	73	0	1.42712576319017	0
0	0	74	0	1.42782744541679	0
0	0	75	0	1.42833847391506	0
0	0	76	0	1.42867810376837	0
0	0	77	0	1.4288583658663	0
0	0	78	0	1.42888555227402	0
0	0	79	0	1.42875990570743	0
0	0	80	-6.55956207480463E-17	1.42847720643992	1.31161778801768E-16
0	0	81	1.10421582657361E-16	1.42802768695261	1.90752505590178E-17
0	0	82	5.52516837798207E-17	1.42739460819015	-6.51065218412231E-18
0	0	83	0	1.42655446543833	0
0	0	84	0	1.42547351065697	0
0	0	85	0	1.42410893123926	0
0	0	86	0	1.42239963115159	0
0	0	87	0	1.42027118421285	0
0	0	88	0	1.41762457184136	0
0	0	89	1.84008585280269E-20	1.41433300397341	-5.16407836730088E-18
0	0	90	0	1.41022142840324	0
0	0	91	-8.38709340595746E-17	1.40507890085849	-9.53554999668863E-17
0	0	92	-5.35704354869437E-17	1.3986070575427	0
0	0	93	0	1.39048185554879	0
0	0	94	0	1.38032803265344	0
0	0	95	5.89114742072178E-17	1.36768661920742	-1.07486651083139E-16
0	0	96	0	1.35204636375893	0
0	0	97	0	1.3328230874927	0
0	0	98	0	1.30944854800209	0
0	0	99	0	1.28140225146202	0
0	0	100	0	1.24836335087119	0
0	0	101	0	1.21025866617175	0
0	0	102	-3.73635523481217E-17	1.16729876475799	3.74607644434537E-17
0	0	103	-1.94436823709965E-19	1.11997879233246	0
0	0	104	5.23780719750389E-17	1.06915356345089	-7.3832000246705E-16
0	0	105	0	1.01587945341881	0
0	0	106	0	0.961293808966697	0
0	0	107	0	0.906834105821371	1.72450766378448E-17
0	0	108	0	0.853649327250165	0
0	0	109	0	0.802276243623197	0
0	0	110	-3.83803128348009E-19	0.753163722860693	0
0	0	111	0	0.706687828244055	0
0	0	112	-1.23325347216146E-17	0.663027940402062	0
0	0	113	0	0.622200928821272	0
0	0	114	2.89491890373037E-17	0.584120063213979	0
0	0	115	0	0.548647415241441	0
0	0	116	0	0.515613556650288	0
0	0	117	2.40403083528706E-17	0.484841187483126	-9.12912993242495E-17
0	0	118	0	0.456154262492835	0
0	0	119	-3.53489472512522E-17	0.429382556779742	0
0	0	120	0	0.404368193066213	0
0	0	121	0	0.38096842028964	0
0	0	122	0	0.359046966006585	0
0	0	123	0	0.338483208575794	0
0	0	124	0	0.319172919582223	0
0	0	125	0	0.301017617949419	0
0	0	126	0	0.283931642801282	0
0	0	127	0	0.267836541903649	0
0	0	128	0	0.252663347850512	0
0	0	129	-1.46045586389505E-20	0.238348445300767	0
0	0	130	2.92599308802739E-21	0.224835057713887	-3.20585333292012E-17
0	0	131	-6.76122846734129E-18	0.212071690155396	-1.23537783696321E-16
0	0	132	0	0.200011924196536	0
0	0	133	0	0.188612079303669	0
0	0	134	0	0.177833339241473	0
0	0	135	0	0.167639547322169	0
0	0	136	0	0.157997361600853	0
0	0	137	-9.96355429704037E-22	0.148875612473758	0
0	0	138	-3.41171030634351E-21	0.140245725842162	-1.16776108346389E-17
0	0	139	0	0.132080041886703	0
0	0	140	0	0.124354326069555	0
0	0	141	0	0.117044403175242	0
0	0	142	9.2404271284489E-22	0.110128209698175	-1.53987514568189E-17
0	0	143	0	0.103584931389611	0
0	0	144	0	9.73941327701567E-02	0
0	0	145	0	9.15380009539851E-02	0
0	0	146	0	0.085998601124423	0
0	0	147	0	8.07594198550465E-02	0
0	0	148	0	0.075804015862132	0
0	0	149	0	7.11175809789217E-02	0
0	0	150	0	6.66862950225662E-02	0
0	0	151	-2.80584215198909E-18	6.24961908937968E-02	-2.67455299407861E-18
0	0	152	2.6263895792352E-18	5.85351774502794E-02	0
0	0	153	-2.22937014649395E-18	5.47903835135263E-02	-4.40874161636291E-17
0	0	154	0	5.12505404419825E-02	0
0	0	155	-1.55290528138416E-22	4.79046895766411E-02	0
0	0	156	0	4.47424880605483E-02	0
0	0	157	0	4.17540191502844E-02	0
0	0	158	0	3.89301955325815E-02	0
0	0	159	-6.02898172328901E-22	3.62619542072248E-02	0
0	0	160	-1.07959687950209E-18	3.37408652769917E-02	0
0	0	161	1.38764911225664E-18	3.13591403755159E-02	-1.09933538487747E-17
0	0	162	0	2.91091432882281E-02	0
0	0	163	0	2.69838815927039E-02	0
0	0	164	0	0.024976427056053	0
0	0	165	0	2.30805002624103E-02	0
0	0	166	0	0.02129004240151	0
0	0	167	0	1.95992536160325E-02	0
0	0	168	-1.27728898915959E-18	1.80028234645467E-02	3.19322247289897E-19
0	0	169	0	1.64954505465373E-02	0
0	0	170	0	1.50724509477613E-02	0
0	0	171	0	1.37289594645123E-02	0
0	0	172	0	1.24608990666168E-02	0
0	0	173	0	1.12642538854834E-02	0
0	0	174	0	1.01347786095684E-02	0
0	0	175	0	9.06905461667687E-03	0
0	0	176	0	8.06356724334239E-03	0
0	0	177	0	7.11502879975285E-03	0
0	0	178	-3.13167209492081E-19	6.22033402176113E-03	0
0	0	179	0	5.3765398221006E-03	0
0	0	180	4.21398160679697E-22	4.58091037143331E-03	-8.25785970055249E-18
0	0	181	0	3.83079847016471E-03	0
0	0	182	0	3.12371538574335E-03	0
0	0	183	0	2.45737496505214E-03	0
0	0	184	0	1.82949899780567E-03	0
0	0	185	0	1.23807014327299E-03	0
0	0	186	-1.40059041458792E-20	6.81068067453748E-04	0
0	0	187	0	1.56649580038895E-04	0
0	0	188	0	-3.36967824432897E-04	0
0	0	189	3.58129778924143E-20	-8.01418078320767E-04	-1.17929025359563E-19
0	0	190	0	-1.2383046970064E-03	0
0	0	191	0	-1.64910555037058E-03	0
0	0	192	0	-2.03522217755113E-03	0
0	0	193	0	-2.39804005028507E-03	0
0	0	194	0	-2.73873107972002E-03	0
0	0	195	0	-3.05849510668344E-03	0
0	0	196	0	-3.35849904994696E-03	0
0	0	197	0	-3.63976081525104E-03	0
0	0	198	0	-3.90335485307243E-03	0
0	0	199	0	-4.15015905533968E-03	0
0	0	200	0	-4.38110431214171E-03	0
0	0	201	0	-4.59705012059803E-03	0
0	0	202	-4.79575375059368E-23	-4.79880695275311E-03	-1.5337988501289E-18
0	0	203	0	-4.98711822729678E-03	0
0	0	204	-1.36564480993442E-22	-5.16272226521116E-03	-5.97344326834797E-19
0	0	205	0	-5.32630570811792E-03	0
0	0	206	0	-5.47849390310504E-03	0
0	0	207	0	-5.61986752280035E-03	0
0	0	208	-3.68024555922291E-19	-5.75104475459736E-03	-1.51115665339637E-18
0	0	209	-2.08404660124871E-22	-5.87256861891414E-03	0
0	0	210	0	-5.98497015631904E-03	0
0	0	211	-1.20829266410685E-22	-6.08871315501023E-03	-3.27160062957706E-18
0	0	212	0	-6.18428919836808E-03	0
0	0	213	0	-6.27212245003532E-03	0
0	0	214	4.0640439159599E-19	-6.35264610097461E-03	0
0	0	215	2.05520386479776E-19	-6.42624255043897E-03	-1.38799218732258E-18
0	0	216	-3.91867019979502E-22	-6.4933108531962E-03	1.04131156147235E-19
0	0	217	0	-6.55415943503513E-03	0
0	0	218	0	-6.60915549723342E-03	0
0	0	219	0	-6.65860519317686E-03	0
0	0	220	0	-6.7028289851616E-03	0
0	0	221	0	-6.74210154196696E-03	0
0	0	222	0	-6.77669242551482E-03	0
0	0	223	0	-6.80686130210128E-03	0
0	0	224	0	-6.83286305020097E-03	0
0	0	225	0	-6.85490676053175E-03	0
0	0	226	0	-6.87322189818411E-03	0
0	0	227	0	-6.88802537856459E-03	0
0	0	228	-2.34808037455377E-23	-6.89951056640614E-03	0
0	0	229	0	-6.90786526728715E-03	0
0	0	230	0	-6.91326484764754E-03	0
0	0	231	3.16067708014736E-22	-6.91588605800213E-03	0
0	0	232	0	-6.9158591068753E-03	0
0	0	233	0	-6.91336943053016E-03	0
0	0	234	0	-6.90854084420655E-03	0
0	0	235	-2.42307427218919E-22	-6.90152729972709E-03	-7.78229962576175E-19
0	0	236	0	-6.89244812641429E-03	0
0	0	237	-1.0996415042934E-19	-6.88143490313963E-03	4.3985095953075E-19
0	0	238	0	-6.86857312645903E-03	0
0	0	239	0	-6.85400524807696E-03	4.43556001710723E-19
0	0	240	5.06922071908473E-19	-6.83783080152055E-03	0
0	0	241	2.60831029211055E-23	-6.82015017797356E-03	-1.91579295627691E-19
0	0	242	7.64160631702302E-19	-6.80104813483141E-03	3.82080315851151E-19
0	0	243	0	-6.78061730342363E-03	0
0	0	244	-3.14440424042341E-19	-6.7589500836939E-03	0
0	0	245	0	-6.73610963993623E-03	0
0	0	246	-9.11576300965571E-20	-6.71218777132295E-03	0
0	0	247	0	-6.6872541509445E-03	0
0	0	248	0	-6.66138492152168E-03	0
0	0	249	0	-6.63465829304291E-03	0
0	0	250	-7.4673792242343E-23	-6.60710916888939E-03	-2.34835921930669E-19
0	0	251	1.99428303717325E-18	-6.57880318004743E-03	-3.69248979275279E-19
0	0	252	-6.36434183100335E-19	-6.54978917750974E-03	-1.01896158897229E-18
0	0	253	1.01356143566513E-18	-6.52013855724611E-03	0
0	0	254	0	-6.48988793471989E-03	9.29734723364346E-19
0	0	255	-3.97267608326624E-25	-6.45908779025054E-03	4.65699098816119E-21
0	0	256	0	-6.42778118138429E-03	0
0	0	257	-9.46839672384391E-19	-6.39602589751098E-03	0
0	0	258	-9.42123541808309E-19	-6.36383683601601E-03	1.28370954113375E-18
0	0	259	0	-6.3312353921772E-03	0
0	0	260	0	-6.29833761585176E-03	0
0	0	261	0	-6.26515875999058E-03	0
0	0	262	0	-6.23169335654603E-03	0
0	0	263	0	-6.19794138973891E-03	0
0	0	264	0	-6.16390285956923E-03	0
0	0	265	2.41594324901481E-22	-6.1297925035744E-03	1.50072690913985E-19
0	0	266	8.54121737873561E-23	-6.0954095812217E-03	-5.62049090056253E-19
0	0	267	5.91822965186536E-23	-6.06095737451286E-03	-6.79639384025016E-19
0	0	268	1.53557859614349E-22	-6.02643588344788E-03	-3.02307570613323E-19
0	0	269	2.12213303909424E-22	-5.99184510802676E-03	-8.89423828548889E-20
0	0	270	6.59048384999101E-23	-5.95718504824949E-03	-6.62280505395866E-19
0	0	271	0	-5.92237518453109E-03	0
0	0	272	0	-5.8876302042323E-03	0
0	0	273	0	-5.8528293930928E-03	0
0	0	274	0	-5.81797275111258E-03	0
0	0	275	-1.3963746175619E-22	-5.78309853139766E-03	0
0	0	276	1.03834165266505E-23	-5.74833288310308E-03	5.87350553410387E-20
0	0	277	-4.08185212660909E-23	-5.71364222396257E-03	0
0	0	278	-4.511860120198E-23	-5.67902655397612E-03	0
0	0	279	1.07271726076687E-24	-5.64448587314373E-03	0
0	0	280	-3.15032165537927E-23	-5.61002018146541E-03	4.65821956095491E-19
0	0	281	1.35328170927478E-22	-5.57562947894115E-03	0
0	0	282	7.76899295701325E-23	-5.54131376557096E-03	0
0	0	283	1.99087038762079E-19	-5.50696000525466E-03	3.30649730157201E-19
0	0	284	1.97174442118458E-19	-5.47299413709232E-03	-3.17174460400602E-20
0	0	285	0	-5.43915751155292E-03	0
0	0	286	0	-5.40540036002147E-03	0
0	0	287	0	-5.37181574600635E-03	0
0	0	288	0	-5.33840366950755E-03	0
0	0	289	0	-5.30516413052508E-03	0
0	0	290	0	-5.27209712905894E-03	0
0	0	291	0	-5.23920266510911E-03	0
0	0	292	0	-5.20648073867562E-03	0
0	0	293	-2.77574671766035E-19	-5.17390041572063E-03	0
0	0	294	-2.75373946023032E-19	-5.14153925800119E-03	1.8008465044266E-20
0	0	295	-2.72591940584645E-19	-5.10934980382695E-03	5.01554497197478E-19
0	0	296	0	-5.07711900050257E-03	0
0	0	297	0	-5.04529350254453E-03	0
0	0	298	0	-5.01369161686039E-03	0
0	0	299	0	-4.98231334345014E-03	0
0	0	300	0	-4.95115868231381E-03	0
0	0	301	5.33302461529829E-19	-4.92022870748423E-03	0
0	0	302	5.30612159800284E-19	-4.88952453207758E-03	6.22081514013919E-19
0	0	303	5.27892612544961E-19	-4.85904163293024E-03	1.95567676592381E-18
0	0	304	5.2418057491778E-19	-4.8287800100422E-03	1.3283459782691E-18
0	0	305	5.20643575556469E-19	-4.79873966341347E-03	8.11444509059629E-19
0	0	306	5.17542025077595E-19	-4.76892059304406E-03	1.91293268056302E-18
0	0	307	5.14079640177924E-19	-4.73932279893395E-03	1.24913463954568E-18
0	0	308	5.10771170362601E-19	-4.70994628108314E-03	7.93446999434035E-19
0	0	309	5.07407407725735E-19	-4.68079103949165E-03	1.87018859520224E-18
0	0	310	5.04203934389916E-19	-4.65185707415947E-03	1.26985407198591E-18
0	0	311	0	-4.62318206831116E-03	0
0	0	312	0	-4.59472898026794E-03	0
0	0	313	0	-4.56658851394749E-03	0
0	0	314	0	-4.53858069166224E-03	0
0	0	315	0	-4.51079902705723E-03	0
0	0	316	0	-4.48324352013245E-03	0
0	0	317	0	-4.45591417088791E-03	0
0	0	318	0	-4.4288109793236E-03	0
0	0	319	0	-4.40193394543952E-03	0
0	0	320	0	-4.37528306923568E-03	0
0	0	321	0	-4.34885835071208E-03	0
0	0	322	0	-4.3226597898687E-03	0
0	0	323	0	-4.29668738670556E-03	0
0	0	324	0	-4.27094114122266E-03	0
0	0	325	0	-4.24542105341999E-03	0
0	0	326	0	-4.22012712329756E-03	0
0	0	327	0	-4.19505935085536E-03	0
0	0	328	0	-4.17021773609339E-03	0
0	0	329	0	-4.14560227901166E-03	0
0	0	330	8.26918302690575E-23	-4.12127796471884E-03	3.70014594791773E-19
0	0	331	5.22855184837065E-23	-4.0971399579956E-03	2.20114569019948E-19
0	0	332	1.43668332736799E-22	-4.07321042194052E-03	7.10225638256902E-19
0	0	333	1.30995200880833E-22	-4.04948797027838E-03	7.03495622810383E-19
0	0	334	6.15274758929155E-23	-4.02597224952038E-03	2.6792356384305E-19
0	0	335	1.05648937168843E-22	-4.0026632596665E-03	6.90005299256998E-19
0	0	336	4.83474187626797E-23	-3.97956100071674E-03	2.61986210270066E-19
0	0	337	4.17573901975776E-23	-3.9566654726711E-03	2.590023871534E-19
0	0	338	6.76295416008839E-23	-3.93397667552959E-03	6.69694082276047E-19
0	0	339	2.63790766775476E-23	-3.91149460929221E-03	2.18846195488959E-19
0	0	340	4.39746090044482E-23	-3.88921927395895E-03	6.8994548741362E-19
0	0	341	1.42128700957922E-23	-3.86715066952981E-03	2.13438963472086E-19
0	0	342	8.12976680492654E-24	-3.8452887960048E-03	2.10720201133476E-19
0	0	343	4.263882320936E-24	-3.82363365338391E-03	6.35640102905467E-19
0	0	344	-4.3728097582311E-24	-3.80218524166715E-03	2.37832893840143E-19
0	0	345	-2.19256766466961E-23	-3.78094356085451E-03	6.54212789782021E-19
0	0	346	0	-0.003759908610946	-1.83648779199023E-19
0	0	347	-2.13422568921718E-23	-3.73908091733344E-03	6.18395255007475E-19
0	0	348	0	-3.71844282263331E-03	3.63246852814416E-19
0	0	349	-1.34688786885818E-24	-3.69798830131849E-03	6.09897779433112E-19
0	0	350	0	-3.67771735338898E-03	3.59268467442359E-19
0	0	351	0	-3.65762997884478E-03	3.57306174102773E-19
0	0	352	0	-3.63772617768589E-03	3.55361813660815E-19
0	0	353	-3.86438501777806E-23	-3.61800594991232E-03	3.17444585325651E-19
0	0	354	4.86415346894395E-23	-3.59846929552405E-03	5.88967916205699E-19
0	0	355	0	-3.57911621452109E-03	3.49636329720711E-19
0	0	356	1.28694194461426E-22	-3.55994670690345E-03	7.84559576485888E-19
0	0	357	0	-3.54096077267111E-03	3.45909004915449E-19
0	0	358	0	-3.52215841182409E-03	3.44072241859261E-19
0	0	359	9.86299572477368E-23	-3.50353962436237E-03	5.68486375418991E-19
0	0	360	0	-3.48510441028597E-03	3.40452514439768E-19
0	0	361	2.22422486758234E-22	-3.46685276959488E-03	7.54450311285041E-19
0	0	362	0	-3.4487847022891E-03	3.36904518610788E-19
0	0	363	0	-3.43090020836862E-03	3.3515742004274E-19
0	0	364	1.48618379806034E-22	-3.41319928783346E-03	5.48453157072988E-19
0	0	365	1.38789056277979E-22	-3.39568194068361E-03	5.17902400784529E-19
0	0	366	1.68613748829348E-22	-3.37834816691908E-03	5.40565400017984E-19
0	0	367	1.78611433341005E-22	-3.36119796653985E-03	5.36648420836924E-19
0	0	368	0	-3.34423133954593E-03	3.26690920666925E-19
0	0	369	1.98606802364332E-22	-3.32744828593732E-03	5.2886826116769E-19
0	0	370	2.08604486875988E-22	-3.31084880571403E-03	5.25005080679514E-19
0	0	371	0	-3.29400703969812E-03	0
0	0	372	0	-3.2777171754435E-03	0
0	0	373	0	-3.26160920950975E-03	0
0	0	374	0	-3.24568314189687E-03	0
0	0	375	5.95547601450213E-22	-3.22935307129806E-03	1.24691895186952E-18
0	0	376	5.20962037780922E-22	-3.21358261363145E-03	1.23907638714237E-18
0	0	377	4.4637647411163E-22	-3.19794809850337E-03	1.23126636306197E-18
0	0	378	3.71790910442338E-22	-3.18244952591383E-03	1.22348887962832E-18
0	0	379	2.97205346773046E-22	-3.16708689586282E-03	1.21574393684142E-18
0	0	380	3.75769638194599E-19	-3.15185417854538E-03	1.19152509662841E-18
0	0	381	3.74045630506839E-19	-3.13675328078262E-03	1.18062895035367E-18
0	0	382	3.7239985866638E-19	-3.12179111059627E-03	1.11403124197993E-18
0	0	383	3.70647426085719E-19	-3.10696766798634E-03	1.15883665780419E-18
0	0	384	3.68597369165922E-19	-3.09228295295281E-03	1.53058734870593E-18
0	0	385	3.67663713864697E-19	-3.07773696549569E-03	7.58029576836473E-19
0	0	386	3.65994941842066E-19	-3.06332970561497E-03	7.5076547931998E-19
0	0	387	3.64342773470901E-19	-3.04906117331067E-03	7.43501381803487E-19
0	0	388	3.62707208751203E-19	-3.03493136858277E-03	7.36237284286994E-19
0	0	389	3.61088247682971E-19	-3.02094029143129E-03	7.28973186770501E-19
0	0	390	3.59485890266205E-19	-3.00708794185621E-03	7.21709089254008E-19
0	0	391	3.57900136500906E-19	-2.99337431985754E-03	7.14444991737515E-19
0	0	392	3.56330986387073E-19	-2.97979942543528E-03	7.07180894221022E-19
0	0	393	3.54652623068093E-19	-2.96636325858943E-03	1.04987519505679E-18
0	0	394	3.53158467744311E-19	-2.95306581931998E-03	9.89503855982909E-19
0	0	395	3.51662942235336E-19	-2.93990710762695E-03	9.7912657381649E-19
0	0	396	3.50177953366398E-19	-2.92688712351032E-03	1.01718675623258E-18
0	0	397	3.48721702171784E-19	-2.91400586697011E-03	9.58372009483653E-19
0	0	398	3.47275987617208E-19	-2.9012633380063E-03	9.47994727317234E-19
0	0	399	3.45852716527899E-19	-2.8886595366189E-03	9.84498317408357E-19
0	0	400	3.44434369462455E-19	-2.8761944628079E-03	9.27240162984398E-19
0	0	401	3.42955799678556E-19	-2.86386811657332E-03	6.41804016572586E-19
0	0	402	3.41783392386777E-19	-2.85168049791515E-03	1.22375555817961E-18
0	0	403	2.82435320198603E-23	-2.84036852816593E-03	3.73193313910616E-19
0	0	404	3.05219232724089E-23	-2.82839517693513E-03	3.23757695633606E-19
0	0	405	-4.15208640313332E-23	-2.81652443403345E-03	0
0	0	406	9.02991188195226E-23	-2.8047562994609E-03	6.81824544765518E-19
0	0	407	0	-2.79309077321748E-03	0
0	0	408	-1.07514508584919E-22	-2.78152785530318E-03	0
0	0	409	1.2764161510181E-22	-2.77006754571802E-03	6.63911625948631E-19
0	0	410	7.47141940600188E-23	-2.75870984446198E-03	3.50901681605157E-19
0	0	411	-8.13528600657413E-23	-2.74745475153506E-03	0
0	0	412	-2.41976696696526E-22	-2.73630226693728E-03	0
0	0	413	1.65602836135162E-22	-2.72525239066862E-03	5.9735921857993E-19
0	0	414	0	-2.71430512272909E-03	0
0	0	415	-2.15815048177361E-22	-2.70346046311869E-03	0
0	0	416	0	-2.69271841183741E-03	0
0	0	417	2.27221605187831E-22	-2.68207896888527E-03	6.16143842436933E-19
0	0	418	3.31763661650889E-19	-2.67154203380113E-03	-3.78542802800036E-19
0	0	419	3.30356964422309E-19	-2.66110652748039E-03	-6.60713928844619E-19
0	0	420	3.291919401722E-19	-2.65077215728359E-03	-3.78878894495102E-19
0	0	421	3.27803646378935E-19	-2.64053892321075E-03	-6.5560729275787E-19
0	0	422	3.26937481977008E-19	-2.63040682526185E-03	2.07347882664677E-19
0	0	423	3.25556496005532E-19	-2.6203758634369E-03	-1.08541624269792E-19
0	0	424	3.24217921931829E-19	-2.6104460377359E-03	-3.41526224955756E-19
0	0	425	3.23270955293123E-19	-2.60061734815884E-03	1.88848844099506E-19
0	0	426	3.2191613721987E-19	-2.59088979470574E-03	-1.17699510655794E-19
0	0	427	3.20606605553886E-19	-2.58126337737658E-03	-3.43697080175484E-19
0	0	428	3.19862167600765E-19	-2.57173809617136E-03	4.27421174790812E-19
0	0	429	3.18240681465508E-19	-2.5623139510901E-03	-3.81634283017706E-19
0	0	430	0	-2.55299024510953E-03	0
0	0	431	0	-2.54386677431071E-03	0
0	0	432	0	-2.53482009132102E-03	0
0	0	433	0	-2.52585019614044E-03	0
0	0	434	0	-2.51695708876899E-03	0
0	0	435	0	-2.50814076920666E-03	0
0	0	436	0	-2.49940123745345E-03	0
0	0	437	0	-2.49073849350936E-03	0
0	0	438	0	-2.48215253737439E-03	0
0	0	439	0	-2.47364336904855E-03	0
0	0	440	0	-2.46521098853182E-03	0
0	0	441	0	-2.45685539582422E-03	0
0	0	442	0	-2.44857659092573E-03	0
0	0	443	0	-2.44037457383637E-03	0
0	0	444	0	-2.43224934455613E-03	0
0	0	445	0	-2.42420090308501E-03	0
0	0	446	0	-2.41622924942301E-03	0
0	0	447	0	-2.40833438357013E-03	0
0	0	448	0	-2.40051630552637E-03	0
0	0	449	0	-2.39277501529174E-03	0
0	0	450	0	-2.38511051286622E-03	0
0	0	451	0	-2.37752279824983E-03	0
0	0	452	0	-2.37001187144256E-03	0
0	0	453	0	-2.36257773244441E-03	0
0	0	454	0	-2.35522038125538E-03	0
0	0	455	0	-2.34793981787547E-03	0
0	0	456	0	-2.34073604230468E-03	0
0	0	457	0	-2.33360905454301E-03	0
0	0	458	0	-2.32683972401556E-03	-2.79174260029456E-19
0	0	459	1.42486785749652E-21	-2.31981174168475E-03	2.9833562831837E-19
0	0	460	3.75305492507296E-22	-2.3128575970771E-03	-9.59497518166585E-20
0	0	461	2.97243939447526E-22	-2.30597729019262E-03	-9.70621699090224E-20
0	0	462	2.50494155871722E-22	-2.29917082103131E-03	-7.28018616750763E-20
0	0	463	1.41120833327978E-22	-2.29243818959316E-03	-9.93135832466766E-20
0	0	464	1.26118560536432E-22	-2.28577939587818E-03	7.33426843472301E-20
0	0	465	0	-2.27919443988636E-03	7.02569126500638E-20
0	0	466	0	-2.27277964968898E-03	0
0	0	467	0	-2.26646671431228E-03	0
0	0	468	0	-2.26021118138259E-03	0
0	0	469	0	-2.25401305089991E-03	0
0	0	470	0	-2.24787232286423E-03	0
0	0	471	0	-2.24178899727556E-03	0
0	0	472	0	-2.2357630741339E-03	0
0	0	473	0	-2.22979455343924E-03	0
0	0	474	0	-2.22388343519159E-03	0
0	0	475	0	-2.21802971939094E-03	0
0	0	476	0	-2.21223340603731E-03	0
0	0	477	0	-2.20649449513067E-03	0
0	0	478	0	-2.20081298667105E-03	0
0	0	479	0	-2.19518888065843E-03	0
0	0	480	0	-2.18962217709281E-03	0
0	0	481	0	-2.1841128759742E-03	0
0	0	482	0	-2.1786609773026E-03	0
0	0	483	0	-2.17326648107801E-03	0
0	0	484	0	-2.16792938730042E-03	0
0	0	485	0	-2.16264969596984E-03	0
0	0	486	0	-2.15742740708626E-03	0
0	0	487	0	-2.15226252064969E-03	0
0	0	488	0	-2.14715503666013E-03	0
0	0	489	0	-2.14210495511757E-03	0
0	0	490	0	-2.13711227602202E-03	0
0	0	491	0	-2.13217699937347E-03	0
0	0	492	0	-2.12729912517193E-03	0
0	0	493	0	-2.1224786534174E-03	0
0	0	494	0	-2.11771558410987E-03	0
0	0	495	0	-2.11300991724935E-03	0
0	0	496	0	-2.10836165283584E-03	0
0	0	497	0	-2.10377079086933E-03	0
0	0	498	0	-2.09923733134983E-03	0
0	0	499	0	-2.09476127427734E-03	0
0	0	500	0	-2.09034261965185E-03	0
0	0	501	0	-2.08598136747336E-03	0
0	0	502	0	-2.08167751774189E-03	0
0	0	503	0	-2.07743107045742E-03	0
0	0	504	0	-2.07324202561995E-03	0
0	0	505	0	-2.0691103832295E-03	0
0	0	506	0	-2.06503614328605E-03	0
0	0	507	0	-2.0610193057896E-03	0
0	0	508	0	-2.05705987074016E-03	0
0	0	509	0	-2.05315783813773E-03	0
0	0	510	0	-2.0493132079823E-03	0
0	0	511	0	-2.04552598027388E-03	0
0	0	512	0	-2.04179615501247E-03	0
0	0	513	0	-2.03812373219806E-03	0
0	0	514	0	-2.03450871183066E-03	0
0	0	515	0	-2.03095109391026E-03	0
0	0	516	0	-2.02737602031942E-03	0
0	0	517	0	-2.02380769968562E-03	0
0	0	518	0	-2.02029293990969E-03	0
0	0	519	0	-2.01683174099163E-03	0
0	0	520	0	-2.01342410293143E-03	0
0	0	521	0	-2.01007002572911E-03	0
0	0	522	0	-2.00676341575606E-03	6.52319689506785E-20
0	0	523	0	-2.0034874751197E-03	-1.20362427802543E-19
0	0	524	0	-2.00025715566052E-03	-1.08124876245002E-19
0	0	525	0	-1.9970724573785E-03	-3.68717203007863E-20
0	0	526	0	-1.99393338027366E-03	6.74257976296038E-20
0	0	527	0	-1.99083992434598E-03	6.48708828417273E-20
0	0	528	0	-1.98823750957295E-03	0
0	0	529	0	-1.98530823862053E-03	0
0	0	530	0	-1.98242120910779E-03	0
0	0	531	0	-1.97957642103473E-03	0
0	0	532	0	-1.97677387440135E-03	0
0	0	533	0	-1.97401356920766E-03	0
0	0	534	0	-1.97129550545364E-03	0
0	0	535	0	-1.96861968313931E-03	0
0	0	536	0	-1.96598610226466E-03	0
0	0	537	0	-1.96339476282969E-03	0
0	0	538	0	-1.9608456648344E-03	0
0	0	539	0	-1.9583388082788E-03	0
0	0	540	0	-1.95587419316287E-03	0
0	0	541	0	-1.95345181948663E-03	0
0	0	542	0	-1.95107168725007E-03	0
0	0	543	0	-1.94873379645318E-03	0
0	0	544	0	-1.94643814709598E-03	0
0	0	545	0	-1.94418473917847E-03	0
0	0	546	0	-1.94197357270063E-03	0
0	0	547	0	-1.93980464766247E-03	0
0	0	548	0	-0.001937677964064	0
0	0	549	0	-1.93559352190521E-03	0
0	0	550	0	-1.9335513211861E-03	0
0	0	551	0	-1.93155136190667E-03	0
0	0	552	0	-1.92959364406692E-03	0
0	0	553	0	-1.92767816766686E-03	0
0	0	554	0	-1.92580493270647E-03	0
0	0	555	0	-1.92397393918577E-03	0
0	0	556	0	-1.92218518710475E-03	0
0	0	557	0	-1.9204386764634E-03	0
0	0	558	0	-1.91873440726175E-03	0
0	0	559	0	-1.91707237949977E-03	0
0	0	560	0	-1.91545259317747E-03	0
0	0	561	0	-1.91387504829486E-03	0
0	0	562	0	-1.91233974485192E-03	0
0	0	563	0	-1.91084668284867E-03	0
0	0	564	0	-1.9093958622851E-03	0
0	0	565	0	-1.90798728316121E-03	0
0	0	566	0	-0.001906620945477	0
0	0	567	0	-1.90529684923248E-03	0
0	0	568	0	-1.90401499442763E-03	0
0	0	569	0	-1.90277538106247E-03	0
0	0	570	0	-1.90157800913699E-03	0
0	0	571	0	-1.90042287865119E-03	0
0	0	572	0	-1.89930998960507E-03	0
0	0	573	0	-1.89823934199863E-03	0
0	0	574	0	-1.89721093583188E-03	0
0	0	575	0	-1.8962247711048E-03	0
0	0	576	0	-1.89528084781741E-03	0
0	0	577	0	-1.8943791659697E-03	0
0	0	578	0	-1.89351972556167E-03	0
0	0	579	0	-1.89268126834942E-03	0
0	0	580	0	-1.89186528763099E-03	0
0	0	581	0	-1.89108937190456E-03	0
0	0	582	0	-1.89035352117011E-03	0
0	0	583	0	-1.88965773542767E-03	0
0	0	584	0	-1.88900201467722E-03	0
0	0	585	0	-1.88838635891876E-03	0
0	0	586	0	-1.8878107681523E-03	0
0	0	587	0	-1.88727524237783E-03	0
0	0	588	0	-1.88677978159536E-03	0
0	0	589	0	-1.88632438580488E-03	0
0	0	590	0	-1.8859090550064E-03	0
0	0	591	0	-1.88553378919991E-03	0
0	0	592	0	-1.88519858838542E-03	0
0	0	593	0	-1.88490345256292E-03	0
0	0	594	0	-1.88464838173241E-03	0
0	0	595	0	-1.88443337589391E-03	0
0	0	596	0	-1.88425843504739E-03	0
0	0	597	0	-1.88412355919287E-03	0
0	0	598	0	-1.88402874833035E-03	0
0	0	599	0	-1.88397400245982E-03	0
0	0	600	0	-1.88433229548731E-03	-2.18014397008696E-07
