fieldmap_name:     	SWLS Sirius
timestamp:         	2022-08-15_16-13-51
filename:          	2022-08-15_SWLS_Sirius_Model8.0_longshift_Z=-600_600mm.txt
MagNet_file:       	SWLS_Sirius_Model8.0_longshift.mn
nr_magnets:        	1

magnet_name:       	SWLS
gap[mm]:           	
control_gap[mm]:   	--
magnet_length[mm]: 	
current_main[A]:   	--
NI_main[A.esp]:    	--
center_pos_z[mm]:  	0
center_pos_x[mm]:  	0
rotation[deg]:     	0

X[mm]	Y[mm]	Z[mm]	Bx	By	Bz [T]
------------------------------------------------------------------------------------------------------------------------------------------------------------------
0	0	-600	6.85007600912525E-08	-1.82890928019821E-03	1.48072434186098E-09
0	0	-599	6.80027448635987E-08	-1.8289281672637E-03	-4.9534062833956E-08
0	0	-598	6.74533903939429E-08	-1.82898501314021E-03	-1.0081391318825E-07
0	0	-597	6.72991634795123E-08	-1.82907937775378E-03	-1.52366021918847E-07
0	0	-596	6.71733076445532E-08	-1.82921177972394E-03	-2.04090614335562E-07
0	0	-595	6.70758228890655E-08	-1.82938221905069E-03	-2.55987690438398E-07
0	0	-594	6.70067092130491E-08	-1.82959069573403E-03	-3.08057250227342E-07
0	0	-593	6.60040729656517E-08	-1.82983939380521E-03	-3.5641837759285E-07
0	0	-592	6.55415894404444E-08	-1.83012207530967E-03	-4.03020472987931E-07
0	0	-591	6.57156520953082E-08	-1.83044275978798E-03	-4.54952636289298E-07
0	0	-590	6.58613115409791E-08	-1.8308015627955E-03	-5.06955591900441E-07
0	0	-589	6.59785677774573E-08	-1.83119848433222E-03	-5.5902933982131E-07
0	0	-588	6.60674208047427E-08	-1.83163352439814E-03	-6.11173880051929E-07
0	0	-587	6.61278706228354E-08	-1.83210668299328E-03	-6.63389212592299E-07
0	0	-586	6.61599172317351E-08	-1.83261796011761E-03	-7.15675337442456E-07
0	0	-585	6.6163560631442E-08	-1.83316735577115E-03	-7.6803225460233E-07
0	0	-584	6.61388008219562E-08	-1.8337548699539E-03	-8.20459964071952E-07
0	0	-583	6.62391713257542E-08	-1.83438343798319E-03	-8.64880640792003E-07
0	0	-582	6.64027211199281E-08	-1.83504649784132E-03	-9.17562845256092E-07
0	0	-581	6.65248573195514E-08	-1.83574799273169E-03	-9.70382863632558E-07
0	0	-580	6.6605579924624E-08	-1.8364879226543E-03	-1.02334069592146E-06
0	0	-579	6.6644888935146E-08	-1.83726628760915E-03	-1.07643634212262E-06
0	0	-578	6.66427843511174E-08	-1.83808308759624E-03	-1.12966980223622E-06
0	0	-577	6.6599266172538E-08	-1.83893832261557E-03	-1.1830410762622E-06
0	0	-576	6.65143343994081E-08	-1.83983199266713E-03	-1.23655016420055E-06
0	0	-575	6.63879890317275E-08	-1.84076409775094E-03	-1.29019706605128E-06
0	0	-574	6.62202300694962E-08	-1.84173463786698E-03	-1.34398178181438E-06
0	0	-573	6.63613489897008E-08	-1.84274652243611E-03	-1.39002904086522E-06
0	0	-572	6.65980493914646E-08	-1.84379443977251E-03	-1.44431137484922E-06
0	0	-571	6.67135754917232E-08	-1.84488132056434E-03	-1.49880348829898E-06
0	0	-570	6.67079272904768E-08	-1.8460071648116E-03	-1.5535053812145E-06
0	0	-569	6.65811047877252E-08	-1.84717197251429E-03	-1.60841705359577E-06
0	0	-568	6.63331079834685E-08	-1.84837574367241E-03	-1.6635385054428E-06
0	0	-567	6.59639368777067E-08	-1.84961847828596E-03	-1.71886973675559E-06
0	0	-566	6.54735914704397E-08	-1.85090017635493E-03	-1.77441074753414E-06
0	0	-565	6.48620717616677E-08	-1.85222083787934E-03	-1.83016153777844E-06
0	0	-564	6.68973091500454E-08	-1.85358590443857E-03	-1.87784074639466E-06
0	0	-563	6.72621938532194E-08	-1.85498584757514E-03	-1.9342169580337E-06
0	0	-562	6.74972319931287E-08	-1.85642560973882E-03	-1.99087728458799E-06
0	0	-561	6.76024235697733E-08	-1.85790519092962E-03	-2.04782172605754E-06
0	0	-560	6.75777685831531E-08	-1.85942459114752E-03	-2.10505028244235E-06
0	0	-559	6.74232670332681E-08	-1.86098381039255E-03	-2.16256295374241E-06
0	0	-558	6.71389189201185E-08	-1.86258284866468E-03	-2.22035973995773E-06
0	0	-557	6.67247242437041E-08	-1.86422170596393E-03	-2.2784406410883E-06
0	0	-556	6.61806830040249E-08	-1.86590038229029E-03	-2.33680565713413E-06
0	0	-555	6.55067952010811E-08	-1.86761887764377E-03	-2.39545478809522E-06
0	0	-554	6.81622035684803E-08	-1.86938339811653E-03	-2.445871547684E-06
0	0	-553	6.85263609408921E-08	-1.87118393946828E-03	-2.50534131909995E-06
0	0	-552	6.87510775409143E-08	-1.87302541062107E-03	-2.56517779595294E-06
0	0	-551	6.88363533685468E-08	-1.87490781157489E-03	-2.625380978243E-06
0	0	-550	6.87821884237897E-08	-1.87683114232976E-03	-2.6859508659701E-06
0	0	-549	6.8588582706643E-08	-1.87879540288567E-03	-2.74688745913425E-06
0	0	-548	6.82555362171066E-08	-1.88080059324262E-03	-2.80819075773546E-06
0	0	-547	6.77830489551806E-08	-1.88284671340061E-03	-2.86986076177371E-06
0	0	-546	6.71711209208649E-08	-1.88493376335964E-03	-2.93189747124902E-06
0	0	-545	6.92763381896885E-08	-1.8870671237839E-03	-2.9852968120973E-06
0	0	-544	6.97907371556563E-08	-1.88923838426075E-03	-3.04828268160642E-06
0	0	-543	7.01542986028112E-08	-1.89145195717058E-03	-3.11172578235372E-06
0	0	-542	7.03670225311534E-08	-1.89370784251339E-03	-3.1756261143392E-06
0	0	-541	7.04289089406826E-08	-1.89600604028917E-03	-3.23998367756286E-06
0	0	-540	7.03399578313991E-08	-1.89834655049793E-03	-3.30479847202469E-06
0	0	-539	7.01001692033028E-08	-1.90072937313967E-03	-3.3700704977247E-06
0	0	-538	6.97095430563936E-08	-1.90315450821438E-03	-3.43579975466289E-06
0	0	-537	6.91680793906716E-08	-1.90562195572207E-03	-3.50198624283926E-06
0	0	-536	6.84757782061368E-08	-1.90813171566274E-03	-3.5686299622538E-06
0	0	-535	7.12985557851115E-08	-1.91069030995955E-03	-3.62640619884985E-06
0	0	-534	7.18243594493436E-08	-1.91328838552913E-03	-3.69423565517637E-06
0	0	-533	7.2186508540762E-08	-1.91593044565248E-03	-3.76262299220922E-06
0	0	-532	7.23850030593666E-08	-1.91861649032961E-03	-3.83156820994841E-06
0	0	-531	7.24198430051574E-08	-1.92134651956051E-03	-3.90107130839393E-06
0	0	-530	7.22910283781345E-08	-1.92412053334519E-03	-3.97113228754579E-06
0	0	-529	7.19985591782977E-08	-1.92693853168364E-03	-4.04175114740399E-06
0	0	-528	7.15424354056473E-08	-1.92980051457586E-03	-4.11292788796852E-06
0	0	-527	7.0922657060183E-08	-1.93270648202187E-03	-4.18466250923939E-06
0	0	-526	7.0139224141905E-08	-1.93565643402164E-03	-4.2569550112166E-06
0	0	-525	7.37727040672867E-08	-1.93865888696991E-03	-4.32021688642822E-06
0	0	-524	7.43093676418406E-08	-1.94170216394027E-03	-4.39396361194397E-06
0	0	-523	7.46687612743181E-08	-1.94479140837284E-03	-4.4683816209709E-06
0	0	-522	7.48508849647191E-08	-1.94792662026763E-03	-4.54347091350901E-06
0	0	-521	7.48557387130436E-08	-1.95110779962462E-03	-4.61923148955828E-06
0	0	-520	7.46833225192918E-08	-1.95433494644382E-03	-4.69566334911873E-06
0	0	-519	7.43336363834634E-08	-1.95760806072523E-03	-4.77276649219035E-06
0	0	-518	7.38066803055587E-08	-1.96092714246885E-03	-4.85054091877314E-06
0	0	-517	7.31024542855775E-08	-1.96429219167468E-03	-4.9289866288671E-06
0	0	-516	7.60100827823503E-08	-1.96770971830937E-03	-4.9980882922027E-06
0	0	-515	7.67472036316903E-08	-1.97117177653837E-03	-5.07816696632992E-06
0	0	-514	7.72938055882686E-08	-1.97468212142078E-03	-5.15904608146109E-06
0	0	-513	7.76498886520851E-08	-1.97824075295659E-03	-5.24072563759622E-06
0	0	-512	7.78154528231399E-08	-1.98184767114581E-03	-5.32320563473529E-06
0	0	-511	7.77904981014329E-08	-1.98550287598843E-03	-5.40648607287832E-06
0	0	-510	7.75750244869642E-08	-1.98920636748445E-03	-5.4905669520253E-06
0	0	-509	7.71690319797336E-08	-1.99295814563388E-03	-5.57544827217623E-06
0	0	-508	7.65725205797413E-08	-1.99675821043671E-03	-5.66113003333111E-06
0	0	-507	7.57854902869873E-08	-2.00060656189294E-03	-5.74761223548995E-06
0	0	-506	7.95162912232756E-08	-2.00451201251901E-03	-5.82488093936963E-06
0	0	-505	8.0274213166034E-08	-2.00846410976637E-03	-5.91333348929674E-06
0	0	-504	8.08303537933177E-08	-2.01246717893077E-03	-6.00273517122459E-06
0	0	-503	8.11847131051265E-08	-2.01652122001221E-03	-6.09308598515318E-06
0	0	-502	8.13372911014605E-08	-2.02062623301068E-03	-6.18438593108252E-06
0	0	-501	8.12880877823196E-08	-2.02478221792618E-03	-6.2766350090126E-06
0	0	-500	8.10371031477039E-08	-2.02898917475872E-03	-6.36983321894342E-06
0	0	-499	8.05843371976134E-08	-2.0332471035083E-03	-6.46398056087498E-06
0	0	-498	7.9929789932048E-08	-2.03755600417491E-03	-6.55907703480729E-06
0	0	-497	8.26457490263944E-08	-2.04192154879781E-03	-6.6451053157479E-06
0	0	-496	8.36321315127694E-08	-2.04633903265074E-03	-6.74239410860312E-06
0	0	-495	8.44092530580174E-08	-2.05081057435667E-03	-6.84080489965886E-06
0	0	-494	8.49771136621385E-08	-2.05533617391559E-03	-6.94033768891509E-06
0	0	-493	8.53357133251326E-08	-2.0599158313275E-03	-7.04099247637183E-06
0	0	-492	8.54850520469996E-08	-2.06454954659241E-03	-7.14276926202906E-06
0	0	-491	8.54251298277397E-08	-2.0692373197103E-03	-7.2456680458868E-06
0	0	-490	8.51559466673527E-08	-2.07397915068119E-03	-7.34968882794503E-06
0	0	-489	8.46775025658388E-08	-2.07877503950507E-03	-7.45483160820376E-06
0	0	-488	8.39897975231978E-08	-2.08362498618193E-03	-7.561096386663E-06
0	0	-487	8.74076923846705E-08	-2.0885370561534E-03	-7.65902248294643E-06
0	0	-486	8.8417170394199E-08	-2.09350438784148E-03	-7.76791863158517E-06
0	0	-485	8.92153766569822E-08	-2.09852930385956E-03	-7.87813945792079E-06
0	0	-484	8.98023111730201E-08	-2.10361180420764E-03	-7.98968496195331E-06
0	0	-483	9.01779739423126E-08	-2.10875188888572E-03	-8.10255514368271E-06
0	0	-482	9.03423649648599E-08	-2.11394955789381E-03	-8.21675000310901E-06
0	0	-481	9.02954842406619E-08	-2.11920481123189E-03	-8.33226954023218E-06
0	0	-480	9.00373317697186E-08	-2.12451764889998E-03	-8.44911375505226E-06
0	0	-479	8.95679075520301E-08	-2.12988807089807E-03	-8.56728264756921E-06
0	0	-478	9.1670916993115E-08	-2.13531950297532E-03	-8.67797297901368E-06
0	0	-477	9.29118886770106E-08	-2.14081352151246E-03	-8.79906262209479E-06
0	0	-476	9.39460027055911E-08	-2.14636913674031E-03	-8.92171639136648E-06
0	0	-475	9.47732590788563E-08	-2.15198634865889E-03	-9.04593428682877E-06
0	0	-474	9.53936577968063E-08	-2.1576651572682E-03	-9.17171630848164E-06
0	0	-473	9.58071988594411E-08	-2.16340556256823E-03	-9.2990624563251E-06
0	0	-472	9.60138822667608E-08	-2.16920756455898E-03	-9.42797273035914E-06
0	0	-471	9.60137080187652E-08	-2.17507116324045E-03	-9.55844713058378E-06
0	0	-470	9.58066761154545E-08	-2.18099635861265E-03	-9.69048565699901E-06
0	0	-469	9.53927865568285E-08	-2.18698315067558E-03	-9.82408830960484E-06
0	0	-468	9.79866257068613E-08	-2.19303735099812E-03	-9.95161388439281E-06
0	0	-467	9.92518165241577E-08	-2.19915900746817E-03	-1.00887394760477E-05
0	0	-466	1.00320514576545E-07	-2.20534680990351E-03	-1.02277138914058E-05
0	0	-465	1.01192719864023E-07	-2.21160075830412E-03	-1.03685371304673E-05
0	0	-464	1.01868432386592E-07	-2.21792085267002E-03	-1.05112091932322E-05
0	0	-463	1.02347652144252E-07	-2.22430709300119E-03	-1.06557300797003E-05
0	0	-462	1.02630379137003E-07	-2.23075947929764E-03	-1.08020997898718E-05
0	0	-461	1.02716613364845E-07	-2.23727801155938E-03	-1.09503183237466E-05
0	0	-460	1.02606354827777E-07	-2.24386268978639E-03	-1.11003856813248E-05
0	0	-459	1.03767868890175E-07	-2.25051308723825E-03	-1.12458225273066E-05
0	0	-458	1.05256245222917E-07	-2.25724045474523E-03	-1.13998203491928E-05
0	0	-457	1.06562021309796E-07	-2.26403911101235E-03	-1.15560072499436E-05
0	0	-456	1.07685197150814E-07	-2.27090905603959E-03	-1.17143832295591E-05
0	0	-455	1.08625772745969E-07	-2.27785028982697E-03	-1.18749482880391E-05
0	0	-454	1.09383748095263E-07	-2.28486281237448E-03	-1.20377024253837E-05
0	0	-453	1.09959123198694E-07	-2.29194662368212E-03	-1.2202645641593E-05
0	0	-452	1.10351898056263E-07	-2.29910172374989E-03	-1.23697779366669E-05
0	0	-451	1.10562072667969E-07	-2.3063281125778E-03	-1.25390993106054E-05
0	0	-450	1.10589647033814E-07	-2.31362579016583E-03	-1.27106097634085E-05
0	0	-449	1.12114305604423E-07	-2.32099694988556E-03	-1.28791352735709E-05
0	0	-448	1.13659651226006E-07	-2.32845151641133E-03	-1.3055445800418E-05
0	0	-447	1.15035247063966E-07	-2.33598316961908E-03	-1.32343538460766E-05
0	0	-446	1.162410931183E-07	-2.3435919095088E-03	-1.34158594105466E-05
0	0	-445	1.17277189389009E-07	-2.35127773608051E-03	-1.35999624938281E-05
0	0	-444	1.18143535876094E-07	-2.35904064933419E-03	-1.3786663095921E-05
0	0	-443	1.18840132579554E-07	-2.36688064926986E-03	-1.39759612168253E-05
0	0	-442	1.19366979499389E-07	-2.3747977358875E-03	-1.41678568565411E-05
0	0	-441	1.19724076635599E-07	-2.38279190918712E-03	-1.43623500150684E-05
0	0	-440	1.19911423988185E-07	-2.39086316916871E-03	-1.45594406924071E-05
0	0	-439	1.2180070785625E-07	-2.39901869629754E-03	-1.47551167971314E-05
0	0	-438	1.23449046067427E-07	-2.40726306983176E-03	-1.49581057090261E-05
0	0	-437	1.24933139655979E-07	-2.41559104861878E-03	-1.5164184354304E-05
0	0	-436	1.26252988621906E-07	-2.42400263265861E-03	-1.5373352732965E-05
0	0	-435	1.27408592965208E-07	-2.43249782195123E-03	-1.55856108450091E-05
0	0	-434	1.28399952685884E-07	-2.44107661649665E-03	-1.58009586904364E-05
0	0	-433	1.29227067783935E-07	-2.44973901629488E-03	-1.60193962692468E-05
0	0	-432	1.29889938259361E-07	-2.4584850213459E-03	-1.62409235814404E-05
0	0	-431	1.30388564112162E-07	-2.46731463164973E-03	-1.64655406270172E-05
0	0	-430	1.31168021257886E-07	-2.47622602823159E-03	-1.66895888131597E-05
0	0	-429	1.33147634962813E-07	-2.48523990673843E-03	-1.69208966137946E-05
0	0	-428	1.3495427453414E-07	-2.49434469725928E-03	-1.71558896257637E-05
0	0	-427	1.36587939971868E-07	-2.50354039979415E-03	-1.73945678490669E-05
0	0	-426	1.38048631275996E-07	-2.51282701434304E-03	-1.76369312837043E-05
0	0	-425	1.39336348446524E-07	-2.52220454090595E-03	-1.78829799296759E-05
0	0	-424	1.40451091483452E-07	-2.53167297948287E-03	-1.81327137869815E-05
0	0	-423	1.41392860386781E-07	-2.54123233007381E-03	-1.83861328556214E-05
0	0	-422	1.4216165515651E-07	-2.55088259267876E-03	-1.86432371355954E-05
0	0	-421	1.42757475792639E-07	-2.56062376729774E-03	-1.89040266269035E-05
0	0	-420	1.44336063341817E-07	-2.57046045519814E-03	-1.91649017090938E-05
0	0	-419	1.46557825643353E-07	-2.58040595375128E-03	-1.94340061524861E-05
0	0	-418	1.48577878893171E-07	-2.59045052572946E-03	-1.97075192483587E-05
0	0	-417	1.5039622309127E-07	-2.60059417113267E-03	-1.99854409967114E-05
0	0	-416	1.52012858237649E-07	-2.61083688996092E-03	-2.02677713975443E-05
0	0	-415	1.5342778433231E-07	-2.6211786822142E-03	-2.05545104508573E-05
0	0	-414	1.54641001375252E-07	-2.63161954789252E-03	-2.08456581566505E-05
0	0	-413	1.55652509366474E-07	-2.64215948699587E-03	-2.11412145149239E-05
0	0	-412	1.56462308305978E-07	-2.65279849952426E-03	-2.14411795256774E-05
0	0	-411	1.57187297386643E-07	-2.66353149849918E-03	-2.17408620451865E-05
0	0	-410	1.59973521110442E-07	-2.67438839164304E-03	-2.20503091180715E-05
0	0	-409	1.62506461803031E-07	-2.68535343469323E-03	-2.2365047902379E-05
0	0	-408	1.64786119464409E-07	-2.69642662764976E-03	-2.2685078398109E-05
0	0	-407	1.66812494094576E-07	-2.70760797051263E-03	-2.30104006052615E-05
0	0	-406	1.68585585693532E-07	-2.71889746328184E-03	-2.33410145238365E-05
0	0	-405	1.70105394261278E-07	-2.73029510595739E-03	-2.3676920153834E-05
0	0	-404	1.71371919797813E-07	-2.74180089853928E-03	-2.40181174952541E-05
0	0	-403	1.72385162303138E-07	-2.75341484102751E-03	-2.43646065480967E-05
0	0	-402	1.73145121777252E-07	-2.76513693342208E-03	-2.47163873123618E-05
0	0	-401	1.75410664197126E-07	-2.77697003946757E-03	-2.50674160598465E-05
0	0	-400	1.78636305616767E-07	-2.78893440059792E-03	-2.54310683246871E-05
0	0	-399	1.8153564144959E-07	-2.80101694963559E-03	-2.58010958864128E-05
0	0	-398	1.84108671695594E-07	-2.81321768658056E-03	-2.61774987450237E-05
0	0	-397	1.8635539635478E-07	-2.82553661143284E-03	-2.65602769005199E-05
0	0	-396	1.88275815427148E-07	-2.83797372419244E-03	-2.69494303529012E-05
0	0	-395	1.89869928912698E-07	-2.85052902485934E-03	-2.73449591021678E-05
0	0	-394	1.91137736811429E-07	-2.86320251343356E-03	-2.77468631483196E-05
0	0	-393	1.92079239123342E-07	-2.87599418991509E-03	-2.81551424913565E-05
0	0	-392	1.93099704252675E-07	-2.88889650645556E-03	-2.85614075776446E-05
0	0	-391	1.9723750675454E-07	-2.90194653993721E-03	-2.8983253220859E-05
0	0	-390	2.0096033746123E-07	-2.91512578075704E-03	-2.94128114136189E-05
0	0	-389	2.04268196372744E-07	-2.92843422891503E-03	-2.98500821559243E-05
0	0	-388	2.07161083489082E-07	-2.9418718844112E-03	-3.02950654477752E-05
0	0	-387	2.09638998810243E-07	-2.95543874724553E-03	-3.07477612891715E-05
0	0	-386	2.11701942336229E-07	-2.96913481741804E-03	-3.12081696801133E-05
0	0	-385	2.13349914067038E-07	-2.98296009492872E-03	-3.16762906206006E-05
0	0	-384	2.14582914002671E-07	-2.99691457977757E-03	-3.21521241106333E-05
0	0	-383	2.15400942143128E-07	-3.01099827196458E-03	-3.26356701502115E-05
0	0	-382	2.1865409195124E-07	-3.02521212773785E-03	-3.3116414370868E-05
0	0	-381	2.23430840781068E-07	-3.03958290903077E-03	-3.36170801826683E-05
0	0	-380	2.27697292249014E-07	-3.05409487206901E-03	-3.41271188434549E-05
0	0	-379	2.31453446355078E-07	-3.06874801685257E-03	-3.4646530353228E-05
0	0	-378	2.3469930309926E-07	-3.08354234338144E-03	-3.51753147119875E-05
0	0	-377	2.37434862481559E-07	-3.09847785165564E-03	-3.57134719197333E-05
0	0	-376	2.39660124501977E-07	-3.11355454167516E-03	-3.62610019764656E-05
0	0	-375	2.41375089160512E-07	-3.12877241343999E-03	-3.68179048821843E-05
0	0	-374	2.42579756457166E-07	-3.14413146695015E-03	-3.73841806368894E-05
0	0	-373	2.43274126391937E-07	-3.15963170220562E-03	-3.79598292405809E-05
0	0	-372	2.49457422283363E-07	-3.17528534407998E-03	-3.85327112228432E-05
0	0	-371	2.54923076669225E-07	-3.19110361987538E-03	-3.91300705362188E-05
0	0	-370	2.59786134148169E-07	-3.20707590318622E-03	-3.97388771009768E-05
0	0	-369	2.64046594720194E-07	-3.22320219401249E-03	-4.03591309171172E-05
0	0	-368	2.677044583853E-07	-3.23948249235419E-03	-4.09908319846401E-05
0	0	-367	2.70759725143487E-07	-3.25591679821134E-03	-4.16339803035455E-05
0	0	-366	2.73212394994755E-07	-3.27250511158391E-03	-4.22885758738333E-05
0	0	-365	2.75062467939105E-07	-3.28924743247193E-03	-4.29546186955035E-05
0	0	-364	2.76309943976535E-07	-3.30614376087538E-03	-4.36321087685562E-05
0	0	-363	2.7977247390885E-07	-3.32319056830915E-03	-4.43061455487089E-05
0	0	-362	2.86683826544672E-07	-3.34042378734089E-03	-4.50087329183281E-05
0	0	-361	2.92911127815694E-07	-3.35782446307003E-03	-4.57253760140747E-05
0	0	-360	2.98454377721916E-07	-3.37539259549656E-03	-4.64560748359486E-05
0	0	-359	3.03313576263338E-07	-3.3931281846205E-03	-4.72008293839497E-05
0	0	-358	3.0748872343996E-07	-3.41103123044183E-03	-4.79596396580782E-05
0	0	-357	3.10979819251781E-07	-3.42910173296055E-03	-4.87325056583339E-05
0	0	-356	3.13786863698803E-07	-3.44733969217667E-03	-4.95194273847169E-05
0	0	-355	3.15909856781025E-07	-3.46574510809019E-03	-5.03204048372271E-05
0	0	-354	3.17348798498447E-07	-3.4843179807011E-03	-5.11354380158647E-05
0	0	-353	3.24009621531754E-07	-3.50306263511125E-03	-5.19488235828138E-05
0	0	-352	3.31872223418892E-07	-3.52200418529348E-03	-5.27961670190681E-05
0	0	-351	3.38983835876246E-07	-3.54112683963134E-03	-5.3660868225146E-05
0	0	-350	3.45344458903816E-07	-3.56043059812486E-03	-5.45429272010477E-05
0	0	-349	3.50954092501601E-07	-3.57991546077402E-03	-5.54423439467729E-05
0	0	-348	3.55812736669602E-07	-3.59958142757882E-03	-5.63591184623217E-05
0	0	-347	3.59920391407819E-07	-3.61942849853927E-03	-5.72932507476942E-05
0	0	-346	3.6327705671625E-07	-3.63945667365536E-03	-5.82447408028902E-05
0	0	-345	3.65882732594898E-07	-3.65966595292709E-03	-5.92135886279099E-05
0	0	-344	3.68272451682832E-07	-3.68004373369855E-03	-6.01819049334728E-05
0	0	-343	3.78073761694982E-07	-3.70063784452188E-03	-6.11884628061238E-05
0	0	-342	3.87070539045958E-07	-3.72142617159738E-03	-6.22165874712547E-05
0	0	-341	3.95262783735762E-07	-3.74240871492504E-03	-6.32662789288654E-05
0	0	-340	4.02650495764392E-07	-3.76358547450488E-03	-6.4337537178956E-05
0	0	-339	4.0923367513185E-07	-3.78495645033689E-03	-6.54303622215266E-05
0	0	-338	4.15012321838134E-07	-3.80652164242106E-03	-6.65447540565769E-05
0	0	-337	4.19986435883245E-07	-3.82828105075741E-03	-6.76807126841072E-05
0	0	-336	4.24156017267183E-07	-3.85023467534592E-03	-6.88382381041174E-05
0	0	-335	4.27521065989949E-07	-3.87238251618661E-03	-7.00173303166075E-05
0	0	-334	4.33310041418393E-07	-3.8947115834933E-03	-7.12000081528306E-05
0	0	-333	4.4456122706622E-07	-3.91726822076021E-03	-7.24285009648636E-05
0	0	-332	4.54976425409658E-07	-3.94003044534641E-03	-7.36839556789632E-05
0	0	-331	4.64555636448708E-07	-3.96299825725189E-03	-7.49663722951294E-05
0	0	-330	4.73298860183369E-07	-3.98617165647665E-03	-7.62757508133623E-05
0	0	-329	4.8120609661364E-07	-4.0095506430207E-03	-7.76120912336616E-05
0	0	-328	4.88277345739523E-07	-4.03313521688402E-03	-7.89753935560276E-05
0	0	-327	4.94512607561016E-07	-4.05692537806663E-03	-8.03656577804602E-05
0	0	-326	4.99911882078121E-07	-4.08092112656851E-03	-8.17828839069594E-05
0	0	-325	5.00181234609463E-07	-4.10509608556496E-03	-8.32071998733637E-05
0	0	-324	5.1411855562861E-07	-4.12950425168461E-03	-8.46826757027408E-05
0	0	-323	5.27164767930789E-07	-4.15412564527236E-03	-8.61921191349412E-05
0	0	-322	5.39319871516E-07	-4.1789602663282E-03	-8.77355301699648E-05
0	0	-321	5.50583866384243E-07	-4.20400811485215E-03	-8.93129088078116E-05
0	0	-320	5.6095675253552E-07	-4.22926919084419E-03	-9.09242550484818E-05
0	0	-319	5.70438529969829E-07	-4.25474349430433E-03	-9.25695688919752E-05
0	0	-318	5.79029198687171E-07	-4.28043102523257E-03	-9.42488503382918E-05
0	0	-317	5.86728758687545E-07	-4.3063317836289E-03	-9.59620993874317E-05
0	0	-316	5.93537209970952E-07	-4.33244576949334E-03	-9.77093160393948E-05
0	0	-315	5.98220167586757E-07	-4.35873041642049E-03	-9.94684731314621E-05
0	0	-314	6.14689689058564E-07	-4.38525097127266E-03	-1.01293374124831E-04
0	0	-313	6.3024774384678E-07	-4.41198559379651E-03	-1.03161319913208E-04
0	0	-312	6.44894331951404E-07	-4.43893428399202E-03	-1.05072310496594E-04
0	0	-311	6.58629453372435E-07	-4.46609704185919E-03	-1.07026345874988E-04
0	0	-310	6.71453108109875E-07	-4.49347386739802E-03	-1.0902342604839E-04
0	0	-309	6.83365296163724E-07	-4.52106476060852E-03	-1.11063551016802E-04
0	0	-308	6.9436601753398E-07	-4.54886972149069E-03	-1.13146720780221E-04
0	0	-307	7.04455272220644E-07	-4.57688875004451E-03	-1.15272935338649E-04
0	0	-306	7.25169369360615E-07	-4.60510385821698E-03	-1.17485159769724E-04
0	0	-305	7.51054226115639E-07	-4.63350238185365E-03	-1.19635632965508E-04
0	0	-304	7.75277082261932E-07	-4.6621032529424E-03	-1.21909127343867E-04
0	0	-303	7.97837937799517E-07	-4.69090647148324E-03	-1.24237669578784E-04
0	0	-302	8.18736792728394E-07	-4.71991203747618E-03	-1.26621259670258E-04
0	0	-301	8.37973647048562E-07	-4.74911995092122E-03	-1.29059897618291E-04
0	0	-300	8.5554850076002E-07	-4.77853021181835E-03	-1.31553583422881E-04
0	0	-299	8.71461353862771E-07	-4.80814282016759E-03	-1.34102317084029E-04
0	0	-298	8.85712206356812E-07	-4.83795777596891E-03	-1.36706098601735E-04
0	0	-297	8.98301058242145E-07	-4.86797507922233E-03	-1.39364927975999E-04
0	0	-296	8.8968378262648E-07	-4.89809075113926E-03	-1.42049131198374E-04
0	0	-295	9.213671691718E-07	-4.92839980269195E-03	-1.44833442878281E-04
0	0	-294	9.515116332665E-07	-4.95888072430486E-03	-1.47688606100929E-04
0	0	-293	9.80117174910581E-07	-0.004989533515978	-1.5061462086632E-04
0	0	-292	1.00718379410404E-06	-5.02035817771136E-03	-1.53611487174452E-04
0	0	-291	1.03271149084689E-06	-5.05135470950495E-03	-1.56679205025325E-04
0	0	-290	1.05670026513911E-06	-5.08252311135876E-03	-1.59817774418941E-04
0	0	-289	1.07915011698071E-06	-5.11386338327279E-03	-1.63027195355298E-04
0	0	-288	1.10006104637169E-06	-5.14537552524705E-03	-1.66307467834396E-04
0	0	-287	1.11943305331206E-06	-5.17705953728154E-03	-1.69658591856237E-04
0	0	-286	1.10397727944518E-06	-5.20865990021059E-03	-1.73049848564882E-04
0	0	-285	1.14363528966129E-06	-5.24044680350982E-03	-1.76573060692709E-04
0	0	-284	1.18209488908196E-06	-5.27234320701016E-03	-1.80188239391326E-04
0	0	-283	1.2193560777072E-06	-5.30434911071162E-03	-1.83895384660734E-04
0	0	-282	1.25541885553701E-06	-5.3364645146142E-03	-1.87694496500931E-04
0	0	-281	1.29028322257139E-06	-5.36868941871789E-03	-1.9158557491192E-04
0	0	-280	1.32394917881034E-06	-5.4010238230227E-03	-1.95568619893698E-04
0	0	-279	1.35641672425385E-06	-5.43346772752863E-03	-1.99643631446267E-04
0	0	-278	1.38768585890193E-06	-5.46602113223567E-03	-2.03810609569626E-04
0	0	-277	1.33411088062203E-06	-5.49845298936321E-03	-2.08021365002206E-04
0	0	-276	1.38432688635463E-06	-5.53086600633181E-03	-2.12399551674697E-04
0	0	-275	1.43488744729739E-06	-5.56327486703542E-03	-2.16898208560477E-04
0	0	-274	1.48579256345031E-06	-5.59567957147403E-03	-2.21517335659547E-04
0	0	-273	1.53704223481337E-06	-5.62808011964765E-03	-2.26256932971906E-04
0	0	-272	1.58863646138658E-06	-5.66047651155627E-03	-2.31117000497555E-04
0	0	-271	1.64057524316995E-06	-5.69286874719989E-03	-2.36097538236495E-04
0	0	-270	1.69285858016347E-06	-5.72525682657852E-03	-2.41198546188723E-04
0	0	-269	1.74548647236714E-06	-5.75764074969215E-03	-2.46420024354242E-04
0	0	-268	1.79845891978097E-06	-5.79002051654078E-03	-2.5176197273305E-04
0	0	-267	1.18567013754264E-06	-5.82171695991078E-03	-2.57204958017098E-04
0	0	-266	1.67896945822547E-06	-5.85377958890561E-03	-2.62820617943736E-04
0	0	-265	1.56787878661749E-06	-5.88553487984437E-03	-2.68597589918287E-04
0	0	-264	1.49676176539978E-06	-5.91698147010309E-03	-2.74535864152849E-04
0	0	-263	1.46561839457234E-06	-5.94811935968176E-03	-2.80635440647423E-04
0	0	-262	1.47444867413517E-06	-5.97894854858039E-03	-2.86896319402007E-04
0	0	-261	1.52325260408822E-06	-6.00946903679897E-03	-2.93318500416602E-04
0	0	-260	1.61203018443159E-06	-6.0396808243375E-03	-2.99901983691208E-04
0	0	-259	1.74078141516523E-06	-6.06958391119599E-03	-3.06646769225824E-04
0	0	-258	1.92917542425505E-06	-6.09912986922966E-03	-3.13541488524784E-04
0	0	-257	1.92470920996838E-06	-6.12832023662959E-03	-3.20662125581899E-04
0	0	-256	1.92470920996838E-06	-6.15695548304321E-03	-3.27983316235021E-04
0	0	-255	1.95950791514906E-06	-6.18503560847052E-03	-3.35505060484151E-04
0	0	-254	2.02038019089624E-06	-6.21256061291153E-03	-3.43227358329289E-04
0	0	-253	2.08809859494303E-06	-6.23947848156282E-03	-3.51113552048392E-04
0	0	-252	2.11146591908553E-06	-6.26572342433152E-03	-3.5927955750619E-04
0	0	-251	2.17297986018806E-06	-6.29125345988525E-03	-3.67593833177059E-04
0	0	-250	2.21514746102783E-06	-6.31613005817694E-03	-3.7618179056128E-04
0	0	-249	2.28308148558708E-06	-6.34008166479068E-03	-3.85013831103715E-04
0	0	-248	2.34064423287949E-06	-6.36316599992224E-03	-3.94132588524782E-04
0	0	-247	2.51336171393229E-06	-6.38516819757795E-03	-4.03577631579342E-04
0	0	-246	2.50647790095761E-06	-6.40648414887307E-03	-4.12888943300393E-04
0	0	-245	2.4052177866653E-06	-6.42654663966318E-03	-4.22822039420591E-04
0	0	-244	2.63792709659169E-06	-6.44542223978287E-03	-4.32939334203212E-04
0	0	-243	2.59867202855775E-06	-6.46304279650691E-03	-4.43558974938775E-04
0	0	-242	2.65456592032532E-06	-6.47919548323071E-03	-4.5391672020296E-04
0	0	-241	2.78584251678201E-06	-6.49407123742179E-03	-4.64923554325056E-04
0	0	-240	2.80795806072806E-06	-6.50767387815734E-03	-4.76181260551685E-04
0	0	-239	2.86641105049082E-06	-6.5194985466274E-03	-0.000488056599801
0	0	-238	2.95343674137476E-06	-6.52959276853753E-03	-4.99861540732704E-04
0	0	-237	3.03994440203854E-06	-6.53789437836133E-03	-5.12197349116609E-04
0	0	-236	3.11902772619488E-06	-6.54416026399975E-03	-5.24759670328113E-04
0	0	-235	3.21040781542142E-06	-6.54847678618137E-03	-5.3809821213307E-04
0	0	-234	3.29479940029912E-06	-6.55071864565434E-03	-5.511764238746E-04
0	0	-233	3.38684368236625E-06	-6.5505845710731E-03	-5.65204792108278E-04
0	0	-232	3.41920128603463E-06	-6.5481023512553E-03	-5.79532905211685E-04
0	0	-231	3.58543937086472E-06	-6.54276711535554E-03	-5.93893458806997E-04
0	0	-230	3.67857806590503E-06	-6.53493627225429E-03	-6.09071929495924E-04
0	0	-229	3.73094701008716E-06	-6.52411381713197E-03	-6.24675381765465E-04
0	0	-228	3.88402707391389E-06	-6.51012733587895E-03	-6.40264759762578E-04
0	0	-227	4.00033063327527E-06	-6.49325667655378E-03	-6.5698458642243E-04
0	0	-226	4.01706499751898E-06	-6.47256112932189E-03	-6.7400003034501E-04
0	0	-225	4.17642805715626E-06	-6.44831888895533E-03	-6.91414471879761E-04
0	0	-224	4.36428533754279E-06	-6.42038627687479E-03	-7.09387450626073E-04
0	0	-223	4.43041598575503E-06	-6.38821701840669E-03	-7.27951200215789E-04
0	0	-222	4.55261505850391E-06	-6.35168641085674E-03	-7.4709445549126E-04
0	0	-221	4.66631406155819E-06	-6.31060626712766E-03	-7.66923201987048E-04
0	0	-220	4.79934552953073E-06	-6.26469989530992E-03	-7.87070765231488E-04
0	0	-219	4.94231513880151E-06	-6.21355743265338E-03	-8.08074206310426E-04
0	0	-218	5.07379586978915E-06	-6.15733726414763E-03	-8.29473468878794E-04
0	0	-217	5.25891887918912E-06	-6.09521788205684E-03	-8.51789790462587E-04
0	0	-216	5.37903291165808E-06	-6.02687370037657E-03	-8.74830864303815E-04
0	0	-215	5.55946819784095E-06	-5.95231870802056E-03	-8.98407713433741E-04
0	0	-214	5.74524638052136E-06	-5.87116617165385E-03	-9.22589255886552E-04
0	0	-213	5.87450140078804E-06	-5.78272212099138E-03	-9.47759120270513E-04
0	0	-212	6.09465340017537E-06	-5.68698092469681E-03	-9.73734169608624E-04
0	0	-211	6.17841571413599E-06	-5.58296184205753E-03	-1.0005215911954E-03
0	0	-210	6.47145367401001E-06	-5.47094377649799E-03	-1.02774232849439E-03
0	0	-209	6.63792524034789E-06	-5.34970258205853E-03	-1.05666244482744E-03
0	0	-208	6.84140009720375E-06	-5.2193427750778E-03	-1.08580283649628E-03
0	0	-207	7.09396745935614E-06	-5.0789167762391E-03	-1.11619151722371E-03
0	0	-206	7.22673785652258E-06	-4.9280941744304E-03	-1.1473901785758E-03
0	0	-205	7.57739423126853E-06	-4.76633915023804E-03	-1.17940562711522E-03
0	0	-204	7.74143178089539E-06	-4.59268267361775E-03	-1.21281329733181E-03
0	0	-203	8.05640152652046E-06	-4.40671300564793E-03	-1.24704283572611E-03
0	0	-202	8.27860359994604E-06	-4.20813343900482E-03	-1.28253936190699E-03
0	0	-201	8.4738222466639E-06	-3.9954408111962E-03	-1.31909658417074E-03
0	0	-200	8.77336348309347E-06	-3.7682439529276E-03	-1.35730345404361E-03
0	0	-199	9.04462325431788E-06	-3.52598887868473E-03	-1.39607520452221E-03
0	0	-198	9.34057884387292E-06	-3.26725600370378E-03	-1.43608017090207E-03
0	0	-197	9.67027224719812E-06	-2.99161827761936E-03	-1.47769323027774E-03
0	0	-196	9.99062810041988E-06	-2.6976523236408E-03	-1.52063376993502E-03
0	0	-195	1.03414688596777E-05	-2.38507080886786E-03	-1.56505208941693E-03
0	0	-194	1.06203497481459E-05	-2.05212795546035E-03	-1.61043884853784E-03
0	0	-193	1.10810761218929E-05	-1.69737083061488E-03	-1.65768859854818E-03
0	0	-192	1.14435635943019E-05	-1.32067185092855E-03	-1.70650645737309E-03
0	0	-191	1.18719673958091E-05	-9.1991213253402E-04	-1.75694671789342E-03
0	0	-190	1.22665906290782E-05	-4.94390882339872E-04	-1.80840717656855E-03
0	0	-189	1.27077089278044E-05	-4.19338026334136E-05	-1.86233996984299E-03
0	0	-188	1.31971575337747E-05	4.3892824294114E-04	-1.91784820988758E-03
0	0	-187	1.36352389988973E-05	9.4893545990176E-04	-1.97471001837837E-03
0	0	-186	1.41126632409407E-05	1.49007933347138E-03	-0.00203384082331
0	0	-185	1.45507185473465E-05	2.06495538867674E-03	-2.09493190021437E-03
0	0	-184	1.51454504768721E-05	2.67446412337929E-03	-2.15741263818807E-03
0	0	-183	1.57265185942763E-05	3.3214929267567E-03	-2.2229787954831E-03
0	0	-182	1.63788636251722E-05	4.00683609099939E-03	-2.28916784732219E-03
0	0	-181	1.69211343767045E-05	4.73444638531879E-03	-2.35876868396797E-03
0	0	-180	1.75486773706638E-05	5.50498490083844E-03	-2.42975965693266E-03
0	0	-179	1.82827866463826E-05	6.32261840782009E-03	-2.50333493964773E-03
0	0	-178	1.87789044985331E-05	7.18835168289163E-03	-2.57882242154442E-03
0	0	-177	1.97057122285066E-05	8.10616358328043E-03	-2.65721546726828E-03
0	0	-176	2.04130962600634E-05	9.07911704402562E-03	-2.73788994467643E-03
0	0	-175	2.12525144017881E-05	1.01090733892844E-02	-2.82104896812601E-03
0	0	-174	2.21405627065642E-05	1.12013444753385E-02	-2.90686332548855E-03
0	0	-173	2.28032958444844E-05	1.23573323285285E-02	-2.99497135726986E-03
0	0	-172	2.42051712098594E-05	1.35812604215813E-02	-3.08600057391665E-03
0	0	-171	2.48907923876198E-05	1.48785947487363E-02	-3.17968950527274E-03
0	0	-170	2.58715893457201E-05	1.62513566716066E-02	-3.27624913024397E-03
0	0	-169	2.71632584545285E-05	1.77061729707771E-02	-3.37560424317581E-03
0	0	-168	2.81975194393926E-05	1.92454762612465E-02	-3.47753266924049E-03
0	0	-167	2.92057949771194E-05	2.08748853622021E-02	-3.58262616324574E-03
0	0	-166	3.08039027172034E-05	2.26013286508019E-02	-3.69070248031253E-03
0	0	-165	3.19680005718124E-05	2.44278410884514E-02	-3.80183996359416E-03
0	0	-164	3.32984903643942E-05	0.026360691092662	-3.91555451445375E-03
0	0	-163	3.50587393719669E-05	2.84082485302498E-02	-4.03267414129845E-03
0	0	-162	3.59326632486504E-05	3.05734826711608E-02	-4.15276852927349E-03
0	0	-161	3.80004400979126E-05	0.032865036541051	-4.27576441596903E-03
0	0	-160	3.97677743199219E-05	3.52921189494143E-02	-4.40195325698347E-03
0	0	-159	4.11942250970261E-05	3.78580571014609E-02	-4.53118947669227E-03
0	0	-158	4.36999951201455E-05	4.05753530048334E-02	-4.66340919236778E-03
0	0	-157	4.54157531123496E-05	4.34473540531836E-02	-4.79880010554058E-03
0	0	-156	4.68725185356019E-05	4.64888792621933E-02	-4.93702829520587E-03
0	0	-155	5.00055252711991E-05	4.97040951196687E-02	-5.07810472134157E-03
0	0	-154	5.19276496136086E-05	5.31077301278081E-02	-5.22231152765661E-03
0	0	-153	5.4609229090048E-05	5.67046452655188E-02	-5.36925320427775E-03
0	0	-152	5.73041510043446E-05	6.05123744515506E-02	-5.51895771136396E-03
0	0	-151	5.97485150785753E-05	6.45347281616245E-02	-5.67086921028151E-03
0	0	-150	6.2865124573005E-05	6.87931118408218E-02	-5.82572660976227E-03
0	0	-149	6.64552827825419E-05	7.32911401615905E-02	-5.98265881570004E-03
0	0	-148	6.88378248372992E-05	7.80520312530891E-02	-6.14201111529924E-03
0	0	-147	7.28759722340789E-05	8.30807732287752E-02	-6.30335247002095E-03
0	0	-146	7.65704312684033E-05	8.84011020874719E-02	-6.46701774979764E-03
0	0	-145	8.00471751914949E-05	9.40205715698398E-02	-6.63174170937016E-03
0	0	-144	8.3990489077092E-05	9.99608817869651E-02	-6.79845633194499E-03
0	0	-143	8.91488189414664E-05	0.106243707736215	-6.96642856822108E-03
0	0	-142	9.32497054070006E-05	0.112878239106974	-7.1357427481628E-03
0	0	-141	9.74999240221753E-05	0.119895017903125	-7.30638793040013E-03
0	0	-140	1.0321992494333E-04	0.127306183091868	-7.47638164862861E-03
0	0	-139	1.08419279213194E-04	0.135137188742213	-7.64756042969345E-03
0	0	-138	1.14696942763457E-04	0.143418739531269	-7.81884358912301E-03
0	0	-137	1.20130288319734E-04	0.152164435947223	-7.98986545581622E-03
0	0	-136	1.2750086509024E-04	0.161407356432395	-8.16027934443434E-03
0	0	-135	1.31228102453127E-04	0.17118470020576	-8.32988184404792E-03
0	0	-134	1.40991234198776E-04	0.181511876211428	-8.49804035024533E-03
0	0	-133	1.4715517116023E-04	0.192439990849221	-8.6646589378252E-03
0	0	-132	1.58296643681859E-04	0.203990300063545	-8.82846203375286E-03
0	0	-131	1.61979851593901E-04	0.216208883214264	-8.98914711307077E-03
0	0	-130	1.74075935793766E-04	0.229151019732144	-9.14565407008733E-03
0	0	-129	1.80735708770547E-04	0.24284369422517	-9.29665767220616E-03
0	0	-128	1.89226585169639E-04	0.25735168212579	-9.44045336371943E-03
0	0	-127	1.97877341682215E-04	0.272740613363739	-9.5751732468776E-03
0	0	-126	2.2449622500994E-04	0.289055592451062	-9.69783649684677E-03
0	0	-125	2.2003841806726E-04	0.306372537640872	-9.8049238067204E-03
0	0	-124	2.28824428682442E-04	0.324804569018928	-9.89147305682148E-03
0	0	-123	2.44361452142645E-04	0.344392697624901	-9.95045269290836E-03
0	0	-122	2.53154425043626E-04	0.365250471577934	-9.97392351437709E-03
0	0	-121	2.65712892941278E-04	0.387526935492021	-9.95461196904721E-03
0	0	-120	2.75685412993474E-04	0.411273878771637	-9.87188811404084E-03
0	0	-119	2.91848460742042E-04	0.436712548281617	-9.71151197933449E-03
0	0	-118	2.96120650330283E-04	0.463907713804539	-9.44902266315825E-03
0	0	-117	3.0303117043971E-04	0.493049119697579	-9.05135731040602E-03
0	0	-116	3.27011507671611E-04	0.524360093210432	-8.48195400282818E-03
0	0	-115	3.29764202527954E-04	0.557914430747094	-7.69225764902326E-03
0	0	-114	3.33386284821741E-04	0.59392209996526	-6.62612667456206E-03
0	0	-113	3.44233579327831E-04	0.632621714360351	-5.21637246228584E-03
0	0	-112	3.52729010431983E-04	0.674017229733169	-3.37362656472715E-03
0	0	-111	3.56674654597172E-04	0.718204419458884	-1.01885404612911E-03
0	0	-110	3.53807244996811E-04	0.765143338114828	1.93791815279151E-03
0	0	-109	3.31455104030655E-04	0.814563031061716	5.54798502030302E-03
0	0	-108	3.33507652618921E-04	0.866176852385688	9.82792431913072E-03
0	0	-107	2.2862074841372E-04	0.919374873374845	1.47267474592799E-02
0	0	-106	4.64644150562211E-04	0.972922213821967	1.99193919345092E-02
0	0	-105	2.99375181603776E-04	1.02688809917816	2.51101611084019E-02
0	0	-104	1.81188142930902E-04	1.07973427296798	0.030069057218397
0	0	-103	1.74727677556085E-04	1.12904169688973	3.57376760491671E-02
0	0	-102	2.70471760618612E-04	1.17463630471853	3.82147163577385E-02
0	0	-101	2.82140956061546E-04	1.21677519086505	4.05876060700029E-02
0	0	-100	2.63054587601602E-04	1.2537759114264	4.17957265657279E-02
0	0	-99	1.91326962132894E-05	1.28638462916574	4.17977720635209E-02
0	0	-98	3.60757911273776E-04	1.31308890492099	0.040754611739336
0	0	-97	1.64110649460351E-04	1.33646238109774	3.93252214097249E-02
0	0	-96	1.28959907251676E-04	1.35553292161805	3.68660621502935E-02
0	0	-95	1.3238886135632E-04	1.37107752586842	3.42918547994921E-02
0	0	-94	2.97380127222606E-05	1.38376988319679	3.15821730103105E-02
0	0	-93	4.49623652844529E-05	1.39388713658269	2.88639330723737E-02
0	0	-92	2.57603641832516E-05	1.40203678883956	2.62507848420439E-02
0	0	-91	3.41751222572005E-06	1.40861960617578	2.37956216431381E-02
0	0	-90	1.07455630743758E-05	1.41382373208525	2.15546951686751E-02
0	0	-89	-4.28138638224558E-06	1.41799133064536	1.95268868743972E-02
0	0	-88	-4.03258402345346E-06	1.42137740079579	1.77259534039919E-02
0	0	-87	-1.26559957974733E-05	1.42407705507235	1.61495543961708E-02
0	0	-86	-1.26185277908864E-05	1.42622959055334	1.47935654354789E-02
0	0	-85	-2.16170386294153E-05	1.42798491319967	1.36466222415411E-02
0	0	-84	-2.21823392055164E-05	1.42937207588266	1.26957900496515E-02
0	0	-83	-2.6187232039738E-05	1.43048009565501	1.19309247749489E-02
0	0	-82	-2.73384528703296E-05	1.43132884347106	1.13421972820485E-02
0	0	-81	-3.09050211592846E-05	1.4319651835214	0.010923311486296
0	0	-80	-3.01297935058015E-05	1.43240565554724	1.06684434277562E-02
0	0	-79	-3.26586129407415E-05	1.43267733809142	1.05754391232924E-02
0	0	-78	-3.35819987254986E-05	1.43278305195779	1.06407990429671E-02
0	0	-77	-3.42329298956154E-05	1.43271907853925	1.08689774958848E-02
0	0	-76	-3.50630698931381E-05	1.432489052766	1.12622119485202E-02
0	0	-75	-3.65362707560206E-05	1.43208749933587	1.18278149872485E-02
0	0	-74	-3.55852165935428E-05	1.43149139836056	1.25733668955604E-02
0	0	-73	-3.82027016767182E-05	1.43069323051827	1.35107141481311E-02
0	0	-72	-3.83743939671182E-05	1.42965409536387	0.014654860736944
0	0	-71	-3.91725985259751E-05	1.42832137814921	1.60210492762678E-02
0	0	-70	-3.92993959226482E-05	1.42667283422623	1.76285447656908E-02
0	0	-69	-4.46288052202498E-05	1.42459675150323	1.94935638582848E-02
0	0	-68	-3.52507425851106E-05	1.42204676797358	2.16356746664158E-02
0	0	-67	-3.68896161503881E-05	1.41888797168195	2.40699110220634E-02
0	0	-66	-5.0638896224127E-05	1.4149176583036	2.68071470066961E-02
0	0	-65	-4.08196326009703E-05	1.41004261677712	2.98576155835703E-02
0	0	-64	-3.91171544387058E-05	1.40399276555238	3.32047904952148E-02
0	0	-63	-6.60013545232636E-05	1.39636694623525	3.68221059607993E-02
0	0	-62	-5.6752180150267E-05	1.38696278515027	4.06621450276981E-02
0	0	-61	-5.34516147441465E-05	1.37546515647636	4.46547534235373E-02
0	0	-60	-4.72412304584193E-05	1.36089070949613	4.86946899500161E-02
0	0	-59	-1.28313905881686E-05	1.34327550636635	0.052583139173597
0	0	-58	-4.03071120740752E-05	1.32178690334062	5.61554503788884E-02
0	0	-57	-1.23971249864452E-05	1.29609517627415	5.91852118755676E-02
0	0	-56	-6.30982291100659E-06	1.26541507617818	0.061443284495868
0	0	-55	-4.11831192152826E-05	1.22957551583248	6.27301050379648E-02
0	0	-54	1.00730643042375E-04	1.1882337397888	6.30709973954602E-02
0	0	-53	1.19011177491975E-04	1.14385088297492	6.21354029313945E-02
0	0	-52	1.09998346386053E-04	1.09435854213527	6.03597574121134E-02
0	0	-51	-5.76749801248947E-05	1.04057882209778	5.78362054761132E-02
0	0	-50	1.71705006290421E-04	0.985317672903437	5.48706992895455E-02
0	0	-49	1.20191814116272E-04	0.928357875404127	5.19489247016421E-02
0	0	-48	3.47736880327906E-05	0.871481469259145	0.049379790254138
0	0	-47	1.13161020019799E-04	0.814897736396562	4.74323805632334E-02
0	0	-46	1.39118047620214E-04	0.75981590269087	0.046238090293816
0	0	-45	1.6440750688464E-04	0.706297487048348	4.58715106212183E-02
0	0	-44	1.81915825879329E-04	0.654715902931616	4.63286519689473E-02
0	0	-43	1.90471317175409E-04	0.604928767854164	4.75892297390649E-02
0	0	-42	2.19398843387852E-04	0.556923965137751	4.96103590317116E-02
0	0	-41	2.5482290961578E-04	0.510199477616931	5.23632618577808E-02
0	0	-40	2.55998885274454E-04	0.464597494190021	5.58225908713075E-02
0	0	-39	2.7378891861412E-04	0.419555356788856	0.059988660721546
0	0	-38	2.57560641070411E-04	0.374335569348383	6.48705828679057E-02
0	0	-37	2.64096999756004E-04	0.328599046813399	7.05113064134839E-02
0	0	-36	2.66612656926312E-04	0.281296079415874	7.69535252588562E-02
0	0	-35	4.14077348505459E-04	0.231135005602662	8.42577357630793E-02
0	0	-34	3.03086191234636E-04	0.177336426778435	9.24574892851419E-02
0	0	-33	5.2061318524711E-04	0.117759739443522	0.101544806126203
0	0	-32	4.06864561427013E-05	5.05039051738452E-02	0.111087204817332
0	0	-31	1.95523981226581E-04	-3.00769914136823E-02	0.120562351746007
0	0	-30	3.99903317823791E-04	-0.125034022057762	0.128241713538504
0	0	-29	1.66838415395086E-04	-0.240597104966632	0.131948389524288
0	0	-28	2.67247388685368E-04	-0.377027252626728	0.128900414837491
0	0	-27	2.02606985360231E-04	-0.538793119039663	0.119597590410068
0	0	-26	7.53873043350821E-06	-0.718493824967492	0.104850388051622
0	0	-25	-8.13204234012663E-06	-0.9173571829132	8.78923797494862E-02
0	0	-24	-1.9224242485387E-05	-1.12781928566591	0.07027146906302
0	0	-23	-2.37891402284235E-04	-1.34873693826803	5.29439458750912E-02
0	0	-22	-1.05979366971763E-04	-1.57612548008181	3.62348483992551E-02
0	0	-21	-2.14244067896649E-04	-1.80907265951109	2.02029829337918E-02
0	0	-20	-2.96133558470757E-04	-2.04576113527004	4.77267788432775E-03
0	0	-19	-3.00253139848965E-04	-2.28492940819933	-1.01610869521646E-02
0	0	-18	-3.7690394788656E-04	-2.52629239076731	-2.47093727960546E-02
0	0	-17	-4.39093679661186E-04	-2.76909399585553	-3.89997800462115E-02
0	0	-16	-4.55561936555957E-04	-3.01281846804348	-5.31255679269398E-02
0	0	-15	-4.88700369570514E-04	-3.25733050962993	-6.71759919027142E-02
0	0	-14	-5.29920677068337E-04	-3.50231129345527	-8.12005673009767E-02
0	0	-13	-5.49175185940118E-04	-3.74771423938351	-9.52161245656954E-02
0	0	-12	-5.78997419468589E-04	-3.99363246508803	-0.10910186885029
0	0	-11	-6.50487561781047E-04	-4.24111719450895	-0.122742670613861
0	0	-10	-7.35573897581376E-04	-4.49100669999369	-0.136081962076992
0	0	-9	-7.14150899760164E-05	-4.74848033718474	-0.151710794492609
0	0	-8	3.15691814936418E-04	-5.01553342187721	-0.176052270029683
0	0	-7	6.3259834937696E-04	-5.28365660891324	-0.217888611416724
0	0	-6	-6.57205580295927E-03	-5.54848241529748	-0.269988294289752
0	0	-5	-5.82549148792449E-04	-5.79908573336877	-0.315469317353504
0	0	-4	-4.90992018448658E-04	-5.99778491294479	-0.340524237545805
0	0	-3	-5.70211435996187E-04	-6.14569664924966	-0.347439802451538
0	0	-2	-1.02520546850813E-03	-6.24100126549673	-0.345104292313228
0	0	-1	-4.15193059871609E-04	-6.29521721456072	-0.341042111937395
0	0	0	-5.08084566255092E-04	-6.31305118864661	-0.33937011871726
0	0	1	-4.8908648980453E-04	-6.29587322379652	-0.341006637251863
0	0	2	-5.76257254943647E-04	-6.2405616036786	-0.345069956475149
0	0	3	-7.41125159552317E-04	-6.1441233491169	-0.347306300984172
0	0	4	-5.82103570404688E-04	-5.99592705227531	-0.341135949442625
0	0	5	8.82185231903065E-04	-5.79976792138956	-0.31555983906154
0	0	6	3.41399024796992E-04	-5.55666452136305	-0.270021780211779
0	0	7	8.95507938565411E-05	-5.28400847614405	-0.217045832774923
0	0	8	1.04431255734511E-03	-5.00935707208676	-0.176301663840511
0	0	9	2.4082580635703E-04	-4.74753446449936	-0.152363256878562
0	0	10	-2.39084832214777E-04	-4.49083215352767	-0.13630311732924
0	0	11	-5.31003267438547E-04	-4.2408718963446	-0.12276554132073
0	0	12	-5.41436905007968E-04	-3.9935839216183	-0.109083411433804
0	0	13	-5.95664428051897E-04	-3.74770304635336	-9.51704820741353E-02
0	0	14	-6.22631455277829E-04	-3.50231114282868	-8.11233988184471E-02
0	0	15	-6.35345015577128E-04	-3.25737389188005	-0.067055201342898
0	0	16	-7.08265456802447E-04	-3.01287816655582	-5.29642526976785E-02
0	0	17	-7.2601301061535E-04	-2.76910298611308	-3.87992583186972E-02
0	0	18	-8.01553667961233E-04	-2.52641730397065	-2.44688761388738E-02
0	0	19	-8.19984834873149E-04	-2.2851234386871	-9.87019031715942E-03
0	0	20	-8.30821072905677E-04	-2.04576899334609	5.09873965393296E-03
0	0	21	-8.89742294991141E-04	-1.80940631887336	2.05517041469335E-02
0	0	22	-8.26927609252203E-04	-1.57654966374519	3.66119223505719E-02
0	0	23	-9.60245802704133E-04	-1.34868219883529	0.053334314989028
0	0	24	-9.02844906525226E-04	-1.12848433389734	7.06795505030865E-02
0	0	25	-8.9767927542145E-04	-0.917249277651168	8.82833641213589E-02
0	0	26	-8.54729085065515E-04	-0.718963605393536	0.1052754505796
0	0	27	-9.772629496034E-04	-0.537822579365606	0.119951687172756
0	0	28	-8.7741049516469E-04	-0.378108270980202	0.129418983427691
0	0	29	-8.35498350766728E-04	-0.240601479858852	0.132220975475104
0	0	30	-9.1949127986759E-04	-0.12526201367859	0.128708384644617
0	0	31	-6.4146899495161E-04	-3.11534582037615E-02	0.120851110537019
0	0	32	-8.80277657226443E-04	4.93843824136647E-02	0.111297361985671
0	0	33	-9.42975064441185E-04	0.116870960485127	0.101659509131278
0	0	34	-7.30356585329848E-04	0.177123357365097	9.26146353183442E-02
0	0	35	-7.66399459240603E-04	0.230880415493822	8.44019645949704E-02
0	0	36	-7.3896228104346E-04	0.280720599400364	7.70834768164838E-02
0	0	37	-6.71104290465627E-04	0.328291561270953	7.06287620322141E-02
0	0	38	-7.10807634387916E-04	0.374039398444432	6.49788349135477E-02
0	0	39	-6.26027928157309E-04	0.419083110257074	6.00875063833622E-02
0	0	40	-6.01545749998535E-04	0.464280418364182	5.59157406133443E-02
0	0	41	-5.86390353738391E-04	0.509866662965	5.24499133194295E-02
0	0	42	-5.23515654991967E-04	0.556592993777339	4.96905893700691E-02
0	0	43	-5.00563512149644E-04	0.604602171933257	0.047662068604652
0	0	44	-4.72945461886701E-04	0.654397440786585	4.63936927859291E-02
0	0	45	-4.4706394283081E-04	0.706000330201434	4.59262395891508E-02
0	0	46	-4.26101757144463E-04	0.759445100045097	4.62830776419969E-02
0	0	47	-4.26762091452937E-04	0.814618027894804	4.74632039304872E-02
0	0	48	-4.41168829239796E-04	0.870948666112867	4.94061842789169E-02
0	0	49	-3.95770619592269E-04	0.928210691673609	5.19412251647044E-02
0	0	50	-4.70741486519183E-04	0.984819473066565	5.48763553931565E-02
0	0	51	-2.84387027670913E-04	1.04046017830734	5.78596248263871E-02
0	0	52	-9.31274762447978E-05	1.09344083200795	6.04568104363451E-02
0	0	53	-2.01394184228213E-04	1.14360012087392	0.062261721612625
0	0	54	-1.95426783367894E-04	1.18918549176734	6.31151727812693E-02
0	0	55	-1.95921138516935E-04	1.2299899655259	6.28651011408725E-02
0	0	56	-1.37934001324019E-04	1.26570030906617	6.13633019364872E-02
0	0	57	9.75636446979192E-07	1.29624081509706	5.91106391970938E-02
0	0	58	-3.65203528778051E-05	1.32148183630384	0.05607955983932
0	0	59	-3.69049087206038E-05	1.34302718843055	5.26143447392236E-02
0	0	60	-5.11309324622774E-06	1.36074242334112	4.87568844866027E-02
0	0	61	1.9130491159074E-05	1.37509461693682	4.47548890739185E-02
0	0	62	1.95473075466211E-05	1.38682849087493	4.07462707170424E-02
0	0	63	2.78516804216154E-05	1.39621147656646	3.68795315564327E-02
0	0	64	2.15382962407437E-05	1.40376541313832	3.32463534883628E-02
0	0	65	9.20491647964604E-06	1.40990731516535	2.98886524892058E-02
0	0	66	1.65817228923873E-05	1.41476542335191	2.68354798722427E-02
0	0	67	1.99345671931859E-05	1.41874168945377	2.40930280635096E-02
0	0	68	2.26666333848587E-05	1.42185613652253	0.021654499146156
0	0	69	1.86619966571575E-05	1.42443462841802	0.019511132103155
0	0	70	1.65407129515353E-05	1.42648638407143	1.76424678954502E-02
0	0	71	1.99843821019728E-05	1.42815370991538	1.60325564424275E-02
0	0	72	1.67760473096368E-05	1.42947079165328	1.46646783066772E-02
0	0	73	1.97997756601676E-05	1.43050853948318	1.35184814601302E-02
0	0	74	1.95738123952721E-05	1.43131694411565	1.25803051554153E-02
0	0	75	1.99087008112067E-05	1.43190389987454	1.18321692487269E-02
0	0	76	2.01802660533505E-05	1.43231063063777	1.12657849500882E-02
0	0	77	1.95277109938226E-05	1.4325401385324	1.08700885784089E-02
0	0	78	1.99332935792801E-05	1.43260340673546	1.06403252512006E-02
0	0	79	1.93146195460797E-05	1.43250107021349	1.05728166361082E-02
0	0	80	1.8348944031265E-05	1.43223397354705	1.06649125307485E-02
0	0	81	1.60595335522039E-05	1.43178519839851	1.09181488923511E-02
0	0	82	1.56261434546893E-05	1.4311481289406	1.13343448133193E-02
0	0	83	1.42757433653068E-05	1.43030102855964	1.19204231239882E-02
0	0	84	8.14100096445794E-06	1.42919130611442	1.26832630404789E-02
0	0	85	5.78728400378635E-06	1.42779808168946	1.36331084555641E-02
0	0	86	3.19242675516807E-06	1.42607512602802	1.47790646797517E-02
0	0	87	-6.47923853059332E-06	1.42388580632965	1.61304425115316E-02
0	0	88	-3.90513313917683E-06	1.42119152142355	0.017699946552866
0	0	89	-1.92982019778722E-05	1.41785578693319	1.95012319012665E-02
0	0	90	-2.59174754054592E-05	1.41362341114195	2.15165397869107E-02
0	0	91	-2.26573197362502E-05	1.40844312113654	2.37594050464959E-02
0	0	92	-6.30628038547579E-05	1.40185749356271	2.62060926290416E-02
0	0	93	-5.59469995600981E-05	1.39378335381574	2.88103321416827E-02
0	0	94	-3.90828955659069E-05	1.38354791468598	3.15054273342543E-02
0	0	95	-1.11635341105418E-04	1.37099284616996	3.42016207415263E-02
0	0	96	-1.22418529632586E-04	1.3553876363268	3.67729116813752E-02
0	0	97	-1.77796715547189E-04	1.33651363518038	0.039020410698271
0	0	98	-2.39317742961348E-04	1.31344123953319	4.07588836202588E-02
0	0	99	-2.20495114152637E-04	1.28602392137058	0.041697281627324
0	0	100	-3.03401996472192E-04	1.25379233907214	4.16484141898518E-02
0	0	101	-3.84796497348195E-04	1.21687600552437	4.05839771635496E-02
0	0	102	-4.19697750012068E-04	1.17515670543092	3.82870683294899E-02
0	0	103	-4.49656092612598E-04	1.12914260997767	3.47486266445418E-02
0	0	104	-2.96286853713595E-04	1.0798350841062	3.02178058880053E-02
0	0	105	-4.45952581600123E-04	1.02682616106348	2.50840074148784E-02
0	0	106	-4.43221476603687E-04	0.972793363924313	1.99229703164223E-02
0	0	107	-4.24777072476499E-04	0.918872303312963	1.46017196607153E-02
0	0	108	-3.78157135140934E-04	0.866131976266997	9.92100775671886E-03
0	0	109	-3.93701488639486E-04	0.814567359585453	5.60911172432456E-03
0	0	110	-3.89485418358229E-04	0.765074841512044	1.98556086717204E-03
0	0	111	-3.82960677593832E-04	0.718143580702315	-9.86491555548165E-04
0	0	112	-3.71250855108693E-04	0.673962111318338	-3.34559376796862E-03
0	0	113	-3.62498831427212E-04	0.632563572047786	-5.19468788932622E-03
0	0	114	-3.50276994093187E-04	0.593925757559509	-6.60724495378038E-03
0	0	115	-3.15492523735248E-04	0.557852072060426	-7.6782897254147E-03
0	0	116	-3.21254950081976E-04	0.524300017567853	-8.46941459530854E-03
0	0	117	-3.03502759301653E-04	0.492990668950512	-9.03670105905166E-03
0	0	118	-3.08607567460844E-04	0.463845008017789	-9.43599763894175E-03
0	0	119	-2.7625215211495E-04	0.436655470633033	-9.6994206576339E-03
0	0	120	-2.76188822537657E-04	0.411224952901447	-9.86048905701118E-03
0	0	121	-2.58615767209041E-04	0.387470433587652	-9.9418223453305E-03
0	0	122	-2.45211603574134E-04	0.365214819981545	-9.96424458913008E-03
0	0	123	-2.34667234899961E-04	0.344352543326868	-9.93909475813706E-03
0	0	124	-2.28514229308688E-04	0.324742735889312	-9.88071231296232E-03
0	0	125	-2.16411465015597E-04	0.306342955998418	-9.79335330943377E-03
0	0	126	-2.05139782303533E-04	0.289002280272588	-9.68649526128172E-03
0	0	127	-1.97475798894428E-04	0.272689651094722	-9.56394463542152E-03
0	0	128	-1.89050043899271E-04	0.257316449821926	-9.42943676210611E-03
0	0	129	-1.79537139462154E-04	0.242798071098406	-9.28600499907603E-03
0	0	130	-1.70500612465271E-04	0.229110401182286	-9.13539110657224E-03
0	0	131	-1.63497703028933E-04	0.216168574438718	-8.97923552212262E-03
0	0	132	-1.54276761144375E-04	0.203951233218649	-8.81883635297081E-03
0	0	133	-1.45649310047152E-04	0.192403921741212	-8.65525240416496E-03
0	0	134	-1.40968204571825E-04	0.18147597475819	-8.48922773633178E-03
0	0	135	-1.33102294536135E-04	0.171149689009507	-8.32126037457338E-03
0	0	136	-1.26164596657828E-04	0.161381678221034	-8.15202652113178E-03
0	0	137	-1.20530085137703E-04	0.15213333984205	-7.98185903957487E-03
0	0	138	-1.15643069955095E-04	0.143389096417247	-7.8110767907996E-03
0	0	139	-1.08617890411614E-04	0.135108241604914	-7.64019655461742E-03
0	0	140	-1.04067766098118E-04	0.127279623376168	-7.4693595809548E-03
0	0	141	-9.94179717390227E-05	0.119865106599302	-7.29890793203645E-03
0	0	142	-9.4437836693799E-05	0.112854267131314	-7.12882305944586E-03
0	0	143	-9.08608026407422E-05	0.106216081975882	-6.96023708216768E-03
0	0	144	-8.51746928990454E-05	9.99399514486547E-02	-6.79285886976631E-03
0	0	145	-8.07922442508865E-05	9.39961536844872E-02	-6.62617979521835E-03
0	0	146	-8.15170531811065E-05	0.088377651529606	-6.4612002778307E-03
0	0	147	-7.34298940928972E-05	8.30613358272265E-02	-6.30388881399733E-03
0	0	148	-7.07358862681726E-05	7.80308698155696E-02	-6.13727039588258E-03
0	0	149	-6.7476735015881E-05	7.32748026964537E-02	-5.97809371124573E-03
0	0	150	-6.45223415322559E-05	6.87727644046171E-02	-5.82111183889784E-03
0	0	151	-6.06964915179252E-05	6.45177998261619E-02	-5.66672582460028E-03
0	0	152	-5.88826202114426E-05	6.04948269902448E-02	-5.51476162520053E-03
0	0	153	-5.62514826311165E-05	5.66897589800872E-02	-5.36931865345603E-03
0	0	154	-5.36664518358122E-05	5.30916286261263E-02	-5.21884320626048E-03
0	0	155	-5.19606776576932E-05	0.049690968978056	-5.07492860129928E-03
0	0	156	-4.86886302334854E-05	4.64738117577674E-02	-4.9338102931139E-03
0	0	157	-4.71918338954056E-05	4.34355688028862E-02	-4.79620249730783E-03
0	0	158	-4.51560772453918E-05	4.05630891243898E-02	-4.66079436729021E-03
0	0	159	-4.30406711824219E-05	3.78464984592091E-02	-4.52833330430236E-03
0	0	160	-4.14489942150875E-05	3.52806220258011E-02	-4.39946214462187E-03
0	0	161	-3.95798248598788E-05	3.28558954031598E-02	-4.27359011332824E-03
0	0	162	-3.81470386659545E-05	3.05630304984253E-02	-4.1504485827293E-03
0	0	163	-3.62813707180905E-05	2.83981515344545E-02	-4.03062825122376E-03
0	0	164	-3.51046255221122E-05	2.63524970148118E-02	-3.9137269275204E-03
0	0	165	-3.31237766575067E-05	2.44180864719339E-02	-3.79983242613543E-03
0	0	166	-3.22159814756169E-05	2.25925568801465E-02	-3.6891180627729E-03
0	0	167	-3.09541158163498E-05	2.08668323993725E-02	-3.58099198587866E-03
0	0	168	-3.01891355956715E-05	1.92372586044434E-02	-3.47619461652689E-03
0	0	169	-2.85648216895582E-05	1.76984164796736E-02	-3.37407649373958E-03
0	0	170	-2.77268185392953E-05	1.62450427206085E-02	-3.27490539996538E-03
0	0	171	-2.64672679177316E-05	1.48715864057965E-02	-3.17851059972698E-03
0	0	172	-2.54698712829154E-05	1.35748266427176E-02	-3.08446879353468E-03
0	0	173	-2.46404771234983E-05	0.01235081552906	-2.99396754657837E-03
0	0	174	-2.34800734545109E-05	1.11950702997183E-02	-2.90593557300871E-03
0	0	175	-2.30308284869973E-05	0.010103967156536	-2.82024898985135E-03
0	0	176	-2.19273158871591E-05	9.07339468925027E-03	-2.73687740234505E-03
0	0	177	-2.12560540497882E-05	8.10135773592159E-03	-2.65641947104301E-03
0	0	178	-2.05322480130649E-05	7.18376577733104E-03	-2.5782864288337E-03
0	0	179	-1.97157896288285E-05	6.3174534053238E-03	-2.5024668622609E-03
0	0	180	-1.90089100451371E-05	5.50081191812914E-03	-2.42900102439363E-03
0	0	181	-1.84301520545599E-05	4.72971885713276E-03	-2.35763664452027E-03
0	0	182	-1.76915433948219E-05	4.00280659530902E-03	-2.2888787815553E-03
0	0	183	-1.70956425097701E-05	3.31734992557457E-03	-2.22174814891171E-03
0	0	184	-1.66203848131892E-05	2.67047698894009E-03	-2.15692056498096E-03
0	0	185	-1.60021387597764E-05	2.06111076935786E-03	-2.09426599210373E-03
0	0	186	-1.54999792187725E-05	1.48679943185172E-03	-2.03328343999118E-03
0	0	187	-1.49417010224352E-05	9.45219195820417E-04	-1.97411525297168E-03
0	0	188	-1.45585444655561E-05	4.3544738896237E-04	-1.9173672785236E-03
0	0	189	-1.38954564709102E-05	-4.47514272218285E-05	-1.86203157639759E-03
0	0	190	-1.34210918662183E-05	-4.97194152131127E-04	-1.80841413569608E-03
0	0	191	-1.31077125919523E-05	-9.22871947674395E-04	-1.75645909029092E-03
0	0	192	-1.27372100048876E-05	-1.32337535333824E-03	-1.70602178372666E-03
0	0	193	-1.23093804803793E-05	-1.70031802070736E-03	-1.65726210587114E-03
0	0	194	-1.19326533289112E-05	-2.0544935895337E-03	-1.61028190907872E-03
0	0	195	-1.1630683006712E-05	-2.38751076570353E-03	-1.56493927545683E-03
0	0	196	-1.12216606654218E-05	-2.70028272449962E-03	-1.52034697362454E-03
0	0	197	-1.09132843772247E-05	-2.99382382190704E-03	-1.47747258472224E-03
0	0	198	-1.06056435609712E-05	-3.26957961313047E-03	-1.43584593611358E-03
0	0	199	-1.02759934745504E-05	-3.52808783209818E-03	-1.39566453976981E-03
0	0	200	-1.00098018557274E-05	-3.77063494926795E-03	-1.35668583749825E-03
0	0	201	-9.81048133738757E-06	-3.99762949829514E-03	-1.31903188932311E-03
0	0	202	-9.30784218496806E-06	-4.20981346337933E-03	-1.28242389494479E-03
0	0	203	-9.43053336212031E-06	-4.40880772553394E-03	-1.24703943358744E-03
0	0	204	-8.71341802090541E-06	-4.59461111123392E-03	-1.21278156421211E-03
0	0	205	-8.63608662227582E-06	-4.76789805522993E-03	-1.17945046775698E-03
0	0	206	-8.35404462306026E-06	-4.92963086488409E-03	-1.14732722771246E-03
0	0	207	-8.13812343698708E-06	-5.08047416194152E-03	-1.11575451537975E-03
0	0	208	-7.83115007316225E-06	-5.22074211621139E-03	-1.08556541963834E-03
0	0	209	-7.71970001721661E-06	-5.35118902637761E-03	-1.05635064220774E-03
0	0	210	-7.49112237453292E-06	-5.47235479680377E-03	-1.02791170328208E-03
0	0	211	-7.33349925108686E-06	-5.58445229791954E-03	-1.00049631625304E-03
0	0	212	-7.11633472245156E-06	-5.68817980530909E-03	-9.73777015842609E-04
0	0	213	-6.89152124879022E-06	-5.78397431471262E-03	-9.4779683975273E-04
0	0	214	-6.7133008393444E-06	-5.87229291493746E-03	-9.22731788342836E-04
0	0	215	-6.5908563875933E-06	-5.95380471329911E-03	-8.98147204434349E-04
0	0	216	-6.38909576176715E-06	-6.02823003241072E-03	-8.74763284946331E-04
0	0	217	-6.21886473509784E-06	-6.09615655789737E-03	-8.51804417397665E-04
0	0	218	-6.10142215156776E-06	-6.1582453840096E-03	-8.2929460387106E-04
0	0	219	-5.93036719399192E-06	-6.21475876709525E-03	-8.07840031218685E-04
0	0	220	-5.68681230901422E-06	-6.26541470416111E-03	-7.85782441160007E-04
0	0	221	-5.57094803095503E-06	-6.31153244585717E-03	-7.66908835589175E-04
0	0	222	-5.49248566278506E-06	-6.35255198876014E-03	-7.46869242677947E-04
0	0	223	-5.34447676961693E-06	-6.38901087067088E-03	-7.2806130601941E-04
0	0	224	-5.21968702377017E-06	-6.42118809702294E-03	-7.09414436578789E-04
0	0	225	-5.09007454237715E-06	-6.44919255856343E-03	-6.91446323309744E-04
0	0	226	-4.96967034500729E-06	-6.47349647742215E-03	-6.73971313734276E-04
0	0	227	-4.85171344949628E-06	-6.49399525024547E-03	-6.57061941750079E-04
0	0	228	-4.75724836058726E-06	-6.51107100091048E-03	-6.4057676988108E-04
0	0	229	-4.64744193423478E-06	-6.52492052954787E-03	-6.24522223857357E-04
0	0	230	-4.54042566817802E-06	-6.53568446275772E-03	-6.09145946736146E-04
0	0	231	-4.4302657373363E-06	-6.54366299144699E-03	-5.94107839862686E-04
0	0	232	-4.30093769274813E-06	-6.54875691918074E-03	-5.79366368820846E-04
0	0	233	-4.18507806294541E-06	-6.55137599443373E-03	-5.64941909268185E-04
0	0	234	-4.13782042313571E-06	-6.55135991045025E-03	-5.51389105119493E-04
0	0	235	-4.03198364694188E-06	-6.54917620427764E-03	-5.37929981746759E-04
0	0	236	-3.96363847151138E-06	-6.54473373863059E-03	-5.24981815592753E-04
0	0	237	-3.87675347402297E-06	-6.53839622121658E-03	-5.12261391127871E-04
0	0	238	-3.67921396536759E-06	-6.53005755078667E-03	-4.99933919346362E-04
0	0	239	-3.72492153547783E-06	-6.51992292207654E-03	-4.87946332422439E-04
0	0	240	-3.58333519585938E-06	-6.50814274042192E-03	-4.76289334578943E-04
0	0	241	-3.56925152239569E-06	-6.4946712558003E-03	-4.65124437580554E-04
0	0	242	-3.44659082918283E-06	-6.47979094916763E-03	-4.53988454997745E-04
0	0	243	-3.37341036869229E-06	-6.46352829773162E-03	-4.43382617861847E-04
0	0	244	-3.35285590158899E-06	-6.44581662347296E-03	-4.32866858484525E-04
0	0	245	-3.2828571475851E-06	-6.42691006284376E-03	-4.22796825459241E-04
0	0	246	-3.19093008703482E-06	-6.40694721711774E-03	-4.12918231256507E-04
0	0	247	-3.13400903656845E-06	-6.38587444025061E-03	-4.03231129710037E-04
0	0	248	-3.06190705887342E-06	-6.3636058278813E-03	-3.9410269827211E-04
0	0	249	-3.01583799983151E-06	-6.34049738945994E-03	-3.85020073562595E-04
0	0	250	-2.92115443637498E-06	-6.3165188432221E-03	-3.76286235025711E-04
0	0	251	-2.87256180834734E-06	-6.29167096004992E-03	-3.67627825731851E-04
0	0	252	-2.82561245272722E-06	-6.26613527154443E-03	-3.59304971718451E-04
0	0	253	-2.76241437975702E-06	-6.2398575842965E-03	-3.51146853453007E-04
0	0	254	-2.73299458899922E-06	-6.21291861444458E-03	-3.43249434216341E-04
0	0	255	-2.69499074454887E-06	-6.18538828254096E-03	-3.35535008360613E-04
0	0	256	-2.63223143255055E-06	-6.15730365188984E-03	-3.28018035841564E-04
0	0	257	-2.54471665300408E-06	-6.12866472249122E-03	-3.20698516659192E-04
0	0	258	-2.43244640590964E-06	-6.09947149434511E-03	-3.13576450813499E-04
0	0	259	-2.36212821104146E-06	-6.06990984479657E-03	-3.06668941289743E-04
0	0	260	-2.25697438163046E-06	-6.04002866908583E-03	-2.99925656521052E-04
0	0	261	-2.18836672002268E-06	-6.00982660961603E-03	-2.93343542268941E-04
0	0	262	-2.15630522621812E-06	-5.97930366638715E-03	-2.86922598533407E-04
0	0	263	-2.16078990021677E-06	-5.94845983939919E-03	-2.80662825314452E-04
0	0	264	-2.20182074201864E-06	-5.91729512865215E-03	-2.74564222612075E-04
0	0	265	-2.27939775162372E-06	-5.88580953414604E-03	-2.68626790426276E-04
0	0	266	-2.39352092903203E-06	-5.85400305588086E-03	-2.62850528757055E-04
0	0	267	-2.54419027424355E-06	-5.82187569385659E-03	-2.57235437604413E-04
0	0	268	-1.92631713451914E-06	-5.79011130150077E-03	-2.51779080808314E-04
0	0	269	-1.94088921736168E-06	-5.75806857909894E-03	-2.46437732829844E-04
0	0	270	-1.95862728286442E-06	-5.72594299780214E-03	-2.412166293431E-04
0	0	271	-1.97953133102735E-06	-5.69373455761037E-03	-2.36115770348083E-04
0	0	272	-2.00360136185049E-06	-5.66144325852363E-03	-2.31135155844793E-04
0	0	273	-2.03083737533382E-06	-5.62906910054192E-03	-2.2627478583323E-04
0	0	274	-2.06123937147735E-06	-5.59661208366525E-03	-2.21534660313393E-04
0	0	275	-2.09480735028107E-06	-5.56407220789361E-03	-2.16914779285282E-04
0	0	276	-2.131541311745E-06	-5.53144947322699E-03	-2.12415142748899E-04
0	0	277	-2.17144125586912E-06	-5.49874387966541E-03	-2.08035750704242E-04
0	0	278	-1.84877372504435E-06	-5.46620137754225E-03	-2.03829600714568E-04
0	0	279	-1.81506091418613E-06	-5.43383502318976E-03	-1.99661523995977E-04
0	0	280	-1.78793281251517E-06	-5.40152946436398E-03	-1.95585455019138E-04
0	0	281	-1.76738942003147E-06	-5.36928470106491E-03	-1.9160139378405E-04
0	0	282	-1.75343073673504E-06	-5.33710073329254E-03	-1.87709340290713E-04
0	0	283	-1.74605676262586E-06	-5.30497756104688E-03	-1.83909294539128E-04
0	0	284	-1.74526749770394E-06	-5.27291518432792E-03	-1.80201256529294E-04
0	0	285	-1.75106294196929E-06	-5.24091360313567E-03	-1.76585226261212E-04
0	0	286	-1.76344309542189E-06	-5.20897281747013E-03	-1.73061203734881E-04
0	0	287	-1.57998232384757E-06	-5.17711025389266E-03	-1.69671364067969E-04
0	0	288	-1.55461626395316E-06	-5.1455490760279E-03	-1.66319540434992E-04
0	0	289	-1.53266129505647E-06	-5.11413184908327E-03	-1.63038538737183E-04
0	0	290	-1.51411741715751E-06	-5.08285857305877E-03	-1.59828358974543E-04
0	0	291	-1.49898463025628E-06	-5.05172924795439E-03	-1.56689001147072E-04
0	0	292	-1.48726293435278E-06	-5.02074387377015E-03	-1.5362046525477E-04
0	0	293	-1.478952329447E-06	-4.98990245050602E-03	-1.50622751297636E-04
0	0	294	-1.47405281553896E-06	-4.95920497816203E-03	-1.47695859275671E-04
0	0	295	-1.47256439262865E-06	-4.92865145673817E-03	-1.44839789188875E-04
0	0	296	-1.47448706071606E-06	-4.89824188623443E-03	-1.42054541037248E-04
0	0	297	-1.34357029180834E-06	-4.86804866538319E-03	-1.39373301882163E-04
0	0	298	-1.32652613187304E-06	-4.83809066404724E-03	-1.36713646992532E-04
0	0	299	-1.31099695673167E-06	-4.80832009114577E-03	-1.34109004639827E-04
0	0	300	-1.29698276638421E-06	-4.77873694667877E-03	-1.31559374824049E-04
0	0	301	-1.28448356083067E-06	-4.74934123064624E-03	-1.29064757545196E-04
0	0	302	-1.27349934007105E-06	-4.72013294304818E-03	-1.2662515280327E-04
0	0	303	-1.26403010410534E-06	-4.6911120838846E-03	-1.2424056059827E-04
0	0	304	-1.25607585293356E-06	-4.6622786531555E-03	-1.21910980930196E-04
0	0	305	-1.24963658655569E-06	-4.63363265086086E-03	-1.19636413799049E-04
0	0	306	-1.24471230497173E-06	-4.6051740770007E-03	-1.17416859204827E-04
0	0	307	-1.1576496056552E-06	-4.57697754516524E-03	-1.15276913671472E-04
0	0	308	-1.1453169280542E-06	-4.54898437169002E-03	-1.13149820662156E-04
0	0	309	-1.13336724374574E-06	-4.52119769711725E-03	-1.11065789259306E-04
0	0	310	-1.12180055272982E-06	-4.49361752144691E-03	-1.09024819462921E-04
0	0	311	-1.11061685500643E-06	-4.46624384467901E-03	-1.07026911273002E-04
0	0	312	-1.09981615057559E-06	-4.43907666681355E-03	-1.05072064689549E-04
0	0	313	-1.08939843943728E-06	-4.41211598785053E-03	-1.03160279712562E-04
0	0	314	-1.0793637215915E-06	-4.38536180778995E-03	-1.0129155634204E-04
0	0	315	-1.06971199703826E-06	-4.3588141266318E-03	-9.94658945779845E-05
0	0	316	-1.01767652365614E-06	-4.33248948558771E-03	-9.77092337044159E-05
0	0	317	-1.00831874592131E-06	-4.3063859986185E-03	-9.59613254507349E-05
0	0	318	-9.98680625304962E-07	-4.28049322144784E-03	-9.42473743121305E-05
0	0	319	-9.88762161807107E-07	-4.25481115407574E-03	-9.25673802886029E-05
0	0	320	-9.7856335542774E-07	-4.2293397965022E-03	-9.09213433801519E-05
0	0	321	-9.68084206166862E-07	-4.20407914872721E-03	-8.93092635867775E-05
0	0	322	-9.57324714024472E-07	-4.17902921075077E-03	-8.77311409084798E-05
0	0	323	-9.4628487900057E-07	-4.15418998257289E-03	-8.61869753452588E-05
0	0	324	-9.34964701095156E-07	-4.12956146419357E-03	-8.46767668971144E-05
0	0	325	-9.23364180308231E-07	-4.10514365561279E-03	-8.32005155640467E-05
0	0	326	-8.93746132315741E-07	-4.08094395701531E-03	-8.17799783005911E-05
0	0	327	-8.86338001559753E-07	-4.05694717311123E-03	-8.03620813402443E-05
0	0	328	-8.78274346228081E-07	-4.03315649874038E-03	-7.89711540303301E-05
0	0	329	-8.69555166320722E-07	-4.00957193390274E-03	-7.76071963708485E-05
0	0	330	-8.60180461837678E-07	-3.98619347859833E-03	-7.62702083617996E-05
0	0	331	-8.50150232778949E-07	-3.96302113282713E-03	-7.49601900031832E-05
0	0	332	-8.39464479144534E-07	-3.94005489658916E-03	-7.36771412949995E-05
0	0	333	-8.28123200934433E-07	-3.91729476988441E-03	-7.24210622372483E-05
0	0	334	-8.16126398148646E-07	-3.89474075271288E-03	-7.11919528299298E-05
0	0	335	-7.97047931381215E-07	-3.87239338411319E-03	-7.00122214717036E-05
0	0	336	-7.91638599204902E-07	-3.85023699704025E-03	-6.88326270034213E-05
0	0	337	-7.85377209132727E-07	-3.82827713995573E-03	-6.76745984517847E-05
0	0	338	-7.78263761164691E-07	-3.80651381285965E-03	-6.65381358167938E-05
0	0	339	-7.70298255300794E-07	-0.003784947015752	-6.54232390984487E-05
0	0	340	-7.61480691541035E-07	-3.76357674863277E-03	-6.43299082967491E-05
0	0	341	-7.51811069885414E-07	-3.74240301150198E-03	-6.32581434116953E-05
0	0	342	-7.41289390333932E-07	-3.72142580435961E-03	-6.22079444432871E-05
0	0	343	-7.29915652886588E-07	-3.70064512720568E-03	-6.11793113915246E-05
0	0	344	-7.17689857543383E-07	-3.68006098004017E-03	-6.01722442564078E-05
0	0	345	-7.11139509162519E-07	-3.65966149036163E-03	-5.92068536089482E-05
0	0	346	-7.06499899841013E-07	-3.63944120862908E-03	-5.82375634518233E-05
0	0	347	-7.00924256987147E-07	-3.61940531251049E-03	-5.72856296332311E-05
0	0	348	-6.9441258060092E-07	-3.59955380200588E-03	-5.63510521531716E-05
0	0	349	-6.86964870682333E-07	-3.57988667711525E-03	-5.54338310116447E-05
0	0	350	-6.78581127231385E-07	-3.56040393783858E-03	-5.45339662086505E-05
0	0	351	-6.69261350248076E-07	-3.54110558417589E-03	-5.3651457744189E-05
0	0	352	-6.59005539732408E-07	-3.52199161612718E-03	-5.27863056182603E-05
0	0	353	-6.47813695684378E-07	-3.50306203369244E-03	-5.19385098308642E-05
0	0	354	-6.42271344318428E-07	-3.48431420104997E-03	-5.11282576587286E-05
0	0	355	-6.39013675794302E-07	-3.46572664201878E-03	-5.03127758721943E-05
0	0	356	-6.34807934036615E-07	-3.44731026840747E-03	-4.9511348032116E-05
0	0	357	-6.29654119045364E-07	-3.42906508021603E-03	-4.87239741384936E-05
0	0	358	-6.23552230820552E-07	-3.41099107744448E-03	-4.7950654191327E-05
0	0	359	-6.16502269362178E-07	-3.39308826009279E-03	-4.71913881906162E-05
0	0	360	-6.08504234670241E-07	-3.37535662816099E-03	-4.64461761363614E-05
0	0	361	-5.99558126744743E-07	-3.35779618164906E-03	-4.57150180285625E-05
0	0	362	-5.89663945585682E-07	-3.34040692055702E-03	-4.49979138672194E-05
0	0	363	-5.78821691193061E-07	-3.32318884488485E-03	-4.42948636523323E-05
0	0	364	-5.80932977162503E-07	-3.30612723869738E-03	-4.36245356301443E-05
0	0	365	-5.77885193746276E-07	-0.003289217450022	-4.29465219592016E-05
0	0	366	-5.73922792843015E-07	-3.27246551915239E-03	-4.22799539747137E-05
0	0	367	-5.6904577445272E-07	-3.25587144608856E-03	-4.16248316766805E-05
0	0	368	-5.63254138575391E-07	-3.2394352308305E-03	-4.09811550651021E-05
0	0	369	-5.56547885211027E-07	-3.22315687337822E-03	-4.03489241399785E-05
0	0	370	-5.4892701435963E-07	-3.20703637373171E-03	-3.97281389013097E-05
0	0	371	-5.40391526021198E-07	-3.19107373189098E-03	-3.91187993490955E-05
0	0	372	-5.30941420195732E-07	-3.17526894785603E-03	-3.85209054833362E-05
0	0	373	-5.30708048174063E-07	-3.15961967461591E-03	-3.79526805110339E-05
0	0	374	-5.28600215490156E-07	-3.14410420244001E-03	-3.73763911559841E-05
0	0	375	-5.25638138947287E-07	-3.12873368782653E-03	-3.68094740480622E-05
0	0	376	-5.21821818545458E-07	-3.11350813077549E-03	-3.62519291872685E-05
0	0	377	-5.17151254284669E-07	-3.09842753128687E-03	-3.57037565736028E-05
0	0	378	-5.11626446164919E-07	-3.08349188936068E-03	-3.51649562070652E-05
0	0	379	-5.05247394186208E-07	-3.06870120499692E-03	-3.46355280876556E-05
0	0	380	-4.98014098348536E-07	-3.05405547819558E-03	-3.41154722153742E-05
0	0	381	-4.89926558651904E-07	-3.03955470895668E-03	-3.36047885902208E-05
0	0	382	-4.80984775096311E-07	-3.0251988972802E-03	-3.31034772121954E-05
0	0	383	-4.85720532608168E-07	-3.01097545986207E-03	-3.26283921836162E-05
0	0	384	-4.83574099748676E-07	-2.99687896819065E-03	-3.2144081160277E-05
0	0	385	-4.80647010543672E-07	-2.98291527511075E-03	-3.16674836466271E-05
0	0	386	-4.76939264993156E-07	-2.96908438062239E-03	-3.11985996426664E-05
0	0	387	-4.72450863097129E-07	-2.95538628472555E-03	-3.07374291483949E-05
0	0	388	-4.67181804855589E-07	-2.94182098742024E-03	-3.02839721638126E-05
0	0	389	-4.61132090268539E-07	-2.92838848870647E-03	-2.98382286889196E-05
0	0	390	-4.54301719335976E-07	-2.91508878858422E-03	-2.94001987237158E-05
0	0	391	-4.46690692057902E-07	-2.9019218870535E-03	-2.89698822682013E-05
0	0	392	-4.38299008434317E-07	-2.88888778411431E-03	-2.8547279322376E-05
0	0	393	-4.46750915976499E-07	-2.87596297127014E-03	-2.81476078457435E-05
0	0	394	-4.44556769696502E-07	-2.86316093914086E-03	-2.77384712665096E-05
0	0	395	-4.41658849838538E-07	-2.85048044652782E-03	-2.73357129463074E-05
0	0	396	-4.38057156402607E-07	-2.83792149343103E-03	-2.69393328851368E-05
0	0	397	-4.33751689388708E-07	-2.82548407985049E-03	-2.65493310829977E-05
0	0	398	-4.28742448796842E-07	-2.8131682057862E-03	-2.61657075398903E-05
0	0	399	-4.23029434627009E-07	-2.80097387123816E-03	-2.57884622558145E-05
0	0	400	-4.16612646879209E-07	-2.78890107620636E-03	-2.54175952307703E-05
0	0	401	-4.09492085553441E-07	-2.77694982069081E-03	-2.50531064647577E-05
0	0	402	-4.14369604929704E-07	-2.76511083719343E-03	-2.4709406329724E-05
0	0	403	-4.12777894176879E-07	-2.75337755447849E-03	-2.43567303596747E-05
0	0	404	-4.10556078225861E-07	-2.74175551157944E-03	-2.40093512122891E-05
0	0	405	-4.07704157076652E-07	-2.73024470849629E-03	-2.36672688875671E-05
0	0	406	-4.04222130729249E-07	-2.71884514522902E-03	-2.33304833855089E-05
0	0	407	-4.00109999183655E-07	-2.70755682177765E-03	-2.29989947061143E-05
0	0	408	-3.95367762439867E-07	-2.69637973814217E-03	-2.26728028493834E-05
0	0	409	-3.89995420497888E-07	-2.68531389432258E-03	-2.23519078153162E-05
0	0	410	-3.83992973357716E-07	-2.67435929031889E-03	-2.20363096039127E-05
0	0	411	-3.77360421019352E-07	-2.66351592613108E-03	-2.17260082151728E-05
0	0	412	-3.84682109772719E-07	-2.65276616521591E-03	-2.14338606768497E-05
0	0	413	-3.8302594143206E-07	-2.64211820556318E-03	-2.11330356373199E-05
0	0	414	-3.80806639796835E-07	-2.63157214322893E-03	-2.08366263255355E-05
0	0	415	-3.78024204867043E-07	-2.62112797821318E-03	-2.05446327414964E-05
0	0	416	-3.74678636642684E-07	-2.61078571051591E-03	-2.02570548852027E-05
0	0	417	-3.70769935123759E-07	-2.60054534013714E-03	-1.99738927566543E-05
0	0	418	-3.66298100310267E-07	-2.59040686707686E-03	-1.96951463558513E-05
0	0	419	-3.61263132202209E-07	-2.58037029133507E-03	-1.94208156827935E-05
0	0	420	-3.55665030799584E-07	-2.57043561291177E-03	-1.91509007374812E-05
0	0	421	-3.59758030765317E-07	-2.56059676423198E-03	-1.88972467452203E-05
0	0	422	-3.5857762693585E-07	-2.55084601812225E-03	-1.86356873141586E-05
0	0	423	-3.56893269506812E-07	-2.54118874555368E-03	-1.83778216623368E-05
0	0	424	-3.54704958478204E-07	-2.53162494652627E-03	-1.81236497897547E-05
0	0	425	-3.52012693850026E-07	-2.52215462104001E-03	-1.78731716964125E-05
0	0	426	-3.48816475622277E-07	-2.51277776909491E-03	-1.76263873823101E-05
0	0	427	-3.45116303794957E-07	-2.50349439069096E-03	-1.73832968474475E-05
0	0	428	-3.40912178368067E-07	-2.49430448582817E-03	-1.71439000918248E-05
0	0	429	-3.36204099341606E-07	-2.48520805450654E-03	-1.69081971154418E-05
0	0	430	-3.30992066715575E-07	-2.47620509672606E-03	-1.66761879182987E-05
0	0	431	-3.3681164200625E-07	-2.46728306667664E-03	-1.64585959407967E-05
0	0	432	-3.35580023606326E-07	-2.45844578119971E-03	-1.62333500901923E-05
0	0	433	-3.33896303619853E-07	-2.44969440651549E-03	-1.60112033508172E-05
0	0	434	-3.31760482046832E-07	-2.44102894262396E-03	-1.57921557226715E-05
0	0	435	-3.29172558887263E-07	-2.43244938952513E-03	-1.5576207205755E-05
0	0	436	-3.26132534141145E-07	-0.002423955747219	-1.53633578000677E-05
0	0	437	-3.22640407808479E-07	-2.41554801570557E-03	-1.51536075056098E-05
0	0	438	-3.18696179889264E-07	-2.40722619498484E-03	-1.49469563223812E-05
0	0	439	-3.14299850383501E-07	-2.3989902850568E-03	-1.47434042503818E-05
0	0	440	-3.17401873583384E-07	-2.39083659014816E-03	-1.45530301688085E-05
0	0	441	-3.16551720194096E-07	-2.38275721860416E-03	-1.4355459630712E-05
0	0	442	-3.15295190317855E-07	-2.37475699046566E-03	-1.4160496016984E-05
0	0	443	-3.13632283954661E-07	-2.36683590573266E-03	-1.39681393276247E-05
0	0	444	-3.11563001104514E-07	-2.35899396440516E-03	-1.37783895626339E-05
0	0	445	-3.09087341767414E-07	-2.35123116648316E-03	-1.35912467220118E-05
0	0	446	-3.06205305943362E-07	-2.34354751196667E-03	-1.34067108057582E-05
0	0	447	-3.02916893632356E-07	-2.33594300085567E-03	-1.32247818138733E-05
0	0	448	-2.99222104834398E-07	-2.32841763315017E-03	-1.30454597463569E-05
0	0	449	-2.95120939549487E-07	-2.32097140885017E-03	-1.28687446032091E-05
0	0	450	-2.99547178638103E-07	-2.31359551893523E-03	-1.27043061263643E-05
0	0	451	-2.98649438122686E-07	-2.30629134712841E-03	-1.25324657927973E-05
0	0	452	-2.97386238766726E-07	-2.29906027998408E-03	-1.23628232189284E-05
0	0	453	-2.95757580570224E-07	-2.29190231750223E-03	-1.21953784047575E-05
0	0	454	-2.9376346353318E-07	-2.28481745968285E-03	-1.20301313502847E-05
0	0	455	-2.91403887655593E-07	-2.27780570652596E-03	-1.18670820555098E-05
0	0	456	-2.88678852937463E-07	-2.27086705803156E-03	-1.1706230520433E-05
0	0	457	-2.85588359378792E-07	-2.26400151419963E-03	-1.15475767450541E-05
0	0	458	-2.82132406979578E-07	-2.25720907503019E-03	-1.13911207293734E-05
0	0	459	-2.78310995739821E-07	-2.25048974052323E-03	-1.12368624733906E-05
0	0	460	-2.83746751973769E-07	-2.24382970297455E-03	-1.10943503608528E-05
0	0	461	-2.82818368113008E-07	-2.23723992376567E-03	-1.09440744011825E-05
0	0	462	-2.81561733867963E-07	-2.2307178752062E-03	-1.07956546336737E-05
0	0	463	-2.79976849238633E-07	-2.22426355729613E-03	-1.06490910583266E-05
0	0	464	-2.78063714225019E-07	-2.21787697003547E-03	-1.0504383675141E-05
0	0	465	-2.75822328827121E-07	-2.21155811342422E-03	-1.03615324841171E-05
0	0	466	-2.73252693044939E-07	-2.20530698746237E-03	-1.02205374852548E-05
0	0	467	-2.70354806878472E-07	-2.19912359214993E-03	-1.0081398678554E-05
0	0	468	-2.6712867032772E-07	-2.1930079274869E-03	-9.94411606401494E-06
0	0	469	-2.70406432937917E-07	-2.18695347060586E-03	-9.81853603447894E-06
0	0	470	-2.69755331374421E-07	-2.18096140298502E-03	-9.6848003827902E-06
0	0	471	-2.68810236729781E-07	-2.17503229742039E-03	-9.55263458232495E-06
0	0	472	-2.67571149003998E-07	-2.16916615391198E-03	-9.42203863308317E-06
0	0	473	-2.66038068197071E-07	-2.16336297245979E-03	-9.29301253506489E-06
0	0	474	-2.64210994309001E-07	-2.1576227530638E-03	-9.16555628827008E-06
0	0	475	-2.62089927339787E-07	-2.15194549572403E-03	-9.03966989269876E-06
0	0	476	-2.59674867289429E-07	-2.14633120044048E-03	-8.91535334835091E-06
0	0	477	-2.56965814157927E-07	-2.14077986721313E-03	-8.79260665522655E-06
0	0	478	-2.53962767945282E-07	-2.13529149604201E-03	-8.67142981332567E-06
0	0	479	-2.58049225400137E-07	-2.12985580816233E-03	-8.56204241069201E-06
0	0	480	-2.57362725545632E-07	-2.1244813205343E-03	-8.44378174018554E-06
0	0	481	-2.56413964771098E-07	-2.1191655776523E-03	-8.32684976638417E-06
0	0	482	-2.55202943076533E-07	-2.11390857951633E-03	-8.21124648928791E-06
0	0	483	-2.5372966046194E-07	-2.10871032612639E-03	-8.09697190889674E-06
0	0	484	-2.51994116927316E-07	-2.10357081748247E-03	-7.98402602521066E-06
0	0	485	-2.49996312472663E-07	-2.09849005358459E-03	-7.87240883822969E-06
0	0	486	-2.4773624709798E-07	-2.09346803443274E-03	-7.76212034795382E-06
0	0	487	-2.45213920803267E-07	-2.08850476002692E-03	-7.65316055438305E-06
0	0	488	-2.47573719222538E-07	-2.08359484399953E-03	-7.55624313386134E-06
0	0	489	-2.47100207956849E-07	-2.07874088144194E-03	-7.44988890522751E-06
0	0	490	-2.46393816663146E-07	-2.07394194856667E-03	-7.3446591735107E-06
0	0	491	-2.45454545341429E-07	-2.06919804537371E-03	-7.24055393871089E-06
0	0	492	-2.44282393991698E-07	-2.06450917186307E-03	-7.13757320082809E-06
0	0	493	-2.42877362613953E-07	-2.05987532803474E-03	-7.03571695986231E-06
0	0	494	-2.41239451208195E-07	-2.05529651388872E-03	-6.93498521581353E-06
0	0	495	-2.39368659774423E-07	-2.05077272942502E-03	-6.83537796868177E-06
0	0	496	-2.37264988312637E-07	-2.04630397464364E-03	-6.73689521846702E-06
0	0	497	-2.34928436822837E-07	-2.04189024954457E-03	-6.63953696516928E-06
0	0	498	-2.37922167879414E-07	-2.03752355821517E-03	-6.55449654637518E-06
0	0	499	-2.37417359252492E-07	-2.03321165773171E-03	-6.45929029794511E-06
0	0	500	-2.36706738745219E-07	-2.02895152985149E-03	-6.36503450942171E-06
0	0	501	-2.35790306357595E-07	-2.0247431745745E-03	-6.27172918080495E-06
0	0	502	-2.3466806208962E-07	-2.02058659190075E-03	-6.17937431209486E-06
0	0	503	-2.33340005941294E-07	-2.01648178183023E-03	-6.08796990329143E-06
0	0	504	-2.31806137912616E-07	-2.01242874436296E-03	-5.99751595439466E-06
0	0	505	-2.30066458003587E-07	-2.00842747949891E-03	-5.90801246540454E-06
0	0	506	-2.28120966214208E-07	-2.00447798723811E-03	-5.81945943632108E-06
0	0	507	-2.29744275413372E-07	-2.00057534213668E-03	-5.74341968545517E-06
0	0	508	-2.2940690094088E-07	-1.99672417868961E-03	-5.65679164502375E-06
0	0	509	-2.28888488046094E-07	-1.99292194891432E-03	-5.57096457267611E-06
0	0	510	-2.28189036729013E-07	-1.9891686528108E-03	-5.48593846841226E-06
0	0	511	-2.27308546989639E-07	-1.98546429037905E-03	-5.40171333223219E-06
0	0	512	-2.2624701882797E-07	-1.98180886161907E-03	-5.31828916413591E-06
0	0	513	-2.25004452244006E-07	-1.97820236653086E-03	-5.2356659641234E-06
0	0	514	-2.23580847237748E-07	-1.97464480511443E-03	-5.15384373219468E-06
0	0	515	-2.21976203809196E-07	-1.97113617736976E-03	-5.07282246834975E-06
0	0	516	-2.20190521958349E-07	-1.96767648329686E-03	-4.9926021725886E-06
0	0	517	-2.22298434788784E-07	-1.96425921031003E-03	-4.92505765473144E-06
0	0	518	-2.21941664721287E-07	-1.96089215550008E-03	-4.84642593423124E-06
0	0	519	-2.21426408126548E-07	-1.95757157790115E-03	-4.76846559825408E-06
0	0	520	-2.20752665004568E-07	-1.95429747751321E-03	-4.69117664679996E-06
0	0	521	-2.19920435355346E-07	-1.95106985433628E-03	-4.61455907986888E-06
0	0	522	-2.18929719178882E-07	-1.94788870837035E-03	-4.53861289746085E-06
0	0	523	-2.17780516475177E-07	-1.94475403961543E-03	-4.46333809957587E-06
0	0	524	-2.16472827244231E-07	-1.94166584807152E-03	-4.38873468621392E-06
0	0	525	-2.15006651486043E-07	-1.93862413373861E-03	-4.31480265737502E-06
0	0	526	-2.16039999800029E-07	-1.93562414301414E-03	-4.25351560477616E-06
0	0	527	-2.15819260513461E-07	-1.93267244116013E-03	-4.18099947606006E-06
0	0	528	-2.15460500861898E-07	-1.9297651108667E-03	-4.10904121554597E-06
0	0	529	-2.14963720845341E-07	-1.92690215213385E-03	-4.03764082323389E-06
0	0	530	-2.14328920463789E-07	-1.92408356496158E-03	-3.96679829912382E-06
0	0	531	-2.13556099717243E-07	-1.92130934934989E-03	-3.89651364321576E-06
0	0	532	-2.12645258605703E-07	-1.91857950529878E-03	-3.8267868555097E-06
0	0	533	-2.11596397129169E-07	-1.91589403280825E-03	-3.75761793600566E-06
0	0	534	-2.10409515287639E-07	-1.9132529318783E-03	-3.68900688470362E-06
0	0	535	-2.09084613081116E-07	-1.91065620250893E-03	-3.62095370160358E-06
0	0	536	-2.10483711200384E-07	-1.90809834404342E-03	-3.56551014336232E-06
0	0	537	-2.10257962014534E-07	-1.90558744302208E-03	-3.49861252594804E-06
0	0	538	-2.09912755543296E-07	-1.90311913095754E-03	-3.43217213478308E-06
0	0	539	-2.09448091786671E-07	-1.9006934078498E-03	-3.36618896986745E-06
0	0	540	-2.08863970744659E-07	-1.89831027369885E-03	-3.30066303120114E-06
0	0	541	-2.0816039241726E-07	-1.89596972850469E-03	-3.23559431878414E-06
0	0	542	-2.07337356804473E-07	-1.89367177226733E-03	-3.17098283261647E-06
0	0	543	-2.06394863906298E-07	-1.89141640498676E-03	-3.10682857269812E-06
0	0	544	-2.05332913722737E-07	-1.88920362666299E-03	-3.04313153902909E-06
0	0	545	-2.04151506253788E-07	-1.88703343729601E-03	-2.97989173160938E-06
0	0	546	-2.05792441010236E-07	-1.88489992340991E-03	-2.92913255729449E-06
0	0	547	-2.05577125809312E-07	-1.88281220573567E-03	-2.86682031811411E-06
0	0	548	-2.05259215294379E-07	-1.88076559353194E-03	-2.80487489590107E-06
0	0	549	-2.04838709465436E-07	-1.8787600867987E-03	-2.74329629065538E-06
0	0	550	-2.04315608322484E-07	-1.87679568553598E-03	-2.68208450237704E-06
0	0	551	-2.03689911865523E-07	-1.87487238974375E-03	-2.62123953106604E-06
0	0	552	-2.02961620094552E-07	-1.87299019942204E-03	-2.56076137672238E-06
0	0	553	-2.02130733009572E-07	-1.87114911457082E-03	-2.50065003934608E-06
0	0	554	-2.01197250610583E-07	-1.86934913519011E-03	-2.44090551893711E-06
0	0	555	-2.02043120444064E-07	-1.86758545775685E-03	-2.39337833321653E-06
0	0	556	-2.01938957879042E-07	-1.86586656893607E-03	-2.33444060904821E-06
0	0	557	-2.01747615622639E-07	-1.86418758109623E-03	-2.27578732890023E-06
0	0	558	-2.01469093674855E-07	-1.86254849423733E-03	-2.21741849277259E-06
0	0	559	-2.01103392035692E-07	-1.86094930835937E-03	-2.15933410066531E-06
0	0	560	-2.00650510705147E-07	-1.85939002346235E-03	-2.10153415257837E-06
0	0	561	-2.00110449683223E-07	-1.85787063954627E-03	-2.04401864851177E-06
0	0	562	-1.99483208969918E-07	-1.85639115661113E-03	-1.98678758846553E-06
0	0	563	-1.98768788565232E-07	-1.85495157465692E-03	-1.92984097243963E-06
0	0	564	-1.97967188469166E-07	-1.85355189368366E-03	-1.87317880043407E-06
0	0	565	-1.98986227919864E-07	-1.85218749262989E-03	-1.82854125170186E-06
0	0	566	-1.9890404263685E-07	-1.85086678226837E-03	-1.77249403026503E-06
0	0	567	-1.9874880506717E-07	-1.84958503077377E-03	-1.71665497784739E-06
0	0	568	-1.98520515210825E-07	-1.84834223814609E-03	-1.66102409444892E-06
0	0	569	-1.98219173067813E-07	-1.84713840438533E-03	-1.60560138006973E-06
0	0	570	-1.97844778638137E-07	-1.84597352949149E-03	-1.55038683470962E-06
0	0	571	-1.97397331921794E-07	-1.84484761346457E-03	-1.4953804583687E-06
0	0	572	-1.96876832918786E-07	-1.84376065630457E-03	-1.44058225104695E-06
0	0	573	-1.96283281629112E-07	-1.84271265801149E-03	-1.38599221274431E-06
0	0	574	-1.96714600127634E-07	-1.8416992303871E-03	-1.34314501005396E-06
0	0	575	-1.96722822790845E-07	-1.84072948669708E-03	-1.28906594360168E-06
0	0	576	-1.9667117283021E-07	-1.83979800892876E-03	-1.23512156263958E-06
0	0	577	-1.96559650245728E-07	-1.83890479708216E-03	-1.18131186716773E-06
0	0	578	-1.96388255037399E-07	-1.83804985115728E-03	-1.12763685718612E-06
0	0	579	-1.96156987205223E-07	-1.8372331711541E-03	-1.07409653269483E-06
0	0	580	-1.958658467492E-07	-1.83645475707264E-03	-1.02069089369367E-06
0	0	581	-1.95514833669331E-07	-1.83571460891289E-03	-9.67419940182878E-07
0	0	582	-1.95103947965615E-07	-1.83501272667485E-03	-9.14283672162277E-07
0	0	583	-1.94633189638051E-07	-1.83434911035853E-03	-8.61282089631932E-07
0	0	584	-1.96192505745281E-07	-1.83372673439956E-03	-8.19945566408084E-07
0	0	585	-1.95825961453463E-07	-1.83313949016831E-03	-7.67338186395813E-07
0	0	586	-1.95552041655521E-07	-1.83259032587327E-03	-7.14809750933002E-07
0	0	587	-1.95370746351455E-07	-1.83207924151445E-03	-6.62360260019613E-07
0	0	588	-1.95282075541265E-07	-1.83160623709184E-03	-6.09989713655722E-07
0	0	589	-1.95286029224951E-07	-1.83117131260544E-03	-5.57698111841258E-07
0	0	590	-1.95382607402513E-07	-1.83077446805526E-03	-5.05485454576289E-07
0	0	591	-1.95571810073951E-07	-1.8304157034413E-03	-4.53351741860779E-07
0	0	592	-1.95853637239266E-07	-1.83009501876355E-03	-4.01296973694728E-07
0	0	593	-1.96168241036361E-07	-1.82981200904251E-03	-3.56257217747602E-07
0	0	594	-1.96117231176391E-07	-1.82956178881412E-03	-3.07935124930619E-07
0	0	595	-1.95815075319649E-07	-1.82935334790349E-03	-2.55950628996612E-07
0	0	596	-1.95612681675444E-07	-1.82918288789526E-03	-2.04218556144333E-07
0	0	597	-1.95510050243775E-07	-1.82905040878945E-03	-1.52738906373776E-07
0	0	598	-1.95507181024642E-07	-1.82895591058605E-03	-1.01511679684945E-07
0	0	599	-1.95604074018046E-07	-1.82889939328506E-03	-5.05368760778382E-08
0	0	600	-1.95800729223985E-07	-1.82888085688648E-03	1.8550444754309E-10
