fieldmap_name:     	SWLS Sirius
timestamp:         	2022-08-15_15-29-02
filename:          	2022-08-15_SWLS_Sirius_Model8.0_gap7.2mm_Z=-600_600mm.txt
MagNet_file:       	SWLS_Sirius_Model8.0_gap7.2mm.mn
nr_magnets:        	1

magnet_name:       	SWLS
gap[mm]:           	
control_gap[mm]:   	--
magnet_length[mm]: 	
current_main[A]:   	--
NI_main[A.esp]:    	--
center_pos_z[mm]:  	0
center_pos_x[mm]:  	0
rotation[deg]:     	0

X[mm]	Y[mm]	Z[mm]	Bx	By	Bz [T]
------------------------------------------------------------------------------------------------------------------------------------------------------------------
0	0	-600	0	-1.83299365668927E-03	0
0	0	-599	0	-1.83302343960978E-03	0
0	0	-598	0	-1.83309083164396E-03	0
0	0	-597	0	-1.8331958327918E-03	0
0	0	-596	0	-1.83333844305332E-03	0
0	0	-595	0	-1.83351866242849E-03	0
0	0	-594	0	-1.83373649091734E-03	0
0	0	-593	0	-1.83399192851985E-03	0
0	0	-592	0	-1.83428497523603E-03	0
0	0	-591	0	-1.83461563106588E-03	0
0	0	-590	0	-1.83498389600939E-03	0
0	0	-589	0	-1.83538977006657E-03	0
0	0	-588	0	-1.83583325323742E-03	0
0	0	-587	0	-1.83631434552193E-03	0
0	0	-586	0	-1.83683304692012E-03	0
0	0	-585	0	-1.83738935743196E-03	0
0	0	-584	0	-1.83798327705748E-03	0
0	0	-583	0	-1.83861480579666E-03	0
0	0	-582	0	-1.83928394364951E-03	0
0	0	-581	0	-1.83999069061603E-03	0
0	0	-580	0	-1.84073504669621E-03	0
0	0	-579	0	-1.84151701189006E-03	0
0	0	-578	0	-1.84233658619758E-03	0
0	0	-577	0	-1.84319376961876E-03	0
0	0	-576	0	-1.84408856215361E-03	0
0	0	-575	0	-1.84502096380213E-03	0
0	0	-574	0	-1.84599097456432E-03	0
0	0	-573	0	-1.84699859444017E-03	0
0	0	-572	0	-1.84804382342969E-03	0
0	0	-571	1.47046812227527E-22	-1.84851135163418E-03	-3.24687615997502E-20
0	0	-570	1.18557093436659E-22	-1.84965086643891E-03	-2.88146501827896E-20
0	0	-569	7.40493747379118E-23	-1.85082998243773E-03	-1.98659555200528E-20
0	0	-568	5.17955153885374E-23	-1.85204869963063E-03	-1.53916081886843E-20
0	0	-567	0	-1.85330701801762E-03	0
0	0	-566	-5.9083312078328E-23	-1.8546049375987E-03	0
0	0	-565	1.35236561312848E-22	-1.85594245837386E-03	-5.62267761153952E-20
0	0	-564	7.36589054579173E-23	-1.85731958034311E-03	-3.47203487665266E-20
0	0	-563	4.41172494187504E-23	-1.85873630350644E-03	-2.38030879092107E-20
0	0	-562	3.91285618655553E-23	-1.86019262786386E-03	-2.44592766407371E-20
0	0	-561	0	-1.86168855341536E-03	0
0	0	-560	8.74535602775099E-23	-1.86322408016095E-03	-7.73149623113693E-20
0	0	-559	6.04062480149394E-23	-1.86479920810063E-03	-6.60696070882902E-20
0	0	-558	2.8760717479172E-23	-1.86641393723439E-03	-4.06260473502636E-20
0	0	-557	2.1277686149379E-23	-1.86806826756223E-03	-4.16103304475531E-20
0	0	-556	4.59821827319613E-24	-1.86976219908416E-03	-1.41982045149475E-20
0	0	-555	1.26232469796136E-23	-1.87149573180018E-03	-8.71577932842642E-20
0	0	-554	-2.3428156799732E-24	-1.87326886571028E-03	-8.91263594788432E-20
0	0	-553	-1.44240652829632E-23	-1.87508160081447E-03	-7.59124380611851E-20
0	0	-552	0	-1.87692030453225E-03	2.4880339742204E-19
0	0	-551	-9.89297111305345E-24	-1.87878610750452E-03	2.41229961087575E-19
0	0	-550	0	-1.8806961898333E-03	2.49303926447652E-19
0	0	-549	9.25824268300318E-23	-1.88265055151858E-03	2.6388785527785E-19
0	0	-548	7.44763168446231E-23	-1.88464919256036E-03	2.6388785527785E-19
0	0	-547	1.06021084755629E-22	-1.88669211295863E-03	2.6388785527785E-19
0	0	-546	1.12740413718428E-22	-1.88877931271341E-03	2.6388785527785E-19
0	0	-545	-8.9594807010927E-23	-1.89091079182469E-03	1.97130021936511E-19
0	0	-544	0	-1.89308655029247E-03	2.50946384984693E-19
0	0	-543	1.9934760091026E-22	-1.89530658811675E-03	2.6388785527785E-19
0	0	-542	2.44331026746869E-22	-1.89757090529752E-03	2.6388785527785E-19
0	0	-541	2.56089852431766E-22	-1.8998795018348E-03	2.6388785527785E-19
0	0	-540	2.29584581242856E-22	-1.90223237772858E-03	2.6388785527785E-19
0	0	-539	1.19831787343539E-22	-1.90462953297886E-03	2.6388785527785E-19
0	0	-538	1.66495045420851E-22	-1.90707096758564E-03	2.6388785527785E-19
0	0	-537	1.7321437438365E-22	-1.90955668154891E-03	2.6388785527785E-19
0	0	-536	1.34950277509837E-22	-1.91208667486869E-03	2.6388785527785E-19
0	0	-535	3.26642806541196E-22	-1.91466094754497E-03	2.6388785527785E-19
0	0	-534	3.38401632226093E-22	-1.91727949957775E-03	2.6388785527785E-19
0	0	-533	0	-1.91994233096703E-03	2.54506370699652E-19
0	0	-532	0	-1.92264944171281E-03	2.54865223629699E-19
0	0	-531	0	-1.92540083181508E-03	2.55229946203922E-19
0	0	-530	2.20249677123265E-22	-1.92819650127386E-03	2.6388785527785E-19
0	0	-529	2.26969006086064E-22	-1.93103645008914E-03	2.6388785527785E-19
0	0	-528	1.75266251286648E-22	-1.93392067826092E-03	2.6388785527785E-19
0	0	-527	-1.80305748008754E-22	-1.9368491857892E-03	1.83409538002917E-19
0	0	-526	-2.16236118852662E-22	-1.93982197267398E-03	1.70296624978076E-19
0	0	-525	4.44231063390232E-22	-1.94283903891526E-03	2.6388785527785E-19
0	0	-524	4.5598988907513E-22	-1.94590038451304E-03	2.6388785527785E-19
0	0	-523	4.67748714760028E-22	-1.94900600946731E-03	2.6388785527785E-19
0	0	-522	4.79507540444926E-22	-1.95215591377809E-03	2.6388785527785E-19
0	0	-521	2.80723637788487E-22	-1.95535009744537E-03	2.6388785527785E-19
0	0	-520	2.87442966751286E-22	-1.95858856046915E-03	2.6388785527785E-19
0	0	-519	2.20621721785564E-22	-1.96187130284943E-03	2.6388785527785E-19
0	0	-518	3.00881624676884E-22	-1.96519832458621E-03	2.6388785527785E-19
0	0	-517	3.07600953639683E-22	-1.96856962567949E-03	2.6388785527785E-19
0	0	-516	5.50060494554355E-22	-1.97198520612927E-03	2.6388785527785E-19
0	0	-515	0	-1.97544506593555E-03	2.61863778999321E-19
0	0	-514	0	-1.97894920509833E-03	2.62328285524522E-19
0	0	-513	0	-1.9824976236176E-03	2.62798661693899E-19
0	0	-512	0	-1.98584377617878E-03	0
0	0	-511	0	-1.98956878938036E-03	0
0	0	-510	0	-1.99335586697967E-03	0
0	0	-509	0	-1.99719870669123E-03	0
0	0	-508	-1.19017622500568E-19	-2.00198962543301E-03	-1.81943886512219E-19
0	0	-507	-1.18960715145951E-19	-2.00571140777444E-03	-3.39474791340507E-20
0	0	-506	-1.1917465304899E-19	-2.00949309250058E-03	-3.61609810046201E-20
0	0	-505	-1.19154452553831E-19	-2.01333467961145E-03	1.19154452553831E-19
0	0	-504	-1.19840975811461E-19	-2.01723616910705E-03	-2.00540051390195E-19
0	0	-503	-1.19837737844125E-19	-2.02119756098736E-03	-4.27802155303114E-20
0	0	-502	-1.19857789389426E-19	-2.02521885525241E-03	1.19857789389426E-19
0	0	-501	-1.20297520279229E-19	-2.02930005190217E-03	-4.71753126424249E-20
0	0	-500	-1.20515609018274E-19	-2.03344115093666E-03	-3.39391843410548E-20
0	0	-499	-1.20771483438343E-19	-2.03764215235587E-03	-5.15562290305272E-20
0	0	-498	-1.21182361207885E-19	-2.04190305615981E-03	-2.28327943277074E-19
0	0	-497	-1.2125962732147E-19	-2.04622386234847E-03	-5.59229646946183E-20
0	0	-496	-1.21360182947692E-19	-2.05060457092186E-03	1.21360182947692E-19
0	0	-495	-1.21888280947723E-19	-2.05504518187996E-03	-2.25637801127678E-19
0	0	-494	-1.2201843200368E-19	-2.0595456952228E-03	-6.2446479333234E-20
0	0	-493	-1.22278457259755E-19	-2.06410611095035E-03	-6.46138938507668E-20
0	0	-492	-1.22432682273258E-19	-2.06872642906263E-03	1.22432682273258E-19
0	0	-491	-1.22818186338348E-19	-2.07340664955964E-03	-8.63606107428227E-20
0	0	-490	-1.22990203022058E-19	-2.07814677244136E-03	1.22990203022058E-19
0	0	-489	-1.23274281167962E-19	-2.08294679770782E-03	1.23274281167962E-19
0	0	-488	-1.23695267400909E-19	-2.08780672535899E-03	-2.56270237103625E-19
0	0	-487	-1.23918510742222E-19	-2.09272655539489E-03	-9.58527508056043E-20
0	0	-486	-1.24193343445029E-19	-2.09770628781551E-03	-6.11561379420452E-20
0	0	-485	-1.24486285824461E-19	-2.10274592262086E-03	-8.18255834749296E-20
0	0	-484	-1.24778217709562E-19	-2.10784545981093E-03	-8.39610913634372E-20
0	0	-483	-1.25053198844446E-19	-2.11300489938573E-03	1.25053198844446E-19
0	0	-482	-1.25383340788175E-19	-2.11822424134525E-03	-3.01805036452259E-19
0	0	-481	-1.25675284450881E-19	-2.12350348568949E-03	-9.03463439429437E-20
0	0	-480	-1.25981397059993E-19	-2.12884263241845E-03	-9.24676711074401E-20
0	0	-479	-1.26291054850108E-19	-2.13424168153214E-03	-9.45854530909339E-20
0	0	-478	-1.2660688190285E-19	-2.13970063303056E-03	-7.63967069286503E-20
0	0	-477	-1.26882268909662E-19	-2.14521948691369E-03	-3.24580506066857E-19
0	0	-476	-1.27192690076968E-19	-2.15079824318156E-03	-3.29124964446768E-19
0	0	-475	-1.27623619215915E-19	-2.15643690183414E-03	1.27623619215915E-19
0	0	-474	-1.27954661116758E-19	-2.16213546287145E-03	1.06771596861386E-19
0	0	-473	-1.28223450391856E-19	-2.16789392629349E-03	-1.07217696190837E-19
0	0	-472	0	-2.17365996467637E-03	0
0	0	-471	0	-2.17948441280218E-03	0
0	0	-470	0	-2.18538138877177E-03	0
0	0	-469	0	-2.19135089258515E-03	0
0	0	-468	0	-2.19739292424231E-03	0
0	0	-467	0	-2.20350748374325E-03	0
0	0	-466	0	-2.20969457108797E-03	0
0	0	-465	0	-2.21595418627648E-03	0
0	0	-464	0	-2.22228632930877E-03	0
0	0	-463	0	-2.22869100018485E-03	0
0	0	-462	0	-2.2351681989047E-03	0
0	0	-461	0	-2.24171792546834E-03	0
0	0	-460	0	-2.24834017987576E-03	0
0	0	-459	0	-2.25503496212697E-03	0
0	0	-458	0	-2.26180227222196E-03	0
0	0	-457	0	-2.26864211016073E-03	0
0	0	-456	0	-2.27555447594329E-03	0
0	0	-455	0	-2.28253936956962E-03	0
0	0	-454	0	-2.28959679103975E-03	0
0	0	-453	0	-2.29672674035365E-03	0
0	0	-452	0	-2.30392921751134E-03	0
0	0	-451	0	-2.31120422251281E-03	0
0	0	-450	0	-2.31855175535806E-03	0
0	0	-449	0	-2.32597181604709E-03	0
0	0	-448	0	-2.33346440457992E-03	0
0	0	-447	0	-2.34102952095652E-03	0
0	0	-446	0	-2.3486671651769E-03	0
0	0	-445	0	-2.35637733724107E-03	0
0	0	-444	0	-2.36416003714902E-03	0
0	0	-443	1.07800875022343E-21	-2.37202383983925E-03	-5.84591528307649E-19
0	0	-442	1.0889150238949E-21	-2.37996283622618E-03	-6.19537060694677E-19
0	0	-441	1.09572661529592E-21	-2.38797541862418E-03	-6.55026969840909E-19
0	0	-440	1.14620193853199E-21	-2.39606158703325E-03	-7.21107397300535E-19
0	0	-439	1.1427768242569E-21	-2.40422134145339E-03	-7.57958248344779E-19
0	0	-438	1.13525702771135E-21	-2.4124546818846E-03	-7.95353476148226E-19
0	0	-437	5.41013079097734E-22	-2.42076160832688E-03	-4.01215187008941E-19
0	0	-436	5.53966693904426E-22	-2.42914212078022E-03	-4.35888531016367E-19
0	0	-435	0	-2.43759621924464E-03	0
0	0	-434	6.66385255825317E-22	-2.4457491996265E-03	1.23901898911524E-19
0	0	-433	3.18093488779925E-22	-2.45435731873754E-03	2.90142802563549E-19
0	0	-432	0	-2.46306666700601E-03	4.60344210890014E-19
0	0	-431	1.49705509467524E-21	-2.47187724443192E-03	-4.35088281211498E-19
0	0	-430	1.09118428552694E-21	-2.48078905101526E-03	-2.34287573408636E-19
0	0	-429	7.73090796747006E-22	-2.48980208675604E-03	-6.40294062572186E-20
0	0	-428	4.85195586232537E-22	-2.49891635165426E-03	1.1018926556864E-19
0	0	-427	1.18299300071444E-21	-2.50813184570991E-03	-4.69304824330069E-19
0	0	-426	8.49598059403249E-22	-2.51744856892301E-03	-2.58968633935243E-19
0	0	-425	5.91901127154233E-22	-2.52686652129354E-03	-8.07516182183096E-20
0	0	-424	3.64402473170689E-22	-2.5363857028215E-03	1.01425902173065E-19
0	0	-423	1.67102097452611E-22	-2.5460061135069E-03	2.87563927238879E-19
0	0	-422	6.08011833279551E-22	-2.55572775334974E-03	-2.83346980728771E-19
0	0	-421	5.47615276748642E-22	-2.56555062235002E-03	-2.8939426840636E-19
0	0	-420	3.6541404016328E-22	-2.57547472050774E-03	-1.01228691982532E-19
0	0	-419	2.13411081843386E-22	-2.58550004782289E-03	9.08973891157371E-20
0	0	-418	4.76353289302649E-22	-2.59562660429547E-03	-5.45185249260289E-19
0	0	-417	3.21330503156198E-22	-2.6058543899255E-03	-3.53415487451998E-19
0	0	-416	2.45632494094027E-22	-2.61618340471296E-03	-3.19346912669542E-19
0	0	-415	1.29665156294164E-22	-2.62661364865786E-03	-8.04231941071379E-20
0	0	-414	6.24196905160802E-23	-2.63714512176019E-03	8.08418662663446E-20
0	0	-413	1.28885649002446E-23	-2.64777782401997E-03	3.28474911190855E-19
0	0	-412	4.04626797033267E-24	-2.65851175543718E-03	-3.42968475130375E-19
0	0	-411	0	-2.66934708008977E-03	0
0	0	-410	0	-2.68028277234907E-03	0
0	0	-409	0	-2.69131815822773E-03	0
0	0	-408	0	-2.70245323772576E-03	0
0	0	-407	0	-2.71368801084315E-03	0
0	0	-406	0	-2.72502247757991E-03	0
0	0	-405	0	-2.73645663793603E-03	0
0	0	-404	0	-2.74799049191152E-03	0
0	0	-403	0	-2.75962403950637E-03	0
0	0	-402	0	-2.77135728072059E-03	0
0	0	-401	0	-2.78319021555417E-03	0
0	0	-400	0	-2.79512284400712E-03	0
0	0	-399	0	-2.80715516607943E-03	0
0	0	-398	-2.72068036528167E-22	-2.81869101794343E-03	-3.18716196314688E-19
0	0	-397	-1.34251788513089E-22	-2.83097915958258E-03	-3.18716196314688E-19
0	0	-396	-1.37069136898623E-22	-2.84340191041468E-03	-3.18716196314688E-19
0	0	-395	-1.66736842986796E-22	-2.85595927043972E-03	-3.18716196314688E-19
0	0	-394	-1.96404549074949E-22	-2.86865123965771E-03	-3.18716196314688E-19
0	0	-393	-5.08662574117015E-22	-2.88147781806865E-03	-3.18716196314688E-19
0	0	-392	-5.75414912815358E-22	-2.89443900567253E-03	-3.18716196314688E-19
0	0	-391	0	-2.90751622917365E-03	0
0	0	-390	0	-2.92073105923495E-03	0
0	0	-389	0	-2.93408355458012E-03	0
0	0	-388	0	-2.94757371520917E-03	0
0	0	-387	0	-2.96120154112211E-03	0
0	0	-386	0	-2.97496703231892E-03	0
0	0	-385	0	-2.98887018879961E-03	0
0	0	-384	0	-3.00291101056418E-03	0
0	0	-383	0	-3.01708949761263E-03	0
0	0	-382	0	-3.03140564994496E-03	0
0	0	-381	0	-3.04585946756117E-03	0
0	0	-380	0	-3.06045095046126E-03	0
0	0	-379	0	-3.07518009864523E-03	0
0	0	-378	0	-3.09004691211308E-03	0
0	0	-377	0	-3.1050513908648E-03	0
0	0	-376	0	-3.12019353490041E-03	0
0	0	-375	0	-3.1354733442199E-03	0
0	0	-374	0	-3.15089081882326E-03	0
0	0	-373	0	-3.16644595871051E-03	0
0	0	-372	0	-3.18213876388163E-03	0
0	0	-371	0	-3.19796923433664E-03	0
0	0	-370	0	-3.21375724489286E-03	0
0	0	-369	0	-3.22981794986116E-03	0
0	0	-368	0	-3.24605095646584E-03	0
0	0	-367	0	-3.26245626470691E-03	0
0	0	-366	0	-3.27903387458437E-03	0
0	0	-365	0	-3.2957837860982E-03	0
0	0	-364	0	-3.31270599924842E-03	0
0	0	-363	0	-3.32980051403502E-03	0
0	0	-362	0	-3.34706733045801E-03	0
0	0	-361	0	-3.36450644851738E-03	0
0	0	-360	0	-3.38211786821313E-03	0
0	0	-359	-6.57695552405563E-22	-3.39987346078059E-03	-9.31560407757598E-19
0	0	-358	0	-3.41776584864884E-03	-2.27929043274843E-19
0	0	-357	0	-3.43584300683956E-03	-2.29134599639433E-19
0	0	-356	-2.50730273317111E-22	-3.45410493535275E-03	-6.12864891044401E-19
0	0	-355	-2.18921846456924E-22	-3.47255163418841E-03	-6.17945791132519E-19
0	0	-354	-3.36804155274106E-22	-3.49118310334654E-03	-9.35210062497801E-19
0	0	-353	-1.55304992736539E-23	-3.50999934282713E-03	-2.73486498528517E-19
0	0	-352	-9.87972527010881E-23	-3.52900035263019E-03	-5.53679382863211E-19
0	0	-351	-8.25193251145578E-23	-3.54818613275571E-03	-5.98216022956486E-19
0	0	-350	-5.38917409403896E-23	-3.56755668320371E-03	-6.02973464307741E-19
0	0	-349	-2.52641567662211E-23	-3.58711200397417E-03	-6.0774322789659E-19
0	0	-348	0	-3.60685209506711E-03	-2.40539107612484E-19
0	0	-347	3.19910115821191E-23	-3.62677695648251E-03	-6.17319721787072E-19
0	0	-346	6.06185957562877E-23	-3.64688658822037E-03	-6.22126452088703E-19
0	0	-345	8.92461799304558E-23	-3.66718099028071E-03	-6.2694550462793E-19
0	0	-344	2.35747528209236E-22	-3.68766016266351E-03	-1.01762560280932E-18
0	0	-343	0	-3.70832410536878E-03	-2.47306223691086E-19
0	0	-342	0	-3.72917281839652E-03	-2.48696613619589E-19
0	0	-341	4.07513033254253E-22	-3.75020630174673E-03	-1.04259054853586E-18
0	0	-340	4.64768201602589E-22	-3.7714245554194E-03	-1.05093684158657E-18
0	0	-339	5.51024668281535E-22	-3.79282757941454E-03	-1.10409288687732E-18
0	0	-338	0	-3.81441537373215E-03	-2.54381395709542E-19
0	0	-337	3.18266853323793E-22	-3.83618793837223E-03	-6.65941525495128E-19
0	0	-336	-5.56861462003688E-23	-3.85814368621296E-03	-2.06669067333727E-19
0	0	-335	-2.62423054447802E-22	-3.88021885191428E-03	0
0	0	-334	-1.25145099255955E-22	-3.90254695360163E-03	0
0	0	-333	2.24285910340427E-19	-3.9250981987192E-03	-4.48571820680854E-19
0	0	-332	2.25584520755879E-19	-3.94787757456103E-03	-9.00699511340825E-19
0	0	-331	2.26898062576913E-19	-3.97086906052441E-03	-4.42685886187894E-19
0	0	-330	2.28227212772878E-19	-3.99407265660932E-03	-4.56454425545756E-19
0	0	-329	2.29565220821828E-19	-4.01748836281576E-03	-4.59130441643656E-19
0	0	-328	2.30889750938709E-19	-4.04111617914374E-03	-4.42685886187894E-19
0	0	-327	2.32277597776927E-19	-4.06495610559326E-03	-4.64555195553855E-19
0	0	-326	2.33651966683077E-19	-4.08900814216432E-03	-4.67303933366154E-19
0	0	-325	2.34951773095064E-19	-4.11327228885691E-03	-4.42685886187894E-19
0	0	-324	2.36382556070101E-19	-4.13774854567103E-03	-4.42685886187894E-19
0	0	-323	2.37796347575389E-19	-4.1624369126067E-03	-4.42685886187894E-19
0	0	-322	2.39144209671186E-19	-4.1873373896639E-03	-4.42685886187894E-19
0	0	-321	2.4064212168234E-19	-4.21244997684263E-03	-4.42685886187894E-19
0	0	-320	2.42083189164415E-19	-4.2377746741429E-03	-4.42685886187894E-19
0	0	-319	2.43611917026654E-19	-4.26331148156471E-03	-4.87223834053307E-19
0	0	-318	2.44985372339184E-19	-4.28906039910805E-03	-4.42685886187894E-19
0	0	-317	2.4647911332504E-19	-4.31502142677293E-03	-4.42685886187894E-19
0	0	-316	2.48062271459899E-19	-4.34119456455935E-03	-4.96124542919797E-19
0	0	-315	2.49450404331124E-19	-4.3675798124673E-03	-4.42685886187894E-19
0	0	-314	2.50984120057263E-19	-4.39417717049679E-03	-4.42685886187894E-19
0	0	-313	2.52621708464742E-19	-4.42098663864781E-03	-5.05243416929484E-19
0	0	-312	2.53906816830917E-19	-4.44800821692037E-03	-4.42685886187894E-19
0	0	-311	2.55573464320641E-19	-4.47524190531447E-03	-4.42685886187894E-19
0	0	-310	1.42594689794395E-22	-4.5025562183537E-03	-4.0681414297007E-19
0	0	-309	-2.73289057803494E-22	-4.53021092655824E-03	0
0	0	-308	-1.45215964454555E-22	-4.55806436439758E-03	0
0	0	-307	0	-4.58611653187172E-03	0
0	0	-306	-3.69581477140725E-22	-4.61436742898067E-03	0
0	0	-305	0	-4.64281705572442E-03	0
0	0	-304	-2.13787448877026E-22	-4.67146541210297E-03	0
0	0	-303	-1.12159515050962E-22	-4.70031249811632E-03	0
0	0	-302	0	-4.72935831376448E-03	0
0	0	-301	-2.77023418810663E-22	-4.75860285904744E-03	0
0	0	-300	-1.66186161735847E-22	-4.78804613396521E-03	0
0	0	-299	-8.57143555280846E-23	-4.81768813851777E-03	0
0	0	-298	-2.21488583812604E-22	-4.84752887270514E-03	0
0	0	-297	0	-4.87756833652731E-03	0
0	0	-296	6.58804858859308E-23	-4.90780652998429E-03	-4.97654951506714E-19
0	0	-295	0	-4.93829942864488E-03	0
0	0	-294	0	-4.96898870249327E-03	0
0	0	-293	0	-4.99980248837254E-03	0
0	0	-292	0	-5.03074078628269E-03	0
0	0	-291	0	-5.06180359622371E-03	0
0	0	-290	0	-5.09299091819561E-03	0
0	0	-289	0	-5.12430275219839E-03	0
0	0	-288	0	-5.15573909823204E-03	0
0	0	-287	0	-5.18729995629658E-03	0
0	0	-286	0	-5.21898532639199E-03	0
0	0	-285	0	-5.25079520851827E-03	0
0	0	-284	0	-5.28272960267544E-03	0
0	0	-283	0	-5.31478850886348E-03	0
0	0	-282	0	-5.3469719270824E-03	0
0	0	-281	0	-5.3792798573322E-03	0
0	0	-280	0	-5.41171229961288E-03	0
0	0	-279	0	-5.44426925392443E-03	0
0	0	-278	1.57235652334978E-19	-5.47681412428852E-03	-7.53246702160389E-19
0	0	-277	4.20188835264422E-19	-5.50925652980008E-03	-8.51038485121635E-19
0	0	-276	4.21877117102735E-19	-5.54170288892664E-03	-8.31332726179818E-19
0	0	-275	0	-5.57434234952544E-03	0
0	0	-274	0	-5.60696331162567E-03	0
0	0	-273	0	-5.6395114400082E-03	0
0	0	-272	0	-5.67198673467301E-03	0
0	0	-271	0	-5.7043891956201E-03	0
0	0	-270	0	-5.73671882284948E-03	0
0	0	-269	0	-5.76897561636115E-03	0
0	0	-268	3.99489135346583E-20	-5.80115479172945E-03	-1.24511103908516E-18
0	0	-267	4.05039672733014E-20	-5.83317989466114E-03	-1.72971073730426E-18
0	0	-266	4.0719671024733E-20	-5.86502438578822E-03	-1.23110643747672E-18
0	0	-265	4.13936129626942E-20	-5.89668826511069E-03	-1.69214395363552E-18
0	0	-264	3.43643716445473E-22	-5.92823413251802E-03	-4.49257012184002E-19
0	0	-263	1.25858227280508E-22	-5.9594361931934E-03	-1.33020857097653E-19
0	0	-262	7.08513406423394E-23	-5.99038816649539E-03	-1.29152883909923E-19
0	0	-261	-2.63866122802311E-22	-6.02109964325394E-03	-2.32631527708774E-19
0	0	-260	0	-6.05145311306532E-03	-2.35638869550583E-19
0	0	-259	-7.51109110261105E-23	-6.08141405344966E-03	-2.32631527708774E-19
0	0	-258	0	-6.11098160054818E-03	0
0	0	-257	0	-6.14012607306669E-03	0
0	0	-256	0	-6.16880547167068E-03	0
0	0	-255	5.3844773034767E-22	-6.19694422792873E-03	-1.46677013720814E-18
0	0	-254	5.34426332113611E-19	-6.22453795090964E-03	2.04970817547894E-19
0	0	-253	0	-6.25150996363564E-03	0
0	0	-252	1.01676196204094E-18	-6.27782689647021E-03	0
0	0	-251	-2.15324367558915E-22	-6.30343412523843E-03	-9.73674087206185E-19
0	0	-250	0	-6.32827164951377E-03	0
0	0	-249	1.12711358311118E-19	-6.35228574111391E-03	0
0	0	-248	8.78172014066313E-23	-6.37541538733573E-03	2.6244354675496E-19
0	0	-247	-2.40759696107109E-19	-6.3975963249929E-03	-3.36417136127785E-19
0	0	-246	0	-6.41876068335912E-03	0
0	0	-245	0	-6.43883621278928E-03	0
0	0	-244	0	-6.45775288229661E-03	0
0	0	-243	-2.72832252702329E-21	-6.47543029174523E-03	0
0	0	-242	0	-6.49178242982203E-03	0
0	0	-241	-1.76655576542085E-19	-6.50672285529798E-03	-7.05206145212321E-19
0	0	-240	-9.56329352397748E-20	-6.52016399608744E-03	-1.77783907383082E-19
0	0	-239	0	-6.53200265789406E-03	0
0	0	-238	-5.77593610772064E-19	-6.54214124084047E-03	-4.32543987709007E-19
0	0	-237	0	-6.55047059105595E-03	0
0	0	-236	0	-6.5568760136938E-03	0
0	0	-235	-2.45466384075206E-19	-6.56123696907787E-03	0
0	0	-234	-2.45203779068471E-19	-6.56343190154477E-03	4.90407558136941E-19
0	0	-233	3.50921430581958E-22	-6.56332864990229E-03	2.81143754230253E-20
0	0	-232	1.3582078525263E-19	-6.56078135840307E-03	0
0	0	-231	0	-0.006555652366194	0
0	0	-230	0	-6.54777824967435E-03	0
0	0	-229	-3.86033842496684E-19	-6.53699798357146E-03	0
0	0	-228	0	-6.52314465200405E-03	0
0	0	-227	-3.42953845039599E-23	-6.50602955034065E-03	0
0	0	-226	7.80824144148475E-23	-6.48546217287174E-03	-7.65207820766822E-20
0	0	-225	0	-6.46124419783753E-03	0
0	0	-224	0	-6.43316983964256E-03	0
0	0	-223	0	-6.40100711100484E-03	0
0	0	-222	0	-6.3645142637045E-03	0
0	0	-221	0	-6.32345162491472E-03	0
0	0	-220	0	-6.2775542287318E-03	0
0	0	-219	0	-6.22654874844608E-03	0
0	0	-218	0	-6.17014328349134E-03	0
0	0	-217	-4.02298207775257E-19	-6.1080265097067E-03	0
0	0	-216	-6.54462349435868E-22	-6.0398762103404E-03	2.57334998783089E-19
0	0	-215	0	-5.96534813346228E-03	0
0	0	-214	0	-5.8840822174875E-03	0
0	0	-213	-3.47854239614898E-22	-5.79569370140821E-03	0
0	0	-212	0	-5.69978082479473E-03	0
0	0	-211	0	-5.59592587965628E-03	0
0	0	-210	0	-5.4836808542646E-03	0
0	0	-209	0	-5.36256572873191E-03	0
0	0	-208	0	-5.2320825839244E-03	0
0	0	-207	0	-5.09173338916672E-03	0
0	0	-206	0	-4.94091023830372E-03	0
0	0	-205	0	-4.77906864469932E-03	0
0	0	-204	0	-4.60556898009359E-03	0
0	0	-203	0	-4.41977250884514E-03	0
0	0	-202	0	-4.22095771832445E-03	0
0	0	-201	-4.94995294029361E-22	-4.0084114791981E-03	4.01280595474284E-19
0	0	-200	0	-3.78135748672476E-03	0
0	0	-199	0	-3.53897029910128E-03	0
0	0	-198	0	-3.28041201311746E-03	0
0	0	-197	0	-3.00472798911759E-03	0
0	0	-196	0	-2.71099003744362E-03	0
0	0	-195	0	-2.39821413555049E-03	0
0	0	-194	0	-2.06526076939289E-03	0
0	0	-193	6.69132999458165E-22	-1.71102842755274E-03	6.20761094026607E-18
0	0	-192	0	-1.33428100494876E-03	0
0	0	-191	0	-9.33768049166867E-04	0
0	0	-190	0	-5.08133238452014E-04	0
0	0	-189	4.19343346724338E-22	-5.59621726713393E-05	2.34290273672077E-18
0	0	-188	4.31086452978951E-22	4.24282867223131E-04	2.37037933367728E-18
0	0	-187	0	9.34159628896398E-04	0
0	0	-186	0	1.47537699636212E-03	0
0	0	-185	0	2.04965620253188E-03	0
0	0	-184	0	2.65893454284966E-03	0
0	0	-183	0	3.30520494967694E-03	0
0	0	-182	0	3.99058807709709E-03	0
0	0	-181	-2.13578280110593E-19	4.71730731975255E-03	-4.72787869161002E-19
0	0	-180	0	5.48769903700848E-03	0
0	0	-179	0	6.30428273943736E-03	0
0	0	-178	2.2931965088371E-19	7.16970742797367E-03	7.64453626744575E-19
0	0	-177	0	8.08676799961002E-03	0
0	0	-176	0	9.05841972852348E-03	0
0	0	-175	0	1.00878364980692E-02	0
0	0	-174	0	1.11782834750878E-02	0
0	0	-173	0	1.23332427535029E-02	0
0	0	-172	0	1.35563745005372E-02	0
0	0	-171	0	1.48517640536768E-02	0
0	0	-170	0	0.016223354888012	0
0	0	-169	0	1.76756291929807E-02	0
0	0	-168	-1.97439493196487E-18	0.019213337504632	0
0	0	-167	0	2.08411736501119E-02	0
0	0	-166	-1.07997191867067E-20	2.25643840055677E-02	0
0	0	-165	0	2.43884364363216E-02	0
0	0	-164	1.25283446893698E-21	2.63191087025994E-02	7.21991652092639E-18
0	0	-163	0	2.83625391702101E-02	0
0	0	-162	0	3.05250403598392E-02	0
0	0	-161	0	3.28135183628419E-02	0
0	0	-160	0	3.52351796797398E-02	0
0	0	-159	-6.24143673534484E-21	3.77975994471442E-02	0
0	0	-158	5.81220006594344E-21	4.05087089936545E-02	2.18726161910391E-17
0	0	-157	0	4.33769335944933E-02	0
0	0	-156	0	4.64112600321157E-02	0
0	0	-155	0	4.96210676504668E-02	0
0	0	-154	0	5.30160875402029E-02	0
0	0	-153	0	0.056606883420043	0
0	0	-152	1.30948044548725E-21	6.04045341546869E-02	5.03294207837778E-18
0	0	-151	0	6.44204932337413E-02	0
0	0	-150	0	6.86670191204636E-02	0
0	0	-149	0	7.31571678587577E-02	0
0	0	-148	0	7.79041295189585E-02	0
0	0	-147	0	8.29225746229466E-02	0
0	0	-146	0	8.82271446017479E-02	0
0	0	-145	0	9.38343540592296E-02	0
0	0	-144	3.99451060097756E-20	9.97604081662877E-02	1.26503067708496E-16
0	0	-143	0	0.10602361463904	0
0	0	-142	5.10466782246237E-18	0.11264248690737	0
0	0	-141	0	0.119636976556849	0
0	0	-140	-2.68245936914019E-20	0.127028117399524	0
0	0	-139	2.97417439594469E-20	0.134838481518043	7.21990810578118E-17
0	0	-138	0	0.143091747519385	0
0	0	-137	0	0.151813584041609	0
0	0	-136	0	0.161030575446788	0
0	0	-135	0	0.170772556900263	0
0	0	-134	0	0.181070579936026	0
0	0	-133	0	0.191958547359542	0
0	0	-132	4.21938962674889E-18	0.203473753523636	2.47221746975164E-17
0	0	-131	2.33213352978542E-20	0.215654886993346	6.5293608755329E-17
0	0	-130	0	0.228546473793442	0
0	0	-129	7.81164139018413E-18	0.242195601044655	9.76603014104983E-17
0	0	-128	0	0.256655152103353	0
0	0	-127	0	0.271982530514158	0
0	0	-126	2.70481627337572E-17	0.288243214189088	-1.39195225870569E-17
0	0	-125	0	0.305507080544889	0
0	0	-124	0	0.323853858007893	0
0	0	-123	0	0.343372777009533	0
0	0	-122	0	0.364161050120542	0
0	0	-121	0	0.386329707568793	0
0	0	-120	0	0.410001261974772	0
0	0	-119	-8.01661995967123E-20	0.435312417139445	0
0	0	-118	0	0.462409244514057	0
0	0	-117	2.19121866885166E-17	0.491451288084349	0
0	0	-116	0	0.522610123673867	0
0	0	-115	0	0.556062077908367	0
0	0	-114	1.21464792613198E-17	0.591984580679177	0
0	0	-113	0	0.630536066496977	0
0	0	-112	0	0.671850756585832	0
0	0	-111	0	0.716002952377069	0
0	0	-110	1.37518713385248E-19	0.762959763567838	8.48432658010065E-16
0	0	-109	4.56146295858382E-21	0.812529623072736	-8.36157635782476E-18
0	0	-108	0	0.864308601474738	0
0	0	-107	0	0.917712723353467	0
0	0	-106	0	0.972069398017235	0
0	0	-105	0	1.02634083175364	0
0	0	-104	-6.41999800305699E-17	1.07920081609202	4.79463715720453E-17
0	0	-103	0	1.12938324203233	0
0	0	-102	0	1.17588534657395	0
0	0	-101	-4.86265723753442E-17	1.21793101913725	-4.95296906426435E-17
0	0	-100	0	1.25505080699056	0
0	0	-99	0	1.28709101200327	0
0	0	-98	0	1.31421379186334	0
0	0	-97	0	1.33678531451407	0
0	0	-96	0	1.35530046538849	0
0	0	-95	0	1.37028049182139	0
0	0	-94	-6.52144336311718E-17	1.38231682045299	7.2704799028196E-17
0	0	-93	0	1.39194676640071	0
0	0	-92	0	1.399665897534	0
0	0	-91	0	1.40583606892644	0
0	0	-90	0	1.41076128015275	0
0	0	-89	0	1.41469415731534	0
0	0	-88	0	1.41784512183989	0
0	0	-87	0	1.42037329692805	0
0	0	-86	0	1.42240306856489	0
0	0	-85	0	1.42403476365688	0
0	0	-84	0	1.42533784627096	0
0	0	-83	-2.68880887576915E-17	1.42636690247928	2.13072468785121E-18
0	0	-82	0	1.42716201667538	0
0	0	-81	0	1.42775449179577	0
0	0	-80	0	1.4281661099704	0
0	0	-79	0	1.42841199813267	0
0	0	-78	-6.99199085380172E-17	1.42850206890666	1.82594354279941E-20
0	0	-77	5.37268238816875E-20	1.42843864328439	-3.59404760475226E-17
0	0	-76	0	1.42822032606524	0
0	0	-75	0	1.4278400346381	0
0	0	-74	0	1.42728402607668	0
0	0	-73	0	1.42653212276661	0
0	0	-72	0	1.42555765066104	0
0	0	-71	0	1.42432151845718	0
0	0	-70	2.64335538644767E-20	1.42277371526188	-7.7712130548894E-17
0	0	-69	0	1.42085002085117	0
0	0	-68	0	1.41846898720976	0
0	0	-67	0	1.41552172443059	-9.04278104782649E-17
0	0	-66	0	1.41186674128839	0
0	0	-65	-2.93497678320419E-17	1.40731999022215	0
0	0	-64	0	1.40165638783638	0
0	0	-63	0	1.39458744984271	0
0	0	-62	0	1.38576010423212	0
0	0	-61	-1.38446446265296E-16	1.37473478286351	-2.30197174556436E-16
0	0	-60	0	1.36101572857321	0
0	0	-59	0	1.34403248460246	0
0	0	-58	0	1.32317433041188	0
0	0	-57	0	1.29785180976955	0
0	0	-56	0	1.26755196840202	0
0	0	-55	-3.90950377423629E-20	1.23196893167377	-5.64117999622394E-16
0	0	-54	0	1.19115620203745	0
0	0	-53	0	1.1453727681549	0
0	0	-52	4.38747542124087E-17	1.09505372879121	-1.56408065071798E-16
0	0	-51	0	1.04113920207113	0
0	0	-50	0	0.984854550348957	0
0	0	-49	0	0.927345291611739	0
0	0	-48	0	0.869606334285577	0
0	0	-47	0	0.812579668187328	0
0	0	-46	0	0.756907425830017	0
0	0	-45	4.35942283785281E-20	0.703003494348275	-9.43124562891101E-17
0	0	-44	-3.15721951609555E-17	0.651021928097407	-7.76694366080345E-17
0	0	-43	0	0.600932152301965	0
0	0	-42	0	0.552555446865124	5.47551882421192E-17
0	0	-41	5.49629040011552E-20	0.505595548292574	-2.07174695613473E-17
0	0	-40	0	0.459664282983896	0
0	0	-39	0	0.41427999416449	0
0	0	-38	0	0.368902076598267	0
0	0	-37	0	0.322833018531964	0
0	0	-36	0	0.275266088268266	0
0	0	-35	0	0.225167532626122	0
0	0	-34	0	0.171252779625405	0
0	0	-33	0	0.111747465793896	0
0	0	-32	0	4.42749771579242E-02	0
0	0	-31	3.79323090368895E-20	-3.42633392713993E-02	0
0	0	-30	0	-0.127969629751504	0
0	0	-29	-1.19205034389124E-17	-0.241634442747874	-2.13459945359943E-17
0	0	-28	2.02070331936672E-20	-0.378397863532597	-2.6866816608215E-16
0	0	-27	0	-0.538837915642842	0
0	0	-26	0	-0.720384901806435	0
0	0	-25	0	-0.918564467328344	0
0	0	-24	0	-1.12939963514192	0
0	0	-23	0	-1.349474637799	0
0	0	-22	0	-1.57619847977557	0
0	0	-21	0	-1.80778726508297	0
0	0	-20	0	-2.04297648732493	0
0	0	-19	0	-2.28081798940965	0
0	0	-18	-1.1553806721021E-16	-2.52059438277287	-5.05585629084845E-16
0	0	-17	0	-2.76177057175108	0
0	0	-16	0	-3.00392487277375	0
0	0	-15	0	-3.24675175953516	0
0	0	-14	0	-3.49002495276394	0
0	0	-13	0	-3.73362543477604	0
0	0	-12	-2.26678681792259E-20	-3.97760085143023	-1.41971992288468E-16
0	0	-11	0	-4.22238458592986	0
0	0	-10	0	-4.46933054941417	0
0	0	-9	0	-4.72166136427985	0
0	0	-8	0	-4.98400998479419	0
0	0	-7	0	-5.25757411762623	0
0	0	-6	1.7681854264481E-16	-5.52999946366228	0
0	0	-5	0	-5.77549569567092	0
0	0	-4	0	-5.97165387973027	0
0	0	-3	0	-6.11318779674121	0
0	0	-2	0	-6.20585595587059	0
0	0	-1	0	-6.25767377018245	0
0	0	0	0	-6.27433671578432	0
0	0	1	0	-6.25775737368059	0
0	0	2	0	-6.20593818794551	0
0	0	3	0	-6.11335918729487	0
0	0	4	0	-5.9721112673624	5.72217615926777E-16
0	0	5	0	-5.77652649037996	0
0	0	6	0	-5.53166647013715	0
0	0	7	3.48025674429212E-20	-5.25831685827198	4.60922511946121E-17
0	0	8	-2.11809587189309E-16	-4.98343177070126	3.36345259325009E-17
0	0	9	0	-4.72073203897543	0
0	0	10	0	-4.46888403006513	0
0	0	11	0	-4.22220262256006	0
0	0	12	0	-3.977527428945	0
0	0	13	0	-3.73347101599287	0
0	0	14	0	-3.48977336938534	0
0	0	15	0	-3.24642938344914	0
0	0	16	0	-3.00356889765182	0
0	0	17	0	-2.76141071186971	0
0	0	18	6.8538981544743E-21	-2.5202520986399	4.64499309930703E-16
0	0	19	0	-2.28050620513882	-2.63970662667917E-16
0	0	20	0	-2.04269818163788	-1.94355513985513E-16
0	0	21	-2.10545606096929E-20	-1.80755080188156	1.59045004384174E-16
0	0	22	0	-1.57599825319401	0
0	0	23	0	-1.34933076756296	0
0	0	24	0	-1.12933449719739	0
0	0	25	0	-0.918600037927026	0
0	0	26	0	-0.720453698428297	0
0	0	27	0	-0.539218680602089	0
0	0	28	3.85464043064623E-17	-0.378995521722821	0
0	0	29	0	-0.242235658725733	0
0	0	30	0	-0.128505762165685	0
0	0	31	3.75695036201837E-20	-3.45039229932396E-02	3.51971364889384E-16
0	0	32	0	4.41789145432976E-02	0
0	0	33	0	0.111684066114745	0
0	0	34	0	0.171180347175051	0
0	0	35	0	0.225112335419387	0
0	0	36	0	0.275187808989036	0
0	0	37	-2.25545838323069E-20	0.32277103522768	1.05647142295809E-16
0	0	38	0	0.368856262435327	8.32681696405775E-18
0	0	39	0	0.414263257186508	0
0	0	40	0	0.459666838989643	0
0	0	41	3.72454033590206E-20	0.505634255245008	0
0	0	42	0	0.552621330412841	0
0	0	43	3.35057021819424E-17	0.601032208275139	4.55948849099548E-17
0	0	44	0	0.651158266035887	0
0	0	45	0	0.703175283122002	0
0	0	46	0	0.757114033611945	0
0	0	47	0	0.812810352717173	0
0	0	48	0	0.869887428401915	0
0	0	49	0	0.927674576407917	0
0	0	50	0	0.985275940456895	0
0	0	51	0	1.04156737335224	0
0	0	52	0	1.09547783699991	0
0	0	53	-5.64866510176614E-17	1.14588297048225	0
0	0	54	-3.46396792053414E-20	1.19183962141171	5.22001680781403E-17
0	0	55	0	1.23273707650086	0
0	0	56	-1.38018787059968E-19	1.26831927545653	-4.10189220386402E-17
0	0	57	0	1.29862999775988	-8.3137421271273E-17
0	0	58	0	1.32400875941337	0
0	0	59	0	1.34493431103422	0
0	0	60	0	1.36197749826157	0
0	0	61	0	1.37573120630013	0
0	0	62	0	1.38678427173312	0
0	0	63	0	1.39564311563652	0
0	0	64	0	1.40272736427879	0
0	0	65	0	1.40840333515661	0
0	0	66	0	1.41295822139486	0
0	0	67	0	1.41662277672224	0
0	0	68	0	1.41957672487324	0
0	0	69	-3.21206957136624E-20	1.42196072100068	6.06920731510801E-18
0	0	70	0	1.42388496167816	0
0	0	71	0	1.42543178012273	0
0	0	72	0	1.42666626968072	0
0	0	73	0	1.42763929253773	0
0	0	74	0	1.4283889310703	0
0	0	75	0	1.42894130868949	0
0	0	76	0	1.42931830719028	0
0	0	77	-1.70644068849814E-20	1.42953283599853	3.44596409398133E-19
0	0	78	0	1.42959219959554	0
0	0	79	-4.64196765450963E-21	1.42949791214591	-1.09033334172905E-19
0	0	80	0	1.42924672256665	0
0	0	81	0	1.42883039963108	0
0	0	82	0	1.42823454496071	0
0	0	83	0	1.42743602966575	0
0	0	84	0	1.42640245675698	0
0	0	85	0	1.42509080424091	0
0	0	86	0	1.42344715285608	0
0	0	87	0	1.4214005200019	-2.88149991359892E-17
0	0	88	0	1.41885467645773	0
0	0	89	0	1.41568162225716	0
0	0	90	4.50263493114364E-17	1.41171718551601	-2.46755632926119E-17
0	0	91	0	1.40676764109576	0
0	0	92	1.7226309901278E-19	1.40057449461021	-1.69340613720011E-16
0	0	93	0	1.39281840340668	0
0	0	94	-1.7916300608342E-19	1.38310661505514	-2.7096194662014E-17
0	0	95	4.39528064369196E-17	1.37098688427732	-4.36202746103126E-17
0	0	96	0	1.35593461165849	0
0	0	97	0	1.33741562441669	0
0	0	98	0	1.31488775375409	0
0	0	99	0	1.28779806734376	0
0	0	100	0	1.25578236859681	0
0	0	101	0	1.21866004732524	0
0	0	102	-5.57812580853154E-17	1.17662257332163	-2.57529874852409E-16
0	0	103	0	1.13014503324276	0
0	0	104	0	1.07988358997507	0
0	0	105	-1.16065705789833E-19	1.02690131569375	-3.68506954137331E-16
0	0	106	0	0.972576083554163	0
0	0	107	0	0.918232096389085	0
0	0	108	0	0.864826613300818	0
0	0	109	0	0.813033697096021	0
0	0	110	0	0.763395362284216	0
0	0	111	0	0.716380533559747	0
0	0	112	0	0.672177397328165	0
0	0	113	0	0.630820039233984	0
0	0	114	0	0.592233635547259	0
0	0	115	0	0.556285594888557	0
0	0	116	0	0.522810472181548	0
0	0	117	0	0.491632397109899	0
0	0	118	1.01204095853232E-19	0.462573986531707	0
0	0	119	0	0.435462606913306	0
0	0	120	0	0.410139547017942	0
0	0	121	0	0.386456827877999	0
0	0	122	0	0.364275584773483	0
0	0	123	0	0.343475650111842	0
0	0	124	0	0.323949167255999	0
0	0	125	0	0.305593448115205	0
0	0	126	0	0.288320856042523	0
0	0	127	0	0.27205327306583	0
0	0	128	0	0.256719215189232	0
0	0	129	0	0.242253655152167	0
0	0	130	0	0.228599184243696	0
0	0	131	0	0.215702390216215	0
0	0	132	0	0.203516534643581	0
0	0	133	0	0.191997655737464	0
0	0	134	0	0.181105756522136	0
0	0	135	8.07755586455548E-18	0.170803933767924	0
0	0	136	1.02773886963833E-17	0.16105867781964	-4.7959274693535E-17
0	0	137	0	0.151838532060672	0
0	0	138	0	0.14311422857058	0
0	0	139	7.7785494344391E-18	0.134857966254421	0
0	0	140	0	0.127045778485321	0
0	0	141	-6.797946104857E-18	0.119652525819435	0
0	0	142	0	0.112656136929515	0
0	0	143	0	0.106035551123591	2.07886566918419E-18
0	0	144	0	9.97707743341875E-02	0
0	0	145	0	9.38430028541735E-02	0
0	0	146	0	8.82347529345668E-02	0
0	0	147	0	8.29288825212088E-02	0
0	0	148	0	7.79094300837199E-02	0
0	0	149	0	0.073161366585761	0
0	0	150	0	6.86706283039282E-02	0
0	0	151	-4.25025730850626E-21	6.44233428980174E-02	-9.5191395192581E-18
0	0	152	-1.70434839238589E-20	6.04067355882701E-02	-4.38216400693634E-17
0	0	153	0	5.66085272107201E-02	0
0	0	154	2.16799516025002E-18	5.30171366370313E-02	-7.57692590755051E-17
0	0	155	0	4.96215579880755E-02	0
0	0	156	0	4.64115343625475E-02	0
0	0	157	0	4.33767446464576E-02	0
0	0	158	0	4.05079265091089E-02	0
0	0	159	0	3.77967530802327E-02	0
0	0	160	0	3.52341264677701E-02	0
0	0	161	0	3.28122504761027E-02	0
0	0	162	0	3.05235278149742E-02	0
0	0	163	0	0.028360813455133	0
0	0	164	0	2.63172714574447E-02	0
0	0	165	0	2.43864987972583E-02	0
0	0	166	0	2.25623843225416E-02	0
0	0	167	-9.52119415550826E-19	2.08390981033171E-02	-2.23998823918064E-18
0	0	168	0	0.019211203892018	0
0	0	169	0	1.76735089029924E-02	0
0	0	170	0	1.62212369492694E-02	0
0	0	171	0	1.48496276108675E-02	0
0	0	172	0	1.35542692253993E-02	0
0	0	173	0	1.23310528031338E-02	0
0	0	174	0	1.11761212221757E-02	0
0	0	175	0	0.010085671966557	0
0	0	176	0	9.05629190413614E-03	0
0	0	177	2.70270300943486E-19	8.08467771266524E-03	-4.97315782012745E-19
0	0	178	0	7.16764141309253E-03	0
0	0	179	0	6.3022681527015E-03	0
0	0	180	0	5.48570303740968E-03	0
0	0	181	0	4.71538277385514E-03	0
0	0	182	0	3.98870206797682E-03	0
0	0	183	0	3.30336522117537E-03	0
0	0	184	0	2.65710919103541E-03	0
0	0	185	-1.76195178032677E-19	2.04786254836245E-03	-6.85307388987669E-18
0	0	186	0	1.47360888543324E-03	0
0	0	187	0	9.32468651145718E-04	0
0	0	188	3.78732278690209E-20	4.22629836644268E-04	-6.43491118191452E-18
0	0	189	0	-5.75216813993419E-05	0
0	0	190	3.53596698875643E-21	-5.0964915707936E-04	0
0	0	191	-4.38211415893424E-20	-9.35238320883067E-04	0
0	0	192	-3.28667138113861E-21	-1.33569713274786E-03	-8.22622802445191E-18
0	0	193	2.73397273420536E-22	-1.7123989600077E-03	7.8707479686896E-20
0	0	194	0	-2.06658680986422E-03	0
0	0	195	0	-2.39948047802742E-03	0
0	0	196	0	-2.71220044950101E-03	0
0	0	197	0	-3.00589661913856E-03	0
0	0	198	0	-3.28151852784114E-03	0
0	0	199	0	-3.54004092863738E-03	0
0	0	200	0	-3.78237755857236E-03	0
0	0	201	0	-4.00938511703109E-03	0
0	0	202	-5.62997274327536E-22	-4.22189328683818E-03	-2.37877045754267E-18
0	0	203	1.66793461630651E-19	-4.42065754901473E-03	-3.11368496510603E-18
0	0	204	0	-4.60641766564888E-03	0
0	0	205	0	-4.7798804049705E-03	0
0	0	206	0	-4.94169127687023E-03	0
0	0	207	0	-5.09247557771597E-03	0
0	0	208	0	-5.23280137941422E-03	0
0	0	209	0	-5.36324263942836E-03	0
0	0	210	0	-5.4843194438608E-03	0
0	0	211	2.81057446302935E-19	-5.59652765424223E-03	0
0	0	212	-3.43488550310593E-22	-5.70034851681875E-03	-8.38136394751674E-19
0	0	213	0	-5.79622446033509E-03	0
0	0	214	1.88260337037186E-19	-5.88458326064877E-03	0
0	0	215	0	-5.96582519903233E-03	0
0	0	216	1.76255122606953E-22	-6.04032747841113E-03	-3.83318267417573E-19
0	0	217	0	-6.10845219423256E-03	0
0	0	218	0	-6.17054600809471E-03	0
0	0	219	0	-6.22693225357834E-03	0
0	0	220	0	-6.27791137293116E-03	0
0	0	221	0	-6.32377946631106E-03	0
0	0	222	0	-6.36482014870045E-03	0
0	0	223	0	-6.40128894023089E-03	0
0	0	224	0	-6.43343686132466E-03	0
0	0	225	0	-6.4614922460033E-03	0
0	0	226	0	-6.48569195331426E-03	0
0	0	227	0	-6.50624006170436E-03	0
0	0	228	0	-6.52333222555733E-03	0
0	0	229	0	-6.53717495102881E-03	0
0	0	230	-4.07252064648407E-22	-6.54793766069228E-03	-8.48997287152711E-19
0	0	231	-3.20845398006471E-19	-6.55579501971596E-03	-6.41666827694577E-19
0	0	232	-2.89087148024531E-22	-6.56091286872531E-03	-9.40075925763892E-20
0	0	233	6.10708292985856E-23	-6.56344216286745E-03	0
0	0	234	0	-6.5635317091922E-03	0
0	0	235	0	-6.5613212806307E-03	0
0	0	236	0	-6.55694669610759E-03	0
0	0	237	0	-6.55053300298222E-03	0
0	0	238	0	-6.54219014559254E-03	0
0	0	239	0	-6.53204210982979E-03	0
0	0	240	0	-6.52019237230476E-03	0
0	0	241	0	-6.50674038319524E-03	0
0	0	242	0	-6.49178314478311E-03	0
0	0	243	0	-6.47541473694816E-03	0
0	0	244	0	-6.45772966293358E-03	0
0	0	245	0	-6.43880225827106E-03	0
0	0	246	0	-6.41871602764854E-03	0
0	0	247	0	-6.3975420561973E-03	0
0	0	248	0	-6.37535354524521E-03	0
0	0	249	0	-6.3522173945442E-03	0
0	0	250	7.20622770078269E-22	-6.32819541156325E-03	-2.07891026604377E-18
0	0	251	0	-6.30334938629493E-03	0
0	0	252	0	-6.27774118154878E-03	0
0	0	253	0	-6.25141362343876E-03	0
0	0	254	0	-6.22444314598285E-03	0
0	0	255	0	-6.19684652137472E-03	0
0	0	256	0	-6.16868913814927E-03	0
0	0	257	0	-6.14002766300003E-03	0
0	0	258	0	-6.11085951473212E-03	0
0	0	259	0	-6.08126150866011E-03	0
0	0	260	0	-6.05129614848561E-03	0
0	0	261	-1.04792019713126E-22	-6.02097316783294E-03	2.07899529421662E-19
0	0	262	-1.20070658849E-22	-5.99029795030323E-03	4.12844264844493E-19
0	0	263	-3.44384641870723E-23	-5.95926811709084E-03	4.17589453416836E-19
0	0	264	2.39483365336101E-22	-5.92804712003833E-03	2.01332310938397E-19
0	0	265	1.94547336135254E-22	-5.89649243397262E-03	2.01332310938397E-19
0	0	266	3.78524031108798E-23	-5.86480195923331E-03	2.01332310938397E-19
0	0	267	-1.18842529913494E-22	-5.8329756958204E-03	2.01332310938397E-19
0	0	268	-3.75732904006166E-22	-5.8010136437339E-03	2.01332310938397E-19
0	0	269	-5.89407812675766E-22	-5.7689158029738E-03	2.01332310938397E-19
0	0	270	2.70984787331831E-21	-5.73665607225863E-03	6.06869334629409E-19
0	0	271	4.07659799900337E-21	-5.70428368122412E-03	6.06869334629409E-19
0	0	272	-2.0300538656545E-19	-5.67178853785721E-03	1.10500486964833E-18
0	0	273	0	-5.63927255979857E-03	0
0	0	274	0	-5.60665536359052E-03	0
0	0	275	0	-5.57407385548799E-03	0
0	0	276	0	-5.54152803549096E-03	0
0	0	277	0	-5.50901790359945E-03	0
0	0	278	0	-5.47654345981344E-03	0
0	0	279	0	-5.44410470413294E-03	0
0	0	280	0	-5.41170163655795E-03	0
0	0	281	0	-5.37933425708848E-03	0
0	0	282	0	-5.3470025657245E-03	0
0	0	283	1.53698024438128E-22	-5.3147463725383E-03	1.7874656012085E-19
0	0	284	7.62389883046325E-23	-5.28266765822954E-03	1.60387319890837E-19
0	0	285	1.57219495721683E-23	-5.25068571834793E-03	1.77669706303233E-19
0	0	286	0	-5.21878537223202E-03	0
0	0	287	0	-5.18700398363947E-03	0
0	0	288	0	-5.15536633955531E-03	0
0	0	289	0	-5.12387243997954E-03	0
0	0	290	0	-5.09252228491216E-03	0
0	0	291	0	-5.06131587435317E-03	0
0	0	292	0	-5.03025320830257E-03	0
0	0	293	0	-4.99933428676036E-03	0
0	0	294	0	-4.96855910972654E-03	0
0	0	295	0	-4.93792767720111E-03	0
0	0	296	0	-4.90743998918407E-03	0
0	0	297	0	-4.87753549218978E-03	0
0	0	298	-5.60884821193708E-19	-4.84732303038926E-03	0
0	0	299	-5.56898759280864E-19	-4.81746234339109E-03	0
0	0	300	-5.54212201934325E-19	-4.7878036919811E-03	0
0	0	301	-5.50439202154759E-19	-4.7583470761593E-03	0
0	0	302	-5.46670652414335E-19	-4.72909249592569E-03	0
0	0	303	-5.43110257327538E-19	-4.70003995128027E-03	0
0	0	304	-5.40093056723612E-19	-4.67118944222304E-03	0
0	0	305	-5.36579347456748E-19	-4.64254096875399E-03	0
0	0	306	-5.33143829950286E-19	-4.61409453087314E-03	0
0	0	307	-5.29846384900267E-19	-4.58585012858047E-03	0
0	0	308	-5.26494881514877E-19	-4.55780776187599E-03	0
0	0	309	-5.23276876180835E-19	-4.5299674307597E-03	0
0	0	310	-5.19699186684724E-19	-4.5023291352316E-03	0
0	0	311	-5.16509889180809E-19	-4.47489287529169E-03	0
0	0	312	0	-4.44768871407283E-03	0
0	0	313	0	-4.42070410610879E-03	0
0	0	314	0	-4.39393321887338E-03	0
0	0	315	-5.26310809468004E-19	-4.3674320756494E-03	0
0	0	316	-5.23129054846593E-19	-4.34106044844994E-03	0
0	0	317	-5.19908201136502E-19	-4.31489973457358E-03	4.90539728972127E-20
0	0	318	-5.16781685808454E-19	-4.28894993402031E-03	4.86568884873498E-20
0	0	319	-5.1368351480438E-19	-4.26321104679015E-03	0
0	0	320	-5.10604895359052E-19	-4.23768307288308E-03	4.78627196676241E-20
0	0	321	-5.07606415671459E-19	-4.21236601229911E-03	0
0	0	322	-5.0457667699092E-19	-4.18725986503825E-03	0
0	0	323	-5.01572351712611E-19	-4.16236463110048E-03	0
0	0	324	-4.98558045027475E-19	-4.13768031048581E-03	0
0	0	325	-4.95609191278787E-19	-4.11320690319424E-03	0
0	0	326	-4.92685750932331E-19	-4.08894440922577E-03	0
0	0	327	-4.89787723988106E-19	-4.0648928285804E-03	0
0	0	328	-4.86915110446112E-19	-4.04105216125813E-03	0
0	0	329	-4.84080081489617E-19	-4.01742240725895E-03	0
0	0	330	0	-3.99405986360775E-03	0
0	0	331	0	-3.97087985480677E-03	0
0	0	332	0	-3.94789642634976E-03	0
0	0	333	0	-3.92511234673666E-03	0
0	0	334	0	-3.90252312187753E-03	0
0	0	335	0	-3.88012875177236E-03	0
0	0	336	0	-3.85792923642116E-03	0
0	0	337	0	-3.83592457582392E-03	0
0	0	338	0	-3.81411476998064E-03	0
0	0	339	0	-3.79249981889134E-03	0
0	0	340	0	-0.003771079722556	0
0	0	341	0	-3.74985448097462E-03	0
0	0	342	0	-3.72882409414721E-03	0
0	0	343	0	-3.70798856207377E-03	0
0	0	344	0	-3.68734788475429E-03	0
0	0	345	0	-3.66690206218878E-03	0
0	0	346	0	-3.64665109437723E-03	0
0	0	347	0	-3.62659498131965E-03	0
0	0	348	6.6528784971925E-24	-3.60672341163394E-03	1.49728170030439E-19
0	0	349	-2.53269310698081E-23	-3.58702645560618E-03	1.49728170030439E-19
0	0	350	-2.73739706074061E-23	-3.56750472466903E-03	1.49728170030439E-19
0	0	351	-8.41689513598126E-23	-3.54815821882247E-03	1.49728170030439E-19
0	0	352	-1.13589961504801E-22	-3.52898693806652E-03	1.49728170030439E-19
0	0	353	-2.32392828930928E-22	-3.50999088240117E-03	1.49728170030439E-19
0	0	354	-8.62159908974098E-23	-3.49117005182642E-03	1.49728170030439E-19
0	0	355	-1.00926495969906E-22	-3.47252444634227E-03	1.49728170030439E-19
0	0	356	-2.31274002084812E-22	-3.45405406594872E-03	1.49728170030439E-19
0	0	357	-4.23629394873447E-22	-3.43575891064577E-03	1.49728170030439E-19
0	0	358	-4.35174033562208E-22	-3.41763898043342E-03	1.49728170030439E-19
0	0	359	-1.59768516259911E-22	-3.39969427531167E-03	1.49728170030439E-19
0	0	360	-1.74479021332407E-22	-3.38192479528052E-03	1.49728170030439E-19
0	0	361	-3.78379052809815E-22	-3.36433054033998E-03	1.49728170030439E-19
0	0	362	-6.62675102301577E-22	-3.34691151049003E-03	1.49728170030439E-19
0	0	363	-7.10484243787188E-22	-3.32966770573069E-03	1.49728170030439E-19
0	0	364	-2.33321041622413E-22	-3.31259912606195E-03	1.49728170030439E-19
0	0	365	-4.96063093389827E-22	-3.2957057714838E-03	1.49728170030439E-19
0	0	366	-5.9116961647667E-22	-3.27898764199626E-03	1.49728170030439E-19
0	0	367	-9.01720809729708E-22	-3.26244473759932E-03	1.49728170030439E-19
0	0	368	-2.92163061912419E-22	-3.24607705829298E-03	1.49728170030439E-19
0	0	369	-3.06873566984914E-22	-3.22988460407724E-03	1.49728170030439E-19
0	0	370	-6.4316814411483E-22	-3.21386737495211E-03	1.49728170030439E-19
0	0	371	-7.56662798542299E-22	-3.19802537091757E-03	1.49728170030439E-19
0	0	372	-1.14076651715784E-21	-3.18235859197363E-03	1.49728170030439E-19
0	0	373	0	-0.003166405860636	0
0	0	374	1.7983072377656E-21	-3.15083207442084E-03	-3.91010509488968E-19
0	0	375	1.67150615018857E-21	-3.13543696124578E-03	-3.91010509488968E-19
0	0	376	0	-3.12017533930217E-03	-3.85437891177085E-19
0	0	377	4.05115421438453E-22	-0.00310504720859	-3.91010509488968E-19
0	0	378	3.68886539273588E-22	-3.09005256910928E-03	-3.91010509488968E-19
0	0	379	5.82150899940284E-22	-0.00307519142086	-3.91010509488968E-19
0	0	380	5.18750356151769E-22	-3.06046376384217E-03	-3.91010509488968E-19
0	0	381	6.50499731947536E-22	-3.04586959805578E-03	-3.91010509488968E-19
0	0	382	2.23971010614159E-22	-3.03140892350083E-03	-3.91010509488968E-19
0	0	383	1.4080659633697E-22	-3.01708174017734E-03	-3.91010509488968E-19
0	0	384	2.65148180997768E-22	-3.00288804808528E-03	-3.91010509488968E-19
0	0	385	2.01747637209255E-22	-2.98882784722467E-03	-3.91010509488968E-19
0	0	386	1.97638704886802E-22	-2.9749011375955E-03	-3.91010509488968E-19
0	0	387	1.07066499474636E-22	-2.96110791919778E-03	-3.91010509488968E-19
0	0	388	1.15460058437711E-23	-2.9474481920315E-03	-3.91010509488968E-19
0	0	389	0	-2.93392195609667E-03	-3.6242985366616E-19
0	0	390	-1.1525508173326E-22	-2.92052921139328E-03	-3.91010509488968E-19
0	0	391	-1.02088928869576E-22	-2.90726995792133E-03	-3.91010509488968E-19
0	0	392	-3.45794527586098E-22	-2.89414419568083E-03	-3.91010509488968E-19
0	0	393	-3.05456713098766E-22	-2.88115192467178E-03	-3.91010509488968E-19
0	0	394	-3.68857256887258E-22	-2.86829314489417E-03	-3.91010509488968E-19
0	0	395	-2.47004457529004E-22	-0.002855567856348	-3.91010509488968E-19
0	0	396	-7.08083349234667E-22	-2.84297605903328E-03	-3.91010509488968E-19
0	0	397	-2.39596666394051E-22	-0.00283051775295	-3.91010509488968E-19
0	0	398	-1.15599608807665E-21	-2.81819293809817E-03	-3.91010509488968E-19
0	0	399	-6.85859975829795E-22	-2.80600161447778E-03	-3.91010509488968E-19
0	0	400	-1.92666990758988E-21	-2.79394378208884E-03	-3.91010509488968E-19
0	0	401	-4.64377750518163E-22	-2.78201944093134E-03	-3.91010509488968E-19
0	0	402	5.86405730798591E-22	-2.7710461733774E-03	2.24766457351865E-18
0	0	403	4.10866175648642E-22	-2.75936089143049E-03	1.63348161210536E-18
0	0	404	4.21260144898333E-22	-2.74777467224339E-03	1.62107759728924E-18
0	0	405	2.15827057073968E-22	-2.7362875158161E-03	9.77042169358308E-19
0	0	406	6.63072125096568E-22	-2.7248994221486E-03	2.22248024884344E-18
0	0	407	4.52442052647314E-22	-2.71361039124091E-03	1.5839405802724E-18
0	0	408	3.47127016422758E-22	-2.70242042309303E-03	1.26397075022468E-18
0	0	409	5.91537488933372E-22	-2.69132951770494E-03	1.86412555019872E-18
0	0	410	6.21802234795361E-22	-2.68033767507666E-03	1.89222477103514E-18
0	0	411	3.52869949747139E-22	-2.66944489520819E-03	1.19241709793853E-18
0	0	412	3.60294213496917E-22	-2.65865117809951E-03	1.18323926267838E-18
0	0	413	6.25121411319379E-22	-2.64795652375064E-03	1.76195184794849E-18
0	0	414	6.56499796743829E-22	-2.63736093216158E-03	1.78892878345488E-18
0	0	415	4.01695354983503E-22	-2.62686440333232E-03	1.19699052829564E-18
0	0	416	4.09490831920769E-22	-2.61646693726286E-03	1.18747194345061E-18
0	0	417	5.56381745144055E-22	-2.6061685339532E-03	1.46096332072457E-18
0	0	418	2.34068135661876E-22	-2.5959692701778E-03	5.60551507654941E-19
0	0	419	-1.36516864894525E-22	-2.58586770459884E-03	0
0	0	420	1.21870445734461E-22	-2.57586361643204E-03	2.748925545843E-19
0	0	421	2.48577269372458E-22	-2.5659570056774E-03	5.44401909925428E-19
0	0	422	1.26706823637989E-22	-2.55614787233491E-03	2.69509355341129E-19
0	0	423	1.29125012589752E-22	-2.54643621640457E-03	2.66817755719543E-19
0	0	424	0	-2.53682203788638E-03	0
0	0	425	1.3396139049328E-22	-2.52730533678035E-03	2.61434556476372E-19
0	0	426	3.89655941271517E-22	-2.51788611308647E-03	7.39265591013676E-19
0	0	427	0	-2.50856436680475E-03	0
0	0	428	4.23647872045682E-22	-2.49934009793518E-03	7.60079272834847E-19
0	0	429	-1.23114982543138E-22	-2.49021330647776E-03	0
0	0	430	0	-2.48118464941585E-03	0
0	0	431	0	-2.47234814026319E-03	0
0	0	432	0	-2.46358586363274E-03	0
0	0	433	0	-2.45489781952451E-03	0
0	0	434	0	-2.44628400793848E-03	0
0	0	435	0	-2.43774442887467E-03	0
0	0	436	0	-2.42927908233308E-03	0
0	0	437	0	-2.42088796831369E-03	0
0	0	438	0	-2.41257108681652E-03	0
0	0	439	0	-2.40432843784157E-03	0
0	0	440	0	-2.39616002138882E-03	0
0	0	441	0	-2.38806583745829E-03	0
0	0	442	0	-2.38004588604998E-03	0
0	0	443	0	-2.37210016716387E-03	0
0	0	444	0	-2.36422868079998E-03	0
0	0	445	0	-2.3564314269583E-03	0
0	0	446	0	-2.34870840563884E-03	0
0	0	447	0	-2.34105961684159E-03	0
0	0	448	0	-2.33348506056655E-03	0
0	0	449	0	-2.32598473681372E-03	0
0	0	450	0	-2.31855864558311E-03	0
0	0	451	0	-2.31120678687471E-03	0
0	0	452	0	-2.30392916068853E-03	0
0	0	453	0	-2.29672576702456E-03	0
0	0	454	0	-2.2895966058828E-03	0
0	0	455	0	-2.28254167726325E-03	0
0	0	456	0	-2.27556098116592E-03	0
0	0	457	0	-2.2686545175908E-03	0
0	0	458	0	-2.26209396766796E-03	-2.93977329453808E-19
0	0	459	0	-2.25528347753973E-03	-2.93977329453808E-19
0	0	460	0	-2.24854436440292E-03	-2.93977329453808E-19
0	0	461	0	-2.24187662825754E-03	-2.93977329453808E-19
0	0	462	0	-2.23528026910358E-03	-2.93977329453808E-19
0	0	463	0	-2.22875528694105E-03	-2.93977329453808E-19
0	0	464	0	-2.22230168176995E-03	-2.93977329453808E-19
0	0	465	2.60804731140898E-23	-2.21591945359027E-03	-2.93977329453808E-19
0	0	466	0	-2.20969683355737E-03	0
0	0	467	0	-2.20357748559994E-03	0
0	0	468	0	-2.19751369315863E-03	0
0	0	469	0	-2.19150545623344E-03	0
0	0	470	0	-2.18555277482438E-03	0
0	0	471	0	-2.17965564893144E-03	0
0	0	472	0	-2.17381407855463E-03	0
0	0	473	0	-2.16802806369394E-03	0
0	0	474	0	-2.16229760434938E-03	0
0	0	475	0	-2.15662270052094E-03	0
0	0	476	0	-2.15100335220863E-03	0
0	0	477	0	-2.14543955941244E-03	0
0	0	478	0	-2.13993132213238E-03	0
0	0	479	0	-2.13447864036845E-03	0
0	0	480	0	-2.12908151412063E-03	0
0	0	481	0	-2.12373994338895E-03	0
0	0	482	0	-2.11845392817338E-03	0
0	0	483	0	-2.11322346847395E-03	0
0	0	484	0	-2.10804856429064E-03	0
0	0	485	0	-2.10292921562345E-03	0
0	0	486	0	-2.09786542247239E-03	0
0	0	487	0	-2.09285718483745E-03	0
0	0	488	0	-2.08790450271864E-03	0
0	0	489	0	-2.08300737611595E-03	0
0	0	490	0	-2.07816580502939E-03	0
0	0	491	0	-2.07337978945895E-03	0
0	0	492	0	-2.06864932940464E-03	0
0	0	493	0	-2.06397442486646E-03	0
0	0	494	0	-2.05935507584439E-03	0
0	0	495	0	-2.05479128233846E-03	0
0	0	496	0	-2.05028304434865E-03	0
0	0	497	0	-2.04583036187496E-03	0
0	0	498	0	-2.0414332349174E-03	0
0	0	499	0	-2.03709166347596E-03	0
0	0	500	0	-2.03280564755065E-03	0
0	0	501	0	-2.02857518714146E-03	0
0	0	502	0	-2.0244002822484E-03	0
0	0	503	0	-2.02028093287146E-03	0
0	0	504	0	-2.01621713901065E-03	0
0	0	505	0	-2.01220890066596E-03	0
0	0	506	0	-2.0082562178374E-03	0
0	0	507	0	-2.00435909052497E-03	0
0	0	508	0	-2.00051751872865E-03	0
0	0	509	0	-1.99673150244847E-03	0
0	0	510	0	-1.9930010416844E-03	0
0	0	511	0	-1.98932613643647E-03	0
0	0	512	0	-1.98570678670466E-03	0
0	0	513	0	-1.98214299248897E-03	0
0	0	514	0	-1.97863475378941E-03	0
0	0	515	0	-1.97518207060597E-03	0
0	0	516	0	-1.97172050391358E-03	0
0	0	517	0	-1.96825899772326E-03	0
0	0	518	0	-1.96484938414968E-03	0
0	0	519	0	-1.96149166319284E-03	0
0	0	520	0	-1.95818583485273E-03	0
0	0	521	0	-1.95493189912937E-03	0
0	0	522	-1.17370278261568E-19	-1.95172398035776E-03	0
0	0	523	-1.17369396515535E-19	-1.94854588214813E-03	8.30331761642921E-20
0	0	524	-1.17260525183988E-19	-1.94541202595215E-03	9.35647736828883E-20
0	0	525	-1.1648266005899E-19	-1.94232241176982E-03	0
0	0	526	-1.16668591354092E-19	-1.93927703960114E-03	1.13630255127139E-20
0	0	527	-1.16014220142995E-19	-1.93627590944611E-03	0
0	0	528	0	-1.93374753873852E-03	0
0	0	529	0	-1.93090518826479E-03	0
0	0	530	0	-1.9281038189987E-03	0
0	0	531	0	-1.92534343094026E-03	0
0	0	532	0	-1.92262402408947E-03	0
0	0	533	0	-1.91994559844632E-03	0
0	0	534	0	-1.91730815401082E-03	0
0	0	535	0	-1.91471169078297E-03	0
0	0	536	0	-1.91215620876276E-03	0
0	0	537	0	-1.9096417079502E-03	0
0	0	538	0	-1.90716818834528E-03	0
0	0	539	0	-1.90473564994801E-03	0
0	0	540	0	-1.90234409275839E-03	0
0	0	541	0	-1.89999351677641E-03	0
0	0	542	0	-1.89768392200208E-03	0
0	0	543	0	-1.8954153084354E-03	0
0	0	544	0	-1.89318767607636E-03	0
0	0	545	0	-1.89100102492497E-03	0
0	0	546	0	-1.88885535498122E-03	0
0	0	547	0	-1.88675066624512E-03	0
0	0	548	0	-1.88468695871667E-03	0
0	0	549	0	-1.88266423239586E-03	0
0	0	550	0	-1.8806824872827E-03	0
0	0	551	0	-1.87874172337719E-03	0
0	0	552	0	-1.87684194067932E-03	0
0	0	553	0	-1.8749831391891E-03	0
0	0	554	0	-1.87316531890653E-03	0
0	0	555	0	-1.8713884798316E-03	0
0	0	556	0	-1.86965262196431E-03	0
0	0	557	0	-1.86795774530468E-03	0
0	0	558	0	-1.86630384985268E-03	0
0	0	559	0	-1.86469093560834E-03	0
0	0	560	0	-1.86311900257164E-03	0
0	0	561	0	-1.86158805074259E-03	0
0	0	562	0	-1.86009808012119E-03	0
0	0	563	0	-1.85864909070743E-03	0
0	0	564	0	-1.85724108250131E-03	0
0	0	565	0	-1.85587405550285E-03	0
0	0	566	0	-1.85454800971203E-03	0
0	0	567	0	-1.85326294512885E-03	0
0	0	568	0	-1.85201886175332E-03	0
0	0	569	0	-1.85081575958544E-03	0
0	0	570	0	-1.84965363862521E-03	0
0	0	571	0	-1.84853249887262E-03	0
0	0	572	0	-1.84745234032767E-03	0
0	0	573	0	-1.84641316299038E-03	0
0	0	574	0	-1.84541496686073E-03	0
0	0	575	0	-1.84445775193872E-03	0
0	0	576	0	-1.84354151822436E-03	0
0	0	577	0	-1.84266626571765E-03	0
0	0	578	0	-1.84183199441859E-03	0
0	0	579	0	-1.84101819804135E-03	0
0	0	580	0	-1.84022631609634E-03	0
0	0	581	0	-1.83947331579421E-03	0
0	0	582	0	-1.83875919713495E-03	0
0	0	583	0	-1.83808396011857E-03	0
0	0	584	0	-1.83744760474507E-03	0
0	0	585	0	-1.83685013101444E-03	0
0	0	586	0	-1.8362915389267E-03	0
0	0	587	0	-1.83577182848183E-03	0
0	0	588	0	-1.83529099967983E-03	0
0	0	589	0	-1.83484905252071E-03	0
0	0	590	0	-1.83444598700448E-03	0
0	0	591	0	-1.83408180313111E-03	0
0	0	592	0	-1.83375650090063E-03	0
0	0	593	0	-1.83347008031302E-03	0
0	0	594	0	-1.83322254136829E-03	0
0	0	595	0	-1.83301388406643E-03	0
0	0	596	0	-1.83284410840746E-03	0
0	0	597	0	-1.83271321439136E-03	0
0	0	598	0	-1.83262120201813E-03	0
0	0	599	0	-1.83256807128779E-03	0
0	0	600	0	-1.83291354560801E-03	-2.10269242285827E-07
