fieldmap_name:     	SWLS Sirius
timestamp:         	2022-08-15_16-00-52
filename:          	2022-08-15_SWLS_Sirius_Model8.0_dcc-0.2mm_Z=-600_600mm.txt
MagNet_file:       	SWLS_Sirius_Model8.0_dcc-0.2mm.mn
nr_magnets:        	1

magnet_name:       	SWLS
gap[mm]:           	
control_gap[mm]:   	--
magnet_length[mm]: 	
current_main[A]:   	--
NI_main[A.esp]:    	--
center_pos_z[mm]:  	0
center_pos_x[mm]:  	0
rotation[deg]:     	0

X[mm]	Y[mm]	Z[mm]	Bx	By	Bz [T]
------------------------------------------------------------------------------------------------------------------------------------------------------------------
0	0	-600	0	-1.83110090411807E-03	0
0	0	-599	0	-1.8311306367439E-03	0
0	0	-598	0	-1.83119793051163E-03	0
0	0	-597	0	-1.83130278542126E-03	0
0	0	-596	0	-1.83144520147278E-03	0
0	0	-595	0	-1.83162517866621E-03	0
0	0	-594	0	-1.83184271700153E-03	0
0	0	-593	0	-1.83209781647876E-03	0
0	0	-592	0	-1.83239047709788E-03	0
0	0	-591	0	-1.8327206988589E-03	0
0	0	-590	0	-1.83308848176182E-03	0
0	0	-589	0	-1.83349382580663E-03	0
0	0	-588	0	-1.83393673099335E-03	0
0	0	-587	0	-1.83441719732196E-03	0
0	0	-586	0	-1.83493522479247E-03	0
0	0	-585	0	-1.83549081340488E-03	0
0	0	-584	0	-1.83608396315919E-03	0
0	0	-583	0	-1.8367146740554E-03	0
0	0	-582	0	-1.8373829460935E-03	0
0	0	-581	0	-1.83808877927351E-03	0
0	0	-580	0	-1.83883217359541E-03	0
0	0	-579	0	-1.83961312905921E-03	0
0	0	-578	0	-1.84043164566491E-03	0
0	0	-577	0	-1.8412877234125E-03	0
0	0	-576	0	-0.001842181362302	0
0	0	-575	0	-1.84311256233339E-03	0
0	0	-574	0	-1.84408132350669E-03	0
0	0	-573	0	-1.84508764582188E-03	0
0	0	-572	0	-1.84613152927897E-03	0
0	0	-571	1.43864239864727E-22	-1.84659876403966E-03	-3.24270111026036E-20
0	0	-570	1.1583444666077E-22	-1.84773681287242E-03	-2.87775631957295E-20
0	0	-569	7.2237791815469E-23	-1.8489144105616E-03	-1.98403636309134E-20
0	0	-568	5.04394643928182E-23	-1.8501315571072E-03	-1.53717638485054E-20
0	0	-567	0	-1.85138825250922E-03	0
0	0	-566	-5.72822739403362E-23	-1.85268449676766E-03	0
0	0	-565	1.30742753288244E-22	-1.85402028988252E-03	-5.61541240815546E-20
0	0	-564	7.09678930353805E-23	-1.8553956318538E-03	-3.46754566995734E-20
0	0	-563	4.23267560652093E-23	-1.85681052268149E-03	-2.37722926334761E-20
0	0	-562	3.73415834401644E-23	-1.8582649623656E-03	-2.44276141339032E-20
0	0	-561	0	-1.85975895090614E-03	0
0	0	-560	8.21137145702387E-23	-1.86129248830309E-03	-7.72147714042723E-20
0	0	-559	5.59651639125881E-23	-1.86286557455646E-03	-6.59839465879613E-20
0	0	-558	2.61013394099872E-23	-1.86447820966625E-03	-4.05733502034174E-20
0	0	-557	1.86235804724198E-23	-1.86613039363246E-03	-4.15563324540581E-20
0	0	-556	3.71527384495117E-24	-1.86782212645509E-03	-1.41797715682329E-20
0	0	-555	7.3361251945952E-24	-1.86955340813413E-03	-8.70445939106788E-20
0	0	-554	-7.61939268054042E-24	-1.8713242386696E-03	-8.90105584119602E-20
0	0	-553	-1.88124254630603E-23	-1.87313461806148E-03	-7.58137690943679E-20
0	0	-552	0	-1.87497094009151E-03	2.48544990874624E-19
0	0	-551	-1.03191276030302E-23	-1.87683433306305E-03	2.40981346023292E-19
0	0	-550	0	-1.87874194380009E-03	2.49044872799349E-19
0	0	-549	9.59968556756712E-23	-1.88069377230263E-03	2.63609509773894E-19
0	0	-548	7.70390798260378E-23	-1.88268981857067E-03	2.63609509773894E-19
0	0	-547	1.09440690527095E-22	-1.88473008260421E-03	2.63609509773894E-19
0	0	-546	1.16162607952807E-22	-1.88681456440326E-03	2.63609509773894E-19
0	0	-545	-9.21633940338956E-23	-1.8889432639678E-03	1.96939058388935E-19
0	0	-544	0	-1.89111618129785E-03	2.50685194086574E-19
0	0	-543	2.04492540344935E-22	-1.89333331639339E-03	2.63609509773894E-19
0	0	-542	2.50337985897421E-22	-1.89559466925444E-03	2.63609509773894E-19
0	0	-541	2.62101341392416E-22	-1.89790023988098E-03	2.63609509773894E-19
0	0	-540	2.34741168760639E-22	-1.90025002827303E-03	2.63609509773894E-19
0	0	-539	1.22412022449615E-22	-1.90264403443057E-03	2.63609509773894E-19
0	0	-538	1.69937947358531E-22	-1.90508225835362E-03	2.63609509773894E-19
0	0	-537	1.76659864784243E-22	-1.90756470004217E-03	2.63609509773894E-19
0	0	-536	1.37536336657466E-22	-1.91009135949622E-03	2.63609509773894E-19
0	0	-535	3.32681474362429E-22	-1.91266223671576E-03	2.63609509773894E-19
0	0	-534	3.44444829857424E-22	-1.91527733170081E-03	2.63609509773894E-19
0	0	-533	0	-1.91793664445136E-03	2.54240498132736E-19
0	0	-532	0	-1.92064017496741E-03	2.5459887646974E-19
0	0	-531	0	-1.92338792324896E-03	2.54963116286455E-19
0	0	-530	2.23713286764248E-22	-1.92617988929601E-03	2.63609509773894E-19
0	0	-529	2.3043520418996E-22	-1.92901607310856E-03	2.63609509773894E-19
0	0	-528	1.77867841211754E-22	-1.93189647468661E-03	2.63609509773894E-19
0	0	-527	-1.82909279281044E-22	-1.93482109403016E-03	1.83238101210892E-19
0	0	-526	-2.19275836908716E-22	-1.93778993113922E-03	1.70142684882936E-19
0	0	-525	4.50315029312438E-22	-1.94080298601377E-03	2.63609509773894E-19
0	0	-524	4.62078384807434E-22	-1.94386025865382E-03	2.63609509773894E-19
0	0	-523	4.73841740302428E-22	-1.94696174905937E-03	2.63609509773894E-19
0	0	-522	4.85605095797424E-22	-1.95010745723043E-03	2.63609509773894E-19
0	0	-521	2.84210543595684E-22	-1.95329738316698E-03	2.63609509773894E-19
0	0	-520	2.90932461021396E-22	-1.95653152686904E-03	2.63609509773894E-19
0	0	-519	2.23240783835331E-22	-1.95980988833659E-03	2.63609509773894E-19
0	0	-518	3.04376295872819E-22	-1.96313246756965E-03	2.63609509773894E-19
0	0	-517	3.11098213298531E-22	-1.9664992645682E-03	2.63609509773894E-19
0	0	-516	5.56185228767438E-22	-1.96991027933226E-03	2.63609509773894E-19
0	0	-515	0	-1.97336551186182E-03	2.61588114594488E-19
0	0	-514	0	-1.97686496215688E-03	2.62051999566278E-19
0	0	-513	0	-1.98040863021743E-03	2.62521746017778E-19
0	0	-512	0	-1.98374978100148E-03	0
0	0	-511	0	-1.98746981627867E-03	0
0	0	-510	0	-1.99125166348139E-03	0
0	0	-509	0	-1.99508915590623E-03	0
0	0	-508	-1.18900826232558E-19	-1.99987340354061E-03	-1.81675795903165E-19
0	0	-507	-1.18839527088623E-19	-2.0035903035346E-03	-3.38723722629945E-20
0	0	-506	-1.19053291084916E-19	-2.0073670082849E-03	-3.60821965504572E-20
0	0	-505	-1.19028324780575E-19	-2.0112035177915E-03	1.19028324780575E-19
0	0	-504	-1.19723955646054E-19	-2.0150998320544E-03	-2.00241372759719E-19
0	0	-503	-1.1971581949237E-19	-2.01905595107361E-03	-4.2690432994272E-20
0	0	-502	-1.19730725430717E-19	-2.02307187484912E-03	1.19730725430717E-19
0	0	-501	-1.20175202112818E-19	-2.02714760338093E-03	-4.70782269413372E-20
0	0	-500	-1.20392610438467E-19	-2.03128313666905E-03	-3.38592235050884E-20
0	0	-499	-1.20648742345647E-19	-2.03547847471347E-03	-5.14518632760199E-20
0	0	-498	-1.21064831859165E-19	-2.0397336175142E-03	-2.27983555951682E-19
0	0	-497	-1.21136440190859E-19	-2.04404856507123E-03	-5.58113419983203E-20
0	0	-496	-1.21231090614584E-19	-2.04842331738456E-03	1.21231090614584E-19
0	0	-495	-1.21769892247596E-19	-2.0528578744542E-03	-2.25293210833361E-19
0	0	-494	-1.21894532481894E-19	-2.05735223628014E-03	-6.23240145585539E-20
0	0	-493	-1.2215430871843E-19	-2.06190640286239E-03	-6.44878266057739E-20
0	0	-492	-1.22302122132407E-19	-2.06652037420093E-03	1.22302122132407E-19
0	0	-491	-1.22694093117261E-19	-2.07119415029579E-03	-8.62033380373388E-20
0	0	-490	-1.22858874309893E-19	-2.07592773114694E-03	1.22858874309893E-19
0	0	-489	-1.23142559503278E-19	-2.0807211167544E-03	1.23142559503278E-19
0	0	-488	-1.23575823536441E-19	-2.08557430711817E-03	-2.55875232063804E-19
0	0	-487	-1.23793361375684E-19	-2.09048730223823E-03	-9.56797277443976E-20
0	0	-486	-1.24066664373692E-19	-2.0954601021146E-03	-6.10308386358509E-20
0	0	-485	-1.24359937122162E-19	-2.10049270674728E-03	-8.16709044720924E-20
0	0	-484	-1.24651567986558E-19	-2.10558511613626E-03	-8.3802861891452E-20
0	0	-483	-1.24918998128602E-19	-2.11073733028154E-03	1.24918998128602E-19
0	0	-482	-1.25263436705619E-19	-2.11594934918313E-03	-3.01339776185426E-19
0	0	-481	-1.25547696998321E-19	-2.12122117284102E-03	-9.01774977309572E-20
0	0	-480	-1.258534854751E-19	-2.12655280125521E-03	-9.22952975379344E-20
0	0	-479	-1.26162813354975E-19	-2.13194423442571E-03	-9.4409557941816E-20
0	0	-478	-1.26477591237662E-19	-2.13739547235251E-03	-7.62460083810168E-20
0	0	-477	-1.26761319382655E-19	-2.14290651503561E-03	-3.24077776345952E-19
0	0	-476	-1.27071514127349E-19	-2.14847736247502E-03	-3.2861475816877E-19
0	0	-475	-1.2748578953572E-19	-2.15410801467073E-03	1.2748578953572E-19
0	0	-474	-1.2781710923238E-19	-2.15979847162275E-03	1.06663444440055E-19
0	0	-473	-1.2809310809923E-19	-2.16554873333107E-03	-1.07020792900098E-19
0	0	-472	0	-2.17130664813788E-03	0
0	0	-471	0	-2.17712288719513E-03	0
0	0	-470	0	-2.1830115219615E-03	0
0	0	-469	0	-2.18897255243698E-03	0
0	0	-468	0	-2.19500597862157E-03	0
0	0	-467	0	-2.20111180051528E-03	0
0	0	-466	0	-2.2072900181181E-03	0
0	0	-465	0	-2.21354063143004E-03	0
0	0	-464	0	-2.21986364045109E-03	0
0	0	-463	0	-2.22625904518125E-03	0
0	0	-462	0	-2.23272684562053E-03	0
0	0	-461	0	-2.23926704176892E-03	0
0	0	-460	0	-2.24587963362643E-03	0
0	0	-459	0	-2.25256462119305E-03	0
0	0	-458	0	-2.25932200446878E-03	0
0	0	-457	0	-2.26615178345363E-03	0
0	0	-456	0	-2.2730539581476E-03	0
0	0	-455	0	-2.28002852855067E-03	0
0	0	-454	0	-2.28707549466286E-03	0
0	0	-453	0	-2.29419485648417E-03	0
0	0	-452	0	-2.30138661401459E-03	0
0	0	-451	0	-2.30865076725412E-03	0
0	0	-450	0	-2.31598731620277E-03	0
0	0	-449	0	-2.32339626086053E-03	0
0	0	-448	0	-2.33087760122741E-03	0
0	0	-447	0	-2.3384313373034E-03	0
0	0	-446	0	-2.3460574690885E-03	0
0	0	-445	0	-2.35375599658272E-03	0
0	0	-444	0	-2.36152691978606E-03	0
0	0	-443	1.05339946731411E-21	-2.36937878934577E-03	-5.83703413263989E-19
0	0	-442	1.06305153875059E-21	-2.37730571330017E-03	-6.18594075757569E-19
0	0	-441	1.0686066671462E-21	-2.38530608855249E-03	-6.54028118425471E-19
0	0	-440	1.11658941130532E-21	-2.39337991510274E-03	-7.20005782192377E-19
0	0	-439	1.11190218209873E-21	-2.4015271929509E-03	-7.56798275296084E-19
0	0	-438	1.10311800985126E-21	-0.002409747922097	-7.94134148574112E-19
0	0	-437	5.24928875159893E-22	-2.41804210254101E-03	-4.00599045420149E-19
0	0	-436	5.36629418116816E-22	-2.42640973428295E-03	-4.35218017826567E-19
0	0	-435	0	-2.43485081732281E-03	0
0	0	-434	6.51863610845975E-22	-2.44299153704346E-03	1.23897906101022E-19
0	0	-433	3.10779739609899E-22	-2.45158640819557E-03	2.89885056284935E-19
0	0	-432	0	-2.46028228105855E-03	4.59823812490343E-19
0	0	-431	1.45847316151541E-21	-2.46907915563243E-03	-4.34212494075513E-19
0	0	-430	1.06129416868258E-21	-2.47797703191718E-03	-2.33719465214703E-19
0	0	-429	7.50514429072673E-22	-2.48697590991282E-03	-6.37240777128082E-20
0	0	-428	4.70038821088941E-22	-2.49607578961934E-03	1.10222915810582E-19
0	0	-427	1.14331019260324E-21	-2.50527667103674E-03	-4.68347602583575E-19
0	0	-426	8.18861115673218E-22	-2.51457855416503E-03	-2.5834051591305E-19
0	0	-425	5.68689639315648E-22	-2.52398143900419E-03	-8.04041621705072E-20
0	0	-424	3.48822294584257E-22	-2.53348532555425E-03	1.01483797593531E-19
0	0	-423	1.5925908147904E-22	-2.54309021381518E-03	2.87323363379064E-19
0	0	-422	5.76428062663849E-22	-0.002552796103787	-2.82659533030136E-19
0	0	-421	5.15819799411526E-22	-2.5626029954697E-03	-2.88692094562336E-19
0	0	-420	3.41408652119381E-22	-2.57251088886329E-03	-1.00829533018983E-19
0	0	-419	1.97301636453411E-22	-2.58251978396775E-03	9.09846345458648E-20
0	0	-418	4.34193512550866E-22	-2.5926296807831E-03	-5.4404728644523E-19
0	0	-417	2.87056083722273E-22	-2.60284057930934E-03	-3.52588637574991E-19
0	0	-416	2.12778483149823E-22	-2.61315247954645E-03	-3.18571745740902E-19
0	0	-415	1.06519153928227E-22	-2.62356538149445E-03	-8.0041362740061E-20
0	0	-414	4.57809783225592E-23	-2.63407928515333E-03	8.09573989689191E-20
0	0	-413	6.19073867855325E-24	-2.6446941905231E-03	3.28177539797284E-19
0	0	-412	-2.96545698595444E-23	-2.65541009760375E-03	-3.42135678904837E-19
0	0	-411	0	-2.6662271700437E-03	0
0	0	-410	0	-2.67714438783878E-03	0
0	0	-409	0	-2.68816107997036E-03	0
0	0	-408	0	-2.69927724643842E-03	0
0	0	-407	0	-2.71049288724297E-03	0
0	0	-406	0	-2.72180800238401E-03	0
0	0	-405	0	-2.73322259186153E-03	0
0	0	-404	0	-2.74473665567555E-03	0
0	0	-403	0	-2.75635019382605E-03	0
0	0	-402	0	-2.76806320631304E-03	0
0	0	-401	0	-2.77987569313652E-03	0
0	0	-400	0	-2.79178765429648E-03	0
0	0	-399	0	-2.80379908979294E-03	0
0	0	-398	-2.18186313856674E-22	-2.81531573025687E-03	-3.18341327137772E-19
0	0	-397	-1.14297383183773E-22	-2.82758230783979E-03	-3.18341327137772E-19
0	0	-396	-1.20536866277859E-22	-2.83998311612786E-03	-3.18341327137772E-19
0	0	-395	-1.4963582600872E-22	-2.85251815512108E-03	-3.18341327137772E-19
0	0	-394	-1.7873478573956E-22	-2.86518742481944E-03	-3.18341327137772E-19
0	0	-393	-4.67625927308439E-22	-2.87799092522295E-03	-3.18341327137772E-19
0	0	-392	-5.33098586702829E-22	-2.89092865633161E-03	-3.18341327137772E-19
0	0	-391	0	-2.90398213527429E-03	0
0	0	-390	0	-2.91717282236905E-03	0
0	0	-389	0	-2.93050077604592E-03	0
0	0	-388	0	-2.9439659963049E-03	0
0	0	-387	0	-0.002957568483146	0
0	0	-386	0	-2.97130823656922E-03	0
0	0	-385	0	-2.98518525657454E-03	0
0	0	-384	0	-2.99919954316198E-03	0
0	0	-383	0	-3.01335109633154E-03	0
0	0	-382	0	-3.02763991608321E-03	0
0	0	-381	0	-3.04206600241699E-03	0
0	0	-380	0	-3.05662935533289E-03	0
0	0	-379	0	-3.0713299748309E-03	0
0	0	-378	0	-3.08616786091102E-03	0
0	0	-377	0	-3.10114301357326E-03	0
0	0	-376	0	-3.11625543281762E-03	0
0	0	-375	0	-3.13150511864408E-03	0
0	0	-374	0	-3.14689207105267E-03	0
0	0	-373	0	-3.16241629004336E-03	0
0	0	-372	0	-3.17807777561617E-03	0
0	0	-371	0	-3.19387652777109E-03	0
0	0	-370	0	-3.20963292532085E-03	0
0	0	-369	0	-3.22566144991074E-03	0
0	0	-368	0	-3.24186162750194E-03	0
0	0	-367	0	-3.25823345809442E-03	0
0	0	-366	0	-3.27477694168821E-03	0
0	0	-365	0	-3.29149207828329E-03	0
0	0	-364	0	-3.30837886787967E-03	0
0	0	-363	0	-3.32543731047734E-03	0
0	0	-362	0	-3.34266740607631E-03	0
0	0	-361	0	-3.36006915467658E-03	0
0	0	-360	0	-3.37764255627815E-03	0
0	0	-359	-6.91738513963108E-22	-3.39535978717792E-03	-7.03310461471775E-19
0	0	-358	-2.99905894130559E-22	-3.41321353018757E-03	-3.36597457532076E-19
0	0	-357	-2.72146176383848E-22	-3.43125123139828E-03	-3.40047854366995E-19
0	0	-356	-5.15926968233968E-22	-3.44947289081005E-03	-7.25162974759596E-19
0	0	-355	0	-3.46787850842289E-03	0
0	0	-354	-1.88867023143728E-22	-3.48646808423678E-03	-3.50399044871752E-19
0	0	-353	-1.43206493686238E-22	-3.50524161825174E-03	-3.14532837072596E-19
0	0	-352	0	-3.52419911046775E-03	0
0	0	-351	0	-3.54334056088483E-03	0
0	0	-350	-1.64303876775658E-22	-3.56266596950297E-03	-7.68868001335238E-19
0	0	-349	-1.00136868820361E-22	-3.58217533632217E-03	-7.35302058092695E-19
0	0	-348	-2.23087166634767E-23	-3.60186866134243E-03	-3.71101425881267E-19
0	0	-347	6.0566678702603E-24	-3.62174594456375E-03	-4.16168691906873E-19
0	0	-346	6.64214376598785E-23	-3.64180718598613E-03	-7.56004439102209E-19
0	0	-345	0	-3.66205238560958E-03	0
0	0	-344	8.87301543233535E-23	-3.68248154343408E-03	-3.84903013220943E-19
0	0	-343	1.16489872070064E-22	-3.70309465945964E-03	-3.88353410055862E-19
0	0	-342	0	-3.72389173368627E-03	0
0	0	-341	0	-3.74487276611396E-03	0
0	0	-340	2.21965583677982E-22	-3.76603775674271E-03	-4.43005111734021E-19
0	0	-339	2.27528743056897E-22	-3.78738670557252E-03	-4.02154997395539E-19
0	0	-338	2.83653845337342E-22	-3.80891961260339E-03	-4.50672660256064E-19
0	0	-337	5.97546154717328E-22	-3.83063647783532E-03	-8.63562225582462E-19
0	0	-336	-5.56977064157109E-23	-3.85253438543218E-03	-4.1279812390763E-19
0	0	-335	-1.84285352460677E-22	-3.87455830089617E-03	-2.34903707695144E-19
0	0	-334	-6.45757344116409E-23	-3.89682819329855E-03	-2.34903707695144E-19
0	0	-333	-1.11886975885128E-19	-3.9193174270107E-03	-4.4204069281999E-19
0	0	-332	-1.12574119809358E-19	-3.94203591350682E-03	-4.4204069281999E-19
0	0	-331	-1.13262399409655E-19	-3.96496505964374E-03	-4.4204069281999E-19
0	0	-330	-1.13894520510347E-19	-3.98810486542145E-03	-4.4204069281999E-19
0	0	-329	-1.1458652157248E-19	-4.01145533083997E-03	-4.4204069281999E-19
0	0	-328	-1.15269359563309E-19	-4.03501645589929E-03	-4.4204069281999E-19
0	0	-327	-1.15956233449612E-19	-4.0587882405994E-03	-4.4204069281999E-19
0	0	-326	-1.16652608279747E-19	-4.08277068494031E-03	-4.4204069281999E-19
0	0	-325	-1.17353985745159E-19	-4.10696378892202E-03	-4.4204069281999E-19
0	0	-324	-1.18072114702922E-19	-4.13136755254453E-03	-4.4204069281999E-19
0	0	-323	-1.18773830040862E-19	-4.15598197580784E-03	-4.4204069281999E-19
0	0	-322	-1.19492780241055E-19	-4.18080705871194E-03	-4.4204069281999E-19
0	0	-321	-1.20242164270277E-19	-4.20584280125685E-03	-4.4204069281999E-19
0	0	-320	-1.20948736746121E-19	-4.23108920344255E-03	-4.4204069281999E-19
0	0	-319	-1.21685743050996E-19	-4.25654626526905E-03	-4.4204069281999E-19
0	0	-318	-1.22466382151678E-19	-4.28221398673635E-03	-4.4204069281999E-19
0	0	-317	-1.23177811765426E-19	-4.30809236784445E-03	-4.4204069281999E-19
0	0	-316	-1.23932874174982E-19	-4.33418140859335E-03	-4.4204069281999E-19
0	0	-315	-1.24744768347125E-19	-4.36048110898304E-03	-4.4204069281999E-19
0	0	-314	-1.25461055098777E-19	-4.38699146901353E-03	-4.4204069281999E-19
0	0	-313	-1.26222251138572E-19	-4.41371248868483E-03	-4.4204069281999E-19
0	0	-312	-1.27077322856618E-19	-4.44064416799691E-03	-4.4204069281999E-19
0	0	-311	-1.27784784409493E-19	-4.46778650694981E-03	-4.4204069281999E-19
0	0	-310	4.71373251728393E-19	-4.49500912983349E-03	0
0	0	-309	4.74511146859642E-19	-4.52256709943799E-03	0
0	0	-308	4.77523429350345E-19	-4.55032133145806E-03	0
0	0	-307	4.80136533666412E-19	-4.57827182589371E-03	0
0	0	-306	4.83233135837944E-19	-4.60641858274494E-03	0
0	0	-305	4.86375863434304E-19	-4.63476160201174E-03	0
0	0	-304	4.89459115185388E-19	-4.66330088369411E-03	0
0	0	-303	4.92269769893307E-19	-4.69203642779206E-03	0
0	0	-302	4.95390329247601E-19	-4.72096823430559E-03	0
0	0	-301	4.9857025408857E-19	-4.75009630323469E-03	0
0	0	-300	5.01705222527034E-19	-4.77942063457937E-03	0
0	0	-299	5.04714962718432E-19	-4.80894122833962E-03	0
0	0	-298	5.07873870842911E-19	-4.83865808451544E-03	0
0	0	-297	5.11094318822439E-19	-4.86857120310684E-03	0
0	0	-296	5.14276846580845E-19	-4.89868058411382E-03	0
0	0	-295	0	-4.92904526728076E-03	0
0	0	-294	0	-4.95960064949961E-03	0
0	0	-293	0	-4.99027660725108E-03	0
0	0	-292	0	-5.02107314053518E-03	0
0	0	-291	0	-5.0519902493519E-03	0
0	0	-290	0	-5.08302793370125E-03	0
0	0	-289	0	-5.11418619358323E-03	0
0	0	-288	0	-5.14546502899784E-03	0
0	0	-287	0	-5.17686443994507E-03	0
0	0	-286	0	-5.20838442642493E-03	0
0	0	-285	0	-5.24002498843741E-03	0
0	0	-284	0	-5.27178612598253E-03	0
0	0	-283	0	-5.30366783906027E-03	0
0	0	-282	0	-5.33567012767064E-03	0
0	0	-281	0	-5.36779299181364E-03	0
0	0	-280	0	-5.40003643148926E-03	0
0	0	-279	0	-5.43240044669751E-03	0
0	0	-278	-1.03940396949693E-19	-5.46474768995366E-03	-4.98997782289869E-19
0	0	-277	-1.286360919721E-22	-5.49698359444819E-03	-2.13106977134034E-19
0	0	-276	-5.14378507623158E-22	-5.5292179594169E-03	-1.92407866608184E-19
0	0	-275	0	-5.56163740368788E-03	0
0	0	-274	0	-5.59403603883799E-03	0
0	0	-273	0	-5.62635537117255E-03	0
0	0	-272	0	-5.65859540069155E-03	0
0	0	-271	0	-5.69075612739499E-03	0
0	0	-270	0	-5.72283755128287E-03	0
0	0	-269	0	-5.75483967235519E-03	0
0	0	-268	2.64153241935348E-20	-5.78675759356147E-03	8.69665113368725E-19
0	0	-267	2.64954564101958E-20	-5.81851390397236E-03	8.69665113368725E-19
0	0	-266	2.63113124215545E-20	-5.8500818848545E-03	8.69665113368725E-19
0	0	-265	2.657892405145E-20	-5.8814615362079E-03	8.69665113368725E-19
0	0	-264	3.19062212724501E-22	-5.91271599818149E-03	-1.34081715015462E-18
0	0	-263	6.78365027106018E-23	-5.94361762782443E-03	-9.88731008603124E-19
0	0	-262	-1.01578383527803E-22	-5.97426134181703E-03	-9.80444136322045E-19
0	0	-261	3.01936698073059E-23	-6.00465544895187E-03	-1.19049235586291E-20
0	0	-260	3.93614007620573E-23	-6.03468369330834E-03	-6.57568553571579E-19
0	0	-259	-5.29132240572525E-23	-6.06431035590505E-03	-2.68397567506169E-19
0	0	-258	0	-6.09353441375488E-03	0
0	0	-257	0	-0.006122323567764	0
0	0	-256	0	-6.1506291317393E-03	0
0	0	-255	0	-6.17839328568375E-03	0
0	0	-254	0	-6.2056057179909E-03	0
0	0	-253	0	-6.23217206810995E-03	0
0	0	-252	1.0000028676422E-18	-6.25806947705297E-03	2.26767285939855E-19
0	0	-251	8.54714059875116E-19	-6.28323827418453E-03	-4.27357029937558E-19
0	0	-250	0	-6.30761339079611E-03	0
0	0	-249	-2.40411509297445E-19	-6.33117108305521E-03	-2.05629730950167E-19
0	0	-248	0	-6.35382437762562E-03	2.38669639345851E-19
0	0	-247	1.31975826877616E-22	-6.37550895197162E-03	0
0	0	-246	0	-6.39615640791598E-03	0
0	0	-245	0	-6.41567477076414E-03	0
0	0	-244	0	-6.43404049030785E-03	0
0	0	-243	3.73420032457545E-19	-6.45113438357093E-03	6.77772705539498E-19
0	0	-242	0	-6.46689552264785E-03	0
0	0	-241	3.55384708265272E-19	-6.48121956088701E-03	-5.90369914809633E-19
0	0	-240	-4.70920320492536E-20	-6.4940243747121E-03	0
0	0	-239	0	-6.50520718331892E-03	0
0	0	-238	1.96282416875005E-22	-6.51465908126596E-03	-5.75114080195053E-19
0	0	-237	0	-6.52228425362517E-03	0
0	0	-236	0	-6.52797056527191E-03	0
0	0	-235	-2.43832775541759E-19	-6.53159139570663E-03	4.73943367043473E-19
0	0	-234	-3.65602473282952E-19	-6.53301543141274E-03	-2.89225075749472E-21
0	0	-233	2.92360531729902E-19	-6.5321153121416E-03	8.50480401689912E-20
0	0	-232	-1.35624608972406E-19	-6.52874117238256E-03	1.27565522669182E-20
0	0	-231	0	-6.5227715706968E-03	0
0	0	-230	0	-6.51395428376361E-03	0
0	0	-229	-3.56957187057212E-19	-6.50218974473293E-03	1.11250873483167E-19
0	0	-228	0	-6.48732427809062E-03	0
0	0	-227	6.42504102751104E-23	-6.46917824555948E-03	4.48035823374279E-19
0	0	-226	-4.47129177384505E-19	-6.44757563277234E-03	-1.67673441519189E-19
0	0	-225	0	-6.42227825262752E-03	0
0	0	-224	0	-6.3930440894753E-03	0
0	0	-223	0	-6.35969857595526E-03	0
0	0	-222	0	-6.32198620463925E-03	0
0	0	-221	0	-6.27962321123561E-03	0
0	0	-220	0	-6.23238044033832E-03	0
0	0	-219	0	-6.17993804486014E-03	0
0	0	-218	0	-6.12202833723702E-03	0
0	0	-217	-3.1479602932046E-22	-6.05834851599301E-03	7.35422482709488E-19
0	0	-216	2.90994096512681E-22	-5.9885802612594E-03	2.51508605684195E-19
0	0	-215	0	-5.91238411402009E-03	0
0	0	-214	0	-5.82938756114953E-03	0
0	0	-213	-1.36114946298897E-22	-5.73919479954144E-03	2.02793535369241E-19
0	0	-212	0	-5.6414080664254E-03	0
0	0	-211	0	-5.53559168760403E-03	0
0	0	-210	0	-5.42131152161119E-03	0
0	0	-209	0	-5.29809385802849E-03	0
0	0	-208	0	-5.16539096508677E-03	0
0	0	-207	0	-5.02264197960178E-03	0
0	0	-206	0	-4.86934916802713E-03	0
0	0	-205	0	-4.70490764600111E-03	0
0	0	-204	0	-4.5287033318837E-03	0
0	0	-203	0	-4.34006924197523E-03	0
0	0	-202	0	-4.13829931457739E-03	0
0	0	-201	-1.98531714735798E-19	-3.92266265103066E-03	0
0	0	-200	0	-3.69236850456797E-03	0
0	0	-199	0	-3.44655718264944E-03	0
0	0	-198	0	-3.18443843029547E-03	0
0	0	-197	0	-2.90504602790739E-03	0
0	0	-196	0	-2.60740870182683E-03	0
0	0	-195	0	-2.29050392881598E-03	0
0	0	-194	0	-1.95315733357543E-03	0
0	0	-193	-1.65237044926475E-21	-1.59441692025569E-03	6.29482935628581E-18
0	0	-192	0	-1.21286866022578E-03	0
0	0	-191	0	-8.07333745385254E-04	0
0	0	-190	0	-3.76410230969937E-04	0
0	0	-189	-2.11807897486419E-21	8.13236729756141E-05	1.06400796012525E-17
0	0	-188	2.57905872156081E-20	5.67406426795943E-04	1.15290279752806E-17
0	0	-187	0	1.08342219953116E-03	0
0	0	-186	0	1.63113386750045E-03	0
0	0	-185	0	2.21224182906529E-03	0
0	0	-184	0	2.82872090581107E-03	0
0	0	-183	0	3.48260281202815E-03	0
0	0	-182	0	4.17600332911056E-03	0
0	0	-181	-2.17768986071648E-19	4.91118480854701E-03	-4.9075220416621E-19
0	0	-180	0	5.69049269581315E-03	0
0	0	-179	0	6.5164785152343E-03	0
0	0	-178	2.37616309737011E-19	7.39182637370154E-03	0
0	0	-177	0	8.31937468914112E-03	0
0	0	-176	0	9.30209722407402E-03	0
0	0	-175	0	1.03432085637383E-02	0
0	0	-174	0	1.14459985398995E-02	0
0	0	-173	0	1.26140387089673E-02	0
0	0	-172	0	1.38510292181259E-02	0
0	0	-171	0	1.51610434800469E-02	0
0	0	-170	0	1.65480825892872E-02	0
0	0	-169	0	1.80169247892424E-02	0
0	0	-168	-1.0765817673688E-21	1.95718939835348E-02	7.57839818768532E-18
0	0	-167	0	2.12181345669824E-02	0
0	0	-166	2.24291961894605E-21	2.29608077316671E-02	0
0	0	-165	0	2.48054827777749E-02	0
0	0	-164	-1.02418561610415E-20	2.67579982811667E-02	5.14761773652566E-17
0	0	-163	0	2.88245828755627E-02	0
0	0	-162	0	3.10115914235708E-02	0
0	0	-161	0	3.33260672596019E-02	0
0	0	-160	0	3.57752848608752E-02	0
0	0	-159	4.1619770810867E-18	3.83669212813965E-02	6.72398004223077E-17
0	0	-158	-5.65047010395485E-21	4.11090219549415E-02	2.21095794570675E-17
0	0	-157	0	4.40100964202457E-02	0
0	0	-156	0	4.70792655694389E-02	0
0	0	-155	0	5.03260104890573E-02	0
0	0	-154	0	5.37602692680067E-02	0
0	0	-153	0	5.73926490629566E-02	0
0	0	-152	3.24516665336828E-21	0.061234431227545	-6.54482768690918E-18
0	0	-151	0	6.52972074105952E-02	0
0	0	-150	0	6.95933501420752E-02	0
0	0	-149	0	7.41362199118667E-02	0
0	0	-148	0	7.89390496774133E-02	0
0	0	-147	0	8.40169982644476E-02	0
0	0	-146	0	8.93844131075648E-02	0
0	0	-145	0	9.50582817815323E-02	0
0	0	-144	-2.77723591687533E-20	0.101055403138596	1.28014059452526E-16
0	0	-143	0	0.107393818264347	0
0	0	-142	2.2375555861844E-20	0.114092510382478	1.07050175105294E-17
0	0	-141	0	0.121171691277534	0
0	0	-140	2.49058874266992E-20	0.128652776450819	0
0	0	-139	-9.68683415913627E-21	0.13655870264847	7.30854562920808E-17
0	0	-138	0	0.144913574805528	0
0	0	-137	0	0.153743286282241	0
0	0	-136	0	0.163075117162391	0
0	0	-135	0	0.172938658320499	0
0	0	-134	0	0.183366300667207	0
0	0	-133	0	0.194392384258808	0
0	0	-132	4.07802527466422E-18	0.206055026919328	2.24721684694486E-16
0	0	-131	-8.75113111777425E-18	0.218393163209836	1.12003666255814E-16
0	0	-130	0	0.231452472606049	0
0	0	-129	-8.72415168102216E-21	0.245281053129299	1.08421685552223E-16
0	0	-128	0	0.259932703460755	0
0	0	-127	0	0.275466320533751	0
0	0	-126	2.75002023209167E-17	0.291948640834894	3.34518495046863E-17
0	0	-125	0	0.309451216713332	0
0	0	-124	0	0.328055456906181	0
0	0	-123	0	0.3478521594955	0
0	0	-122	0	0.368941772424097	0
0	0	-121	0	0.391437141343022	0
0	0	-120	0	0.415463528206973	0
0	0	-119	-1.39559715149234E-20	0.4411599785059	1.23141837929101E-16
0	0	-118	0	0.46867487486794	0
0	0	-117	2.53604645689276E-20	0.49816978708585	0
0	0	-116	-2.17028297287085E-17	0.529817779766871	0
0	0	-115	0	0.563794834963763	0
0	0	-114	-1.23859683270834E-17	0.600276301097327	1.99880799671858E-16
0	0	-113	0	0.639415247664126	0
0	0	-112	0	0.681336825703123	0
0	0	-111	0	0.726102101241379	0
0	0	-110	-6.5860823857439E-19	0.773662912921519	4.02104796049547E-16
0	0	-109	0	0.82381244607921	-3.39052042612337E-17
0	0	-108	0	0.876127788801647	0
0	0	-107	0	0.929960968265611	0
0	0	-106	0	0.984497392235744	0
0	0	-105	0	1.03860859363153	0
0	0	-104	-6.40437519407034E-17	1.09097225391944	2.21102736027258E-16
0	0	-103	0	1.14040360669181	0
0	0	-102	0	1.18608461737716	0
0	0	-101	-4.85705657862412E-17	1.22733570536869	-4.98859271775207E-17
0	0	-100	0	1.26358447017268	0
0	0	-99	0	1.29467336909163	0
0	0	-98	0	1.32085559400168	0
0	0	-97	0	1.34256621111318	0
0	0	-96	0	1.36035430455722	0
0	0	-95	0	1.37476429172521	0
0	0	-94	6.05019750844271E-17	1.38635567958251	3.50692163716157E-17
0	0	-93	0	1.39561546525606	0
0	0	-92	0	1.4030097807237	0
0	0	-91	1.56110017401989E-20	1.408906436711	0
0	0	-90	0	1.41361479236009	0
0	0	-89	0	1.4173806188441	0
0	0	-88	0	1.42040318476705	0
0	0	-87	0	1.42283083736308	0
0	0	-86	0	1.42478066564087	0
0	0	-85	0	1.42634746213742	0
0	0	-84	0	1.42759804722753	0
0	0	-83	2.6734931544223E-17	1.42858390591965	1.08006104745093E-16
0	0	-82	0	1.42934321257063	0
0	0	-81	0	1.42990520808146	0
0	0	-80	6.37950862510176E-20	1.43029020674715	0
0	0	-79	0	1.43051250806043	0
0	0	-78	-7.01689352823825E-17	1.43058041989659	-1.23138210321163E-20
0	0	-77	0	1.43049581142921	-3.50742633538338E-17
0	0	-76	0	1.43025574642244	0
0	0	-75	0	1.429851978224	0
0	0	-74	0	1.42926993978138	0
0	0	-73	0	1.42848849057191	0
0	0	-72	0	1.42747901764276	0
0	0	-71	0	1.42620034696222	0
0	0	-70	-1.32874940685909E-19	1.42459926569257	5.7610410464249E-17
0	0	-69	0	1.42260782747462	0
0	0	-68	0	1.42013974250212	0
0	0	-67	2.17464372681931E-20	1.4170813391446	0
0	0	-66	0	1.41328324911899	0
0	0	-65	0	1.40854969284584	0
0	0	-64	0	1.40264564510433	0
0	0	-63	0	1.39527317580989	0
0	0	-62	0	1.38606824585531	0
0	0	-61	-6.98416674908494E-17	1.37457453966172	-2.73223884398656E-17
0	0	-60	0	1.36028414642666	0
0	0	-59	0	1.34262112723869	0
0	0	-58	0	1.32096978660395	0
0	0	-57	0	1.29474275258922	0
0	0	-56	0	1.26342981788167	0
0	0	-55	0	1.226784877505	0
0	0	-54	0	1.18498251499843	0
0	0	-53	0	1.13834789321408	0
0	0	-52	4.32746352042177E-17	1.08731638999211	-1.59102977574465E-16
0	0	-51	0	1.03290058073917	0
0	0	-50	0	0.976392500527993	0
0	0	-49	0	0.918926619110334	0
0	0	-48	0	0.861471056536546	0
0	0	-47	0	0.804909859599979	0
0	0	-46	0	0.74983714728117	0
0	0	-45	-2.03635057393731E-20	0.696621318571749	-1.16393471014304E-16
0	0	-44	2.17893245560474E-21	0.645385880044856	0
0	0	-43	0	0.596075450514621	0
0	0	-42	3.05871907437746E-22	0.548496513477967	-2.46547029650051E-17
0	0	-41	-2.31983515969862E-20	0.502344784381138	0
0	0	-40	0	0.457232033175616	0
0	0	-39	0	0.412676343947165	0
0	0	-38	0	0.368141078355592	0
0	0	-37	0	0.322941832113549	0
0	0	-36	0	0.276280410764272	0
0	0	-35	0	0.227134722881846	0
0	0	-34	0	0.174226646741134	0
0	0	-33	0	0.115786682153213	0
0	0	-32	0	4.94095485665218E-02	0
0	0	-31	8.81970460614758E-20	-2.80648399592442E-02	0
0	0	-30	0	-0.120873200686192	0
0	0	-29	-1.09119824036671E-17	-0.234057595070756	0
0	0	-28	-3.44496983754372E-17	-0.370979340109727	0
0	0	-27	0	-0.532301093730823	0
0	0	-26	0	-0.715313718369769	0
0	0	-25	0	-0.915200327930634	0
0	0	-24	0	-1.12774763674757	0
0	0	-23	0	-1.34947806379033	0
0	0	-22	0	-1.57782322465254	0
0	0	-21	1.24746564769468E-20	-1.81097939111631	-2.3377358254824E-16
0	0	-20	0	-2.04771073600768	0
0	0	-19	0	-2.28706400958755	0
0	0	-18	1.20186303891238E-16	-2.52833043045257	0
0	0	-17	0	-2.77098142295904	0
0	0	-16	-1.36422930063777E-16	-3.01460760878716	0
0	0	-15	0	-3.2589148080776	0
0	0	-14	0	-3.50368296040926	0
0	0	-13	0	-3.74879610895276	0
0	0	-12	-3.03437894585822E-22	-3.9942967017734	0
0	0	-11	0	-4.24061587464871	0
0	0	-10	0	-4.48920969106873	0
0	0	-9	0	-4.74369540324718	0
0	0	-8	0	-5.00934210309948	0
0	0	-7	0	-5.28787203767379	0
0	0	-6	1.77990508968285E-16	-5.56665270739629	0
0	0	-5	0	-5.81786487040787	0
0	0	-4	0	-6.01766364643807	0
0	0	-3	0	-6.16102833106999	0
0	0	-2	0	-6.25442624788493	0
0	0	-1	0	-6.30642815412883	0
0	0	0	0	-6.32309972478805	0
0	0	1	0	-6.30647268190586	0
0	0	2	0	-6.25446827638824	0
0	0	3	0	-6.16131463886817	0
0	0	4	6.27972045927314E-20	-6.01830789283856	1.64397626870177E-17
0	0	5	0	-5.81895591826916	0
0	0	6	0	-5.56816425692546	0
0	0	7	3.2628929972403E-20	-5.28827605901932	5.08522005444064E-17
0	0	8	-2.29883308050829E-16	-5.00837750227734	0
0	0	9	0	-4.74268542335933	0
0	0	10	0	-4.48883867542682	0
0	0	11	0	-4.24054065357382	0
0	0	12	0	-3.99428272311607	0
0	0	13	0	-3.74868855510805	0
0	0	14	0	-3.50347870853875	0
0	0	15	0	-3.25864401852406	0
0	0	16	0	-3.01430375739956	0
0	0	17	0	-2.7706666181484	0
0	0	18	1.36394789266237E-16	-2.52802127478789	0
0	0	19	4.58751517097204E-20	-2.28677183586008	4.59855837616797E-16
0	0	20	4.45580502555301E-21	-2.04743424144622	2.79011574355946E-16
0	0	21	5.75442035561004E-20	-1.81071862438029	6.86686897653261E-16
0	0	22	0	-1.57755017715111	0
0	0	23	0	-1.34919343728949	0
0	0	24	0	-1.12747376187996	0
0	0	25	0	-0.914983583217891	0
0	0	26	0	-0.715182713205991	0
0	0	27	0	-0.532658854831308	0
0	0	28	0	-0.371641368752875	0
0	0	29	0	-0.234695209136535	0
0	0	30	0	-0.121401605117732	0
0	0	31	1.39143490172561E-18	-2.82433247425483E-02	3.63571974075733E-16
0	0	32	0	4.93856064863733E-02	0
0	0	33	0	0.115778667986647	0
0	0	34	0	0.174182370972132	0
0	0	35	0	0.227073157918806	0
0	0	36	0	0.276168919235105	0
0	0	37	-8.66893524981829E-20	0.322821526186614	1.5220559715086E-16
0	0	38	-1.25207205228667E-19	0.368014417493355	1.93409649517759E-16
0	0	39	0	0.412554729538682	0
0	0	40	0	0.457107617826271	0
0	0	41	1.6200488414817E-17	0.502232702053482	-3.428881029251E-17
0	0	42	0	0.548383143567036	0
0	0	43	3.32998070085549E-17	0.59596542515726	0
0	0	44	0	0.645278989568082	0
0	0	45	0	0.696517238712849	-1.32029851243415E-17
0	0	46	0	0.749738534932401	0
0	0	47	0	0.80481835125391	0
0	0	48	0	0.86140817709505	0
0	0	49	0	0.918930937829006	0
0	0	50	0	0.976481714672109	0
0	0	51	0	1.03298747905603	0
0	0	52	0	1.08735326867897	0
0	0	53	5.61089035649251E-17	1.13838500734476	5.57437365145969E-17
0	0	54	5.74940474325174E-17	1.18508880883736	3.54770588852422E-16
0	0	55	0	1.22690089374745	0
0	0	56	-2.10633360431494E-20	1.26349809349317	8.47646544285619E-18
0	0	57	0	1.29479438163144	-8.28956493019114E-17
0	0	58	0	1.32107378014033	0
0	0	59	0	1.34279576084577	0
0	0	60	0	1.36053213872729	0
0	0	61	0	1.37486702245177	0
0	0	62	0	1.38639697695118	0
0	0	63	0	1.39564065590282	0
0	0	64	0	1.4030347307194	0
0	0	65	0	1.40895986776326	0
0	0	66	0	1.4137110042506	0
0	0	67	0	1.41752994213601	0
0	0	68	0	1.42060704722225	0
0	0	69	-6.46092959171594E-17	1.42309060142712	1.29161937708906E-16
0	0	70	0	1.42509523907985	0
0	0	71	0	1.42670780948031	0
0	0	72	0	1.42799615234123	0
0	0	73	0	1.42901443331151	0
0	0	74	0	1.42980296890428	0
0	0	75	0	1.43039062189977	0
0	0	76	0	1.43079940524652	0
0	0	77	-3.52819902585132E-20	1.43104368654138	-7.33616700331555E-17
0	0	78	0	1.43113192358334	0
0	0	79	0	1.43106699968327	0
0	0	80	0	1.43084667036693	0
0	0	81	0	1.43046315407987	0
0	0	82	0	1.42990227139139	0
0	0	83	0	1.42914326365766	0
0	0	84	0	1.42815748489553	0
0	0	85	0	1.42690535136906	0
0	0	86	0	1.42533465846167	0
0	0	87	2.13779537527078E-20	1.4233768330756	-1.95381284514897E-17
0	0	88	0	1.42093886170926	0
0	0	89	0	1.41789912518467	0
0	0	90	4.52658970468795E-17	1.41410423232399	-2.36096580637307E-17
0	0	91	0	1.4093693603898	0
0	0	92	-8.07846175434255E-17	1.40344270465949	1.61852793396418E-16
0	0	93	0	1.39601501451537	0
0	0	94	-3.49198894021042E-20	1.38670775519801	2.22173801878352E-17
0	0	95	4.3974635986996E-17	1.37509440090562	-4.37611128098337E-17
0	0	96	0	1.36067155747485	0
0	0	97	0	1.34289224472956	0
0	0	98	0	1.3211796250413	0
0	0	99	0	1.29497092028355	0
0	0	100	0	1.26388336622123	0
0	0	101	0	1.22770125372904	0
0	0	102	5.69640851610467E-17	1.18656300738977	0
0	0	103	0	1.14090099367972	0
0	0	104	0	1.09134806073541	0
0	0	105	7.75524315692522E-21	1.03884179509439	-6.56714836252685E-17
0	0	106	3.56317927018541E-17	0.984571207151695	-5.53406945596995E-16
0	0	107	0	0.930010743937458	0
0	0	108	0	0.876319045273265	0
0	0	109	0	0.82413564513574	0
0	0	110	0	0.774004331403266	0
0	0	111	0	0.726413454624566	0
0	0	112	0	0.681604178498162	0
0	0	113	0	0.639640684945684	0
0	0	114	0	0.600467233041202	0
0	0	115	0	0.563962112178133	0
0	0	116	0	0.529965282970893	0
0	0	117	0	0.498302683707938	0
0	0	118	1.02497540341564E-20	0.468796533675513	-3.55360856575582E-17
0	0	119	0	0.441272619502042	0
0	0	120	0	0.415569718511337	0
0	0	121	0	0.391537602790575	0
0	0	122	0	0.3690340222071	0
0	0	123	0	0.347936310994212	0
0	0	124	0	0.328135952141952	0
0	0	125	0	0.3095257655977	0
0	0	126	0	0.29201735709395	0
0	0	127	0	0.275530572584123	0
0	0	128	0	0.259992432628371	0
0	0	129	0	0.24533655388329	0
0	0	130	0	0.231504220525447	0
0	0	131	0	0.218441089518366	0
0	0	132	0	0.206099369470225	0
0	0	133	0	0.194434329181765	0
0	0	134	0	0.18340517455254	0
0	0	135	-1.66845056659418E-17	0.172974447028029	0
0	0	136	-8.55526111277302E-21	0.163107992511951	-1.27157811181033E-18
0	0	137	0	0.153773739141578	0
0	0	138	0	0.144942001069329	0
0	0	139	-1.69241836372118E-22	0.136584682400962	0
0	0	140	0	0.128677308008754	0
0	0	141	6.89976603037267E-18	0.121194363673882	1.42267859343862E-17
0	0	142	0	0.114113392225465	0
0	0	143	8.20625286494391E-18	0.107413082971665	2.05156321623598E-18
0	0	144	0	0.101073151959855	0
0	0	145	0	9.50744935613922E-02	0
0	0	146	0	8.93994628716874E-02	0
0	0	147	0	8.40306032218638E-02	0
0	0	148	0	7.89517757175639E-02	0
0	0	149	0	7.41477857415926E-02	0
0	0	150	0	6.96043541464016E-02	0
0	0	151	6.84601758714898E-22	6.53072483429811E-02	-5.18143209271004E-17
0	0	152	-3.27362691937685E-21	6.12437251103368E-02	0
0	0	153	0	5.74012922144564E-02	0
0	0	154	-2.25472607064246E-18	5.37681237628586E-02	4.69279411892095E-18
0	0	155	0	5.03331254626022E-02	0
0	0	156	0	4.70860375231016E-02	0
0	0	157	0	4.40162617372672E-02	0
0	0	158	0	4.11142336429381E-02	-4.34141130974023E-18
0	0	159	0	3.83721356859864E-02	0
0	0	160	0	3.57801422641485E-02	0
0	0	161	-6.74815405369942E-19	3.33304892720805E-02	-2.64801342926456E-18
0	0	162	0	3.10157242032217E-02	0
0	0	163	0	2.88282548696446E-02	0
0	0	164	0	2.67614150006506E-02	0
0	0	165	0	2.48086394678377E-02	0
0	0	166	0	2.29637827521992E-02	0
0	0	167	-2.13066339511584E-21	2.12208972995155E-02	-1.85026403480547E-18
0	0	168	0	1.95745003455352E-02	0
0	0	169	0	0.018019331859424	0
0	0	170	0	1.65504679637728E-02	0
0	0	171	0	1.51631819995271E-02	0
0	0	172	0	1.38530552432369E-02	0
0	0	173	0	1.26160007756393E-02	0
0	0	174	0	1.14478480714696E-02	0
0	0	175	0	0.010344898595597	0
0	0	176	0	9.30366951882208E-03	0
0	0	177	2.71095914784068E-22	8.3208631788554E-03	-6.90270321639606E-19
0	0	178	0	7.39321345630642E-03	0
0	0	179	0	6.51779017681864E-03	0
0	0	180	0	5.69170508204426E-03	0
0	0	181	0	4.91234007585526E-03	0
0	0	182	0	4.17711882140413E-03	0
0	0	183	0	0.003483696815043	0
0	0	184	0	2.8297627791579E-03	0
0	0	185	-3.0269599733766E-22	2.21322324772696E-03	-6.29193333979481E-20
0	0	186	0	1.63204789731845E-03	0
0	0	187	0	1.08433646826542E-03	0
0	0	188	1.76441489101676E-20	5.68253201828107E-04	-4.33965561206942E-18
0	0	189	0	8.21667010823862E-05	0
0	0	190	5.50206163515571E-23	-3.75599303431533E-04	-8.59635240756788E-19
0	0	191	-2.48983568675247E-22	-8.06560726562267E-04	0
0	0	192	1.51744670074639E-22	-1.21213241577359E-03	0
0	0	193	6.63617574611358E-20	-1.59369818199193E-03	-5.77799791897777E-18
0	0	194	0	-1.95251362718765E-03	0
0	0	195	0	-2.2898161212943E-03	0
0	0	196	0	-2.60670091786711E-03	0
0	0	197	0	-2.90441645559427E-03	0
0	0	198	0	-3.1838352104838E-03	0
0	0	199	0	-3.44598347617078E-03	0
0	0	200	0	-3.69176659927723E-03	0
0	0	201	0	-3.92205696389448E-03	0
0	0	202	-5.60480432240368E-24	-4.13770176133671E-03	-3.83928169027681E-19
0	0	203	-1.7299613907018E-19	-4.33947746592542E-03	-2.31533091474949E-18
0	0	204	0	-4.52812826120614E-03	0
0	0	205	0	-4.70430378174404E-03	0
0	0	206	0	-4.86872216338302E-03	0
0	0	207	0	-5.02200214985713E-03	0
0	0	208	0	-5.16472009064287E-03	0
0	0	209	0	-5.29744736103398E-03	0
0	0	210	0	-5.42072130699873E-03	0
0	0	211	1.84614246893569E-19	-5.53502537490768E-03	0
0	0	212	-1.90132404913622E-19	-5.64084240542265E-03	-3.01440349796023E-19
0	0	213	0	-5.73863443041489E-03	0
0	0	214	-1.0916219527719E-19	-5.82881405245754E-03	4.39434682662095E-19
0	0	215	0	-5.91182521504524E-03	0
0	0	216	-1.70120000201176E-21	-5.98801412377654E-03	3.83935129167752E-19
0	0	217	0	-6.05776182722924E-03	0
0	0	218	0	-6.12141762131466E-03	0
0	0	219	0	-6.17930095759298E-03	0
0	0	220	0	-0.006231720523421	0
0	0	221	0	-6.27895326035968E-03	0
0	0	222	0	-6.32132168534395E-03	0
0	0	223	0	-6.35907763958183E-03	0
0	0	224	0	-6.39243522219128E-03	0
0	0	225	0	-6.42166165707552E-03	0
0	0	226	0	-6.44697873839894E-03	0
0	0	227	0	-6.46860645730371E-03	0
0	0	228	0	-6.48675087476904E-03	0
0	0	229	0	-6.50161379173181E-03	0
0	0	230	1.52090436744817E-19	-0.006513346058542	6.09534533056796E-19
0	0	231	2.78233106658654E-22	-6.52213195309384E-03	-6.09534533056796E-19
0	0	232	0	-6.52813134183635E-03	4.64922475314985E-19
0	0	233	2.08562295000513E-22	-6.53154369103836E-03	0
0	0	234	0	-6.53245722938577E-03	0
0	0	235	0	-6.53105003882745E-03	0
0	0	236	0	-6.52745268299933E-03	0
0	0	237	0	-6.52180983927476E-03	0
0	0	238	0	-6.51418514737739E-03	0
0	0	239	0	-6.50475116419574E-03	0
0	0	240	0	-6.49355638333848E-03	0
0	0	241	0	-6.48076288982191E-03	0
0	0	242	0	-6.46642653952507E-03	0
0	0	243	0	-6.45064202518501E-03	0
0	0	244	0	-6.43356624169576E-03	0
0	0	245	0	-6.41520508259462E-03	0
0	0	246	0	-6.3956705844092E-03	0
0	0	247	0	-6.37505185656714E-03	0
0	0	248	0	-6.35337478123775E-03	0
0	0	249	0	-6.33069979599529E-03	0
0	0	250	0	-6.30713003498504E-03	0
0	0	251	0	-6.28273755711887E-03	0
0	0	252	0	-6.25756742606429E-03	0
0	0	253	0	-6.23167115258346E-03	0
0	0	254	0	-6.20511115858294E-03	0
0	0	255	0	-6.17791369454475E-03	0
0	0	256	0	-6.15014358035261E-03	0
0	0	257	0	-6.12185797148644E-03	0
0	0	258	0	-6.09305058054177E-03	0
0	0	259	0	-6.06380699376426E-03	0
0	0	260	0	-6.0341865538536E-03	0
0	0	261	0	-6.00420015804397E-03	0
0	0	262	0	-5.97385417725954E-03	0
0	0	263	0	-5.94314601103223E-03	0
0	0	264	1.92559684887962E-22	-5.91223802075351E-03	4.04083007043982E-19
0	0	265	6.46511212511107E-23	-5.88095807386757E-03	4.04083007043982E-19
0	0	266	-7.80697258386428E-23	-5.84954429749549E-03	4.04083007043982E-19
0	0	267	-2.20790572928413E-22	-5.81799669163724E-03	4.04083007043982E-19
0	0	268	-3.63511420018183E-22	-5.78631525629284E-03	4.04083007043982E-19
0	0	269	-2.5311613355397E-22	-5.75449999146229E-03	4.04083007043982E-19
0	0	270	0	-5.72249933428271E-03	1.08557918726103E-18
0	0	271	0	-5.6904082103564E-03	2.00970465787186E-19
0	0	272	0	-5.65817399219221E-03	6.45517926662058E-19
0	0	273	1.98737002147981E-19	-5.62588667916365E-03	0
0	0	274	0	-5.59353651811498E-03	0
0	0	275	0	-5.56116860586878E-03	0
0	0	276	0	-5.52883360245734E-03	0
0	0	277	0	-5.49653150788066E-03	0
0	0	278	0	-5.46426232213874E-03	0
0	0	279	0	-5.43202604523157E-03	0
0	0	280	0	-5.39982267715917E-03	0
0	0	281	0	-5.36765221792153E-03	0
0	0	282	0	-5.33551466751865E-03	0
0	0	283	-1.90388748465232E-19	-5.30342710048713E-03	3.59104011748388E-19
0	0	284	-1.89379570331985E-19	-5.27152939510518E-03	3.58020718943602E-19
0	0	285	-1.88373858735713E-19	-5.23972805944317E-03	3.56937426138817E-19
0	0	286	0	-5.20799230388731E-03	0
0	0	287	0	-5.17636315294442E-03	0
0	0	288	0	-5.14488009323555E-03	0
0	0	289	0	-5.11354312476072E-03	0
0	0	290	0	-5.08235224751992E-03	0
0	0	291	0	-5.05130746151314E-03	0
0	0	292	0	-5.0204087667404E-03	0
0	0	293	0	-4.98965616320168E-03	0
0	0	294	0	-0.004959049650897	0
0	0	295	0	-4.92858922982634E-03	0
0	0	296	0	-4.89827489998971E-03	0
0	0	297	0	-4.86810666138711E-03	0
0	0	298	5.91113553651298E-19	-4.83828355767238E-03	1.97665434624204E-18
0	0	299	5.8602700318537E-19	-4.80853882995166E-03	1.0770670996641E-18
0	0	300	5.82923301016874E-19	-4.77899553176187E-03	1.16584660203375E-18
0	0	301	5.79697934876936E-19	-4.74965366310301E-03	1.5487988398171E-18
0	0	302	5.7516632373755E-19	-4.72051322397508E-03	1.0770670996641E-18
0	0	303	5.71951540821363E-19	-4.69157421437808E-03	1.0770670996641E-18
0	0	304	5.68754690166764E-19	-4.66283663431201E-03	1.13750938033353E-18
0	0	305	5.64688942257969E-19	-4.63430048377687E-03	1.0770670996641E-18
0	0	306	5.61529266607782E-19	-4.60596576277266E-03	1.0770670996641E-18
0	0	307	5.5864950958208E-19	-4.57783247129938E-03	2.07845188809336E-18
0	0	308	5.54944610724237E-19	-4.54990060935703E-03	1.0770670996641E-18
0	0	309	5.51607396105591E-19	-4.52217017694561E-03	1.31382883315171E-18
0	0	310	5.48202356317445E-19	-4.49464117406512E-03	1.67150203267507E-18
0	0	311	5.45017159492135E-19	-4.46731360071556E-03	1.0770670996641E-18
0	0	312	0	-4.4401992983371E-03	0
0	0	313	0	-4.41330716268269E-03	0
0	0	314	0	-4.38662714892038E-03	0
0	0	315	9.85019542712069E-23	-4.36022317333705E-03	5.4877471235243E-19
0	0	316	1.03064958339674E-22	-4.33393867362831E-03	5.93913019926227E-19
0	0	317	1.06896009233626E-22	-4.30786356819298E-03	6.38259610393348E-19
0	0	318	-4.71407601227412E-23	-4.28199785703105E-03	0
0	0	319	1.12362251497982E-22	-4.25634154014253E-03	7.24577640007561E-19
0	0	320	1.13997442868385E-22	-4.23089461752742E-03	7.66549079154652E-19
0	0	321	1.14900681064272E-22	-4.20565708918572E-03	8.07728801195067E-19
0	0	322	1.15071966085643E-22	-4.18062895511742E-03	8.48116806128805E-19
0	0	323	1.08484387514999E-22	-4.15581021532252E-03	8.40991352168716E-19
0	0	324	0	-4.13120086980104E-03	0
0	0	325	5.29495724298395E-24	-4.10680091855296E-03	4.59300246804743E-20
0	0	326	9.8579613114518E-24	-4.08261036157829E-03	9.1068332254272E-20
0	0	327	1.36890122054035E-23	-4.05862919887702E-03	1.35414922721393E-19
0	0	328	9.65316320678239E-23	-4.03485743044916E-03	1.02907632747057E-18
0	0	329	9.19452214548413E-23	-4.01129505629471E-03	1.06431817121091E-18
0	0	330	0	-3.98799543709612E-03	0
0	0	331	0	-3.96488010140634E-03	0
0	0	332	1.35672095798883E-22	-3.94196034657768E-03	1.24974875815477E-18
0	0	333	6.25185362187083E-23	-3.91923843518889E-03	8.05435695065307E-19
0	0	334	1.10001970265343E-22	-3.89671046696132E-03	1.19741032527317E-18
0	0	335	1.03767025714462E-22	-3.87437644189496E-03	1.22099762148176E-18
0	0	336	4.65660011764971E-23	-3.85223635998981E-03	7.87918747941173E-19
0	0	337	4.12484894957495E-23	-3.83029022124588E-03	7.82116456122245E-19
0	0	338	6.90980342596547E-23	-3.80853802566316E-03	1.16040550902296E-18
0	0	339	3.06134661342874E-23	-3.78697977324165E-03	7.70566908318063E-19
0	0	340	2.33501118032665E-23	-3.76561546398135E-03	7.3338685898011E-19
0	0	341	1.84416394825769E-23	-3.74444509788227E-03	7.27944593239805E-19
0	0	342	1.57886950222363E-23	-3.7234686749444E-03	7.84239679614565E-19
0	0	343	9.34341941132864E-24	-3.70268619516774E-03	7.476879560444E-19
0	0	344	4.02590773058105E-24	-3.6820976585523E-03	7.42014081170713E-19
0	0	345	0	-3.66170306509807E-03	3.46364160848497E-19
0	0	346	-6.10072212081444E-24	-3.64150241480505E-03	7.01008443706653E-19
0	0	347	-1.10091944415041E-23	-3.62149570767324E-03	6.95676249633698E-19
0	0	348	-5.99122034144368E-24	-3.60167660828829E-03	6.99915781162127E-19
0	0	349	1.83545223502656E-23	-3.58203188159276E-03	6.93745000998787E-19
0	0	350	4.27002650419734E-23	-3.56256111873601E-03	6.87574220835447E-19
0	0	351	6.70460077336812E-23	-3.54326431971803E-03	6.81403440672107E-19
0	0	352	6.47358232179981E-23	-3.52414148453883E-03	4.78289801193711E-19
0	0	353	1.1573749311714E-22	-3.5051926131984E-03	6.69061880345428E-19
0	0	354	1.40083235808848E-22	-3.48641770569674E-03	6.62891100182089E-19
0	0	355	1.71280185938079E-22	-3.46781676203386E-03	6.84083666686197E-19
0	0	356	1.88774721192264E-22	-3.44938978220976E-03	6.50549539855409E-19
0	0	357	2.13120463884011E-22	-3.43113676622443E-03	6.44378759692069E-19
0	0	358	2.3746620657572E-22	-3.41305771407787E-03	6.3820797952873E-19
0	0	359	2.61811949267428E-22	-3.39515262577008E-03	6.3203719936539E-19
0	0	360	3.81543589278879E-22	-3.37742150130108E-03	8.34488558936067E-19
0	0	361	2.07002289767241E-22	-3.35986434067084E-03	4.13130426025807E-19
0	0	362	1.11616392447529E-22	-3.34248114387938E-03	2.0450828629179E-19
0	0	363	1.19731640011432E-22	-3.3252719109267E-03	2.02451359570677E-19
0	0	364	2.55693775150683E-22	-3.30823664181278E-03	4.00788865699127E-19
0	0	365	2.71924270278489E-22	-3.29137533653765E-03	3.96675012256901E-19
0	0	366	3.06164438244189E-22	-3.27468799510128E-03	4.17096231240592E-19
0	0	367	3.04385260534101E-22	-3.25817461750369E-03	3.88447305372448E-19
0	0	368	3.20615755661932E-22	-3.24183520374488E-03	3.84333451930221E-19
0	0	369	3.36846250789738E-22	-3.22566975382484E-03	3.80219598487995E-19
0	0	370	3.53076745917543E-22	-3.20967826774358E-03	3.76105745045768E-19
0	0	371	0	-3.19345525341019E-03	0
0	0	372	0	-3.17775556945172E-03	0
0	0	373	0	-3.16222792776241E-03	0
0	0	374	0	-3.14687232834224E-03	0
0	0	375	0	-3.13113759214798E-03	0
0	0	376	0	-3.11594317002355E-03	0
0	0	377	0	-3.10087882337699E-03	0
0	0	378	0	-3.0859445522083E-03	0
0	0	379	0	-3.07114035651749E-03	0
0	0	380	0	-3.05646192658446E-03	1.83041365135152E-19
0	0	381	8.85928472131569E-22	-3.04190689892848E-03	1.64505890980555E-19
0	0	382	-4.69368275995451E-22	-0.003027484696812	6.11166314682998E-19
0	0	383	-7.56860493852524E-22	-3.01319532023501E-03	9.25745625301236E-19
0	0	384	0	-2.99903876919753E-03	1.79602482737484E-19
0	0	385	-3.1389625778675E-22	-2.98501504369955E-03	5.44450154379028E-19
0	0	386	-6.03491278322121E-22	-2.97112414374107E-03	9.54089526931094E-19
0	0	387	0	-2.95736606932209E-03	1.77106842988883E-19
0	0	388	-2.17095274077479E-22	-2.9437408204426E-03	5.31538121866895E-19
0	0	389	1.5842423957805E-22	-2.93024839710262E-03	1.64505890980555E-19
0	0	390	0	-2.91688879930214E-03	1.74682793568554E-19
0	0	391	-1.37479188992237E-22	-2.90366202704116E-03	5.67955821629616E-19
0	0	392	1.00602623769663E-22	-2.89056808031968E-03	1.64505890980555E-19
0	0	393	0	-2.8776069591377E-03	1.72330334476496E-19
0	0	394	2.01371199933692E-23	-2.86477866349522E-03	1.64505890980555E-19
0	0	395	8.77368791082142E-24	-2.85208319339223E-03	5.01688452837417E-19
0	0	396	8.20813649611601E-23	-2.83952054882875E-03	8.24862598943911E-19
0	0	397	0	-2.82709072980477E-03	1.6930508508662E-19
0	0	398	1.20656767565821E-22	-2.81479373632029E-03	5.34793111297343E-19
0	0	399	0	-2.80262956837531E-03	1.67840187277197E-19
0	0	400	0	-2.79059822596983E-03	1.67119670093863E-19
0	0	401	2.02375655329363E-22	-2.77869970910385E-03	4.76413246996566E-19
0	0	402	-2.68163028456133E-22	-2.76693401777736E-03	1.64505890980555E-19
0	0	403	-2.77028054512972E-22	-2.75604305017817E-03	-3.51813480972927E-19
0	0	404	-1.17992113718142E-22	-2.74447731712616E-03	-3.51813480972927E-19
0	0	405	-1.17257918359274E-22	-2.73301045540658E-03	-3.51813480972927E-19
0	0	406	-2.71888687000949E-22	-2.72164246501943E-03	-3.51813480972927E-19
0	0	407	1.35087782248487E-22	-2.71037334596472E-03	-3.22135247043092E-20
0	0	408	1.34231220996474E-22	-2.69920309824244E-03	-3.35291320062757E-20
0	0	409	0	-2.68813172185259E-03	-3.38169280418671E-19
0	0	410	0	-2.67715921679517E-03	-3.36788929854191E-19
0	0	411	1.31661537240463E-22	-2.66628558307019E-03	-3.75505825036341E-20
0	0	412	0	-2.65551082067764E-03	-3.3406554302096E-19
0	0	413	0	-2.64483492961752E-03	-3.32722506752209E-19
0	0	414	-1.47533546839346E-22	-2.63425790988984E-03	-3.51813480972927E-19
0	0	415	-2.56470584464836E-22	-2.62377976149459E-03	-3.51813480972927E-19
0	0	416	-2.5475746196081E-22	-2.61340048443177E-03	-3.51813480972927E-19
0	0	417	0	-2.60312007870139E-03	-3.2747474266297E-19
0	0	418	0	-2.59293827764983E-03	-6.91389780127525E-19
0	0	419	1.28805219856461E-22	-2.58285377388809E-03	-3.73671968662878E-19
0	0	420	0	-2.57286639261492E-03	-6.91389780127525E-19
0	0	421	1.49573395839852E-22	-2.56297613383035E-03	-3.35325698016838E-19
0	0	422	0	-2.55318299753436E-03	-6.91389780127525E-19
0	0	423	1.32948222863277E-22	-2.54348698372696E-03	-3.74458047558744E-19
0	0	424	1.53124541274277E-22	-2.53388809240814E-03	-3.37170666194955E-19
0	0	425	0	-2.52438632357791E-03	-6.91389780127525E-19
0	0	426	1.36055475118399E-22	-2.51498167723627E-03	-3.75304186673521E-19
0	0	427	0	-2.50567415338322E-03	-6.91389780127525E-19
0	0	428	0	-2.49646375201876E-03	-6.28114570241117E-19
0	0	429	0	-2.48735047314288E-03	-6.91389780127525E-19
0	0	430	0	-2.47833971956339E-03	0
0	0	431	0	-2.46951783342437E-03	0
0	0	432	0	-2.46077001119646E-03	0
0	0	433	0	-2.45209625287968E-03	0
0	0	434	0	-2.44349655847402E-03	0
0	0	435	0	-2.43497092797948E-03	0
0	0	436	0	-2.42651936139605E-03	0
0	0	437	0	-2.41814185872375E-03	0
0	0	438	0	-2.40983841996256E-03	0
0	0	439	0	-2.4016090451125E-03	0
0	0	440	0	-2.39345373417356E-03	0
0	0	441	0	-2.38537248714573E-03	0
0	0	442	0	-2.37736530402903E-03	0
0	0	443	0	-2.36943218482344E-03	0
0	0	444	0	-2.36157312952898E-03	0
0	0	445	0	-2.35378813814563E-03	0
0	0	446	0	-2.34607721067341E-03	0
0	0	447	0	-2.3384403471123E-03	0
0	0	448	0	-2.33087754746232E-03	0
0	0	449	0	-2.32338881172345E-03	0
0	0	450	0	-2.31597413989571E-03	0
0	0	451	0	-2.30863353197908E-03	0
0	0	452	0	-2.30136698797358E-03	0
0	0	453	0	-2.29417450787919E-03	0
0	0	454	0	-2.28705609169593E-03	0
0	0	455	0	-2.28001173942378E-03	0
0	0	456	0	-2.27304145106275E-03	0
0	0	457	0	-2.26614522661285E-03	0
0	0	458	-1.35659997335797E-19	-2.25959216710305E-03	0
0	0	459	-1.35251725357901E-19	-2.25279187091095E-03	0
0	0	460	-1.35262534960676E-19	-2.24606282691939E-03	0
0	0	461	-1.3415962035794E-19	-2.23940503512836E-03	1.73940151438346E-19
0	0	462	-1.34296959682939E-19	-2.23281849553787E-03	0
0	0	463	-1.33661415401893E-19	-2.22630320814792E-03	0
0	0	464	-1.33274532401786E-19	-2.21985917295851E-03	0
0	0	465	-1.32901768290928E-19	-2.21348638996963E-03	1.66454009212133E-19
0	0	466	0	-2.20727811644754E-03	0
0	0	467	0	-2.20116691701158E-03	0
0	0	468	0	-2.19511121636145E-03	0
0	0	469	0	-2.18911101449717E-03	0
0	0	470	0	-2.18316631141871E-03	0
0	0	471	0	-2.1772771071261E-03	0
0	0	472	0	-2.17144340161932E-03	0
0	0	473	0	-2.16566519489838E-03	0
0	0	474	0	-2.15994248696328E-03	0
0	0	475	0	-2.15427527781401E-03	0
0	0	476	0	-2.14866356745058E-03	0
0	0	477	0	-2.14310735587298E-03	0
0	0	478	0	-2.13760664308123E-03	0
0	0	479	0	-2.13216142907531E-03	0
0	0	480	0	-2.12677171385523E-03	0
0	0	481	0	-2.12143749742098E-03	0
0	0	482	0	-2.11615877977257E-03	0
0	0	483	0	-0.00211093556091	0
0	0	484	0	-2.10576784083326E-03	0
0	0	485	0	-2.10065561954236E-03	0
0	0	486	0	-2.0955988970373E-03	0
0	0	487	0	-2.09059767331808E-03	0
0	0	488	0	-2.08565194838469E-03	0
0	0	489	0	-2.08076172223714E-03	0
0	0	490	0	-2.07592699487542E-03	0
0	0	491	0	-2.07114776629954E-03	0
0	0	492	0	-2.0664240365095E-03	0
0	0	493	0	-2.0617558055053E-03	0
0	0	494	0	-2.05714307328693E-03	0
0	0	495	0	-2.0525858398544E-03	0
0	0	496	0	-2.04808410520771E-03	0
0	0	497	0	-2.04363786934685E-03	0
0	0	498	0	-2.03924713227183E-03	0
0	0	499	0	-2.03491189398265E-03	0
0	0	500	0	-2.0306321544793E-03	0
0	0	501	0	-2.0264079137618E-03	0
0	0	502	0	-2.02223917183012E-03	0
0	0	503	0	-2.01812592868429E-03	0
0	0	504	0	-2.01406818432429E-03	0
0	0	505	0	-2.01006593875013E-03	0
0	0	506	0	-2.0061191919618E-03	0
0	0	507	0	-2.00222794395932E-03	0
0	0	508	0	-1.99839219474266E-03	0
0	0	509	0	-1.99461194431185E-03	0
0	0	510	0	-1.99088719266687E-03	0
0	0	511	0	-1.98721793980773E-03	0
0	0	512	0	-1.98360418573443E-03	0
0	0	513	0	-1.98004593044696E-03	0
0	0	514	0	-1.97654317394533E-03	0
0	0	515	0	-1.97309591622954E-03	0
0	0	516	0	-1.96963302995157E-03	0
0	0	517	0	-1.96617627022493E-03	0
0	0	518	0	-1.96277132349845E-03	0
0	0	519	0	-1.95941818977212E-03	0
0	0	520	0	-1.95611686904594E-03	0
0	0	521	0	-1.95286736131992E-03	0
0	0	522	0	-1.94966380531456E-03	1.80175839261163E-19
0	0	523	0	-1.94649004334781E-03	8.29197036353033E-20
0	0	524	0	-1.94336046099993E-03	1.75194319175852E-19
0	0	525	0	-1.94027505827091E-03	2.53298553395355E-19
0	0	526	0	-1.93723383516074E-03	2.60992958605497E-19
0	0	527	0	-1.93423679166944E-03	1.67722039047886E-19
0	0	528	0	-1.93171183083676E-03	0
0	0	529	0	-1.92887327253382E-03	0
0	0	530	0	-1.92607563984783E-03	0
0	0	531	0	-1.92331893277878E-03	0
0	0	532	0	-1.92060315132666E-03	0
0	0	533	0	-1.91792829549149E-03	0
0	0	534	0	-1.91529436527327E-03	0
0	0	535	0	-1.91270136067198E-03	0
0	0	536	0	-1.91014928168763E-03	0
0	0	537	0	-1.90763812832023E-03	0
0	0	538	0	-1.90516790056977E-03	0
0	0	539	0	-1.90273859843625E-03	0
0	0	540	0	-1.90035022191967E-03	0
0	0	541	0	-1.89800277102003E-03	0
0	0	542	0	-1.89569624573734E-03	0
0	0	543	0	-1.89343064607158E-03	0
0	0	544	0	-1.89120597202277E-03	0
0	0	545	0	-1.8890222235909E-03	0
0	0	546	0	-1.88687940077597E-03	0
0	0	547	0	-1.88477750357798E-03	0
0	0	548	0	-1.88271653199694E-03	0
0	0	549	0	-1.88069648603283E-03	0
0	0	550	0	-1.87871736568567E-03	0
0	0	551	0	-1.87677917095545E-03	0
0	0	552	0	-1.87488190184217E-03	0
0	0	553	0	-1.87302555834583E-03	0
0	0	554	0	-1.87121014046644E-03	0
0	0	555	0	-1.86943564820398E-03	0
0	0	556	0	-1.86770208155847E-03	0
0	0	557	0	-1.8660094405299E-03	0
0	0	558	0	-1.86435772511827E-03	0
0	0	559	0	-1.86274693532358E-03	0
0	0	560	0	-1.86117707114583E-03	0
0	0	561	0	-1.85964813258503E-03	0
0	0	562	0	-1.85816011964116E-03	0
0	0	563	0	-1.85671303231424E-03	0
0	0	564	0	-1.85530687060426E-03	0
0	0	565	0	-1.85394163451122E-03	0
0	0	566	0	-1.85261732403512E-03	0
0	0	567	0	-1.85133393917597E-03	0
0	0	568	0	-1.85009147993375E-03	0
0	0	569	0	-1.84888994630848E-03	0
0	0	570	0	-1.84772933830015E-03	0
0	0	571	0	-1.84660965590876E-03	0
0	0	572	0	-1.84553089913431E-03	0
0	0	573	0	-1.84449306797681E-03	0
0	0	574	0	-1.84349616243624E-03	0
0	0	575	0	-1.84254018251262E-03	0
0	0	576	0	-1.84162512820594E-03	0
0	0	577	0	-1.8407509995162E-03	0
0	0	578	0	-1.8399177964434E-03	0
0	0	579	0	-1.83910505547366E-03	0
0	0	580	0	-1.83831421320686E-03	0
0	0	581	0	-1.83756220149094E-03	0
0	0	582	0	-1.83684902032592E-03	0
0	0	583	0	-1.8361746697118E-03	0
0	0	584	0	-1.83553914964856E-03	0
0	0	585	0	-1.83494246013622E-03	0
0	0	586	0	-1.83438460117477E-03	0
0	0	587	0	-1.83386557276422E-03	0
0	0	588	0	-1.83338537490455E-03	0
0	0	589	0	-1.83294400759578E-03	0
0	0	590	0	-1.83254147083791E-03	0
0	0	591	0	-1.83217776463092E-03	0
0	0	592	0	-1.83185288897483E-03	0
0	0	593	0	-1.83156684386963E-03	0
0	0	594	0	-1.83131962931532E-03	0
0	0	595	0	-1.83111124531191E-03	0
0	0	596	0	-1.83094169185939E-03	0
0	0	597	0	-1.83081096895776E-03	0
0	0	598	0	-1.83071907660703E-03	0
0	0	599	0	-1.83066601480719E-03	0
0	0	600	0	-1.8310108622307E-03	-2.09892374987588E-07
