fieldmap_name:     	SWLS Sirius
timestamp:         	2022-08-15_15-48-10
filename:          	2022-08-15_SWLS_Sirius_Model8.0_h0+0.2mm_Z=-600_600mm.txt
MagNet_file:       	SWLS_Sirius_Model8.0_h0+0.2mm.mn
nr_magnets:        	1

magnet_name:       	SWLS
gap[mm]:           	
control_gap[mm]:   	--
magnet_length[mm]: 	
current_main[A]:   	--
NI_main[A.esp]:    	--
center_pos_z[mm]:  	0
center_pos_x[mm]:  	0
rotation[deg]:     	0

X[mm]	Y[mm]	Z[mm]	Bx	By	Bz [T]
------------------------------------------------------------------------------------------------------------------------------------------------------------------
0	0	-600	0	-1.83753427496699E-03	0
0	0	-599	0	-1.8375641171817E-03	0
0	0	-598	0	-1.83763165496949E-03	0
0	0	-597	0	-1.83773688833036E-03	0
0	0	-596	0	-1.83787981726431E-03	0
0	0	-595	0	-1.83806044177134E-03	0
0	0	-594	0	-1.83827876185145E-03	0
0	0	-593	0	-1.83853477750464E-03	0
0	0	-592	0	-1.8388284887309E-03	0
0	0	-591	0	-1.83915989553024E-03	0
0	0	-590	0	-1.83952899790267E-03	0
0	0	-589	0	-1.83993579584817E-03	0
0	0	-588	0	-1.84038028936674E-03	0
0	0	-587	0	-1.8408624784584E-03	0
0	0	-586	0	-1.84138236312314E-03	0
0	0	-585	0	-1.84193994336095E-03	0
0	0	-584	0	-1.84253521917184E-03	0
0	0	-583	0	-1.84316819055582E-03	0
0	0	-582	0	-1.84383885751287E-03	0
0	0	-581	0	-0.001844547220043	0
0	0	-580	0	-1.8452932781462E-03	0
0	0	-579	0	-1.84607703182249E-03	0
0	0	-578	0	-1.84689848107185E-03	0
0	0	-577	0	-1.84775762589429E-03	0
0	0	-576	0	-1.84865446628982E-03	0
0	0	-575	0	-1.84958900225842E-03	0
0	0	-574	0	-1.85056123380009E-03	0
0	0	-573	0	-1.85157116091485E-03	0
0	0	-572	0	-1.85261878360269E-03	0
0	0	-571	1.42852468421532E-22	-1.85308763631405E-03	-3.25432807802117E-20
0	0	-570	1.14929335206554E-22	-1.85422976595604E-03	-2.88807595540934E-20
0	0	-569	7.16091316535801E-23	-1.85541158674577E-03	-1.99115189596226E-20
0	0	-568	4.99490298770918E-23	-1.85663309868326E-03	-1.54268986623872E-20
0	0	-567	0	-1.85789430176851E-03	0
0	0	-566	-5.65778562012094E-23	-1.85919519600151E-03	0
0	0	-565	1.28918577626062E-22	-1.86053578138227E-03	-5.63555899679936E-20
0	0	-564	6.98355088494526E-23	-1.86191605791079E-03	-3.47998728661367E-20
0	0	-563	4.15465807488448E-23	-1.86333602558706E-03	-2.38575945009848E-20
0	0	-562	3.65361555980536E-23	-1.86479568441108E-03	-2.45152737578785E-20
0	0	-561	0	-1.86629503438286E-03	0
0	0	-560	7.95459158894311E-23	-1.86783407550239E-03	-7.74918968149979E-20
0	0	-559	5.3762200364218E-23	-1.86941280776968E-03	-6.62207788213992E-20
0	0	-558	2.47416824923462E-23	-1.87103123118472E-03	-4.071898617818E-20
0	0	-557	1.72260447661596E-23	-1.87268934574752E-03	-4.17055050635206E-20
0	0	-556	3.23680234665835E-24	-1.87438715145808E-03	-1.42306746496204E-20
0	0	-555	4.38953862760059E-24	-1.87612464831639E-03	-8.73570856684034E-20
0	0	-554	-1.06417368247726E-23	-1.87790183632245E-03	-8.93301234390844E-20
0	0	-553	-2.13941768976193E-23	-1.87971871547627E-03	-7.60859676748047E-20
0	0	-552	0	-1.88156161454031E-03	2.49418646612805E-19
0	0	-551	-1.06190210838602E-23	-1.88343166438934E-03	2.41827975270412E-19
0	0	-550	0	-1.88534609274619E-03	2.49920314708579E-19
0	0	-549	9.84755154630271E-23	-1.88730489961088E-03	2.64537307885375E-19
0	0	-548	7.89278916443233E-23	-1.8893080849834E-03	2.64537307885375E-19
0	0	-547	1.11998862255167E-22	-1.89135564886375E-03	2.64537307885375E-19
0	0	-546	1.18760535651237E-22	-1.89344759125192E-03	2.64537307885375E-19
0	0	-545	-9.41416567854871E-23	-1.89558391214793E-03	1.97627913686413E-19
0	0	-544	0	-1.89776461155176E-03	2.51566505898643E-19
0	0	-543	2.08568333759193E-22	-1.89998968946342E-03	2.64537307885375E-19
0	0	-542	2.5516265116218E-22	-1.90225914588291E-03	2.64537307885375E-19
0	0	-541	2.66995579605302E-22	-1.90457298081024E-03	2.64537307885375E-19
0	0	-540	2.38995864041507E-22	-1.90693119424539E-03	2.64537307885375E-19
0	0	-539	1.24569187067818E-22	-1.90933378618836E-03	2.64537307885375E-19
0	0	-538	1.72853922819827E-22	-1.91178075663917E-03	2.64537307885375E-19
0	0	-537	1.79615596215897E-22	-1.91427210559781E-03	2.64537307885375E-19
0	0	-536	1.39782952208976E-22	-1.91680783306428E-03	2.64537307885375E-19
0	0	-535	3.37993150264077E-22	-1.91938793903857E-03	2.64537307885375E-19
0	0	-534	3.49826078707199E-22	-1.9220124235207E-03	2.64537307885375E-19
0	0	-533	0	-1.92468128651065E-03	2.55134563722359E-19
0	0	-532	0	-1.92739452800843E-03	2.55494229341109E-19
0	0	-531	0	-1.93015214801405E-03	2.55859777747474E-19
0	0	-530	2.26947309988409E-22	-1.93295414652749E-03	2.64537307885375E-19
0	0	-529	2.33708983384479E-22	-1.93580052354876E-03	2.64537307885375E-19
0	0	-528	1.80352992585412E-22	-1.93869127907786E-03	2.64537307885375E-19
0	0	-527	-1.85424247632471E-22	-1.94162641311479E-03	1.83876871006187E-19
0	0	-526	-2.22244753126111E-22	-1.94460592565954E-03	1.70734318852862E-19
0	0	-525	4.56322434695354E-22	-1.94762981671213E-03	2.64537307885375E-19
0	0	-524	4.68155363138476E-22	-1.95069808627255E-03	2.64537307885375E-19
0	0	-523	4.79988291581598E-22	-1.95381073434079E-03	2.64537307885375E-19
0	0	-522	4.91821220024721E-22	-1.95696776091687E-03	2.64537307885375E-19
0	0	-521	2.87802370553069E-22	-1.96016916600077E-03	2.64537307885375E-19
0	0	-520	2.94564043949139E-22	-1.9634149495925E-03	2.64537307885375E-19
0	0	-519	2.25994288008907E-22	-1.96670511169206E-03	2.64537307885375E-19
0	0	-518	3.08087390741279E-22	-1.97003965229945E-03	2.64537307885375E-19
0	0	-517	3.14849064137349E-22	-1.97341857141467E-03	2.64537307885375E-19
0	0	-516	5.62818790683495E-22	-1.97684186903772E-03	2.64537307885375E-19
0	0	-515	0	-1.9803095451686E-03	2.62508611364845E-19
0	0	-514	0	-1.98382159980731E-03	2.62974167160651E-19
0	0	-513	0	-1.98737803295384E-03	2.63445605744072E-19
0	0	-512	0	-1.99073140072976E-03	0
0	0	-511	0	-1.99446487448747E-03	0
0	0	-510	0	-1.99826041731167E-03	0
0	0	-509	0	-2.00211181472483E-03	0
0	0	-508	-1.19325109608209E-19	-2.00691346380778E-03	-1.82336922045885E-19
0	0	-507	-1.19260784844354E-19	-2.01064371883252E-03	-3.40028254607273E-20
0	0	-506	-1.19475353346518E-19	-2.0144339999358E-03	-3.6220851436598E-20
0	0	-505	-1.19447384554563E-19	-2.01828430711761E-03	1.19447384554563E-19
0	0	-504	-1.20151487328131E-19	-2.02219464037797E-03	-2.00971300150239E-19
0	0	-503	-1.20140373862181E-19	-2.02616499971686E-03	-4.2853614355038E-20
0	0	-502	-1.20152313543656E-19	-2.03019538513429E-03	1.20152313543656E-19
0	0	-501	-1.20601483380267E-19	-2.03428579663026E-03	-4.72576937930213E-20
0	0	-500	-1.20819427056975E-19	-2.03843623420476E-03	-3.39912744442276E-20
0	0	-499	-1.21076802904467E-19	-2.0426466978578E-03	-5.16475632248896E-20
0	0	-498	-1.21497628953874E-19	-2.04691718758938E-03	-2.28816292260909E-19
0	0	-497	-1.21566332434783E-19	-2.0512477033995E-03	-5.60232226506433E-20
0	0	-496	-1.21658089063115E-19	-2.05563824528816E-03	1.21658089063115E-19
0	0	-495	-1.22205150667731E-19	-2.06008881325535E-03	-2.26117542502395E-19
0	0	-494	-1.22327270491721E-19	-2.06459940730108E-03	-6.25600680278084E-20
0	0	-493	-1.22588021513758E-19	-2.06917002742535E-03	-6.47319114838059E-20
0	0	-492	-1.22732989439995E-19	-2.07380067362815E-03	1.22732989439995E-19
0	0	-491	-1.23130143360088E-19	-2.0784913459095E-03	-8.65263533166018E-20
0	0	-490	-1.23291754637608E-19	-2.08324204426938E-03	1.23291754637608E-19
0	0	-489	-1.23576465988707E-19	-2.0880527687078E-03	1.23576465988707E-19
0	0	-488	-1.24018095333724E-19	-2.09292351922475E-03	-2.56812905861044E-19
0	0	-487	-1.24233546903771E-19	-2.09785429582025E-03	-9.6037907495251E-20
0	0	-486	-1.24507218378124E-19	-2.10284509849428E-03	-6.12637764798799E-20
0	0	-485	-1.24801919745085E-19	-2.10789592724685E-03	-8.19787690767538E-20
0	0	-484	-1.2509464328088E-19	-2.11300678207796E-03	-8.41186400189931E-20
0	0	-483	-1.25359336627405E-19	-2.1181776629876E-03	1.25359336627405E-19
0	0	-482	-1.25712580224908E-19	-2.12340856997578E-03	-3.02444364286977E-19
0	0	-481	-1.25994128897438E-19	-2.1286995030425E-03	-9.05169378365389E-20
0	0	-480	-1.26301062439348E-19	-2.13405046218776E-03	-9.26425987726633E-20
0	0	-479	-1.26611548482786E-19	-2.13946144741156E-03	-9.47647072072592E-20
0	0	-478	-1.26927147839021E-19	-2.14493245871389E-03	-7.65354432228698E-20
0	0	-477	-1.27216258827363E-19	-2.15046349609476E-03	-3.25266630464866E-19
0	0	-476	-1.2752765205244E-19	-2.15605455955417E-03	-3.29820426195858E-19
0	0	-475	-1.2793543756461E-19	-2.16170564909211E-03	1.2793543756461E-19
0	0	-474	-1.28268330055392E-19	-2.1674167647086E-03	1.07037491139008E-19
0	0	-473	-1.28549067275521E-19	-2.17318790640362E-03	-1.07422755282731E-19
0	0	-472	0	-0.002178966684555	0
0	0	-471	0	-2.18480399907461E-03	0
0	0	-470	0	-0.00219071398536	0
0	0	-469	0	-2.19669664341115E-03	0
0	0	-468	0	-2.20275197322806E-03	0
0	0	-467	0	-2.20887997481075E-03	0
0	0	-466	0	-2.2150806481592E-03	0
0	0	-465	0	-2.22135399327342E-03	0
0	0	-464	0	-2.2277000101534E-03	0
0	0	-463	0	-2.23411869879915E-03	0
0	0	-462	0	-2.24061005921067E-03	0
0	0	-461	0	-2.24717409138796E-03	0
0	0	-460	0	-2.25381079533101E-03	0
0	0	-459	0	-2.26052017103982E-03	0
0	0	-458	0	-2.26730221851441E-03	0
0	0	-457	0	-2.27415693775476E-03	0
0	0	-456	0	-2.28108432876088E-03	0
0	0	-455	0	-2.28808439153277E-03	0
0	0	-454	0	-2.29515712607042E-03	0
0	0	-453	0	-2.30230253237384E-03	0
0	0	-452	0	-2.30952061044303E-03	0
0	0	-451	0	-2.31681136027798E-03	0
0	0	-450	0	-2.3241747818787E-03	0
0	0	-449	0	-2.33161087524519E-03	0
0	0	-448	0	-2.33911964037744E-03	0
0	0	-447	0	-2.34670107727546E-03	0
0	0	-446	0	-2.35435518593925E-03	0
0	0	-445	0	-2.3620819663688E-03	0
0	0	-444	0	-2.36988141856412E-03	0
0	0	-443	1.04878727701939E-21	-2.37776211991793E-03	-5.85846972483292E-19
0	0	-442	1.05780321148353E-21	-2.38571815790286E-03	-6.20866331854275E-19
0	0	-441	1.06268358124417E-21	-2.3937479242157E-03	-6.56431120820194E-19
0	0	-440	1.10966440309701E-21	-2.40185141885646E-03	-7.22651832397614E-19
0	0	-439	1.10420586109888E-21	-2.41002864182513E-03	-7.5958019535087E-19
0	0	-438	1.09461175439725E-21	-2.41827959312171E-03	-7.97053987899062E-19
0	0	-437	5.20424706625796E-22	-2.4266042727462E-03	-4.02072286316609E-19
0	0	-436	5.31508423441694E-22	-2.43500268069861E-03	-4.36818930890125E-19
0	0	-435	0	-2.44347481697893E-03	0
0	0	-434	6.49298356516018E-22	-2.45164557825477E-03	1.24292488238604E-19
0	0	-433	3.09385544092869E-22	-2.46027205767603E-03	2.90889078578827E-19
0	0	-432	0	-2.46899994414202E-03	4.61453133282475E-19
0	0	-431	1.45006303396553E-21	-2.47782923765274E-03	-4.35879622677288E-19
0	0	-430	1.05437856638985E-21	-2.48675993820819E-03	-2.34649906834997E-19
0	0	-429	7.44993022296965E-22	-2.49579204580836E-03	-6.40289935656314E-20
0	0	-428	4.66134746534366E-22	-2.50492556045327E-03	1.1055938406716E-19
0	0	-427	1.13257944333068E-21	-2.5141604821429E-03	-4.70153876268723E-19
0	0	-426	8.10160419747654E-22	-2.52349681087727E-03	-2.5937192138583E-19
0	0	-425	5.61829412315322E-22	-2.53293454665636E-03	-8.0778173679136E-20
0	0	-424	3.44025673213268E-22	-2.54247368948018E-03	1.01783038390983E-19
0	0	-423	1.56749202441495E-22	-2.55211423934873E-03	2.88311714824527E-19
0	0	-422	5.65942273105461E-22	-2.56185619626201E-03	-2.83790690252834E-19
0	0	-421	5.04887736444932E-22	-2.57169956022002E-03	-2.89848000331487E-19
0	0	-420	3.32874899838282E-22	-2.58164433122276E-03	-1.01288209578133E-19
0	0	-419	1.91389331561906E-22	-2.59169050927023E-03	9.12390455386461E-20
0	0	-418	4.1824136440229E-22	-2.60183809436243E-03	-5.46162204817953E-19
0	0	-417	2.73703069292881E-22	-2.61208708649935E-03	-3.53991895141515E-19
0	0	-416	1.99615053142197E-22	-2.62243748568101E-03	-3.19850257896161E-19
0	0	-415	9.69923615371456E-23	-2.63288929190739E-03	-8.04305387467011E-20
0	0	-414	3.87529899105399E-23	-2.6434425051785E-03	8.11688740672914E-20
0	0	-413	3.29028863210363E-24	-2.65409712549434E-03	3.29313224245238E-19
0	0	-412	-4.46030934999953E-23	-2.66485315285491E-03	-3.43510912553594E-19
0	0	-411	0	-2.67571075270298E-03	0
0	0	-410	0	-2.68666889926496E-03	0
0	0	-409	0	-2.69772691638293E-03	0
0	0	-408	0	-2.70888480405689E-03	0
0	0	-407	0	-2.72014256228684E-03	0
0	0	-406	0	-2.73150019107278E-03	0
0	0	-405	0	-2.7429576904147E-03	0
0	0	-404	0	-2.75451506031261E-03	0
0	0	-403	0	-2.76617230076651E-03	0
0	0	-402	0	-2.7779294117764E-03	0
0	0	-401	0	-2.78978639334227E-03	0
0	0	-400	0	-2.80174324546414E-03	0
0	0	-399	0	-2.81379996814199E-03	0
0	0	-398	-1.93651990938079E-22	-2.82535985275003E-03	-3.19475158270108E-19
0	0	-397	-1.05772162670315E-22	-2.83767273086002E-03	-3.19475158270108E-19
0	0	-396	-1.13906320004497E-22	-2.85012042210314E-03	-3.19475158270108E-19
0	0	-395	-1.43194909872762E-22	-2.86270292647939E-03	-3.19475158270108E-19
0	0	-394	-1.72483499741007E-22	-2.87542024398876E-03	-3.19475158270108E-19
0	0	-393	-4.53987201620853E-22	-2.88827237463126E-03	-3.19475158270108E-19
0	0	-392	-5.19886528824404E-22	-2.90125931840688E-03	-3.19475158270108E-19
0	0	-391	0	-2.91436255291438E-03	0
0	0	-390	0	-2.92760358876313E-03	0
0	0	-389	0	-2.94098248451455E-03	0
0	0	-388	0	-2.95449924016863E-03	0
0	0	-387	0	-2.96815385572538E-03	0
0	0	-386	0	-2.98194633118481E-03	0
0	0	-385	0	-2.99587666654689E-03	0
0	0	-384	0	-3.00994486181165E-03	0
0	0	-383	0	-3.02415091697907E-03	0
0	0	-382	0	-3.03849483204916E-03	0
0	0	-381	0	-3.05297660702192E-03	0
0	0	-380	0	-3.06759624189735E-03	0
0	0	-379	0	-3.08235373667545E-03	0
0	0	-378	0	-3.09724909135621E-03	0
0	0	-377	0	-3.11228230593964E-03	0
0	0	-376	0	-3.12745338042574E-03	0
0	0	-375	0	-3.1427623148145E-03	0
0	0	-374	0	-3.15820910910594E-03	0
0	0	-373	0	-3.17379376330004E-03	0
0	0	-372	0	-3.18951627739681E-03	0
0	0	-371	0	-3.20537665139625E-03	0
0	0	-370	0	-3.22119551456942E-03	0
0	0	-369	0	-3.23728656220969E-03	0
0	0	-368	0	-3.25355010197978E-03	0
0	0	-367	0	-3.2699861338797E-03	0
0	0	-366	0	-3.28659465790945E-03	0
0	0	-365	0	-3.30337567406902E-03	0
0	0	-364	0	-3.32032918235842E-03	0
0	0	-363	0	-3.33745518277765E-03	0
0	0	-362	0	-3.3547536753267E-03	0
0	0	-361	0	-3.37222466000557E-03	0
0	0	-360	0	-3.38986813681427E-03	0
0	0	-359	4.54468880685878E-19	-3.40765608848406E-03	-4.54468880685878E-19
0	0	-358	4.56859493619922E-19	-3.42558115896996E-03	-4.56859493619922E-19
0	0	-357	4.58994177329174E-19	-3.4436911297378E-03	-8.00656343638876E-19
0	0	-356	4.61209926583984E-19	-3.46198600078758E-03	-1.15141336477189E-18
0	0	-355	4.64179290001106E-19	-3.4804657721193E-03	-4.64179290001106E-19
0	0	-354	4.66668541321185E-19	-3.49913044373296E-03	-4.66668541321185E-19
0	0	-353	4.6901467531457E-19	-3.51798001562856E-03	-8.24435052761276E-19
0	0	-352	4.71581448802191E-19	-3.5370144878061E-03	-8.30441379033148E-19
0	0	-351	4.7417288188632E-19	-3.55623386026558E-03	-8.36472364901527E-19
0	0	-350	4.76872142566584E-19	-0.003575638133007	-4.76872142566584E-19
0	0	-349	4.79484691869205E-19	-3.59522730603035E-03	-4.79484691869205E-19
0	0	-348	4.82121900768335E-19	-3.61500137933565E-03	-4.82121900768335E-19
0	0	-347	4.84785210187922E-19	-3.63496035292289E-03	-8.60842904340133E-19
0	0	-346	4.87532878919564E-19	-3.65510422679207E-03	-1.28869373356321E-18
0	0	-345	4.90181485044776E-19	-3.67543300094319E-03	-4.90181485044776E-19
0	0	-344	4.93012943271633E-19	-3.69594667537625E-03	-9.22320001610482E-19
0	0	-343	4.95804786791666E-19	-3.71664525009125E-03	-9.2893357044635E-19
0	0	-342	4.98605461486367E-19	-3.73752872508819E-03	-8.91860919559833E-19
0	0	-341	5.01272831764484E-19	-3.75859710036707E-03	-5.01272831764484E-19
0	0	-340	5.04107317435682E-19	-3.77985037592789E-03	-5.04107317435682E-19
0	0	-339	5.06966462703389E-19	-3.80128855177065E-03	-5.06966462703389E-19
0	0	-338	5.10105535262277E-19	-3.82291162789535E-03	-9.17119204472747E-19
0	0	-337	5.13357170107745E-19	-3.84471960430199E-03	-1.37986952765216E-18
0	0	-336	4.84285891028634E-19	-3.86671260908851E-03	0
0	0	-335	-3.17515163062864E-22	-3.88882431836643E-03	-2.35456190176214E-19
0	0	-334	-4.32067780321015E-22	-3.91118911339593E-03	-2.35456190176214E-19
0	0	-333	-1.12340701938885E-19	-3.93377632218876E-03	0
0	0	-332	-1.12998380882539E-19	-3.95659194778912E-03	0
0	0	-331	-1.13736015763559E-19	-3.9796196854294E-03	-4.5440283265634E-19
0	0	-330	-1.14391932857763E-19	-4.0028595351096E-03	-4.1688110778026E-19
0	0	-329	-1.15034693867737E-19	-4.02631149682972E-03	0
0	0	-328	-1.15710793936699E-19	-4.04997557058976E-03	0
0	0	-327	-1.16392954203337E-19	-4.07385175638971E-03	0
0	0	-326	-1.1708117466765E-19	-4.09794005422958E-03	0
0	0	-325	-1.17775455329638E-19	-4.12224046410938E-03	0
0	0	-324	-1.18477979548085E-19	-4.14675298602908E-03	0
0	0	-323	-1.19188866433454E-19	-4.17147761998872E-03	0
0	0	-322	-1.19908481191224E-19	-4.19641436598826E-03	0
0	0	-321	-1.20632822309306E-19	-4.22156322402773E-03	0
0	0	-320	-1.21358979955005E-19	-4.24692419410711E-03	0
0	0	-319	-1.22099685138497E-19	-4.27249727622642E-03	0
0	0	-318	-1.22842206849605E-19	-4.29828247038564E-03	0
0	0	-317	-1.23583635255632E-19	-4.32427977658478E-03	0
0	0	-316	-1.24252011224482E-19	-4.35048919482384E-03	-5.16898621185523E-19
0	0	-315	-1.25006105865556E-19	-4.37691072510282E-03	-4.73695460988608E-19
0	0	-314	-1.2576219898081E-19	-4.40354436742172E-03	-4.77483084535831E-19
0	0	-313	-1.26518835653898E-19	-4.43039012178053E-03	-5.2939777889136E-19
0	0	-312	-1.27352581923931E-19	-4.45744798817926E-03	0
0	0	-311	-1.28131705353373E-19	-4.48471796661792E-03	0
0	0	-310	-3.67177219023104E-22	-4.51206977549086E-03	5.14057382698002E-19
0	0	-309	-2.57834423453977E-22	-4.53975601302171E-03	5.14057382698002E-19
0	0	-308	-2.45117211838257E-22	-4.56764120501666E-03	5.14057382698002E-19
0	0	-307	-3.98400000381532E-22	-4.59572535147574E-03	5.14057382698002E-19
0	0	-306	-2.98140927395055E-22	-4.62400845239893E-03	5.14057382698002E-19
0	0	-305	-1.33049299494335E-22	-4.65249050778624E-03	5.14057382698002E-19
0	0	-304	-4.02371613992032E-22	-4.68117151763766E-03	5.14057382698002E-19
0	0	-303	-2.46363708673973E-22	-4.71005148195321E-03	5.14057382698002E-19
0	0	-302	-1.68813942144092E-22	-4.73913040073287E-03	5.14057382698002E-19
0	0	-301	-1.56096730528369E-22	-4.76840827397665E-03	5.14057382698002E-19
0	0	-300	-2.45793460993155E-22	-4.79788510168454E-03	5.14057382698002E-19
0	0	-299	-1.77327417045922E-22	-4.82756088385656E-03	5.14057382698002E-19
0	0	-298	-7.58218472236935E-23	-4.85743562049269E-03	5.14057382698002E-19
0	0	-297	-2.10455768131155E-22	-4.88750931159294E-03	5.14057382698002E-19
0	0	-296	-1.25550198324841E-22	-4.9177819571573E-03	5.14057382698002E-19
0	0	-295	0	-4.94832483970599E-03	0
0	0	-294	0	-4.97904046214591E-03	0
0	0	-293	0	-5.00987989767713E-03	0
0	0	-292	0	-5.04084314629965E-03	0
0	0	-291	0	-5.07193020801346E-03	0
0	0	-290	0	-5.10314108281856E-03	0
0	0	-289	0	-5.13447577071497E-03	0
0	0	-288	0	-5.16593427170267E-03	0
0	0	-287	0	-5.19751658578166E-03	0
0	0	-286	0	-5.22922271295195E-03	0
0	0	-285	0	-5.26105265321354E-03	0
0	0	-284	0	-5.29300640656643E-03	0
0	0	-283	0	-5.32508397301061E-03	0
0	0	-282	0	-5.35728535254608E-03	0
0	0	-281	0	-5.38961054517286E-03	0
0	0	-280	0	-5.42205955089092E-03	0
0	0	-279	0	-5.45463236970029E-03	0
0	0	-278	-2.61892152993326E-19	-5.48719127616083E-03	8.44402063030418E-19
0	0	-277	0	-5.51964509532991E-03	0
0	0	-276	0	-5.55210122982054E-03	0
0	0	-275	0	-5.58474907076836E-03	0
0	0	-274	0	-5.61737635448237E-03	0
0	0	-273	0	-5.64992874930316E-03	0
0	0	-272	0	-5.68240625523074E-03	0
0	0	-271	0	-5.71480887226509E-03	0
0	0	-270	0	-5.74713660040622E-03	0
0	0	-269	0	-5.77938943965413E-03	0
0	0	-268	2.1207289960461E-19	-5.81156254467193E-03	0
0	0	-267	2.13192882386974E-19	-5.84357900358502E-03	0
0	0	-266	2.14440273880303E-19	-5.87541221160766E-03	-2.5336260654954E-19
0	0	-265	2.15544736543481E-19	-5.90706216873985E-03	0
0	0	-264	7.65191003608457E-23	-5.93859214669137E-03	7.4206972397383E-20
0	0	-263	0	-5.96977484126635E-03	4.23304491681113E-19
0	0	-262	-3.65138754636086E-23	-0.006000704471072	1.01282766071424E-19
0	0	-261	2.55406309922869E-23	-6.03139222125573E-03	-1.26413828057845E-20
0	0	-260	1.38549335673419E-23	-6.0617172724962E-03	-6.64827508070015E-19
0	0	-259	-6.44282909761964E-23	-6.09164605520749E-03	-2.71872158893438E-19
0	0	-258	0	-6.12117776735049E-03	0
0	0	-257	0	-6.15028366800568E-03	0
0	0	-256	0	-6.17892006165804E-03	0
0	0	-255	0	-6.20701397216728E-03	0
0	0	-254	0	-6.2345590488582E-03	0
0	0	-253	0	-6.26148260047583E-03	0
0	0	-252	1.00488655861851E-18	-6.28775276432277E-03	2.19503077060971E-19
0	0	-251	8.58801779502889E-19	-6.31328822605941E-03	-4.29400889751444E-19
0	0	-250	0	-6.33808561978478E-03	0
0	0	-249	-2.41640298465682E-19	-6.36203737480007E-03	-2.09314984382042E-19
0	0	-248	0	-6.38509399252338E-03	2.39844224488055E-19
0	0	-247	6.68224295864303E-22	-6.40720109001227E-03	0
0	0	-246	0	-0.006428268481275	0
0	0	-245	0	-6.44822769177924E-03	0
0	0	-244	0	-6.46703099455694E-03	0
0	0	-243	3.75256101551233E-19	-6.48457912108466E-03	6.81287948912904E-19
0	0	-242	0	-6.50081301977334E-03	0
0	0	-241	3.56945061260271E-19	-6.51562660719222E-03	-6.1096497182763E-19
0	0	-240	-4.76127031116153E-20	-6.52892684403922E-03	0
0	0	-239	0	-6.54062745748939E-03	0
0	0	-238	1.91807996965375E-22	-6.5506109500976E-03	-5.7826156930362E-19
0	0	-237	0	-6.55878191759048E-03	0
0	0	-236	0	-6.56501864707831E-03	0
0	0	-235	-2.451527848587E-19	-6.56921003953512E-03	4.73960307184467E-19
0	0	-234	-3.67650957702837E-19	-6.5712193037084E-03	-7.74648201720215E-21
0	0	-233	2.95157717329075E-19	-6.57091700642454E-03	6.07538588022062E-20
0	0	-232	-1.36378386687424E-19	-6.56816509125904E-03	1.11120857783413E-20
0	0	-231	0	-6.56280922862113E-03	0
0	0	-230	0	-6.55470964137492E-03	0
0	0	-229	-3.59154195243618E-19	-6.54369165165743E-03	1.04869727018227E-19
0	0	-228	0	-6.52958152340607E-03	0
0	0	-227	7.64311592095736E-23	-6.51220048066706E-03	4.51056741723646E-19
0	0	-226	-4.50165433898188E-19	-6.49135826789252E-03	-1.6881203771463E-19
0	0	-225	0	-0.006466849363759	0
0	0	-224	0	-6.43846753366881E-03	0
0	0	-223	0	-6.40598211091576E-03	0
0	0	-222	0	-6.36915691318444E-03	0
0	0	-221	0	-6.32774058975717E-03	0
0	0	-220	0	-6.28148169051323E-03	0
0	0	-219	0	-6.23009052940552E-03	0
0	0	-218	0	-6.17327659869275E-03	0
0	0	-217	-2.53275470711971E-22	-6.11073521004856E-03	7.22689333670022E-19
0	0	-216	2.31679486906782E-22	-6.04214212333809E-03	2.53786060379556E-19
0	0	-215	0	-5.9671549869153E-03	0
0	0	-214	0	-5.88540981534361E-03	0
0	0	-213	-8.25705042584306E-23	-5.79652594617719E-03	1.99941135305346E-19
0	0	-212	0	-5.70010077598188E-03	0
0	0	-211	0	-5.59570814661224E-03	0
0	0	-210	0	-5.48289616231889E-03	0
0	0	-209	0	-5.36119927999651E-03	0
0	0	-208	0	-5.23011196948668E-03	0
0	0	-207	0	-5.08912580157988E-03	0
0	0	-206	0	-4.93762494788868E-03	0
0	0	-205	0	-4.77509949582542E-03	0
0	0	-204	0	-4.60086875199301E-03	0
0	0	-203	0	-4.4143003445023E-03	0
0	0	-202	0	-4.21470436690618E-03	0
0	0	-201	-2.02617589507992E-19	-4.00134121590235E-03	0
0	0	-200	0	-3.7734463528671E-03	0
0	0	-199	0	-3.53020461495664E-03	0
0	0	-198	0	-3.27073465984567E-03	0
0	0	-197	0	-2.99414667076185E-03	0
0	0	-196	0	-2.69943932882313E-03	0
0	0	-195	0	-2.3856321897264E-03	0
0	0	-194	0	-2.05163179213504E-03	0
0	0	-193	-1.49098366743385E-21	-1.69630300562254E-03	6.22721881777997E-18
0	0	-192	0	-1.31843076826557E-03	0
0	0	-191	0	-9.16749079142465E-04	0
0	0	-190	0	-4.89911768965402E-04	0
0	0	-189	1.75384146180628E-21	-3.65031615687013E-05	-2.38677614388998E-20
0	0	-188	-2.13067940496581E-20	4.44993359660689E-04	5.58580622552632E-19
0	0	-187	0	9.56167072244559E-04	0
0	0	-186	0	1.49873971464463E-03	0
0	0	-185	0	2.07441094889096E-03	0
0	0	-184	0	2.68511752821247E-03	0
0	0	-183	0	3.33285874241185E-03	0
0	0	-182	0	4.01974171077945E-03	0
0	0	-181	-2.10298041587632E-19	4.74802577305617E-03	-4.75642561702263E-19
0	0	-180	0	5.51997887819741E-03	0
0	0	-179	0	6.3382067039107E-03	0
0	0	-178	2.3085682594024E-19	7.20528096740868E-03	0
0	0	-177	0	8.12401222314146E-03	0
0	0	-176	0	0.009097345536383	0
0	0	-175	0	1.01284639797399E-02	0
0	0	-174	0	1.12206093121532E-02	0
0	0	-173	0	0.012377277671501	0
0	0	-172	0	0.013602209319427	0
0	0	-171	0	1.48993629043358E-02	0
0	0	-170	0	1.62727745874422E-02	0
0	0	-169	0	1.77268575914438E-02	0
0	0	-168	-7.46522973524411E-22	1.92662869321476E-02	7.50180479319905E-18
0	0	-167	0	2.08958801174579E-02	0
0	0	-166	1.82732892212726E-21	2.26207980291149E-02	0
0	0	-165	0	2.44464915867852E-02	0
0	0	-164	-8.5253003766933E-21	2.63787562471629E-02	5.09405991434861E-17
0	0	-163	0	2.84237106600974E-02	0
0	0	-162	0	3.05876596173665E-02	0
0	0	-161	0	0.032877500839532	0
0	0	-160	0	3.53003994746768E-02	0
0	0	-159	4.1126767410705E-18	3.78639187737084E-02	6.65160549777549E-17
0	0	-158	-3.083270742733E-21	4.05759683209262E-02	2.18742283675081E-17
0	0	-157	0	4.34449595915177E-02	0
0	0	-156	0	0.046479886361796	0
0	0	-155	0	4.96899895499526E-02	0
0	0	-154	0	0.053085138010496	0
0	0	-153	0	5.66757191781851E-02	0
0	0	-152	2.08351220475097E-21	6.04728091266822E-02	-6.46350359311297E-18
0	0	-151	0	0.064487873711525	0
0	0	-150	0	6.87331150348603E-02	0
0	0	-149	0	7.32214459170877E-02	0
0	0	-148	0	7.79661814849619E-02	0
0	0	-147	0	8.29818958792449E-02	0
0	0	-146	0	8.82830919475786E-02	0
0	0	-145	0	9.38863606678883E-02	0
0	0	-144	-1.91486412800214E-20	0.099807787894147	1.26393248968018E-16
0	0	-143	0	0.106065627341094	0
0	0	-142	1.64065343021628E-20	0.112678306570682	1.05723760444391E-17
0	0	-141	0	0.119665705338309	0
0	0	-140	1.63795027730895E-20	0.127048937516796	0
0	0	-139	-5.29704904206291E-21	0.134850295230804	7.21149213135765E-17
0	0	-138	0	0.143093675351619	0
0	0	-137	0	0.151804516889124	0
0	0	-136	0	0.161009686461767	0
0	0	-135	0	0.170737851055414	0
0	0	-134	0	0.181021179890485	0
0	0	-133	0	0.191893155360443	0
0	0	-132	4.03750263604395E-18	0.203391041584883	2.21539789447945E-16
0	0	-131	-8.63013179388189E-18	0.215553363360741	1.10399356339449E-16
0	0	-130	0	0.228424631035757	0
0	0	-129	-2.39720178858991E-21	0.242051982821222	1.06836039190053E-16
0	0	-128	0	0.256488128839927	0
0	0	-127	0	0.271790696656958	0
0	0	-126	2.71061473673618E-17	0.288025032166988	3.300362123675E-17
0	0	-125	0	0.305261092673386	0
0	0	-124	0	0.323578744564065	0
0	0	-123	0	0.343066395794799	0
0	0	-122	0	0.363821853589243	0
0	0	-121	0	0.385956572445421	0
0	0	-120	0	0.40959242047823	0
0	0	-119	-1.06725882510609E-21	0.434866062555218	1.21108455108963E-16
0	0	-118	0	0.461923653165383	0
0	0	-117	2.473468602932E-21	0.490924861694788	0
0	0	-116	-2.13990547906941E-17	0.522040759698245	0
0	0	-115	0	0.555447190421582	0
0	0	-114	-1.21379952829445E-17	0.591321088262284	1.96576374147248E-16
0	0	-113	0	0.629820377318491	0
0	0	-112	0	0.67107835373277	0
0	0	-111	0	0.71516845900295	0
0	0	-110	-4.13207558563461E-19	0.762058027677317	3.96637272432328E-16
0	0	-109	0	0.811553796993755	-3.34043178761215E-17
0	0	-108	0	0.863247203482198	0
0	0	-107	0	0.916540160397786	0
0	0	-106	0	0.970742960234617	0
0	0	-105	0	1.02490354268868	0
0	0	-104	2.14583287960752E-20	1.07771520240801	1.2322539697245E-16
0	0	-103	0	1.12786601030594	0
0	0	-102	0	1.1743275189488	0
0	0	-101	-4.81220938166757E-17	1.2163616690107	-4.94671232754828E-17
0	0	-100	0	1.25353420076371	0
0	0	-99	0	1.285634123339	0
0	0	-98	0	1.31275455109351	0
0	0	-97	0	1.335273975145	0
0	0	-96	0	1.35370650260759	0
0	0	-95	0	1.36859020711575	0
0	0	-94	-6.05485146842117E-17	1.38054466990337	0
0	0	-93	0	1.39010942284156	0
0	0	-92	0	1.39777583226538	0
0	0	-91	6.8386864917095E-17	1.40390298806025	4.99719884672189E-17
0	0	-90	0	1.4087922781873	0
0	0	-89	0	1.41269528655794	0
0	0	-88	0	1.41582000426309	0
0	0	-87	0	1.41832686075054	0
0	0	-86	0	1.42033988153207	0
0	0	-85	0	1.4219580530487	0
0	0	-84	0	1.42325091026214	0
0	0	-83	-2.65930793709655E-17	1.42427255800249	0
0	0	-82	0	1.42506326159013	0
0	0	-81	0	1.4256540872353	0
0	0	-80	4.98260079180623E-20	1.42606670546016	0
0	0	-79	0	1.42631627815629	0
0	0	-78	-6.99618445889122E-17	1.42641293358574	2.86856254576766E-20
0	0	-77	0	1.42635883394226	-3.49728289863141E-17
0	0	-76	0	1.4261526460896	0
0	0	-75	0	1.42578717730226	0
0	0	-74	0	1.42524918458601	0
0	0	-73	0	1.42451952644084	0
0	0	-72	0	1.42357076921628	0
0	0	-71	0	1.42236494340566	0
0	0	-70	-1.19845731934426E-19	1.42085201800329	5.83002998215411E-17
0	0	-69	0	1.41896769790529	0
0	0	-68	0	1.41662916455738	0
0	0	-67	2.05123490123057E-20	1.41372847467083	0
0	0	-66	0	1.41012652041196	0
0	0	-65	0	1.40563732987031	0
0	0	-64	0	1.4000363574271	0
0	0	-63	0	1.39303907138589	0
0	0	-62	0	1.38429635382158	0
0	0	-61	2.97302800899581E-20	1.37336470426718	0
0	0	-60	0	1.35975099969399	0
0	0	-59	0	1.34288907628368	0
0	0	-58	0	1.32216340567066	0
0	0	-57	0	1.29697693891926	0
0	0	-56	0	1.26680055574063	0
0	0	-55	-7.7308555459587E-19	1.23133740721805	-2.57244946332067E-16
0	0	-54	0	1.19068265945515	0
0	0	-53	0	1.14508656151364	0
0	0	-52	4.34148371798045E-17	1.09491439483687	-1.55916351498601E-16
0	0	-51	0	1.0411340069733	0
0	0	-50	0	0.985012565429386	0
0	0	-49	0	0.927690170460836	0
0	0	-48	0	0.870167625951649	0
0	0	-47	0	0.813376076680268	0
0	0	-46	0	0.757956177952669	0
0	0	-45	-8.84882915239401E-21	0.704322737330115	-1.17385464295079E-16
0	0	-44	-1.17191766148011E-21	0.652633362297731	0
0	0	-43	0	0.602862388600004	0
0	0	-42	3.33295837995377E-21	0.554835774769318	-2.48845707274243E-17
0	0	-41	-6.31296178512026E-20	0.50826210336407	0
0	0	-40	0	0.462760849249138	0
0	0	-39	0	0.417854758717047	0
0	0	-38	0	0.373008445528865	0
0	0	-37	0	0.327539537397727	0
0	0	-36	0	0.28064884513225	0
0	0	-35	0	0.23131572155334	0
0	0	-34	0	0.17826335967183	0
0	0	-33	0	0.119724644302403	0
0	0	-32	0	5.33012169844101E-02	0
0	0	-31	1.36759719413523E-19	-2.41590397080634E-02	0
0	0	-30	0	-0.116878326973661	0
0	0	-29	1.0752168339535E-17	-0.229881316404119	-2.66873702249015E-16
0	0	-28	1.30792378273921E-20	-0.366524935334575	0
0	0	-27	0	-0.527467556051989	0
0	0	-26	0	-0.710005506702083	0
0	0	-25	0	-0.90934775135279	0
0	0	-24	0	-1.12130085563449	0
0	0	-23	0	-1.34240802346333	0
0	0	-22	0	-1.57011157322848	0
0	0	-21	0	-1.80260855232408	-8.48460764893572E-17
0	0	-20	0	-2.03866688977472	0
0	0	-19	0	-2.27733896101019	0
0	0	-18	-8.6122095967902E-20	-2.51792052523286	-6.76113589231409E-17
0	0	-17	0	-2.75988408621215	0
0	0	-16	0	-3.00282705784624	-2.50368814756735E-16
0	0	-15	0	-3.24646482882098	0
0	0	-14	0	-3.49059023430063	0
0	0	-13	0	-3.73509559675072	0
0	0	-12	0	-3.98001706016994	3.35955352209737E-16
0	0	-11	0	-4.22575060888204	0
0	0	-10	0	-4.47370281940835	0
0	0	-9	0	-4.72750734086889	0
0	0	-8	0	-4.99261935982854	0
0	0	-7	0	-5.27110391597725	0
0	0	-6	-1.77397847324344E-16	-5.55062490172637	-4.39335502224459E-16
0	0	-5	0	-5.80260489401324	0
0	0	-4	0	-6.00205601593709	0
0	0	-3	0	-6.14431464541013	0
0	0	-2	0	-6.23683186974543	0
0	0	-1	0	-6.28847344482553	0
0	0	0	0	-6.3051349220933	0
0	0	1	0	-6.28865996820269	0
0	0	2	0	-6.23689706527065	0
0	0	3	0	-6.14398077707299	0
0	0	4	-2.65815937304547E-16	-6.00099715744255	5.6143237691043E-16
0	0	5	0	-5.8012448167403	0
0	0	6	0	-5.55011293793824	0
0	0	7	2.32506461163745E-16	-5.27125776868417	0
0	0	8	6.06034972250929E-21	-4.99293350352398	4.38732354309475E-16
0	0	9	0	-4.72791527822656	0
0	0	10	0	-4.4742133936634	0
0	0	11	0	-4.22623728933827	0
0	0	12	0	-3.98051820999823	0
0	0	13	0	-3.73557919915469	0
0	0	14	0	-3.49108153859358	0
0	0	15	0	-3.24698334707171	0
0	0	16	0	-3.00338018832933	0
0	0	17	0	-2.7604659305823	0
0	0	18	-5.43255758487964E-20	-2.51852115287384	4.68205999507788E-16
0	0	19	-1.2752564547855E-16	-2.27794569476103	-2.6742701894714E-16
0	0	20	0	-2.03925174308154	0
0	0	21	0	-1.80314378000388	3.98167273506105E-17
0	0	22	0	-1.57054373914645	0
0	0	23	0	-1.34271381791096	0
0	0	24	0	-1.12147832583445	0
0	0	25	0	-0.909434273717592	0
0	0	26	0	-0.710028138071418	0
0	0	27	0	-0.527818424046617	0
0	0	28	2.34580826948682E-21	-0.367059335026967	3.14794830606304E-17
0	0	29	0	-0.230290440637811	0
0	0	30	0	-0.117097659088429	0
0	0	31	1.25419472881105E-18	-2.39742834207916E-02	3.6354648938874E-16
0	0	32	0	5.36746836251103E-02	0
0	0	33	0	0.120134459282152	0
0	0	34	0	0.178645865615277	0
0	0	35	0	0.231682530834209	0
0	0	36	0	0.280960932626646	0
0	0	37	-4.81555450848833E-20	0.327832953670738	1.52996442595094E-16
0	0	38	-8.45223295622027E-20	0.373282462332499	1.94695469923009E-16
0	0	39	0	0.418117195703961	0
0	0	40	0	0.463002418765538	0
0	0	41	1.63522092857268E-17	0.508496108787794	-3.4708159941697E-17
0	0	42	0	0.555047830754334	0
0	0	43	3.3684106503704E-17	0.603056529767945	0
0	0	44	0	0.652807929722569	0
0	0	45	0	0.704474833778328	-1.3351779400944E-17
0	0	46	0	0.758086524102734	0
0	0	47	0	0.813478341338845	0
0	0	48	0	0.870251988476394	0
0	0	49	0	0.927775550077347	0
0	0	50	0	0.985096516863178	0
0	0	51	0	1.04112567585916	0
0	0	52	0	1.09479348060153	0
0	0	53	5.62902849594797E-17	1.14502277045559	5.60729350279966E-17
0	0	54	5.85463902432029E-17	1.19088252002609	3.50310352777211E-16
0	0	55	0	1.23163017899115	0
0	0	56	-1.05463664976501E-20	1.26701091551014	8.17218835110216E-18
0	0	57	1.08413604961143E-19	1.2971265950283	-8.30409785990009E-17
0	0	58	0	1.32233152389054	0
0	0	59	0	1.34310335100657	0
0	0	60	0	1.36001977565273	0
0	0	61	0	1.37366533179709	0
0	0	62	0	1.38462590171459	0
0	0	63	0	1.39340531465939	0
0	0	64	0	1.40042271758436	0
0	0	65	0	1.4060427939567	0
0	0	66	0	1.410548036173	0
0	0	67	0	1.41416838674033	0
0	0	68	0	1.41708472669466	0
0	0	69	-6.4441390517328E-17	1.41943713367941	1.28832675389394E-16
0	0	70	0	1.42133426478	0
0	0	71	0	1.42285802799449	0
0	0	72	0	1.42407265358523	0
0	0	73	0	1.42502947706767	0
0	0	74	0	1.42576630530302	0
0	0	75	0	1.42630955525162	0
0	0	76	0	1.42667971387855	0
0	0	77	2.98263560783526E-20	1.42689009809642	6.6777678847544E-19
0	0	78	0	1.42694766839912	0
0	0	79	0	1.42685451808627	0
0	0	80	0	1.42660699358131	0
0	0	81	0	1.42619664199217	0
0	0	82	0	1.42560791640436	0
0	0	83	0	1.42481898414866	0
0	0	84	0	1.42380003009908	0
0	0	85	0	1.4225087919632	0
0	0	86	0	1.42088972205825	0
0	0	87	1.03423263539231E-19	1.41887041963359	-5.49129133114762E-17
0	0	88	0	1.41635308099685	0
0	0	89	0	1.41321118747666	0
0	0	90	4.50928195845573E-17	1.40928437063185	-2.44341750037459E-17
0	0	91	0	1.40438066925684	0
0	0	92	-8.04571614457327E-17	1.39823828912435	1.61266284954092E-16
0	0	93	0	1.39054005934667	0
0	0	94	-8.82667619117771E-17	1.38089298314455	-7.73368996596636E-17
0	0	95	4.37802520869515E-17	1.36884461273646	-4.35533070200397E-17
0	0	96	0	1.35386692428502	0
0	0	97	0	1.33543036292914	0
0	0	98	0	1.31299855722408	0
0	0	99	0	1.28601080502503	0
0	0	100	0	1.25408853629879	0
0	0	101	0	1.21704681078207	0
0	0	102	5.58639980975081E-17	1.17507980752946	0
0	0	103	0	1.12870432054468	0
0	0	104	0	1.0785900051038	0
0	0	105	-8.67374296018729E-21	1.02571223082597	-6.48286790341739E-17
0	0	106	3.5545827133596E-17	0.971297693425546	-5.53562132544352E-16
0	0	107	0	0.916879344933017	0
0	0	108	0	0.863603176148387	0
0	0	109	0	0.811967805065254	0
0	0	110	0	0.762441282382001	0
0	0	111	0	0.715493740849072	0
0	0	112	0	0.67134651646875	0
0	0	113	0	0.630041856852596	0
0	0	114	0	0.59150666809558	0
0	0	115	0	0.555608291155532	0
0	0	116	0	0.522181445591694	0
0	0	117	0	0.491050198918655	0
0	0	118	6.61419949794956E-21	0.462037192971906	-3.48461384022352E-17
0	0	119	0	0.434969620442159	0
0	0	120	0	0.40968856872632	0
0	0	121	0	0.386046496880191	0
0	0	122	0	0.363903713683965	0
0	0	123	0	0.343139796758861	0
0	0	124	0	0.323648989368695	0
0	0	125	0	0.305326080805769	0
0	0	126	0	0.288084500786944	0
0	0	127	0	0.271846016973455	0
0	0	128	0	0.256539289733385	0
0	0	129	0	0.242099298278888	0
0	0	130	0	0.228468477507945	0
0	0	131	0	0.215593696558792	0
0	0	132	0	0.203428120863766	0
0	0	133	0	0.191927943675433	0
0	0	134	0	0.181053165663302	0
0	0	135	-1.64700634465041E-17	0.170767103563419	0
0	0	136	-5.85542426006911E-21	0.161036163066808	-1.25545435895526E-18
0	0	137	0	0.151828940510772	0
0	0	138	0	0.143116345647238	0
0	0	139	-9.9913750118089E-23	0.134870630989176	0
0	0	140	0	0.127067786336495	0
0	0	141	6.81690042124932E-18	0.119682869918568	1.40491033674598E-17
0	0	142	0	0.112693852856318	0
0	0	143	8.10438644222541E-18	0.106079735499068	2.02609661055635E-18
0	0	144	0	9.98206887804682E-02	0
0	0	145	0	9.38977376567143E-02	0
0	0	146	0	8.82935795848323E-02	0
0	0	147	0	8.29911254424414E-02	0
0	0	148	0	7.79746119252855E-02	0
0	0	149	0	7.32287771491343E-02	0
0	0	150	0	6.87398201719737E-02	0
0	0	151	7.20729516608479E-22	6.44938618720134E-02	-5.12004273283228E-17
0	0	152	-2.23732601277094E-21	0.06047812416579	0
0	0	153	0	5.66804400547119E-02	0
0	0	154	-2.22587000300619E-18	0.053089226075428	4.63374445918054E-18
0	0	155	0	4.96935338120644E-02	0
0	0	156	0	4.64831470470391E-02	0
0	0	157	0	4.34477521399749E-02	0
0	0	158	0	4.05779170350851E-02	-4.28429171919683E-18
0	0	159	0	3.78659376047005E-02	0
0	0	160	0	3.53021506568269E-02	0
0	0	161	-6.65182428537978E-19	3.28789437767449E-02	-2.61200223813045E-18
0	0	162	0	0.030588858742332	0
0	0	163	0	2.84246226071859E-02	0
0	0	164	0	2.63794551867179E-02	0
0	0	165	0	0.024447005250315	0
0	0	166	0	2.26211471684444E-02	0
0	0	167	-1.21024024413064E-21	2.08960769016967E-02	-1.82158255016068E-18
0	0	168	0	1.92663627010597E-02	0
0	0	169	0	1.77268385232023E-02	0
0	0	170	0	1.62726505942152E-02	0
0	0	171	0	1.48991361624504E-02	0
0	0	172	0	1.36018861183369E-02	0
0	0	173	0	1.23768772582381E-02	0
0	0	174	0	1.12201824881145E-02	0
0	0	175	0	0.010127953178859	0
0	0	176	0	9.09679368488948E-03	0
0	0	177	5.55009160103835E-23	8.12342460441815E-03	-6.91134229798326E-19
0	0	178	0	7.20465525623488E-03	0
0	0	179	0	6.33756417739527E-03	0
0	0	180	0	5.51931929359465E-03	0
0	0	181	0	4.74734074863949E-03	0
0	0	182	0	4.01907764150567E-03	0
0	0	183	0	3.3321963125708E-03	0
0	0	184	0	2.68444118364784E-03	0
0	0	185	-3.52163473554182E-23	2.07372263277759E-03	-5.85392776685271E-20
0	0	186	0	1.49803909704785E-03	0
0	0	187	0	9.55487094285664E-04	0
0	0	188	1.31683510469416E-20	4.44278050895004E-04	-4.29754801611919E-18
0	0	189	0	-3.71635523238088E-05	0
0	0	190	4.25368626767849E-23	-4.90562177847287E-04	-8.6536131265389E-19
0	0	191	-1.97703844425688E-22	-9.17390123025629E-04	0
0	0	192	-5.39171917832638E-23	-1.31906224468182E-03	0
0	0	193	7.11366770973592E-20	-1.69692153236532E-03	-5.73201445359975E-18
0	0	194	0	-2.05225819143843E-03	0
0	0	195	0	-2.38626007091444E-03	0
0	0	196	0	-2.70004360680975E-03	0
0	0	197	0	-2.99472497021616E-03	0
0	0	198	0	-3.27133023799203E-03	0
0	0	199	0	-3.53076935020918E-03	0
0	0	200	0	-3.77400751845614E-03	0
0	0	201	0	-4.00187563744973E-03	0
0	0	202	-2.27128771272572E-23	-4.21521730072036E-03	-3.79789092642078E-19
0	0	203	-1.76325873502161E-19	-4.41480335020996E-03	-2.29988170402671E-18
0	0	204	0	-4.60136855350671E-03	0
0	0	205	0	-4.77556014872955E-03	0
0	0	206	0	-4.93809230575504E-03	0
0	0	207	0	-5.08956972473334E-03	0
0	0	208	0	-5.23055594358445E-03	0
0	0	209	0	-5.3616268298859E-03	0
0	0	210	0	-5.48332011959759E-03	0
0	0	211	1.88804577018953E-19	-5.59611992310027E-03	0
0	0	212	-1.92199284214517E-19	-5.70050271373903E-03	-2.97272323074033E-19
0	0	213	0	-5.79692030963385E-03	0
0	0	214	-1.09932667779585E-19	-5.88579091365858E-03	4.43633570866026E-19
0	0	215	0	-5.96751821484199E-03	0
0	0	216	9.44952398435422E-23	-6.04249619450798E-03	3.87402790441166E-19
0	0	217	0	-6.11108238822533E-03	0
0	0	218	0	-6.17360369938261E-03	0
0	0	219	0	-6.23040568306318E-03	0
0	0	220	0	-6.28178916590105E-03	0
0	0	221	0	-6.32805259546823E-03	0
0	0	222	0	-6.36944750278069E-03	0
0	0	223	0	-6.40626744324165E-03	0
0	0	224	0	-6.43873856281328E-03	0
0	0	225	0	-6.46711124178935E-03	0
0	0	226	0	-6.4916147612663E-03	0
0	0	227	0	-6.51244775927501E-03	0
0	0	228	0	-6.5298192765983E-03	0
0	0	229	0	-6.54391869301584E-03	0
0	0	230	1.53180093590468E-19	-6.55492928381673E-03	6.13381179553156E-19
0	0	231	1.39848231502371E-22	-6.56301707048187E-03	-6.13381179553156E-19
0	0	232	4.0752169953731E-24	-6.56835118822066E-03	4.67774219724795E-19
0	0	233	1.03909470582507E-22	-6.57110295044823E-03	0
0	0	234	0	-6.57139679155154E-03	0
0	0	235	0	-6.56937871585664E-03	0
0	0	236	0	-6.56518350808625E-03	0
0	0	237	0	-6.55894401122171E-03	0
0	0	238	0	-6.55076844520051E-03	0
0	0	239	0	-6.5407797560998E-03	0
0	0	240	0	-6.52907566761466E-03	0
0	0	241	0	-6.51576477692223E-03	0
0	0	242	0	-6.50093934055133E-03	0
0	0	243	0	-6.48470026827942E-03	0
0	0	244	0	-6.46713412961771E-03	0
0	0	245	0	-6.44831966930204E-03	0
0	0	246	0	-6.42833161754004E-03	0
0	0	247	0	-6.4072630194595E-03	0
0	0	248	0	-6.38516506952767E-03	0
0	0	249	0	-6.36209516488218E-03	0
0	0	250	1.53136737148288E-21	-6.33814630400127E-03	0
0	0	251	0	-6.31336712460988E-03	0
0	0	252	0	-6.28782058831414E-03	0
0	0	253	0	-6.26155593568222E-03	0
0	0	254	0	-6.2346365524277E-03	0
0	0	255	0	-6.20708749684349E-03	0
0	0	256	0	-6.17897518580425E-03	0
0	0	257	0	-6.15035553363521E-03	0
0	0	258	0	-6.12122586146099E-03	0
0	0	259	0	-6.09166289198273E-03	0
0	0	260	0	-6.06172954277454E-03	0
0	0	261	0	-6.03143643125539E-03	0
0	0	262	0	-6.00079006288285E-03	0
0	0	263	0	-5.9697879583536E-03	0
0	0	264	2.55440574014867E-22	-5.93859551555974E-03	4.05803639031634E-19
0	0	265	1.32662257130153E-22	-5.90703405597787E-03	4.05803639031634E-19
0	0	266	-9.76533467876369E-24	-5.87534365392611E-03	4.05803639031634E-19
0	0	267	-1.52192926487697E-22	-5.84352430940446E-03	4.05803639031634E-19
0	0	268	-2.9462051829663E-22	-5.81157602241292E-03	4.05803639031634E-19
0	0	269	-2.18524055052775E-22	-5.77949879295149E-03	4.05803639031634E-19
0	0	270	0	-5.74724095264245E-03	1.09346263110684E-18
0	0	271	0	-5.71489833116309E-03	2.01835393364217E-19
0	0	272	0	-5.6824177171782E-03	6.49738203596824E-19
0	0	273	1.99651817325388E-19	-5.64988838157448E-03	0
0	0	274	0	-5.61730088532523E-03	0
0	0	275	0	-5.58469938629874E-03	0
0	0	276	0	-5.5521346496247E-03	0
0	0	277	0	-5.51960667530312E-03	0
0	0	278	0	-0.005487115463334	0
0	0	279	0	-5.45466101371733E-03	0
0	0	280	0	-5.42224332645313E-03	0
0	0	281	0	-5.38986240154138E-03	0
0	0	282	0	-5.35751823898209E-03	0
0	0	283	-1.91210492056713E-19	-5.32522735816703E-03	3.61376741910717E-19
0	0	284	-1.90192283926887E-19	-5.29312915491974E-03	3.60255585047723E-19
0	0	285	-1.89177663499022E-19	-5.26113068977872E-03	3.59134428184729E-19
0	0	286	0	-5.22920130652862E-03	0
0	0	287	0	-5.1973816283637E-03	0
0	0	288	0	-5.16571090144238E-03	0
0	0	289	0	-5.13418912576467E-03	0
0	0	290	0	-5.10281630133057E-03	0
0	0	291	0	-5.07159242814006E-03	0
0	0	292	0	-5.04051750619317E-03	0
0	0	293	0	-5.00959153548988E-03	0
0	0	294	0	-4.97881451603019E-03	0
0	0	295	0	-4.94818644781411E-03	0
0	0	296	0	-4.91770733084164E-03	0
0	0	297	0	-4.88737716511277E-03	0
0	0	298	5.93377516612431E-19	-4.85739396407267E-03	1.9855510794381E-18
0	0	299	5.88375995558663E-19	-4.82749153890735E-03	1.08120654164864E-18
0	0	300	5.85216090151042E-19	-4.79779256562267E-03	1.17043218030208E-18
0	0	301	5.81941343869141E-19	-4.76829704421862E-03	1.5553833463198E-18
0	0	302	5.77481227381008E-19	-4.7390049746952E-03	1.08120654164864E-18
0	0	303	5.74221659619999E-19	-4.7099163570524E-03	1.08120654164864E-18
0	0	304	5.70973991512371E-19	-4.68103119129025E-03	1.14194798302474E-18
0	0	305	5.66974682316821E-19	-4.65234947740872E-03	1.08120654164864E-18
0	0	306	5.6376495751236E-19	-4.62387121540782E-03	1.08120654164864E-18
0	0	307	5.60752348194814E-19	-4.59559640528755E-03	2.08760565804153E-18
0	0	308	5.57108029476281E-19	-4.56752504704792E-03	1.08120654164864E-18
0	0	309	5.5372727952131E-19	-4.53965714068892E-03	1.31913514181284E-18
0	0	310	5.50284290254811E-19	-4.51199268621054E-03	1.67855346837649E-18
0	0	311	5.47153380391613E-19	-4.4845316836128E-03	1.08120654164864E-18
0	0	312	0	-4.45728742276913E-03	0
0	0	313	0	-4.43026549248817E-03	0
0	0	314	0	-4.40345737839618E-03	0
0	0	315	5.87449029719719E-23	-4.3769289964992E-03	5.51368219743218E-19
0	0	316	6.07957445845989E-23	-4.35052050426124E-03	5.96709509405076E-19
0	0	317	6.22983188452091E-23	-4.32432285174413E-03	6.4125361674174E-19
0	0	318	-2.71082681802021E-23	-4.29833603894785E-03	0
0	0	319	6.36586653103825E-23	-4.27256006587242E-03	7.27950284439486E-19
0	0	320	6.35164375149439E-23	-4.24699493251782E-03	7.70102844800569E-19
0	0	321	6.28259423674892E-23	-4.22164063888407E-03	8.11458222836458E-19
0	0	322	6.15871798680188E-23	-4.19649718497116E-03	8.52016418547153E-19
0	0	323	5.66527736998724E-23	-4.17156457077908E-03	8.44841777620409E-19
0	0	324	0	-4.14684279630785E-03	0
0	0	325	2.59910896464338E-24	-4.12233186155746E-03	4.61384719870512E-20
0	0	326	4.64995057727044E-24	-4.09803176652791E-03	9.14797616489087E-20
0	0	327	6.15252483788121E-24	-4.0739425112192E-03	1.36023868985573E-19
0	0	328	4.08642825422338E-23	-4.05006409563134E-03	1.03368206548299E-18
0	0	329	3.60617822546572E-23	-4.02639651976431E-03	1.06905857607993E-18
0	0	330	0	-4.00299309497262E-03	0
0	0	331	0	-3.97977590544307E-03	0
0	0	332	9.40860815838032E-23	-3.95675537277184E-03	1.25500307600344E-18
0	0	333	4.19246474491554E-23	-3.93393371558188E-03	8.08731306801961E-19
0	0	334	7.07812578969475E-23	-3.91130713877271E-03	1.20241357780759E-18
0	0	335	6.33757215273051E-23	-3.88887564234434E-03	1.22609285503875E-18
0	0	336	2.65694674209062E-23	-3.86663922629675E-03	7.91121149017438E-19
0	0	337	2.14510740781464E-23	-3.84459789062996E-03	7.85288002119859E-19
0	0	338	3.14090014142384E-23	-3.82275163534396E-03	1.16520444804705E-18
0	0	339	1.12142873926579E-23	-3.80110046043874E-03	7.73677066870592E-19
0	0	340	5.62697912298196E-24	-3.77964436591432E-03	7.36331668373933E-19
0	0	341	9.02308345049292E-25	-3.75838335177069E-03	7.30860658630729E-19
0	0	342	-4.45942283832878E-24	-3.73731741800785E-03	7.87390018986685E-19
0	0	343	-9.25928597835241E-24	-3.7164465646258E-03	7.50676630555625E-19
0	0	344	-1.43776793211126E-23	-3.69577079162454E-03	7.44972653598459E-19
0	0	345	0	-3.67529009900407E-03	3.47649371995771E-19
0	0	346	-2.27210455445554E-23	-3.65500448676439E-03	7.0378240264417E-19
0	0	347	-2.74457163224873E-23	-3.6349139549055E-03	6.9842210999275E-19
0	0	348	-3.74070686650174E-23	-3.61501194270867E-03	7.02842251377514E-19
0	0	349	-1.23951872662105E-23	-3.5952851517731E-03	6.96640434785857E-19
0	0	350	1.26166941325948E-23	-3.57573319964122E-03	6.904386181942E-19
0	0	351	3.76285755313986E-23	-3.55635608631304E-03	6.84236801602543E-19
0	0	352	4.43703236589085E-23	-3.53715381178857E-03	4.80274781049378E-19
0	0	353	8.76523383290498E-23	-3.5181263760678E-03	6.71833168419229E-19
0	0	354	1.12664219727855E-22	-3.49927377915072E-03	6.65631351827572E-19
0	0	355	1.43412605340271E-22	-3.48059602103735E-03	6.86905765870745E-19
0	0	356	1.62687982525465E-22	-3.46209310172768E-03	6.53227718644258E-19
0	0	357	1.87699863924309E-22	-3.44376502122171E-03	6.47025902052601E-19
0	0	358	2.12711745323115E-22	-3.42561177951944E-03	6.40824085460944E-19
0	0	359	2.37723626721918E-22	-3.40763337662087E-03	6.34622268869286E-19
0	0	360	3.50314010827662E-22	-0.003389829812526	8.37893936370173E-19
0	0	361	1.9183159301303E-22	-3.37220108723484E-03	4.14812423790648E-19
0	0	362	1.04253090306122E-22	-3.35474720074737E-03	2.05338939698105E-19
0	0	363	1.12590384105724E-22	-3.3374681530636E-03	2.03271667500886E-19
0	0	364	2.41855355810666E-22	-3.32036394418354E-03	4.02408790607334E-19
0	0	365	2.58529943409869E-22	-3.30343457410718E-03	3.98274246212896E-19
0	0	366	2.9240481419714E-22	-3.28668004283451E-03	4.18773433182112E-19
0	0	367	2.91879118608276E-22	-3.27010035036555E-03	3.9000515742402E-19
0	0	368	3.08553706207505E-22	-3.25369549670029E-03	3.85870613029582E-19
0	0	369	3.25228293806708E-22	-3.23746548183873E-03	3.81736068635144E-19
0	0	370	3.41902881405912E-22	-3.22141030578087E-03	3.77601524240706E-19
0	0	371	0	-3.20511981591654E-03	0
0	0	372	0	-3.18935769367066E-03	0
0	0	373	0	-3.17376847701863E-03	0
0	0	374	0	-3.15835216596045E-03	0
0	0	375	0	-3.14255546684978E-03	0
0	0	376	0	-3.12730077363718E-03	0
0	0	377	0	-3.1121767241796E-03	0
0	0	378	0	-3.09718331847704E-03	0
0	0	379	0	-3.0823205565295E-03	0
0	0	380	0	-3.06758410148369E-03	1.8370743529265E-19
0	0	381	9.19535962801635E-22	-3.0529715776705E-03	1.65099922675481E-19
0	0	382	-4.88149528285141E-22	-3.0384924690168E-03	6.1352067791111E-19
0	0	383	-7.88987386196372E-22	-3.02414677552259E-03	9.29337077510258E-19
0	0	384	0	-3.00993449718787E-03	1.80254991740834E-19
0	0	385	-3.29219404795566E-22	-2.99585563401265E-03	5.46536267724072E-19
0	0	386	-6.35533415666255E-22	-2.98191018599691E-03	9.57781448778374E-19
0	0	387	0	-2.96809815314067E-03	1.77749551885667E-19
0	0	388	-2.31307972341633E-22	-2.95441953544392E-03	5.33568196155895E-19
0	0	389	1.70289281305993E-22	-2.94087433290666E-03	1.65099922675481E-19
0	0	390	0	-2.92746254552889E-03	1.7531602015224E-19
0	0	391	-1.52453188443085E-22	-2.91418417331062E-03	5.70122205597898E-19
0	0	392	1.15153595127306E-22	-2.90103921625183E-03	1.65099922675481E-19
0	0	393	0	-2.88802767435253E-03	1.72954396540551E-19
0	0	394	3.04158063717953E-23	-2.87514954761273E-03	1.65099922675481E-19
0	0	395	-2.84796328245335E-24	-2.86240483603242E-03	5.03589005192467E-19
0	0	396	5.9578361737719E-23	-2.8497935396116E-03	8.2801176453236E-19
0	0	397	0	-2.83731565835027E-03	1.6991742213656E-19
0	0	398	1.08643964767406E-22	-2.82497119224843E-03	5.3681526655622E-19
0	0	399	0	-2.81276014130609E-03	1.6844687368239E-19
0	0	400	0	-2.80068250552323E-03	1.67723584142262E-19
0	0	401	1.92974901625413E-22	-2.78873828489987E-03	4.78204157656112E-19
0	0	402	-2.57842338030536E-22	-2.77692747943599E-03	1.65099922675481E-19
0	0	403	-2.56484870446365E-22	-2.76599489397751E-03	-3.53083037572346E-19
0	0	404	-1.0930455399589E-22	-2.75438479804579E-03	-3.53083037572346E-19
0	0	405	-1.086870206576E-22	-2.74287397519615E-03	-3.53083037572346E-19
0	0	406	-2.52162137078393E-22	-2.7314624254286E-03	-3.53083037572346E-19
0	0	407	1.25360612977882E-22	-2.72015014874314E-03	-3.22613305934054E-20
0	0	408	1.24640157416545E-22	-2.70893714513977E-03	-3.35826148925936E-20
0	0	409	0	-2.69782341461848E-03	-3.39388503696325E-19
0	0	410	0	-2.68680895717928E-03	-3.38002875486168E-19
0	0	411	1.22478790732559E-22	-2.67589377282217E-03	-3.7621399624327E-20
0	0	412	0	-2.66507786154714E-03	-3.35269084982938E-19
0	0	413	0	-2.6543612233542E-03	-3.33920922689866E-19
0	0	414	-1.37505627484056E-22	-2.64374385824335E-03	-3.53083037572346E-19
0	0	415	-2.39193936974428E-22	-2.63322576621458E-03	-3.53083037572346E-19
0	0	416	-2.37753025851751E-22	-2.6228069472679E-03	-3.53083037572346E-19
0	0	417	0	-2.61248740140331E-03	-3.28653159907857E-19
0	0	418	0	-2.60226685750421E-03	-6.93886681465521E-19
0	0	419	1.2083599022174E-22	-2.59214400413769E-03	-3.74959511217395E-19
0	0	420	0	-2.58211866899108E-03	-6.93886681465521E-19
0	0	421	1.40617862212802E-22	-2.57219085206438E-03	-3.36469148240081E-19
0	0	422	0	-2.5623605533576E-03	-6.93886681465521E-19
0	0	423	1.25245268650663E-22	-2.55262777287073E-03	-3.7575155089748E-19
0	0	424	1.44397243723318E-22	-2.54299251060378E-03	-3.38323702244637E-19
0	0	425	0	-2.53345476655673E-03	-6.93886681465521E-19
0	0	426	1.28552227472364E-22	-2.5240145407296E-03	-3.76603206050578E-19
0	0	427	0	-2.51467183312238E-03	-6.93886681465521E-19
0	0	428	0	-2.50542664373508E-03	-6.30369649199891E-19
0	0	429	0	-2.49627897256769E-03	-6.93886681465521E-19
0	0	430	0	-2.48723383487175E-03	0
0	0	431	0	-2.47837879205861E-03	0
0	0	432	0	-2.46959810091934E-03	0
0	0	433	0	-2.46089176145395E-03	0
0	0	434	0	-2.45225977366243E-03	0
0	0	435	0	-2.44370213754479E-03	0
0	0	436	0	-2.43521885310103E-03	0
0	0	437	0	-2.42680992033114E-03	0
0	0	438	0	-2.41847533923513E-03	0
0	0	439	0	-2.41021510981299E-03	0
0	0	440	0	-2.40202923206473E-03	0
0	0	441	0	-2.39391770599034E-03	0
0	0	442	0	-2.38588053158983E-03	0
0	0	443	0	-2.3779177088632E-03	0
0	0	444	0	-2.37002923781044E-03	0
0	0	445	0	-2.36221511843156E-03	0
0	0	446	0	-2.35447535072655E-03	0
0	0	447	0	-2.34680993469542E-03	0
0	0	448	0	-2.33921887033816E-03	0
0	0	449	0	-2.33170215765478E-03	0
0	0	450	0	-2.32425979664528E-03	0
0	0	451	0	-2.31689178730965E-03	0
0	0	452	0	-2.30959812964789E-03	0
0	0	453	0	-2.30237882366002E-03	0
0	0	454	0	-2.29523386934602E-03	0
0	0	455	0	-2.28816326670589E-03	0
0	0	456	0	-2.28116701573964E-03	0
0	0	457	0	-2.27424511644726E-03	0
0	0	458	-1.36144839547078E-19	-2.26766783925701E-03	0
0	0	459	-1.35735045312275E-19	-2.26084218791343E-03	0
0	0	460	-1.35740383425719E-19	-2.25408806436655E-03	0
0	0	461	-1.34643739606775E-19	-2.24740546861635E-03	1.74588041569234E-19
0	0	462	-1.34771105532815E-19	-2.24079440066285E-03	0
0	0	463	-1.34138811789357E-19	-2.23425486050603E-03	0
0	0	464	-1.337504892627E-19	-2.2277868481459E-03	0
0	0	465	-1.33381392796919E-19	-2.22139036358246E-03	1.67072943718015E-19
0	0	466	0	-2.21515910644474E-03	0
0	0	467	0	-2.20902529234546E-03	0
0	0	468	0	-2.20294718558266E-03	0
0	0	469	0	-2.19692478615637E-03	0
0	0	470	0	-2.19095809406658E-03	0
0	0	471	0	-2.18504710931329E-03	0
0	0	472	0	-2.17919183189649E-03	0
0	0	473	0	-2.17339226181619E-03	0
0	0	474	0	-2.1676483990724E-03	0
0	0	475	0	-2.1619602436651E-03	0
0	0	476	0	-2.1563277955943E-03	0
0	0	477	0	-0.00215075105486	0
0	0	478	0	-2.14523002146219E-03	0
0	0	479	0	-2.13976469540089E-03	0
0	0	480	0	-2.13435507667609E-03	0
0	0	481	0	-2.12900116528778E-03	0
0	0	482	0	-2.12370296123597E-03	0
0	0	483	0	-2.11846046452066E-03	0
0	0	484	0	-2.11327367514185E-03	0
0	0	485	0	-2.10814259309954E-03	0
0	0	486	0	-2.10306721839373E-03	0
0	0	487	0	-2.09804755102442E-03	0
0	0	488	0	-2.0930835909916E-03	0
0	0	489	0	-2.08817533829529E-03	0
0	0	490	0	-2.08332279293547E-03	0
0	0	491	0	-2.07852595491215E-03	0
0	0	492	0	-2.07378482422533E-03	0
0	0	493	0	-2.06909940087501E-03	0
0	0	494	0	-2.06446968486119E-03	0
0	0	495	0	-2.05989567618387E-03	0
0	0	496	0	-2.05537737484304E-03	0
0	0	497	0	-2.05091478083872E-03	0
0	0	498	0	-2.04650789417089E-03	0
0	0	499	0	-2.04215671483956E-03	0
0	0	500	0	-2.03786124284473E-03	0
0	0	501	0	-2.0336214781864E-03	0
0	0	502	0	-2.02943742086457E-03	0
0	0	503	0	-2.02530907087924E-03	0
0	0	504	0	-2.02123642823041E-03	0
0	0	505	0	-2.01721949291807E-03	0
0	0	506	0	-2.01325826494224E-03	0
0	0	507	0	-2.0093527443029E-03	0
0	0	508	0	-2.00550293100006E-03	0
0	0	509	0	-2.00170882503372E-03	0
0	0	510	0	-1.99797042640388E-03	0
0	0	511	0	-1.99428773511054E-03	0
0	0	512	0	-1.99066075115369E-03	0
0	0	513	0	-1.98708947453335E-03	0
0	0	514	0	-1.9835739052495E-03	0
0	0	515	0	-1.98011404330216E-03	0
0	0	516	0	-1.97663846524173E-03	0
0	0	517	0	-1.97316900618535E-03	0
0	0	518	0	-1.96975155382523E-03	0
0	0	519	0	-1.96638610816137E-03	0
0	0	520	0	-1.96307266919377E-03	0
0	0	521	0	-1.95981123692244E-03	0
0	0	522	0	-1.95659592944109E-03	1.80836545945978E-19
0	0	523	0	-1.95341052955251E-03	8.32237554554678E-20
0	0	524	0	-1.95026947188283E-03	1.75836691720313E-19
0	0	525	0	-1.94717275643204E-03	2.54227254757638E-19
0	0	526	0	-1.94412038320014E-03	2.61949817491794E-19
0	0	527	0	-1.94111235218714E-03	1.68336910381816E-19
0	0	528	0	-1.93857840364937E-03	0
0	0	529	0	-1.93572947127032E-03	0
0	0	530	0	-1.93292161439517E-03	0
0	0	531	0	-1.93015483302391E-03	0
0	0	532	0	-1.92742912715655E-03	0
0	0	533	0	-1.92474449679308E-03	0
0	0	534	0	-1.92210094193351E-03	0
0	0	535	0	-1.91949846257783E-03	0
0	0	536	0	-1.91693705872604E-03	0
0	0	537	0	-1.91441673037815E-03	0
0	0	538	0	-1.91193747753415E-03	0
0	0	539	0	-1.90949930019405E-03	0
0	0	540	0	-1.90710219835784E-03	0
0	0	541	0	-1.90474617202553E-03	0
0	0	542	0	-1.9024312211971E-03	0
0	0	543	0	-1.90015734587258E-03	0
0	0	544	0	-1.89792454605195E-03	0
0	0	545	0	-1.89573282173521E-03	0
0	0	546	0	-1.89358217292236E-03	0
0	0	547	0	-1.89147259961341E-03	0
0	0	548	0	-1.88940410180836E-03	0
0	0	549	0	-1.88737667950719E-03	0
0	0	550	0	-1.88539033270993E-03	0
0	0	551	0	-1.88344506141655E-03	0
0	0	552	0	-1.88154086562707E-03	0
0	0	553	0	-1.87967774534149E-03	0
0	0	554	0	-1.8778557005598E-03	0
0	0	555	0	-0.001876074731282	0
0	0	556	0	-1.87433483750809E-03	0
0	0	557	0	-1.87263601923809E-03	0
0	0	558	0	-1.87097827647197E-03	0
0	0	559	0	-1.86936160920975E-03	0
0	0	560	0	-1.86778601745142E-03	0
0	0	561	0	-1.86625150119699E-03	0
0	0	562	0	-1.86475806044645E-03	0
0	0	563	0	-1.86330569519981E-03	0
0	0	564	0	-1.86189440545706E-03	0
0	0	565	0	-1.8605241912182E-03	0
0	0	566	0	-1.85919505248324E-03	0
0	0	567	0	-1.85790698925217E-03	0
0	0	568	0	-0.001856660001525	0
0	0	569	0	-1.85545408930172E-03	0
0	0	570	0	-1.85428925258234E-03	0
0	0	571	0	-1.85316549136685E-03	0
0	0	572	0	-1.85208280565525E-03	0
0	0	573	0	-1.85104119544755E-03	0
0	0	574	0	-1.85004066074374E-03	0
0	0	575	0	-1.84908120154382E-03	0
0	0	576	0	-1.8481628178478E-03	0
0	0	577	0	-1.84728550965568E-03	0
0	0	578	0	-1.84644927696745E-03	0
0	0	579	0	-1.84563357617282E-03	0
0	0	580	0	-1.84483984958026E-03	0
0	0	581	0	-1.84408509533637E-03	0
0	0	582	0	-1.84336931344114E-03	0
0	0	583	0	-1.84269250389458E-03	0
0	0	584	0	-1.84205466669667E-03	0
0	0	585	0	-1.84145580184743E-03	0
0	0	586	0	-1.84089590934685E-03	0
0	0	587	0	-1.84037498919493E-03	0
0	0	588	0	-1.83989304139168E-03	0
0	0	589	0	-1.83945006593709E-03	0
0	0	590	0	-1.83904606283116E-03	0
0	0	591	0	-1.83868103207389E-03	0
0	0	592	0	-1.83835497366529E-03	0
0	0	593	0	-1.83806788760535E-03	0
0	0	594	0	-1.83781977389407E-03	0
0	0	595	0	-1.83761063253145E-03	0
0	0	596	0	-1.8374404635175E-03	0
0	0	597	0	-1.8373092668522E-03	0
0	0	598	0	-1.83721704253558E-03	0
0	0	599	0	-1.83716379056761E-03	0
0	0	600	0	-1.83750982757339E-03	-2.1061599584375E-07
