fieldmap_name:     	SWLS Sirius
timestamp:         	2022-08-15_16-09-30
filename:          	2022-08-15_SWLS_Sirius_Model8.0_transvshift_Z=-600_600mm.txt
MagNet_file:       	SWLS_Sirius_Model8.0_transvshift.mn
nr_magnets:        	1

magnet_name:       	SWLS
gap[mm]:           	
control_gap[mm]:   	--
magnet_length[mm]: 	
current_main[A]:   	--
NI_main[A.esp]:    	--
center_pos_z[mm]:  	0
center_pos_x[mm]:  	0
rotation[deg]:     	0

X[mm]	Y[mm]	Z[mm]	Bx	By	Bz [T]
------------------------------------------------------------------------------------------------------------------------------------------------------------------
0	0	-600	-3.64646230425388E-06	-1.82889844612515E-03	-1.15813065495192E-08
0	0	-599	-3.6395973121763E-06	-1.82891874749542E-03	-9.58698067362874E-09
0	0	-598	-3.63094229983923E-06	-1.82897366307777E-03	-7.19431171303684E-09
0	0	-597	-3.62846918704956E-06	-1.82907178995022E-03	-3.55663574800723E-09
0	0	-596	-3.62672032283605E-06	-1.82920560421861E-03	-1.08141049321523E-10
0	0	-595	-3.62569570719868E-06	-1.82937510588293E-03	3.15117238301849E-09
0	0	-594	-3.62539534013747E-06	-1.82958029494318E-03	6.22130454901682E-09
0	0	-593	-3.62262238623116E-06	-1.82981555966002E-03	-3.1107216375085E-09
0	0	-592	-3.62085684736752E-06	-1.83010276623034E-03	-1.77495152422673E-08
0	0	-591	-3.62097024237129E-06	-1.83042764312768E-03	-1.53735078473701E-08
0	0	-590	-3.62089162282086E-06	-1.83078983569035E-03	-1.30803095220588E-08
0	0	-589	-3.62062098871623E-06	-1.83118934391834E-03	-1.08699202662817E-08
0	0	-588	-3.62015834005739E-06	-1.83162616781167E-03	-8.74234008006391E-09
0	0	-587	-3.61950367684435E-06	-1.83210030737032E-03	-6.69756896340477E-09
0	0	-586	-3.6186569990771E-06	-1.8326117625943E-03	-4.73560691634225E-09
0	0	-585	-3.61761830675565E-06	-1.83316053348361E-03	-2.85645393880435E-09
0	0	-584	-3.61638759988E-06	-1.83374662003825E-03	-1.06011003082439E-09
0	0	-583	-3.61563697313662E-06	-1.83436254789013E-03	-2.46075566738671E-08
0	0	-582	-3.61477425393782E-06	-1.83502961855017E-03	-2.25483302644207E-08
0	0	-581	-3.61377905517561E-06	-1.83573448507224E-03	-2.05260409279714E-08
0	0	-580	-3.61265137684997E-06	-1.83647714745633E-03	-1.85406886645786E-08
0	0	-579	-3.61139121896091E-06	-1.83725760570245E-03	-1.65922734740711E-08
0	0	-578	-3.60999858150843E-06	-1.8380758598106E-03	-1.46807953566154E-08
0	0	-577	-3.60847346449253E-06	-1.83893190978077E-03	-1.28062543121584E-08
0	0	-576	-3.60681586791321E-06	-1.83982575561297E-03	-1.09686503407046E-08
0	0	-575	-3.60502579177047E-06	-1.8407573973072E-03	-9.16798344224459E-09
0	0	-574	-3.60310323606432E-06	-1.84172683486345E-03	-7.40425361678047E-09
0	0	-573	-3.59973912241913E-06	-1.84273038095465E-03	-3.07914418084418E-08
0	0	-572	-3.59836267234136E-06	-1.84378185947874E-03	-2.86258383925652E-08
0	0	-571	-3.59660340856633E-06	-0.00184487198583	-2.65627100823218E-08
0	0	-570	-3.59446133109402E-06	-1.84600076000842E-03	-2.46020568777116E-08
0	0	-569	-3.59193643992445E-06	-1.84716818201401E-03	-2.27438787787347E-08
0	0	-568	-3.5890287350576E-06	-1.84837425184677E-03	-2.09881757853909E-08
0	0	-567	-3.58573821649348E-06	-1.84961896950669E-03	-1.93349478976803E-08
0	0	-566	-3.58206488423208E-06	-1.85090233499378E-03	-1.77841951156028E-08
0	0	-565	-3.57800873827342E-06	-1.85222434830804E-03	-1.63359174391586E-08
0	0	-564	-3.58130163271978E-06	-1.85356917311025E-03	-3.72906431969782E-08
0	0	-563	-3.57934297367715E-06	-1.85497258252778E-03	-3.53411889103354E-08
0	0	-562	-3.576969769227E-06	-1.85641555120531E-03	-3.34470418462215E-08
0	0	-561	-3.57418201936934E-06	-1.85789807914282E-03	-3.16082020046365E-08
0	0	-560	-3.57097972410415E-06	-1.85942016634031E-03	-2.98246693855803E-08
0	0	-559	-3.56736288343145E-06	-1.8609818127978E-03	-2.8096443989053E-08
0	0	-558	-3.56333149735122E-06	-1.86258301851527E-03	-2.64235258150545E-08
0	0	-557	-3.55888556586348E-06	-1.86422378349273E-03	-2.48059148635849E-08
0	0	-556	-3.55402508896821E-06	-1.86590410773017E-03	-2.32436111346441E-08
0	0	-555	-3.54875006666543E-06	-1.8676239912276E-03	-2.17366146282322E-08
0	0	-554	-3.55269139984366E-06	-1.86936892227677E-03	-4.29381206504269E-08
0	0	-553	-3.54981981972075E-06	-1.87117290868978E-03	-4.0925132700651E-08
0	0	-552	-3.54647585736838E-06	-1.87301757093599E-03	-3.89668989362849E-08
0	0	-551	-3.54265951278653E-06	-1.8749029090154E-03	-3.70634193573286E-08
0	0	-550	-3.53837078597521E-06	-0.001876828922928	-3.52146939637822E-08
0	0	-549	-3.53360967693443E-06	-1.87879561267381E-03	-3.34207227556455E-08
0	0	-548	-3.52837618566417E-06	-1.88080297825281E-03	-3.16815057329186E-08
0	0	-547	-3.52267031216444E-06	-0.001882851019665	-2.99970428956017E-08
0	0	-546	-3.51649205643524E-06	-1.8849397369104E-03	-2.83673342436944E-08
0	0	-545	-3.51732250429156E-06	-1.88705247068454E-03	-4.96104554423482E-08
0	0	-544	-3.51369714217474E-06	-1.88922733185664E-03	-4.76756124729824E-08
0	0	-543	-3.50962780586914E-06	-1.89144423096913E-03	-4.58190145706385E-08
0	0	-542	-3.50511449537475E-06	-1.89370316802203E-03	-4.40406617353165E-08
0	0	-541	-3.50015721069157E-06	-1.89600414301532E-03	-4.23405539670166E-08
0	0	-540	-3.49475595181962E-06	-1.89834715594902E-03	-4.07186912657386E-08
0	0	-539	-3.48891071875888E-06	-1.90073220682312E-03	-3.91750736314827E-08
0	0	-538	-3.48262151150935E-06	-1.90315929563761E-03	-3.77097010642486E-08
0	0	-537	-3.47588833007104E-06	-1.90562842239251E-03	-3.63225735640365E-08
0	0	-536	-3.46871117444395E-06	-1.90813958708781E-03	-3.50136911308464E-08
0	0	-535	-3.46837079563334E-06	-1.91068023539145E-03	-5.2995278768214E-08
0	0	-534	-3.46306090161402E-06	-1.91328142673868E-03	-5.15540360037363E-08
0	0	-533	-3.45735025326922E-06	-1.91592636139263E-03	-5.01676677006944E-08
0	0	-532	-3.45123885059896E-06	-1.91861503935329E-03	-4.88361738590884E-08
0	0	-531	-3.44472669360322E-06	-1.92134746062067E-03	-4.75595544789182E-08
0	0	-530	-3.437813782282E-06	-1.92412362519476E-03	-4.63378095601838E-08
0	0	-529	-3.43050011663532E-06	-1.92694353307557E-03	-4.51709391028852E-08
0	0	-528	-3.42278569666316E-06	-1.92980718426309E-03	-4.40589431070225E-08
0	0	-527	-3.41467052236553E-06	-1.93271457875733E-03	-4.30018215725955E-08
0	0	-526	-3.40615459374243E-06	-1.93566571655829E-03	-4.19995744996044E-08
0	0	-525	-3.4043805717231E-06	-1.93865253469932E-03	-5.81620110422248E-08
0	0	-524	-3.39723540289808E-06	-1.94169864823725E-03	-5.70301728574769E-08
0	0	-523	-3.3897228403943E-06	-1.94479049514404E-03	-5.595531411217E-08
0	0	-522	-3.38184288421175E-06	-1.94792807541969E-03	-5.4937434806304E-08
0	0	-521	-3.37359553435043E-06	-1.95111138906421E-03	-5.3976534939879E-08
0	0	-520	-3.36498079081035E-06	-1.95434043607758E-03	-5.30726145128948E-08
0	0	-519	-3.35599865359149E-06	-1.95761521645982E-03	-5.22256735253515E-08
0	0	-518	-3.34664912269387E-06	-1.96093573021092E-03	-5.14357119772493E-08
0	0	-517	-3.33693219811748E-06	-1.96430197733088E-03	-5.07027298685879E-08
0	0	-516	-3.33175881439884E-06	-1.96770414733406E-03	-6.54185409518451E-08
0	0	-515	-3.32288366259777E-06	-1.97116901120044E-03	-6.44923631787009E-08
0	0	-514	-3.31367514951412E-06	-1.97468192480159E-03	-6.36429654545699E-08
0	0	-513	-3.30413327514789E-06	-1.97824288813754E-03	-6.28703477794521E-08
0	0	-512	-3.29425803949909E-06	-1.98185190120826E-03	-6.21745101533475E-08
0	0	-511	-3.28404944256772E-06	-1.98550896401377E-03	-6.15554525762561E-08
0	0	-510	-3.27350748435377E-06	-1.98921407655406E-03	-6.10131750481778E-08
0	0	-509	-3.26263216485724E-06	-1.99296723882913E-03	-6.05476775691127E-08
0	0	-508	-3.25142348407814E-06	-1.99676845083899E-03	-6.01589601390608E-08
0	0	-507	-3.23988144201647E-06	-2.00061771258363E-03	-5.9847022758022E-08
0	0	-506	-3.23226710540204E-06	-2.00451021730351E-03	-7.21455062768069E-08
0	0	-505	-3.22098701078945E-06	-2.00846474774532E-03	-7.15015452848071E-08
0	0	-504	-3.20935742006012E-06	-2.01247004394921E-03	-7.09333534851354E-08
0	0	-503	-3.19737833321405E-06	-2.0165261059152E-03	-7.04409308777919E-08
0	0	-502	-3.18504975025124E-06	-2.02063293364327E-03	-7.00242774627765E-08
0	0	-501	-3.1723716711717E-06	-2.02479052713343E-03	-6.96833932400892E-08
0	0	-500	-3.15934409597543E-06	-2.02899888638568E-03	-6.94182782097301E-08
0	0	-499	-3.14596702466242E-06	-2.03325801140002E-03	-6.92289323716991E-08
0	0	-498	-3.13224045723267E-06	-2.03756790217645E-03	-6.91153557259963E-08
0	0	-497	-3.12160637594272E-06	-2.04192072540188E-03	-8.03380952779262E-08
0	0	-496	-3.10799993102917E-06	-2.04634054563086E-03	-7.97692125125974E-08
0	0	-495	-3.09397843654999E-06	-2.05081424733534E-03	-7.92779927306598E-08
0	0	-494	-3.0795418925052E-06	-2.05534183051529E-03	-7.88644359321137E-08
0	0	-493	-3.06469029889479E-06	-2.05992329517073E-03	-7.8528542116959E-08
0	0	-492	-3.04942365571876E-06	-2.06455864130166E-03	-7.82703112851956E-08
0	0	-491	-3.03374196297712E-06	-2.06924786890807E-03	-7.80897434368236E-08
0	0	-490	-3.01764522066986E-06	-2.07399097798997E-03	-7.7986838571843E-08
0	0	-489	-3.00113342879698E-06	-2.07878796854735E-03	-7.79615966902538E-08
0	0	-488	-2.98420658735849E-06	-2.08363884058021E-03	-7.80140177920559E-08
0	0	-487	-2.97060013287072E-06	-2.08853981995089E-03	-8.77815676058831E-08
0	0	-486	-2.95375034969789E-06	-2.09350916288106E-03	-8.73918855001472E-08
0	0	-485	-2.93640071198069E-06	-2.09853594493591E-03	-8.70751377427935E-08
0	0	-484	-2.91855121971912E-06	-2.10362016611542E-03	-8.6831324333822E-08
0	0	-483	-2.9002018729132E-06	-2.1087618264196E-03	-8.66604452732325E-08
0	0	-482	-2.88135267156292E-06	-2.11396092584845E-03	-8.65625005610253E-08
0	0	-481	-2.86200361566827E-06	-2.11921746440197E-03	-8.65374901972002E-08
0	0	-480	-2.84215470522927E-06	-2.12453144208016E-03	-8.65854141817572E-08
0	0	-479	-2.8218059402459E-06	-2.12990285888301E-03	-8.67062725146964E-08
0	0	-478	-2.80386416659649E-06	-2.13532401072372E-03	-9.53121741221761E-08
0	0	-477	-2.78355188552517E-06	-2.14081981157401E-03	-9.51300533986458E-08
0	0	-476	-2.76266239231596E-06	-2.14637708456465E-03	-9.50112428316011E-08
0	0	-475	-2.74119568696889E-06	-2.15199582969565E-03	-9.49557424210422E-08
0	0	-474	-2.71915176948395E-06	-2.15767604696701E-03	-9.49635521669689E-08
0	0	-473	-2.69653063986113E-06	-2.16341773637873E-03	-9.50346720693813E-08
0	0	-472	-2.67333229810044E-06	-2.1692208979308E-03	-9.51691021282795E-08
0	0	-471	-2.64955674420188E-06	-2.17508553162323E-03	-9.53668423436633E-08
0	0	-470	-2.62520397816545E-06	-2.18101163745602E-03	-9.56278927155328E-08
0	0	-469	-2.60027399999115E-06	-2.18699921542917E-03	-9.5952253243888E-08
0	0	-468	-2.5773968410725E-06	-2.19304555468394E-03	-1.02752248601825E-07
0	0	-467	-2.55213300602312E-06	-2.19916859008801E-03	-1.02960935005027E-07
0	0	-466	-2.52623919585951E-06	-2.20535765066741E-03	-1.03226457077003E-07
0	0	-465	-2.49971541058168E-06	-2.21161273642213E-03	-1.03548814817754E-07
0	0	-464	-2.47256165018961E-06	-2.21793384735219E-03	-1.0392800822728E-07
0	0	-463	-2.44477791468332E-06	-2.22432098345758E-03	-1.0436403730558E-07
0	0	-462	-2.4163642040628E-06	-2.23077414473829E-03	-1.04856902052656E-07
0	0	-461	-2.38732051832806E-06	-2.23729333119434E-03	-1.05406602468506E-07
0	0	-460	-2.35764685747908E-06	-2.24387854282572E-03	-1.06013138553131E-07
0	0	-459	-2.32842600400949E-06	-2.25052352948467E-03	-1.10764017237789E-07
0	0	-458	-2.29774776951448E-06	-2.25725192388939E-03	-1.1140606276858E-07
0	0	-457	-2.26640166147351E-06	-2.26405148421432E-03	-1.12104029416879E-07
0	0	-456	-2.23438767988659E-06	-2.27092221045947E-03	-1.12857917182687E-07
0	0	-455	-2.20170582475371E-06	-2.27786410262482E-03	-1.13667726066002E-07
0	0	-454	-2.16835609607488E-06	-2.28487716071039E-03	-1.14533456066826E-07
0	0	-453	-2.1343384938501E-06	-2.29196138471617E-03	-1.15455107185158E-07
0	0	-452	-2.09965301807936E-06	-2.29911677464216E-03	-1.16432679420999E-07
0	0	-451	-2.06429966876266E-06	-2.30634333048836E-03	-1.17466172774347E-07
0	0	-450	-2.02827844590001E-06	-2.31364105225477E-03	-1.18555587245204E-07
0	0	-449	-1.99111537980195E-06	-2.3210104045947E-03	-1.20953109931535E-07
0	0	-448	-1.95312290942734E-06	-2.32846546948511E-03	-1.22118486230627E-07
0	0	-447	-1.91440568947772E-06	-2.33599750378103E-03	-1.23342881999321E-07
0	0	-446	-1.87496371995309E-06	-2.34360650748245E-03	-1.24626297237616E-07
0	0	-445	-1.83479700085344E-06	-2.35129248058937E-03	-1.25968731945513E-07
0	0	-444	-1.79390553217878E-06	-2.35905542310179E-03	-1.27370186123012E-07
0	0	-443	-1.75228931392912E-06	-2.36689533501972E-03	-1.28830659770112E-07
0	0	-442	-1.70994834610443E-06	-2.37481221634315E-03	-1.30350152886814E-07
0	0	-441	-1.66688262870474E-06	-2.38280606707208E-03	-1.31928665473118E-07
0	0	-440	-1.62309216173003E-06	-2.39087688720652E-03	-1.33566197529024E-07
0	0	-439	-1.57596961253349E-06	-2.39903407454707E-03	-1.3373430752048E-07
0	0	-438	-1.52918946861543E-06	-2.40727843393678E-03	-1.35378073591722E-07
0	0	-437	-1.48156820270486E-06	-2.41560630137334E-03	-1.3708637784506E-07
0	0	-436	-1.43310581480177E-06	-2.42401767685676E-03	-1.38859220280493E-07
0	0	-435	-1.38380230490617E-06	-2.43251256038704E-03	-1.40696600898023E-07
0	0	-434	-1.33365767301806E-06	-2.44109095196417E-03	-1.4259851969765E-07
0	0	-433	-1.28267191913743E-06	-2.44975285158816E-03	-1.44564976679372E-07
0	0	-432	-1.23084504326429E-06	-0.002458498259259	-1.46595971843191E-07
0	0	-431	-1.17817704539864E-06	-2.4673271749767E-03	-1.48691505189106E-07
0	0	-430	-1.12209572314025E-06	-2.47624245877618E-03	-1.47169670963077E-07
0	0	-429	-1.06574871043368E-06	-2.48525597359796E-03	-1.49134776940786E-07
0	0	-428	-1.0083542789304E-06	-2.49436033616097E-03	-1.51167638423222E-07
0	0	-427	-9.49912428630407E-07	-2.5035555464652E-03	-1.53268255410384E-07
0	0	-426	-8.90423159533702E-07	-2.51284160451068E-03	-1.55436627902272E-07
0	0	-425	-8.29886471640285E-07	-2.52221851029738E-03	-1.57672755898887E-07
0	0	-424	-7.68302364950157E-07	-2.53168626382531E-03	-1.59976639400228E-07
0	0	-423	-7.05670839463317E-07	-2.54124486509448E-03	-1.62348278406295E-07
0	0	-422	-6.41991895179771E-07	-2.55089431410488E-03	-1.64787672917088E-07
0	0	-421	-5.77265532099509E-07	-2.56063461085651E-03	-1.67294822932607E-07
0	0	-420	-5.08016452613387E-07	-2.5704767344308E-03	-1.64567525859593E-07
0	0	-419	-4.39008411010328E-07	-2.58042156699075E-03	-1.66842683521241E-07
0	0	-418	-3.68649445091383E-07	-2.59046544455976E-03	-1.69182469805316E-07
0	0	-417	-2.96939554856553E-07	-2.60060836713781E-03	-1.71586884711818E-07
0	0	-416	-2.23878740305841E-07	-2.61085033472492E-03	-1.74055928240748E-07
0	0	-415	-1.49467001439239E-07	-2.62119134732108E-03	-1.76589600392105E-07
0	0	-414	-7.37043382567507E-08	-2.63163140492629E-03	-1.7918790116589E-07
0	0	-413	3.40924924161785E-09	-2.64217050754055E-03	-1.81850830562102E-07
0	0	-412	8.1873761055878E-08	-2.65280865516387E-03	-1.84578388580742E-07
0	0	-411	1.63690557929645E-07	-2.66354743807094E-03	-1.81508046122403E-07
0	0	-410	2.46566322495559E-07	-2.67440348960103E-03	-1.84022909125005E-07
0	0	-409	3.31180549143567E-07	-2.68536769112536E-03	-1.8659416152228E-07
0	0	-408	4.17533237873669E-07	-2.69644004264393E-03	-1.89221803314228E-07
0	0	-407	5.05624388685865E-07	-2.70762054415673E-03	-1.91905834500849E-07
0	0	-406	5.95454001580155E-07	-2.71890919566377E-03	-1.94646255082142E-07
0	0	-405	6.87022076556531E-07	-2.73030599716504E-03	-1.97443065058108E-07
0	0	-404	7.80328613615009E-07	-2.74181094866055E-03	-2.00296264428747E-07
0	0	-403	8.7537361275558E-07	-2.7534240501503E-03	-2.03205853194059E-07
0	0	-402	9.72157073978245E-07	-2.76514530163429E-03	-2.06171831354044E-07
0	0	-401	1.07287690082823E-06	-2.77698412134788E-03	-2.02757521011393E-07
0	0	-400	1.17468821517088E-06	-2.7889475019321E-03	-2.05654233449333E-07
0	0	-399	1.27869413969612E-06	-2.80102908356035E-03	-2.08596634468885E-07
0	0	-398	1.38489467440395E-06	-2.8132288662326E-03	-2.11584724070047E-07
0	0	-397	1.49328981929439E-06	-2.82554684994888E-03	-2.14618502252821E-07
0	0	-396	1.60387957436742E-06	-2.83798303470917E-03	-2.17697969017207E-07
0	0	-395	1.71666393962305E-06	-2.85053742051348E-03	-2.20823124363204E-07
0	0	-394	1.83164291506127E-06	-2.8632100073618E-03	-2.23993968290812E-07
0	0	-393	1.94881650068209E-06	-2.87600079525414E-03	-2.27210500800031E-07
0	0	-392	2.06983849257277E-06	-2.88890898328756E-03	-2.23511357335143E-07
0	0	-391	2.19255701287543E-06	-2.90195786414365E-03	-2.26884047665225E-07
0	0	-390	2.31799466170029E-06	-2.9151359603571E-03	-2.30296452769121E-07
0	0	-389	2.44615143904732E-06	-2.92844327192791E-03	-2.33748572646832E-07
0	0	-388	2.57702734491653E-06	-2.94187979885607E-03	-2.37240407298358E-07
0	0	-387	2.71062237930792E-06	-2.9554455411416E-03	-2.40771956723697E-07
0	0	-386	2.8469365422215E-06	-2.96914049878448E-03	-2.44343220922851E-07
0	0	-385	2.98596983365725E-06	-2.98296467178472E-03	-2.47954199895819E-07
0	0	-384	3.12772225361518E-06	-2.99691806014231E-03	-2.51604893642601E-07
0	0	-383	3.27219380209529E-06	-3.01100066385726E-03	-2.55295302163197E-07
0	0	-382	3.4222369398705E-06	-3.02522097449318E-03	-2.5116662093974E-07
0	0	-381	3.57380311774964E-06	-3.03959034722773E-03	-2.55205309583369E-07
0	0	-380	3.72870568040868E-06	-3.05410088976416E-03	-2.59291272960147E-07
0	0	-379	3.88694462784762E-06	-3.06875260210246E-03	-2.63424511070072E-07
0	0	-378	4.04851996006645E-06	-3.08354548424263E-03	-2.67605023913146E-07
0	0	-377	4.21343167706517E-06	-3.09847953618468E-03	-2.71832811489369E-07
0	0	-376	4.38167977884378E-06	-3.1135547579286E-03	-2.76107873798739E-07
0	0	-375	4.55326426540229E-06	-3.1287711494744E-03	-2.80430210841258E-07
0	0	-374	4.72818513674071E-06	-3.14412871082207E-03	-2.84799822616925E-07
0	0	-373	4.90644239285901E-06	-3.15962744197162E-03	-2.89216709125741E-07
0	0	-372	5.09311861482416E-06	-3.17528926738963E-03	-2.84270044654383E-07
0	0	-371	5.28070290177434E-06	-3.19110570104348E-03	-2.89122836114572E-07
0	0	-370	5.47239641544118E-06	-3.20707610958696E-03	-2.94037847056773E-07
0	0	-369	5.66819915582468E-06	-3.22320049302009E-03	-2.99015077480988E-07
0	0	-368	5.86811112292485E-06	-3.23947885134287E-03	-3.04054527387217E-07
0	0	-367	6.07213231674169E-06	-3.25591118455529E-03	-3.09156196775459E-07
0	0	-366	6.2802627372752E-06	-3.27249749265736E-03	-3.14320085645714E-07
0	0	-365	6.49250238452537E-06	-3.28923777564908E-03	-3.19546193997983E-07
0	0	-364	6.70885125849221E-06	-3.30613203353043E-03	-3.24834521832266E-07
0	0	-363	6.93433374451345E-06	-3.32318996810573E-03	-3.18738767554643E-07
0	0	-362	7.16181458838669E-06	-3.34042081632679E-03	-3.24373662303706E-07
0	0	-361	7.39446666650158E-06	-3.35781909445276E-03	-3.30068432748673E-07
0	0	-360	7.63228997885809E-06	-3.37538480248365E-03	-3.35823078889542E-07
0	0	-359	7.87528452545622E-06	-3.39311794041945E-03	-3.41637600726314E-07
0	0	-358	8.12345030629598E-06	-3.41101850826016E-03	-3.47511998258988E-07
0	0	-357	8.37678732137737E-06	-3.42908650600579E-03	-3.53446271487565E-07
0	0	-356	8.63529557070037E-06	-3.44732193365632E-03	-3.59440420412045E-07
0	0	-355	8.89897505426499E-06	-3.46572479121177E-03	-3.65494445032427E-07
0	0	-354	9.16782577207125E-06	-3.48429507867213E-03	-3.71608345348712E-07
0	0	-353	9.44774155852552E-06	-3.50305326556357E-03	-3.66767055545927E-07
0	0	-352	9.7303047330157E-06	-3.52199192271341E-03	-3.73050445878194E-07
0	0	-351	1.0019486109598E-05	-3.54111166059966E-03	-3.79413904206511E-07
0	0	-350	1.03152856882724E-05	-3.56041247922235E-03	-3.8585743053088E-07
0	0	-349	1.0617703469039E-05	-3.57989437858147E-03	-3.92381024851299E-07
0	0	-348	1.09267394518977E-05	-3.59955735867701E-03	-3.98984687167769E-07
0	0	-347	1.12423936368486E-05	-3.61940141950898E-03	-4.05668417480289E-07
0	0	-346	1.15646660238915E-05	-3.63942656107738E-03	-4.1243221578886E-07
0	0	-345	1.18935566130266E-05	-3.65963278338221E-03	-4.19276082093481E-07
0	0	-344	1.22331750518277E-05	-3.68002757061911E-03	-4.16180504291828E-07
0	0	-343	1.2576817871677E-05	-3.70061812988806E-03	-4.23095312890782E-07
0	0	-342	1.29289726785064E-05	-3.72140288866153E-03	-4.30124124516076E-07
0	0	-341	1.32896394723161E-05	-3.74238184693952E-03	-4.3726693916771E-07
0	0	-340	1.36588182531059E-05	-3.76355500472205E-03	-4.44523756845684E-07
0	0	-339	1.40365090208759E-05	-3.7849223620091E-03	-4.51894577549997E-07
0	0	-338	1.44227117756261E-05	-3.80648391880068E-03	-4.5937940128065E-07
0	0	-337	1.48174265173565E-05	-3.82823967509678E-03	-4.66978228037643E-07
0	0	-336	1.5220653246067E-05	-3.85018963089742E-03	-4.74691057820976E-07
0	0	-335	1.56323919617578E-05	-3.87233378620258E-03	-4.82517890630648E-07
0	0	-334	1.60558726243408E-05	-3.89468465482266E-03	-4.80009835321186E-07
0	0	-333	1.64857879349373E-05	-3.91723672093607E-03	-4.87984628329357E-07
0	0	-332	1.69267218731645E-05	-3.93999441042013E-03	-4.96064710231684E-07
0	0	-331	1.73786744390225E-05	-3.96295772327483E-03	-5.04250081028168E-07
0	0	-330	1.78416456325112E-05	-3.98612665950018E-03	-5.12540740718806E-07
0	0	-329	1.83156354536305E-05	-4.00950121909616E-03	-5.20936689303601E-07
0	0	-328	1.88006439023806E-05	-4.03308140206279E-03	-5.29437926782552E-07
0	0	-327	1.92966709787614E-05	-4.05686720840006E-03	-5.38044453155658E-07
0	0	-326	1.98037166827729E-05	-4.08085863810798E-03	-5.4675626842292E-07
0	0	-325	2.03245338245775E-05	-4.10506286689097E-03	-5.45909246702925E-07
0	0	-324	2.08506598881494E-05	-4.1294651822639E-03	-5.55043430320787E-07
0	0	-323	2.13910629484367E-05	-4.15408081625127E-03	-5.64279900047868E-07
0	0	-322	2.19457430054391E-05	-4.17890976885309E-03	-5.73618655884168E-07
0	0	-321	2.25147000591568E-05	-4.20395204006937E-03	-5.83059697829686E-07
0	0	-320	2.30979341095898E-05	-4.22920762990009E-03	-5.92603025884424E-07
0	0	-319	2.3695445156738E-05	-4.25467653834526E-03	-6.0224864004838E-07
0	0	-318	2.43072332006015E-05	-4.28035876540488E-03	-6.11996540321555E-07
0	0	-317	2.49332982411802E-05	-4.30625431107895E-03	-6.2184672670395E-07
0	0	-316	2.55736402784741E-05	-4.33236317536747E-03	-6.31799199195563E-07
0	0	-315	2.62279047952023E-05	-4.35868497978117E-03	-6.31782017881824E-07
0	0	-314	2.68925475573737E-05	-4.38519830230758E-03	-6.42774475350978E-07
0	0	-313	2.75757841393369E-05	-4.41192585705464E-03	-6.53794165148812E-07
0	0	-312	2.82776145410918E-05	-4.43886764402234E-03	-6.64841087275326E-07
0	0	-311	2.89980387626385E-05	-4.46602366321069E-03	-6.75915241730519E-07
0	0	-310	2.9737056803977E-05	-4.49339391461969E-03	-6.87016628514393E-07
0	0	-309	3.04946686651072E-05	-4.52097839824933E-03	-6.98145247626948E-07
0	0	-308	3.12708743460292E-05	-4.54877711409962E-03	-7.09301099068182E-07
0	0	-307	3.20656738467429E-05	-4.57679006217055E-03	-7.20484182838097E-07
0	0	-306	3.28774594644441E-05	-4.60502807374837E-03	-7.54612708773548E-07
0	0	-305	3.37176619992071E-05	-4.6334320403118E-03	-7.37085774507982E-07
0	0	-304	3.4578909406094E-05	-4.66203614596367E-03	-7.49818968356484E-07
0	0	-303	3.5461201685106E-05	-4.69084039070397E-03	-7.62642042216594E-07
0	0	-302	3.6364538836243E-05	-4.71984477453273E-03	-7.75554996088131E-07
0	0	-301	3.72889208595051E-05	-4.74904929744995E-03	-7.88557829971093E-07
0	0	-300	3.82343477548921E-05	-4.7784539594556E-03	-8.01650543865666E-07
0	0	-299	3.92008195224042E-05	-4.80805876054971E-03	-8.14833137771602E-07
0	0	-298	4.01883361620413E-05	-4.83786370073227E-03	-8.2810561168915E-07
0	0	-297	4.11968976738035E-05	-4.86786878000328E-03	-8.41467965618059E-07
0	0	-296	4.21768102894604E-05	-4.89800780777067E-03	-8.46032606228521E-07
0	0	-295	4.32493576069094E-05	-4.9283230686631E-03	-8.61869386419928E-07
0	0	-294	4.43498935211592E-05	-4.95880743086009E-03	-8.77766637052749E-07
0	0	-293	4.547841803221E-05	-4.98946089436161E-03	-8.93724358126984E-07
0	0	-292	4.66349311400617E-05	-5.02028345916769E-03	-9.09742549642633E-07
0	0	-291	4.78194328447143E-05	-5.05127512527831E-03	-9.25821211599696E-07
0	0	-290	4.90319231461679E-05	-5.08243589269348E-03	-9.41960343998172E-07
0	0	-289	5.02724020444223E-05	-5.1137657614132E-03	-9.58159946838062E-07
0	0	-288	5.15408695394776E-05	-5.14526473143746E-03	-9.74420020119365E-07
0	0	-287	5.28373256313339E-05	-5.17693280276627E-03	-9.90740563842083E-07
0	0	-286	5.40864396012344E-05	-5.20857892658517E-03	-9.94371891071827E-07
0	0	-285	5.54654129895443E-05	-5.24037304057242E-03	-1.01441415443205E-06
0	0	-284	5.68817975134505E-05	-5.27227310047053E-03	-1.03438506194076E-06
0	0	-283	5.83355931729532E-05	-5.30427910627952E-03	-1.05428461359796E-06
0	0	-282	5.98267999680522E-05	-5.33639105799937E-03	-1.07411280940364E-06
0	0	-281	6.13554178987478E-05	-5.36860895563009E-03	-1.09386964935781E-06
0	0	-280	6.29214469650397E-05	-5.40093279917168E-03	-1.11355513346047E-06
0	0	-279	6.4524887166928E-05	-5.43336258862413E-03	-1.1331692617116E-06
0	0	-278	6.61657385044128E-05	-5.46589832398745E-03	-1.15271203411123E-06
0	0	-277	6.77076345858874E-05	-5.49837444059056E-03	-1.15619938821755E-06
0	0	-276	6.94420723734953E-05	-5.53080148473941E-03	-1.18324601847482E-06
0	0	-275	7.1227806406106E-05	-5.56321977333952E-03	-1.21028874486708E-06
0	0	-274	7.30648366837193E-05	-5.59562930639091E-03	-1.23732756739433E-06
0	0	-273	7.49531632063353E-05	-5.62803008389355E-03	-1.26436248605658E-06
0	0	-272	7.68927859739541E-05	-5.66042210584748E-03	-1.29139350085382E-06
0	0	-271	7.88837049865756E-05	-5.69280537225267E-03	-1.31842061178605E-06
0	0	-270	8.09259202441998E-05	-5.72517988310912E-03	-1.34544381885328E-06
0	0	-269	8.30194317468266E-05	-5.75754563841685E-03	-1.3724631220555E-06
0	0	-268	8.51642394944562E-05	-5.78990263817585E-03	-1.39947852139271E-06
0	0	-267	8.65923017247107E-05	-5.82161615813653E-03	-1.40952214570185E-06
0	0	-266	8.93352490764274E-05	-5.85371492141592E-03	-1.43442540187599E-06
0	0	-265	9.14875016228887E-05	-5.88550075163133E-03	-1.45989542143555E-06
0	0	-264	9.37432709295495E-05	-5.91697217970062E-03	-1.48592062895646E-06
0	0	-263	9.61025569964098E-05	-5.94812920562379E-03	-1.51250102443873E-06
0	0	-262	9.85653598234697E-05	-5.97897182940085E-03	-1.53963660788231E-06
0	0	-261	1.01131679410729E-04	-6.00950005103178E-03	-1.56732737928791E-06
0	0	-260	1.03801515758188E-04	-6.03971387051659E-03	-1.59557333865421E-06
0	0	-259	1.06574868865846E-04	-6.06961328785528E-03	-1.62437448598187E-06
0	0	-258	1.09484759065394E-04	-6.09916474417556E-03	-1.64663432838724E-06
0	0	-257	1.1228594421526E-04	-6.12837134261526E-03	-1.6800142575183E-06
0	0	-256	1.15191343514474E-04	-6.15701911002888E-03	-1.71425311221254E-06
0	0	-255	1.18200956963036E-04	-6.18510804641643E-03	-1.74935089247124E-06
0	0	-254	1.21314784560946E-04	-6.21263815177791E-03	-1.78530759829556E-06
0	0	-253	1.24519627400988E-04	-6.23957673979019E-03	-1.80636095915989E-06
0	0	-252	1.27797810811616E-04	-6.26586581765102E-03	-1.85517336316688E-06
0	0	-251	1.31173367178878E-04	-6.29142483342442E-03	-1.86951687425742E-06
0	0	-250	1.34647920867962E-04	-6.3162511301559E-03	-1.91863627977718E-06
0	0	-249	1.38228807437677E-04	-6.34024669014316E-03	-1.94255583556454E-06
0	0	-248	1.4191060715432E-04	-6.36335522270805E-03	-1.96083689449004E-06
0	0	-247	1.4573544281006E-04	-6.38543917046457E-03	-2.14923330204932E-06
0	0	-246	1.49541244779795E-04	-6.40665905374642E-03	-2.00324623578439E-06
0	0	-245	1.53529036392279E-04	-6.42674458661264E-03	-2.12704107163141E-06
0	0	-244	1.57658589067754E-04	-6.44556774930528E-03	-2.02307708708549E-06
0	0	-243	1.61932103698807E-04	-6.46324309323547E-03	-2.42789422176776E-06
0	0	-242	1.66342704353282E-04	-6.47961953696186E-03	-2.11068268551723E-06
0	0	-241	1.70815988934857E-04	-6.49457381118159E-03	-2.25591809716532E-06
0	0	-240	1.75691391720431E-04	-6.50778541254248E-03	-2.73948393427834E-06
0	0	-239	1.80110806105003E-04	-6.51986675000512E-03	-2.42159825209163E-06
0	0	-238	1.85070492394452E-04	-6.53001033230873E-03	-2.4088078409079E-06
0	0	-237	1.90127707202018E-04	-6.53833334671531E-03	-2.44034741382972E-06
0	0	-236	1.95310301790855E-04	-6.54478691114428E-03	-2.47681179086386E-06
0	0	-235	2.00644445919068E-04	-6.54914950513162E-03	-2.52894251544215E-06
0	0	-234	2.06189992804939E-04	-6.55141116730012E-03	-2.60581370013574E-06
0	0	-233	2.11890515960772E-04	-6.55131018848547E-03	-2.66135335353414E-06
0	0	-232	2.17786099707096E-04	-6.54875368739841E-03	-2.67504349272406E-06
0	0	-231	2.23797725072148E-04	-6.54375853555429E-03	-2.80143798686627E-06
0	0	-230	2.30012673546672E-04	-6.53592980526017E-03	-2.82258307502969E-06
0	0	-229	2.36439921078934E-04	-6.52515424336523E-03	-2.88893752695043E-06
0	0	-228	2.43044854207758E-04	-6.51139633540904E-03	-2.99111489513132E-06
0	0	-227	2.49870874432501E-04	-6.49431223715051E-03	-3.09120387333426E-06
0	0	-226	2.56958610764806E-04	-6.47390658619268E-03	-3.29998235368131E-06
0	0	-225	2.64180116729594E-04	-6.44970813345872E-03	-3.19805328141692E-06
0	0	-224	2.71586938931956E-04	-6.42161754805437E-03	-3.26217322896289E-06
0	0	-223	2.79371854655846E-04	-6.38953124364121E-03	-3.36823981692584E-06
0	0	-222	2.87323159738926E-04	-6.35318180363935E-03	-3.44175812638652E-06
0	0	-221	2.95545128564839E-04	-6.31217616220779E-03	-3.48305621000496E-06
0	0	-220	3.04017902431269E-04	-6.2664685052202E-03	-3.64329230657587E-06
0	0	-219	3.12756045619752E-04	-6.21557419726468E-03	-3.65021761027276E-06
0	0	-218	3.21805376409941E-04	-6.15925672285587E-03	-3.78674044023837E-06
0	0	-217	3.31118098295828E-04	-6.09732155595689E-03	-3.85684630106376E-06
0	0	-216	3.40732871707947E-04	-6.02931954135348E-03	-3.90978289934355E-06
0	0	-215	3.50695481284141E-04	-5.95498297418917E-03	-3.96661134354798E-06
0	0	-214	3.60900562786609E-04	-5.87388690269344E-03	-4.14602250712628E-06
0	0	-213	3.71527122144588E-04	-5.78562973491542E-03	-4.25555030478485E-06
0	0	-212	3.82469026074064E-04	-5.68990303061601E-03	-4.27897781851376E-06
0	0	-211	3.93749703616996E-04	-5.58620570031837E-03	-4.39510940539008E-06
0	0	-210	4.05433422749916E-04	-5.4741923158586E-03	-4.55036174675874E-06
0	0	-209	4.17487924330122E-04	-5.35324419384804E-03	-4.61484997535546E-06
0	0	-208	4.29990221232907E-04	-5.22312845728426E-03	-4.78239543769543E-06
0	0	-207	4.42849254199824E-04	-5.08292461166329E-03	-4.86906436085845E-06
0	0	-206	4.56126500649034E-04	-4.93246589055119E-03	-5.11325108793182E-06
0	0	-205	4.69955048266276E-04	-4.77083858988158E-03	-5.1499247381372E-06
0	0	-204	4.8416677900701E-04	-4.59758121353064E-03	-5.19299087567347E-06
0	0	-203	4.98961015738345E-04	-4.41214358821998E-03	-5.36383582098231E-06
0	0	-202	5.14126728281531E-04	-4.21369399633375E-03	-5.47788448621688E-06
0	0	-201	5.29851979479707E-04	-4.00134358632664E-03	-5.58807373594219E-06
0	0	-200	5.46149122799329E-04	-3.77452817256342E-03	-5.63405840081679E-06
0	0	-199	5.62877376856902E-04	-3.53256457312023E-03	-5.84824449394352E-06
0	0	-198	5.80393083622471E-04	-3.27463235637954E-03	-6.54271379725231E-06
0	0	-197	5.98371529558431E-04	-2.99921756598745E-03	-6.12145502482684E-06
0	0	-196	6.17033296771704E-04	-2.70574987462648E-03	-6.298572323731E-06
0	0	-195	6.36356527268992E-04	-2.39339192604125E-03	-6.32725746799216E-06
0	0	-194	6.56236655062878E-04	-2.06102196048993E-03	-6.60678283116082E-06
0	0	-193	6.7697398182042E-04	-1.70704778812637E-03	-6.76439601905045E-06
0	0	-192	6.98339904311073E-04	-1.33087109625539E-03	-6.98397130443345E-06
0	0	-191	7.20432860012141E-04	-9.30629675631324E-04	-7.13105764142813E-06
0	0	-190	7.43392040155728E-04	-5.05575255681267E-04	-7.4020613696981E-06
0	0	-189	7.6717990995312E-04	-5.39928698252682E-05	-7.44830214606938E-06
0	0	-188	7.91840236509117E-04	4.25953619263784E-04	-7.70433114805789E-06
0	0	-187	8.17287137613287E-04	9.35155286615411E-04	-7.84180456403368E-06
0	0	-186	8.43677015665773E-04	1.47565841947834E-03	-8.11323542254663E-06
0	0	-185	8.70952967043011E-04	2.04969291606139E-03	-8.30546773416334E-06
0	0	-184	8.99324836174596E-04	2.65816326617516E-03	-8.39142617801764E-06
0	0	-183	9.28696006627892E-04	3.30422609451798E-03	-8.75496302637602E-06
0	0	-182	9.59141128340011E-04	3.98843410520595E-03	-9.06789252321923E-06
0	0	-181	9.90597479562326E-04	4.71490741953396E-03	-9.34797671309748E-06
0	0	-180	1.02323039856433E-03	5.48440441012926E-03	-9.46851820420814E-06
0	0	-179	1.05713387045021E-03	6.3007888979203E-03	-9.75409195157781E-06
0	0	-178	1.09200901760134E-03	7.16531934066574E-03	-9.87419495157541E-06
0	0	-177	1.12859711901163E-03	8.08163051754907E-03	-1.02072711629869E-05
0	0	-176	1.16626654407491E-03	9.05311923261918E-03	-1.04257260266458E-05
0	0	-175	1.20536630444895E-03	1.00815337050415E-02	-1.07705073886224E-05
0	0	-174	1.24593537597432E-03	1.11720571738324E-02	-1.11357516923411E-05
0	0	-173	1.28771358402849E-03	1.23263151178924E-02	-1.12988703477998E-05
0	0	-172	1.33175143164598E-03	1.35484694630126E-02	-1.16057372123836E-05
0	0	-171	1.37666460539571E-03	1.48438356037761E-02	-1.18586484521698E-05
0	0	-170	1.42343780200169E-03	1.62145825431012E-02	-1.23815320173844E-05
0	0	-169	1.47224328239705E-03	1.76672490593793E-02	-1.27364193392022E-05
0	0	-168	1.52247153538484E-03	1.92042596153781E-02	-1.29327617770593E-05
0	0	-167	1.57450971485597E-03	0.020831283991939	-1.33389128839878E-05
0	0	-166	1.6290019845309E-03	2.25551804106148E-02	-1.37786389935047E-05
0	0	-165	1.68498084717216E-03	0.024378996305036	-1.4407265523914E-05
0	0	-164	1.74314444086507E-03	2.63089739713225E-02	-1.44484344262018E-05
0	0	-163	1.80374869602251E-03	2.83536428537994E-02	-1.47087702976833E-05
0	0	-162	1.86567911492595E-03	3.05157786830739E-02	-1.55485101025049E-05
0	0	-161	1.93101577628301E-03	3.28040765826804E-02	-1.58253742817481E-05
0	0	-160	1.9981791626554E-03	3.52276557495893E-02	-1.60076684836168E-05
0	0	-159	2.06740956953852E-03	3.77898902605515E-02	-1.6707727357679E-05
0	0	-158	2.14017919349258E-03	4.05034064418638E-02	-1.70736583309579E-05
0	0	-157	2.21471492413841E-03	4.33714924781487E-02	-1.77123504651198E-05
0	0	-156	2.29149976204601E-03	4.64089487826735E-02	-1.82649111601052E-05
0	0	-155	2.37273493149863E-03	4.96194782727334E-02	-1.86594251519541E-05
0	0	-154	2.45522051344661E-03	5.30185046901556E-02	-1.92942032880547E-05
0	0	-153	2.54136755990867E-03	5.66106137427006E-02	-1.98021959538108E-05
0	0	-152	2.6304291541793E-03	6.04133218209731E-02	-2.04146801339135E-05
0	0	-151	2.72209479613022E-03	6.44305164603804E-02	-2.10894226217865E-05
0	0	-150	0.002817556153375	6.86834397559028E-02	-2.15890973488511E-05
0	0	-149	2.91631153153337E-03	7.31757625934397E-02	-2.21682762925299E-05
0	0	-148	3.01728498711147E-03	7.79304871441118E-02	-2.26989086796143E-05
0	0	-147	3.12285378125172E-03	0.082953110536305	-2.35874073463783E-05
0	0	-146	3.23141861158077E-03	8.82670727679264E-02	-2.42183492110518E-05
0	0	-145	3.34295389213698E-03	9.38797093883249E-02	-2.44449385877085E-05
0	0	-144	3.45826656541703E-03	9.98130741132381E-02	-2.52611466015904E-05
0	0	-143	3.57810979690411E-03	0.106088610434445	-2.58588116511341E-05
0	0	-142	3.70023463774508E-03	0.112715458123886	-2.69474253875429E-05
0	0	-141	3.8257524941845E-03	0.119724574155608	-2.78949913000259E-05
0	0	-140	3.95628637549594E-03	0.127127343536126	-2.76081144939115E-05
0	0	-139	4.08943560846256E-03	0.134949993425977	-2.85539888799393E-05
0	0	-138	4.22691049159886E-03	0.143222660496605	-2.92567150449569E-05
0	0	-137	4.36679572850169E-03	0.151959195728544	-2.9785521086306E-05
0	0	-136	4.51151724212132E-03	0.161192485782582	-3.04338359753784E-05
0	0	-135	4.65571118318132E-03	0.170959594797033	-3.11020831224686E-05
0	0	-134	4.80864143777982E-03	0.181276283416069	-3.14586881843803E-05
0	0	-133	4.96059903128777E-03	0.192193313966191	-3.25261506595071E-05
0	0	-132	5.12001550253207E-03	0.203731993319678	-3.31369330211145E-05
0	0	-131	5.27397787958605E-03	0.215937975836435	-3.38408729992713E-05
0	0	-130	5.43840086754245E-03	0.2288667481232	-3.46847008411026E-05
0	0	-129	5.59874617804456E-03	0.242545377230305	-3.53655631908863E-05
0	0	-128	5.76203499028375E-03	0.257037365142612	-3.61460007279231E-05
0	0	-127	5.92618314445924E-03	0.27240937021427	-3.70100899905109E-05
0	0	-126	6.09470267117781E-03	0.288710173724654	-3.81344937230231E-05
0	0	-125	6.25872854666194E-03	0.306003390175807	-3.92187662564508E-05
0	0	-124	6.42132870745887E-03	0.324412203549782	-4.02487030167389E-05
0	0	-123	6.58857392059443E-03	0.343973106800173	-4.06472826647641E-05
0	0	-122	6.74661629372623E-03	0.364802402375967	-4.17375393768573E-05
0	0	-121	0.006905107305093	0.387047044192226	-4.52445297326281E-05
0	0	-120	7.05646286458395E-03	0.410757481956587	-4.72728211106271E-05
0	0	-119	7.20873274202906E-03	0.436157613243477	-4.97778190438795E-05
0	0	-118	7.34284196867737E-03	0.4633076398604	-5.26234889237023E-05
0	0	-117	7.47267919593743E-03	0.492401553454239	-5.54554008563363E-05
0	0	-116	7.61173430015367E-03	0.52366844896839	-5.84623390407269E-05
0	0	-115	7.72060551735727E-03	0.557179742450527	-6.06993540582523E-05
0	0	-114	7.82068366542437E-03	0.593164500858097	-6.08942246518716E-05
0	0	-113	7.91731895435273E-03	0.631834626993656	-5.84257853879711E-05
0	0	-112	7.9968431899084E-03	0.673232414292122	-4.99775454816379E-05
0	0	-111	8.04853699242832E-03	0.717504153419655	-4.13662258141932E-05
0	0	-110	8.06039267215958E-03	0.764619445886168	-3.0173386148088E-05
0	0	-109	8.00902819832602E-03	0.814297932969478	-2.4287916365022E-05
0	0	-108	7.94973476292585E-03	0.866329480181322	-2.73385081226693E-05
0	0	-107	7.75938634412011E-03	0.91996674756811	-3.31183816616521E-05
0	0	-106	7.78730068770951E-03	0.974515124219993	-4.76253140776861E-05
0	0	-105	7.84230142614122E-03	1.02864275646165	-4.02840387519922E-05
0	0	-104	7.77676206253163E-03	1.08195360551341	-1.4691226976857E-05
0	0	-103	7.90034485524184E-03	1.13182056613238	-1.54912046178327E-03
0	0	-102	7.60157139866255E-03	1.17827752451751	1.33565224887887E-04
0	0	-101	7.43902237440203E-03	1.22057345612611	8.59464556180367E-06
0	0	-100	7.36657846222343E-03	1.2570866070748	8.22382486650718E-05
0	0	-99	6.90713472337746E-03	1.28945531570216	-7.63617297256075E-05
0	0	-98	6.77488607531526E-03	1.31653964170061	-1.86545880874168E-05
0	0	-97	6.5180552942024E-03	1.33927345389359	-1.98650281452225E-05
0	0	-96	6.29869129256804E-03	1.35778884663069	-5.17076154481388E-06
0	0	-95	6.11483061743042E-03	1.37287747561859	-4.50550848613022E-06
0	0	-94	5.81873375134264E-03	1.38516860191415	-6.21352698927596E-06
0	0	-93	5.62873475063096E-03	1.39491499563862	-8.51903928148089E-06
0	0	-92	5.40172717113935E-03	1.40271599652625	-9.49933819660152E-06
0	0	-91	5.19081095454389E-03	1.40902379940294	-1.74444017702886E-05
0	0	-90	4.99542294148067E-03	1.41401341933194	-1.26910399541862E-05
0	0	-89	4.81607665693244E-03	1.41798289829723	-9.68973056184061E-06
0	0	-88	4.65061942018039E-03	1.42120741394068	-9.61340846184433E-06
0	0	-87	0.004489621970196	1.42375537507923	-9.43798936896839E-06
0	0	-86	4.34962866645926E-03	1.42580499419768	-8.73722275173197E-06
0	0	-85	4.21343485492915E-03	1.42747135556399	-6.73057731145203E-06
0	0	-84	4.10009168964613E-03	1.42878455133784	-4.56262595912192E-06
0	0	-83	3.99572715915524E-03	1.42983398258706	-2.49480495605134E-06
0	0	-82	3.90623629514119E-03	1.43063905594325	-4.20062753904791E-07
0	0	-81	3.82524344435912E-03	1.43124113761575	1.99018203564241E-06
0	0	-80	3.76038043917687E-03	1.43166363340695	4.23693810456015E-06
0	0	-79	3.70459162799025E-03	1.4319219626545	6.28756476598761E-06
0	0	-78	3.65978365593857E-03	1.43202152552977	8.40363639379135E-06
0	0	-77	3.62582291525463E-03	1.43196816997478	1.00382603461599E-05
0	0	-76	3.60163933188997E-03	1.43175868684098	1.22338616948072E-05
0	0	-75	3.58448483337632E-03	1.43139087877857	1.36402054834907E-05
0	0	-74	3.58008624932179E-03	1.43084065832803	1.59363162451852E-05
0	0	-73	3.5788031908236E-03	1.43009714751899	1.79561759592232E-05
0	0	-72	3.5874724786764E-03	1.42914050631604	2.07451074898647E-05
0	0	-71	3.60121140134602E-03	1.42790822981825	2.37115680653572E-05
0	0	-70	3.62134711976955E-03	1.42638818228773	2.71523945096004E-05
0	0	-69	3.64002645479846E-03	1.4244686412222	3.09890770373137E-05
0	0	-68	3.67552637145987E-03	1.42210481534802	3.53416838045467E-05
0	0	-67	3.70164973366123E-03	1.41918296126282	3.96631171282216E-05
0	0	-66	3.71618882504198E-03	1.41549555291384	4.41620574832356E-05
0	0	-65	3.75156221803586E-03	1.41095417057568	4.90175593269246E-05
0	0	-64	3.77462604075487E-03	1.40530636883355	5.17352749364373E-05
0	0	-63	3.7699450712978E-03	1.39813064292973	4.46861169136672E-05
0	0	-62	3.80944499428856E-03	1.38925749256653	4.16466143066574E-05
0	0	-61	3.7731174432338E-03	1.378214437986	2.94154842723026E-05
0	0	-60	3.75029836711567E-03	1.36427495485268	1.86771658547885E-05
0	0	-59	3.74319843533516E-03	1.34729635960073	-3.30207963492064E-07
0	0	-58	3.64421717362473E-03	1.32625614951642	-3.80682113105009E-05
0	0	-57	3.51631771445296E-03	1.30085071139734	-9.0668485906688E-05
0	0	-56	3.55548693354042E-03	1.27063559922742	-2.24438990898288E-04
0	0	-55	3.18047420934706E-03	1.23542476298696	-2.02645355900818E-04
0	0	-54	2.78699399909641E-03	1.19478579235894	-1.11224060028984E-04
0	0	-53	2.45365475870573E-03	1.14935325488404	-1.08860873484764E-04
0	0	-52	2.0797863707287E-03	1.09935930305793	-1.05926515002532E-04
0	0	-51	1.52629307553399E-03	1.04463373865374	-1.4372221269701E-04
0	0	-50	1.25915402739029E-03	0.988658887621236	-1.45768748410405E-04
0	0	-49	6.74646477050732E-04	0.931172553538804	-1.41099334094308E-04
0	0	-48	-1.53726081536236E-05	0.873705915359734	-1.21402052740173E-04
0	0	-47	-6.36473888112153E-04	0.816674765468927	-1.07161139690884E-04
0	0	-46	-1.34025293695656E-03	0.76123533404734	-9.34188822048877E-05
0	0	-45	-2.0942351263495E-03	0.707462234431751	-7.86422891576882E-05
0	0	-44	-2.89957102039243E-03	0.655730676831909	-6.41807126328354E-05
0	0	-43	-3.7586033655381E-03	0.605864433611592	-4.82533904103051E-05
0	0	-42	-4.64055434428658E-03	0.557835438409706	-3.31849373611706E-05
0	0	-41	-5.55690574475345E-03	0.511146734851658	-1.85201780428978E-05
0	0	-40	-6.5547920991631E-03	0.465635607743245	-3.97092586887963E-06
0	0	-39	-7.57359764125111E-03	0.420733744645196	9.66674075476606E-06
0	0	-38	-8.6664423353451E-03	0.375709642091037	1.97910042328001E-05
0	0	-37	-9.77252250146787E-03	0.330239954952158	3.39366100797962E-05
0	0	-36	-1.09198503894548E-02	0.283342865049631	3.99083672266996E-05
0	0	-35	-1.19598186501746E-02	0.233708825336419	5.24953885638153E-05
0	0	-34	-1.32946294259349E-02	0.180668382966322	7.26631035571398E-05
0	0	-33	-1.43583028698103E-02	0.122113152600093	1.05413880937649E-04
0	0	-32	-1.59980286337978E-02	0.05618698457119	1.07663367753752E-04
0	0	-31	-1.71518485183357E-02	-2.23617023359366E-02	7.65293487782286E-05
0	0	-30	-1.82362318475867E-02	-0.114322090599929	5.71108839643823E-05
0	0	-29	-0.019820527137528	-0.228274808368385	5.65052814249032E-05
0	0	-28	-0.021213414275149	-0.364894000177518	5.79745150395914E-05
0	0	-27	-0.022428762994372	-0.528133511697083	6.55792091293478E-05
0	0	-26	-0.023971910821802	-0.710397896018854	5.78951152542697E-05
0	0	-25	-2.53675057171969E-02	-0.911216411880028	4.76288180801101E-05
0	0	-24	-2.67361105173413E-02	-1.12335635879567	3.79477787265925E-05
0	0	-23	-2.81837707141897E-02	-1.34564286484011	3.05148181417416E-05
0	0	-22	-2.95693787641341E-02	-1.5739423482399	2.22413982061727E-05
0	0	-21	-3.10588173638819E-02	-1.80756720416917	1.19110832737604E-05
0	0	-20	-3.25283741919458E-02	-2.04473278583828	5.52981539552873E-07
0	0	-19	-3.39276207256027E-02	-2.28430912933663	-1.37261971677826E-05
0	0	-18	-3.53954104932179E-02	-2.52599441418115	-2.68089058743091E-05
0	0	-17	-3.68461840175874E-02	-2.76906498242185	-4.1887185143202E-05
0	0	-16	-3.82429666176634E-02	-3.01302702532278	-5.42412597050166E-05
0	0	-15	-3.96418688767647E-02	-3.25776871709976	-6.56201760225042E-05
0	0	-14	-4.10254802420408E-02	-3.50298271637746	-7.03756822221678E-05
0	0	-13	-4.23597285777541E-02	-3.74855569440989	-6.91490236576428E-05
0	0	-12	-4.36860329515518E-02	-3.99459550016952	-6.19277603370688E-05
0	0	-11	-4.49158370667411E-02	-4.24144299572969	-5.00542976772812E-05
0	0	-10	-4.61664926610456E-02	-4.490597998028	-4.19344009882825E-05
0	0	-9	-4.64969612926956E-02	-4.7423747911849	-4.31049810635613E-05
0	0	-8	-0.04773881413877	-5.00792994087854	-1.99686588784299E-05
0	0	-7	-4.73669243258041E-02	-5.29229670064239	9.56425948904965E-05
0	0	-6	-5.56666223860725E-02	-5.56565870541324	2.27963714811385E-04
0	0	-5	-4.87013264244929E-02	-5.82501590900627	6.11493247299076E-05
0	0	-4	-5.05813571999595E-02	-6.0242064641443	1.74126155397281E-05
0	0	-3	-5.14108733092494E-02	-6.16356892930094	5.6222550554859E-05
0	0	-2	-5.20935781744885E-02	-6.2551852942644	9.52267721631581E-05
0	0	-1	-5.17032526423495E-02	-6.30669132636791	1.02219178640007E-04
0	0	0	-5.18323557521539E-02	-6.32338974738832	1.10037983721602E-04
0	0	1	-0.051764158160079	-6.30748444686842	1.2886351703046E-04
0	0	2	-5.17636230098811E-02	-6.25497646607451	1.95907083645065E-04
0	0	3	-5.09035487808875E-02	-6.16434675036083	2.43252133741184E-04
0	0	4	-5.10787496705748E-02	-6.0199686348076	2.13624901625328E-04
0	0	5	-4.99988334909274E-02	-5.82625138514985	1.20889060916629E-04
0	0	6	-4.69779382564098E-02	-5.56131022069273	-1.28223636932433E-04
0	0	7	-4.83535932991453E-02	-5.28563377664483	1.04029350999758E-04
0	0	8	-4.81698039454473E-02	-5.00934777480734	1.65601668112584E-04
0	0	9	-4.73858145753231E-02	-4.74307264405893	1.29185099151921E-04
0	0	10	-4.54246807205093E-02	-4.4905116499808	1.07453045513722E-04
0	0	11	-4.47223846398723E-02	-4.24142765020685	1.03613607410148E-04
0	0	12	-4.35044490521986E-02	-3.99451726230355	9.62336713980623E-05
0	0	13	-4.22344874096856E-02	-3.74851961245139	9.85882502498405E-05
0	0	14	-4.09154798917065E-02	-3.50294250619299	1.05328186438191E-04
0	0	15	-3.95448279071206E-02	-3.25779898809107	1.12247034150398E-04
0	0	16	-3.82028347423508E-02	-3.01311479812779	1.25686970060911E-04
0	0	17	-3.67986042675959E-02	-2.76911401761561	1.36921610275311E-04
0	0	18	-0.035437638406228	-2.52621769968198	1.51466584796072E-04
0	0	19	-3.40185799927607E-02	-2.28461323702588	1.67292936048414E-04
0	0	20	-0.032596003180803	-2.04490698763046	1.84322668040298E-04
0	0	21	-3.12264793837324E-02	-1.80805776732266	1.97405123120228E-04
0	0	22	-2.97456158757454E-02	-1.5745873438957	2.12785549575068E-04
0	0	23	-2.84949139923766E-02	-1.34578260013224	2.25172283376252E-04
0	0	24	-2.70244859621953E-02	-1.12434137438978	2.24832711385051E-04
0	0	25	-2.56390901238059E-02	-0.911327194127815	2.3031260058208E-04
0	0	26	-2.42319930646923E-02	-0.710431159499798	2.26423166012047E-04
0	0	27	-2.29840277389398E-02	-0.528228299940139	2.19806152042019E-04
0	0	28	-2.16991169197971E-02	-0.365700544933071	2.08816652233831E-04
0	0	29	-2.01244343168916E-02	-0.228576678169477	1.95819811272355E-04
0	0	30	-1.90135447558301E-02	-0.116353010970697	1.72644831281618E-04
0	0	31	-1.73451443708985E-02	-2.37651843709722E-02	1.38377607277257E-04
0	0	32	-1.63222840988377E-02	5.45787649299435E-02	1.32802175865632E-04
0	0	33	-1.51288772915611E-02	0.120767514144127	1.15179397080396E-04
0	0	34	-1.36980864394858E-02	0.179886245317962	9.65035278392091E-05
0	0	35	-0.01252763287943	0.232922723065033	7.93502751480476E-05
0	0	36	-1.13292476294379E-02	0.282233390303461	6.43154983459301E-05
0	0	37	-1.01304717692983E-02	0.329397292575333	4.85912585787102E-05
0	0	38	-9.06825671593152E-03	0.374872267863529	3.64750004565655E-05
0	0	39	-7.92312261754234E-03	0.419726671812349	2.46872040067465E-05
0	0	40	-6.88024161309876E-03	0.464791716625088	1.32112907575851E-05
0	0	41	-5.88884696492146E-03	0.510290588815224	2.90386895511678E-06
0	0	42	-4.89219627214928E-03	0.556996049374549	-8.21623020607223E-06
0	0	43	-3.98006828931086E-03	0.605032164879498	-1.80277516651101E-05
0	0	44	-3.11570528117244E-03	0.654916168079401	-2.96954567125038E-05
0	0	45	-2.28072644136928E-03	0.706673737093892	-4.18891261684434E-05
0	0	46	-1.50603058136172E-03	0.760379462081869	-5.70771096930432E-05
0	0	47	-7.97610960494634E-04	0.815941201338011	-7.63536952518241E-05
0	0	48	-1.47969797198558E-04	0.872747881969832	-9.49317422282761E-05
0	0	49	4.99123074058506E-04	0.930626327388256	-1.08563650619251E-04
0	0	50	9.62657629677926E-04	0.987892424171669	-1.01555795035436E-04
0	0	51	1.62080542964128E-03	1.044221303277	-1.08021603973015E-04
0	0	52	2.16120288378886E-03	1.09775301143736	-1.52094500965591E-04
0	0	53	2.38693433627082E-03	1.14838668401732	-2.31321471139152E-04
0	0	54	2.73479104908415E-03	1.1942029763827	-3.02030925881299E-04
0	0	55	3.11559350190087E-03	1.23442497789585	-1.70579778369912E-04
0	0	56	3.26789083498485E-03	1.27004479924171	-1.19191479930791E-04
0	0	57	3.50844111039274E-03	1.30032885625282	-7.48355073291095E-05
0	0	58	0.003627168131233	1.32551020459376	-3.44612262843861E-05
0	0	59	3.70618651837887E-03	1.34649878110949	1.67269033556608E-05
0	0	60	3.78696540279913E-03	1.36348572985802	4.58169979547856E-05
0	0	61	3.84124714308662E-03	1.37726104302245	9.74051100207968E-05
0	0	62	3.87178073195119E-03	1.38846713337021	1.20861452409343E-04
0	0	63	3.86923790052453E-03	1.39733724206608	1.31360918183215E-04
0	0	64	3.8593372241532E-03	1.40443434299316	1.32070855994234E-04
0	0	65	3.82861211197726E-03	1.4101906887148	1.21806790376304E-04
0	0	66	3.80891219743146E-03	1.41471518950487	1.11082278927522E-04
0	0	67	3.78273477493772E-03	1.41841215797987	9.93677776341276E-05
0	0	68	3.75620658069412E-03	1.42129455450565	8.69741431594573E-05
0	0	69	3.72410031567171E-03	1.42368030396948	7.48263924071777E-05
0	0	70	3.69630159466187E-03	1.42557847370707	6.37766106964028E-05
0	0	71	3.67714055179081E-03	1.42711898899194	5.4089537243007E-05
0	0	72	3.66005981252744E-03	1.4283331022839	4.63765081820265E-05
0	0	73	3.65034614314655E-03	1.4292961503322	3.96842784369746E-05
0	0	74	3.64707470882026E-03	1.43004113856642	3.43025408448528E-05
0	0	75	3.65164670198319E-03	1.43058222955967	2.94976963187311E-05
0	0	76	3.66480231235461E-03	1.43095462238072	2.587151669681E-05
0	0	77	3.68658002345099E-03	1.43115988052344	2.27298006514786E-05
0	0	78	3.71863023476366E-03	1.43121304812644	1.99681537236874E-05
0	0	79	3.76069946094537E-03	1.43111025981289	1.72299192642335E-05
0	0	80	3.81326453114911E-03	1.4308519781752	1.48667107132594E-05
0	0	81	3.87573689622028E-03	1.4304238245106	1.23354635513042E-05
0	0	82	3.95166611191088E-03	1.42981791090346	9.40835959710878E-06
0	0	83	4.03970398814972E-03	1.42901166286934	6.57503874390579E-06
0	0	84	4.1355863398469E-03	1.42795867585462	2.8043745530887E-06
0	0	85	4.24893872082283E-03	1.42664061188084	-1.25543823129183E-06
0	0	86	4.37444323445144E-03	1.42499594896071	-5.34397199185815E-06
0	0	87	4.50693534638762E-03	1.42291818880204	-8.18194781377056E-06
0	0	88	4.66774855186712E-03	1.42036620293563	-1.0919993642821E-05
0	0	89	4.81937323532518E-03	1.41720502213923	-1.44055991011401E-05
0	0	90	4.99966771420489E-03	1.41317027206251	-1.35301389959278E-05
0	0	91	5.2028535162072E-03	1.40820408457068	-8.9303081779274E-06
0	0	92	5.37250881597924E-03	1.4018990592673	2.3160438201907E-06
0	0	93	5.60171251193213E-03	1.3941223229318	1.7775896788979E-05
0	0	94	5.86336356706867E-03	1.38425428415613	3.67600495151264E-05
0	0	95	6.02031271026991E-03	1.37210982149633	6.91977130703537E-05
0	0	96	6.28056493901243E-03	1.35688330824511	1.10053935173199E-04
0	0	97	6.49175388528625E-03	1.33840171573861	1.51908316550014E-04
0	0	98	6.70746365522898E-03	1.31569534081505	1.87543270865558E-04
0	0	99	6.92177121903709E-03	1.28872321153784	2.10953975389184E-04
0	0	100	7.13074245995358E-03	1.25666973175733	1.81078929349371E-04
0	0	101	7.2476947979383E-03	1.21936264460419	2.21712878384777E-04
0	0	102	7.31503218504329E-03	1.17752947856223	2.50084078508288E-04
0	0	103	7.49182093144746E-03	1.13118412498529	1.71943448943127E-04
0	0	104	7.74624387336838E-03	1.08120850085733	5.79507149740932E-05
0	0	105	7.49249188651231E-03	1.02839395586903	-1.24762257129091E-04
0	0	106	7.5392490772339E-03	0.972900273348713	2.75696053376406E-04
0	0	107	7.38428138134505E-03	0.918410739914077	-2.13701411141068E-04
0	0	108	7.58389542641795E-03	0.865870871943812	-4.47396655289403E-05
0	0	109	7.58951718294086E-03	0.814075882412566	-1.18892004512185E-04
0	0	110	7.59310534513094E-03	0.764290883839068	-1.32320867742732E-04
0	0	111	7.55402604962775E-03	0.717211305640821	-1.43801316874405E-04
0	0	112	7.50149159916904E-03	0.672954829778357	-1.4568041112166E-04
0	0	113	7.43935814913496E-03	0.631564208584999	-1.3865100644752E-04
0	0	114	7.35782664731111E-03	0.592961448030899	-1.27028756347415E-04
0	0	115	7.28864268138424E-03	0.556946043708992	-1.15972175984235E-04
0	0	116	7.17441233802903E-03	0.523454734474054	-1.0446982421936E-04
0	0	117	7.07408871326652E-03	0.492211365045858	-9.29280258941201E-05
0	0	118	6.94423599214469E-03	0.463128809521633	-8.37320800539165E-05
0	0	119	6.83878722761066E-03	0.435995447226184	-7.566132869779E-05
0	0	120	0.006694985508092	0.410612037834834	-6.86178676668592E-05
0	0	121	6.56503813379215E-03	0.386906958989459	-6.31083514491016E-05
0	0	122	6.42651429147722E-03	0.364696574362515	-5.83585630422634E-05
0	0	123	6.28192105032436E-03	0.343870938555153	-5.41211964759845E-05
0	0	124	6.12999812859309E-03	0.324294734177834	-5.12034761520021E-05
0	0	125	5.98279491933088E-03	0.305924000120775	-4.82437148118322E-05
0	0	126	5.83363913611205E-03	0.288610015493297	-4.59002457951989E-05
0	0	127	5.68043459022205E-03	0.272321108933166	-4.39627292385662E-05
0	0	128	5.52810667544288E-03	0.256969050401464	-4.21328676507942E-05
0	0	129	5.37777220659458E-03	0.242470205513139	-4.12409432448628E-05
0	0	130	5.22809247154339E-03	0.228800189645867	-3.95733036116772E-05
0	0	131	5.07797161503939E-03	0.215874804441114	-3.83511401849539E-05
0	0	132	4.93213608536139E-03	0.203672604656739	-3.73356595173471E-05
0	0	133	4.78789626348007E-03	0.192139339708932	-3.64223489292265E-05
0	0	134	4.64233585679491E-03	0.18122463356057	-3.55430269634095E-05
0	0	135	4.50268598483919E-03	0.170910722274451	-3.44870972674742E-05
0	0	136	4.36505564829989E-03	0.161154394522457	-3.39707216207661E-05
0	0	137	4.22920407412441E-03	0.151917169928614	-3.31770795616828E-05
0	0	138	4.09585055725709E-03	0.143183436261894	-3.23313538887687E-05
0	0	139	3.96793567215646E-03	0.134912499665802	-3.15932991923526E-05
0	0	140	3.84088578821159E-03	0.127093372219698	-3.07621848846416E-05
0	0	141	3.71740189023325E-03	0.119687928368904	-3.00098379255369E-05
0	0	142	0.003597663114318	0.112685659461156	-2.89280498433703E-05
0	0	143	3.47996713901658E-03	0.106055825191462	-2.86509051417431E-05
0	0	144	3.36788370396513E-03	9.97875961999653E-02	-2.82745336222695E-05
0	0	145	3.2579480910987E-03	9.38513667914929E-02	-2.73518913256889E-05
0	0	146	3.14637615873749E-03	0.088239579105012	-2.65574098871488E-05
0	0	147	3.04700527244179E-03	8.29306290343162E-02	-3.16378250511297E-05
0	0	148	2.94519702764696E-03	7.79065001950552E-02	-2.63122570265794E-05
0	0	149	2.84751660149277E-03	7.31570054339796E-02	-2.48749809530025E-05
0	0	150	2.75277604835099E-03	0.068660981390835	-2.4083530899235E-05
0	0	151	2.66193513035323E-03	6.44118437825951E-02	-2.36236885121429E-05
0	0	152	2.57235808516989E-03	6.03941413473907E-02	-2.25759523292323E-05
0	0	153	2.48663119956608E-03	5.65943307839703E-02	-2.62622467594044E-05
0	0	154	2.4035430565369E-03	0.053001328221181	-2.2091667739552E-05
0	0	155	2.32261809598465E-03	4.96052841618731E-02	-2.12634604839979E-05
0	0	156	2.24593162942183E-03	4.63927207292385E-02	-2.05283248704156E-05
0	0	157	2.17032881440957E-03	4.33583340432777E-02	-2.05429872190537E-05
0	0	158	2.09791134275538E-03	4.04902258585147E-02	-1.97044153284311E-05
0	0	159	2.02810753022399E-03	3.77777055699213E-02	-1.88667322052073E-05
0	0	160	1.96036028130198E-03	3.52155273622909E-02	-1.86434887954355E-05
0	0	161	1.8951317057847E-03	3.27942974716865E-02	-1.82485985588127E-05
0	0	162	1.83188303839046E-03	3.05047594512437E-02	-1.77200637697185E-05
0	0	163	1.77132570040341E-03	2.83425056106462E-02	-1.71052155626371E-05
0	0	164	1.71220093781559E-03	2.63001442431757E-02	-1.68270193894556E-05
0	0	165	1.65607471754494E-03	2.43688682127157E-02	-1.63542471349077E-05
0	0	166	1.60082206016435E-03	2.25460359070895E-02	-1.60617222487378E-05
0	0	167	1.54807214448792E-03	2.08228452038313E-02	-1.54535717403874E-05
0	0	168	1.4967501017962E-03	1.91957593835507E-02	-1.52074748248932E-05
0	0	169	1.44803870000583E-03	1.76591616383056E-02	-1.47237753567428E-05
0	0	170	1.40036635947799E-03	1.62079452720644E-02	-1.43703562974438E-05
0	0	171	1.35479305888713E-03	1.48365464202273E-02	-1.39831484137616E-05
0	0	172	1.31061367675345E-03	1.35417713014491E-02	-1.31620865655015E-05
0	0	173	1.26782527553584E-03	1.23195467983797E-02	-1.31445762361224E-05
0	0	174	1.22709332524294E-03	1.11656053058104E-02	-1.31288094295484E-05
0	0	175	1.18688166646958E-03	1.00761436311834E-02	-1.27391007347141E-05
0	0	176	1.14888943207133E-03	9.04675249654029E-03	-1.20602967021183E-05
0	0	177	1.11181575133078E-03	8.07648070300384E-03	-1.18948324026347E-05
0	0	178	1.07615926320657E-03	7.16034016985683E-03	-1.15896858793442E-05
0	0	179	1.04181354128995E-03	6.29530826232936E-03	-1.12742396693255E-05
0	0	180	1.00864025767182E-03	5.47991404904494E-03	-1.10366179722363E-05
0	0	181	9.76445714163876E-04	4.70999882904086E-03	-1.06839110102783E-05
0	0	182	9.45716823851707E-04	3.98381035164979E-03	-1.06715688360375E-05
0	0	183	9.15815009914224E-04	3.29941779802506E-03	-1.00905753221105E-05
0	0	184	8.86928528342615E-04	2.65356984865813E-03	-9.88907173133848E-06
0	0	185	8.59195222997201E-04	2.04513926082333E-03	-1.00008945650984E-05
0	0	186	8.32289027083358E-04	1.47179564772123E-03	-9.46327131817038E-06
0	0	187	8.06398031657296E-04	9.31350948388669E-04	-8.81874682440546E-06
0	0	188	7.81148568864142E-04	4.2238488988384E-04	-9.44006187427746E-06
0	0	189	7.57498301267935E-04	-5.76854920278365E-05	-9.07681689498469E-06
0	0	190	7.33093122612632E-04	-5.09328836808755E-04	-8.77950157462761E-06
0	0	191	7.11314183161714E-04	-9.3455777817246E-04	-8.49105598013895E-06
0	0	192	6.89412210646972E-04	-1.33404026685879E-03	-8.48529511060995E-06
0	0	193	6.68410347321396E-04	-1.71031167423478E-03	-7.67705071922646E-06
0	0	194	6.48250356760528E-04	-2.06392518954579E-03	-7.79164947011586E-06
0	0	195	6.28195804927797E-04	-2.39653767246376E-03	-8.54193378832086E-06
0	0	196	6.09436271142113E-04	-2.70867125751712E-03	-7.68852746584593E-06
0	0	197	5.91042101708559E-04	-3.00174786402321E-03	-7.36916199161815E-06
0	0	198	5.73312553629498E-04	-3.27710711388485E-03	-7.20290351793957E-06
0	0	199	5.56039910094542E-04	-3.53504923863886E-03	-6.71395975877829E-06
0	0	200	5.39535398652628E-04	-3.77731360272716E-03	-6.76993658390234E-06
0	0	201	5.23455652980417E-04	-4.00395436363297E-03	-6.80363854006876E-06
0	0	202	5.08324124967636E-04	-4.2161237548108E-03	-6.52737641545706E-06
0	0	203	4.92702348086817E-04	-4.41457941472382E-03	-6.66859985630395E-06
0	0	204	4.7875949531288E-04	-4.59999476030373E-03	-6.51726144887999E-06
0	0	205	4.64474884402276E-04	-4.77295437933745E-03	-6.30834741714537E-06
0	0	206	4.50965266907945E-04	-4.93440047717421E-03	-6.2385164044442E-06
0	0	207	4.37779138431224E-04	-5.08493175591545E-03	-5.61378322445158E-06
0	0	208	4.24717086408014E-04	-5.22525411780614E-03	-5.46553721753199E-06
0	0	209	4.12798062282867E-04	-5.35521795165645E-03	-5.67746536519034E-06
0	0	210	4.00932558468189E-04	-5.47617695521984E-03	-5.60576722850051E-06
0	0	211	3.89322319533216E-04	-5.58804595199272E-03	-5.60417711698101E-06
0	0	212	3.7821831412407E-04	-5.69150946099803E-03	-5.56454783544119E-06
0	0	213	3.67422787459026E-04	-5.78737060880014E-03	-5.3496341637443E-06
0	0	214	3.57242600077197E-04	-5.87564232056391E-03	-5.30997567096542E-06
0	0	215	3.46659980409807E-04	-5.95674080431897E-03	-4.94048681614E-06
0	0	216	3.36986280514208E-04	-6.03100317667833E-03	-5.17638050362082E-06
0	0	217	3.27536692471539E-04	-6.09869811218366E-03	-4.95014136200893E-06
0	0	218	3.18272023443408E-04	-6.16060907343344E-03	-4.42626631917208E-06
0	0	219	3.09410202059766E-04	-6.21706825381843E-03	-4.5066257283456E-06
0	0	220	3.00731688394304E-04	-6.26758518846045E-03	-3.7494811493156E-06
0	0	221	2.92528643208036E-04	-6.31372322265033E-03	-4.61619741606861E-06
0	0	222	2.84308175351325E-04	-6.35464457878835E-03	-4.14504299408459E-06
0	0	223	2.76372490640907E-04	-6.39095779539827E-03	-4.29619570233662E-06
0	0	224	2.68795759510243E-04	-6.42302268060865E-03	-4.10544670563727E-06
0	0	225	2.61378245888962E-04	-6.45101626850027E-03	-4.0422670273505E-06
0	0	226	2.54223631406555E-04	-6.47505474776607E-03	-3.99280886338371E-06
0	0	227	2.47281407310193E-04	-6.49546386112479E-03	-3.93122273299676E-06
0	0	228	2.40517996568623E-04	-6.51247065690683E-03	-3.81844381558703E-06
0	0	229	2.34007704427205E-04	-6.52636569636631E-03	-3.67710361334352E-06
0	0	230	2.27650671889839E-04	-6.5370043872314E-03	-3.62100129624606E-06
0	0	231	2.21463295229852E-04	-6.54481994492519E-03	-3.64612068787115E-06
0	0	232	2.15707135964857E-04	-6.55002113101687E-03	-3.73661504562147E-06
0	0	233	2.09703579594186E-04	-6.55243142692459E-03	-3.20891402634879E-06
0	0	234	2.04051376393491E-04	-6.55239488535041E-03	-3.38594015003397E-06
0	0	235	1.98618356042732E-04	-6.55016579759207E-03	-3.30028056649368E-06
0	0	236	1.93315534560404E-04	-6.54568480775529E-03	-3.26451847459563E-06
0	0	237	1.88150791407558E-04	-6.53927076224604E-03	-3.22968311713448E-06
0	0	238	1.83345895329294E-04	-6.53085506011141E-03	-3.19911800444966E-06
0	0	239	1.78297307760245E-04	-6.5207157018738E-03	-3.03653377991927E-06
0	0	240	1.7366790752211E-04	-6.50897340541362E-03	-2.95597910179796E-06
0	0	241	1.69054253050865E-04	-6.4953793696213E-03	-3.0803691921816E-06
0	0	242	1.64605288676949E-04	-6.48048363357108E-03	-2.85045427149775E-06
0	0	243	1.60292537876459E-04	-6.46418649720258E-03	-2.90712454803187E-06
0	0	244	1.5603551694952E-04	-6.44643829107183E-03	-2.68876113905325E-06
0	0	245	1.51961864683535E-04	-6.42751225999495E-03	-2.76062104881505E-06
0	0	246	1.48043924043833E-04	-6.40748789451582E-03	-2.63777728527854E-06
0	0	247	1.44179748241676E-04	-6.38633354958457E-03	-2.55665786999355E-06
0	0	248	1.40465452006023E-04	-6.36412588315071E-03	-2.58104381022003E-06
0	0	249	1.36804835506359E-04	-6.34099061083793E-03	-2.49760023081447E-06
0	0	250	1.33290192622896E-04	-6.31697976786879E-03	-2.51148882239031E-06
0	0	251	1.29843598302485E-04	-6.29212941764645E-03	-2.41019428047547E-06
0	0	252	1.26502015835912E-04	-6.26656205500996E-03	-2.37901361356118E-06
0	0	253	1.23248231351945E-04	-6.24027261363807E-03	-2.29813317903752E-06
0	0	254	1.20076670294411E-04	-6.21332942844803E-03	-2.28779138331054E-06
0	0	255	1.16992899346576E-04	-6.18577479462837E-03	-2.23127551967445E-06
0	0	256	1.14015862521953E-04	-6.15766800062153E-03	-2.17456817504859E-06
0	0	257	1.11145559820542E-04	-6.12900904642753E-03	-2.11766934943115E-06
0	0	258	1.08381991242342E-04	-6.09979793204634E-03	-2.06057904282389E-06
0	0	259	1.05658606240635E-04	-6.07021386373165E-03	-2.05107116564823E-06
0	0	260	1.03055657272226E-04	-6.04031281677706E-03	-2.00640625942265E-06
0	0	261	1.00481706020396E-04	-6.0100967347854E-03	-1.96380969511456E-06
0	0	262	9.79367524851421E-05	-5.97956561775667E-03	-1.92328147272394E-06
0	0	263	9.54207966664661E-05	-5.94871946569087E-03	-1.88482159225082E-06
0	0	264	9.29338385643675E-05	-0.005917558278588	-1.84843005369517E-06
0	0	265	9.04758781788464E-05	-5.88608205644807E-03	-1.81410685705701E-06
0	0	266	8.80469155099027E-05	-5.85429079927106E-03	-1.78185200233634E-06
0	0	267	8.56469505575365E-05	-5.82218450705699E-03	-1.75166548953315E-06
0	0	268	8.40961313434816E-05	-5.79036057801431E-03	-1.71044994500448E-06
0	0	269	8.19514471136701E-05	-5.75829511514793E-03	-1.67697934323763E-06
0	0	270	7.98524792632062E-05	-5.72615290221856E-03	-1.64355952262159E-06
0	0	271	7.77992277920896E-05	-5.69393393922621E-03	-1.61019048315636E-06
0	0	272	7.57916927003205E-05	-5.66163822617087E-03	-1.57687222484193E-06
0	0	273	7.38298739878988E-05	-5.62926576305254E-03	-1.5436047476783E-06
0	0	274	7.19137716548247E-05	-5.59681654987124E-03	-1.51038805166547E-06
0	0	275	7.00433857010979E-05	-5.56429058662695E-03	-1.47722213680345E-06
0	0	276	6.82187161267186E-05	-5.53168787331968E-03	-1.44410700309224E-06
0	0	277	6.64397629316867E-05	-5.49900840994942E-03	-1.41104265053182E-06
0	0	278	6.51500372584877E-05	-5.46640286442681E-03	-1.39502526010921E-06
0	0	279	6.35452703472976E-05	-5.43402127995673E-03	-1.36980483237589E-06
0	0	280	6.19706195275264E-05	-5.40170525357315E-03	-1.34475456278443E-06
0	0	281	6.04260847991741E-05	-5.36945478527608E-03	-1.31987445133484E-06
0	0	282	5.89116661622407E-05	-5.33726987506551E-03	-1.29516449802712E-06
0	0	283	5.74273636167263E-05	-5.30515052294144E-03	-1.27062470286127E-06
0	0	284	5.59731771626307E-05	-5.27309672890388E-03	-1.24625506583729E-06
0	0	285	5.4549106799954E-05	-5.24110849295282E-03	-1.22205558695517E-06
0	0	286	5.31551525286963E-05	-5.20918581508827E-03	-1.19802626621493E-06
0	0	287	5.20446446572778E-05	-5.17730112705458E-03	-1.17755142999644E-06
0	0	288	5.07697317473419E-05	-5.14572667408609E-03	-1.15748312083922E-06
0	0	289	4.95195086546199E-05	-5.11429983854166E-03	-1.13755712069548E-06
0	0	290	4.82939753791116E-05	-5.08302062042129E-03	-1.11777342956524E-06
0	0	291	4.7093131920817E-05	-5.05188901972497E-03	-1.09813204744844E-06
0	0	292	4.59169782797362E-05	-5.02090503645272E-03	-1.07863297434524E-06
0	0	293	4.47655144558692E-05	-4.99006867060452E-03	-1.05927621025539E-06
0	0	294	4.36387404492161E-05	-4.95937992218039E-03	-1.04006175517912E-06
0	0	295	4.25366562597767E-05	-4.92883879118031E-03	-1.02098960911631E-06
0	0	296	4.14592618875511E-05	-4.89844527760429E-03	-1.00205977206699E-06
0	0	297	4.05841505316765E-05	-4.86822781398001E-03	-9.83927970248532E-07
0	0	298	3.95850311688129E-05	-4.83826093175414E-03	-9.67416506700771E-07
0	0	299	3.86060946712831E-05	-4.8084843247255E-03	-9.5103263627601E-07
0	0	300	3.76473410390871E-05	-4.77889799289411E-03	-9.34776358974253E-07
0	0	301	3.67087702722251E-05	-4.74950193625995E-03	-9.18647674795498E-07
0	0	302	3.57903823706969E-05	-4.72029615482303E-03	-9.02646583739746E-07
0	0	303	3.48921773345025E-05	-4.69128064858334E-03	-8.86773085806996E-07
0	0	304	3.4014155163642E-05	-4.6624554175409E-03	-8.71027180997248E-07
0	0	305	3.31563158581154E-05	-4.63382046169569E-03	-8.55408869310504E-07
0	0	306	3.23186594179225E-05	-4.60537578104772E-03	-8.39918150746762E-07
0	0	307	3.16175061662431E-05	-4.57715332869602E-03	-8.26439568072029E-07
0	0	308	3.08307927442288E-05	-4.5491546348418E-03	-8.12425660544827E-07
0	0	309	3.00605664104251E-05	-4.52136458879851E-03	-7.98527803461476E-07
0	0	310	2.9306827164832E-05	-4.49378319056614E-03	-7.84745996821977E-07
0	0	311	2.85695750074495E-05	-4.4664104401447E-03	-7.71080240626329E-07
0	0	312	2.78488099382777E-05	-4.43924633753418E-03	-7.57530534874532E-07
0	0	313	2.71445319573164E-05	-4.41229088273459E-03	-7.44096879566587E-07
0	0	314	2.64567410645658E-05	-4.38554407574592E-03	-7.30779274702494E-07
0	0	315	2.57854372600258E-05	-4.35900591656818E-03	-7.17577720282251E-07
0	0	316	2.51967908616408E-05	-4.33267137415141E-03	-7.08684171171503E-07
0	0	317	2.45610274083031E-05	-4.30656313253341E-03	-6.96414351100933E-07
0	0	318	2.39387657176714E-05	-4.28066719714352E-03	-6.84244546996596E-07
0	0	319	2.33300057897455E-05	-4.25498356798176E-03	-6.72174758858495E-07
0	0	320	2.27347476245255E-05	-4.22951224504812E-03	-6.60204986686627E-07
0	0	321	2.21529912220115E-05	-4.20425322834261E-03	-6.48335230480993E-07
0	0	322	2.15847365822033E-05	-4.17920651786522E-03	-6.36565490241593E-07
0	0	323	2.10299837051011E-05	-4.15437211361595E-03	-6.24895765968428E-07
0	0	324	2.04887325907048E-05	-4.12975001559481E-03	-6.13326057661496E-07
0	0	325	1.99609832390143E-05	-4.10534022380179E-03	-6.01856365320798E-07
0	0	326	1.94834348604953E-05	-4.08112714963001E-03	-5.98619047905653E-07
0	0	327	1.89781115718268E-05	-0.00405712754248	-5.87838355644272E-07
0	0	328	1.8483881576199E-05	-4.03333523536025E-03	-5.7714047737175E-07
0	0	329	1.8000744873612E-05	-4.00975022827075E-03	-5.66525413088088E-07
0	0	330	1.75287014640659E-05	-3.98637252121152E-03	-5.55993162793286E-07
0	0	331	1.70677513475605E-05	-3.96320211418254E-03	-5.45543726487343E-07
0	0	332	1.66178945240959E-05	-3.94023900718382E-03	-5.3517710417026E-07
0	0	333	1.6179130993672E-05	-3.91748320021535E-03	-5.24893295842036E-07
0	0	334	1.5751460756289E-05	-3.89493469327715E-03	-5.14692301502672E-07
0	0	335	1.53549299242806E-05	-3.87258162560036E-03	-5.15704535419723E-07
0	0	336	1.49426055867582E-05	-3.8504227642806E-03	-5.06147500479047E-07
0	0	337	1.45394426209545E-05	-3.82846134079178E-03	-4.96649526675392E-07
0	0	338	1.41454410268695E-05	-3.8066973551339E-03	-4.8721061400876E-07
0	0	339	1.37606008045031E-05	-3.78513080730698E-03	-4.77830762479152E-07
0	0	340	1.33849219538554E-05	-3.76376169731099E-03	-4.68509972086565E-07
0	0	341	1.30184044749263E-05	-3.74259002514596E-03	-4.59248242831001E-07
0	0	342	1.26610483677159E-05	-3.72161579081186E-03	-4.5004557471246E-07
0	0	343	1.23128536322241E-05	-3.70083899430872E-03	-4.40901967730941E-07
0	0	344	1.19738202684511E-05	-3.68025963563652E-03	-4.31817421886445E-07
0	0	345	1.16481466771134E-05	-3.65985201711986E-03	-4.36862152491849E-07
0	0	346	1.13178517434819E-05	-3.63963022017861E-03	-4.28424416223922E-07
0	0	347	1.09951429808178E-05	-3.61959352187872E-03	-4.2002829853299E-07
0	0	348	1.06800203891211E-05	-3.59974192222019E-03	-4.11673799419051E-07
0	0	349	1.03724839683917E-05	-3.58007542120301E-03	-4.03360918882106E-07
0	0	350	1.00725337186297E-05	-3.56059401882719E-03	-3.95089656922155E-07
0	0	351	9.78016963983509E-06	-3.54129771509273E-03	-3.86860013539198E-07
0	0	352	9.49539173200782E-06	-3.52218650999962E-03	-3.78671988733235E-07
0	0	353	9.2181999951479E-06	-3.50326040354787E-03	-3.70525582504266E-07
0	0	354	8.94993894356561E-06	-3.48450891027123E-03	-3.78160280433917E-07
0	0	355	8.67833455901604E-06	-3.46591983924883E-03	-3.70648507138947E-07
0	0	356	8.41302890358428E-06	-3.44750252637067E-03	-3.63144557206823E-07
0	0	357	8.1540219772703E-06	-3.42925697163677E-03	-3.55648430637544E-07
0	0	358	7.90131378007413E-06	-3.41118317504712E-03	-3.4816012743111E-07
0	0	359	7.65490431199575E-06	-3.39328113660172E-03	-3.4067964758752E-07
0	0	360	7.41479357303517E-06	-3.37555085630057E-03	-3.33206991106776E-07
0	0	361	7.1809815631924E-06	-3.35799233414367E-03	-3.25742157988876E-07
0	0	362	6.95346828246742E-06	-3.34060557013102E-03	-3.18285148233822E-07
0	0	363	6.73225373086026E-06	-3.32339056426262E-03	-3.10835961841613E-07
0	0	364	6.50963896204872E-06	-3.30632314777415E-03	-3.22597951878873E-07
0	0	365	6.29085471859575E-06	-3.28941261308466E-03	-3.15664107621698E-07
0	0	366	6.0772962815063E-06	-3.27266034790138E-03	-3.08718441101625E-07
0	0	367	5.86896365078036E-06	-3.25606635222431E-03	-3.01760952318652E-07
0	0	368	5.66585682641794E-06	-3.23963062605344E-03	-2.94791641272781E-07
0	0	369	5.46797580841902E-06	-3.22335316938879E-03	-2.87810507964011E-07
0	0	370	5.27532059678364E-06	-3.20723398223033E-03	-2.80817552392343E-07
0	0	371	5.08789119151176E-06	-3.19127306457809E-03	-2.73812774557776E-07
0	0	372	4.90568759260338E-06	-3.17547041643205E-03	-2.66796174460309E-07
0	0	373	4.72322709016522E-06	-3.15981659349066E-03	-2.82791026127385E-07
0	0	374	4.5422522589665E-06	-3.14430091398001E-03	-2.76178516593019E-07
0	0	375	4.36562953425677E-06	-3.12893043025895E-03	-2.69544635915964E-07
0	0	376	4.19335891603605E-06	-3.11370514232749E-03	-2.62889384096222E-07
0	0	377	4.02544040430433E-06	-3.09862505018562E-03	-2.56212761133791E-07
0	0	378	3.8618739990616E-06	-3.08369015383333E-03	-2.49514767028672E-07
0	0	379	3.70265970030787E-06	-3.06890045327064E-03	-2.42795401780865E-07
0	0	380	3.54779750804313E-06	-3.05425594849754E-03	-2.36054665390369E-07
0	0	381	3.3972874222674E-06	-3.03975663951403E-03	-2.29292557857185E-07
0	0	382	3.25112944298065E-06	-3.02540252632011E-03	-2.22509079181313E-07
0	0	383	3.09848887424449E-06	-3.01117243957394E-03	-2.43304176016E-07
0	0	384	2.95197558670563E-06	-2.99707662622561E-03	-2.36819890314414E-07
0	0	385	2.80911136241796E-06	-2.98311366820551E-03	-2.30300031332622E-07
0	0	386	2.66989620138147E-06	-2.96928356551365E-03	-2.23744599070624E-07
0	0	387	2.53433010359614E-06	-2.95558631815003E-03	-2.17153593528418E-07
0	0	388	2.402413069062E-06	-2.94202192611465E-03	-2.10527014706006E-07
0	0	389	2.27414509777904E-06	-2.92859038940752E-03	-2.03864862603388E-07
0	0	390	2.14952618974726E-06	-2.91529170802862E-03	-1.97167137220563E-07
0	0	391	2.02855634496666E-06	-2.90212588197796E-03	-1.90433838557532E-07
0	0	392	1.91123556343724E-06	-2.88909291125554E-03	-1.83664966614295E-07
0	0	393	1.78268026436219E-06	-2.8761600366403E-03	-2.09686021354678E-07
0	0	394	1.66386939706033E-06	-2.86335952628796E-03	-2.03168621827821E-07
0	0	395	1.5481396859844E-06	-2.85068042036443E-03	-1.96606788160622E-07
0	0	396	1.43549113113439E-06	-2.83812271886971E-03	-1.90000520353079E-07
0	0	397	1.32592373251031E-06	-2.82568642180381E-03	-1.83349818405193E-07
0	0	398	1.21943749011216E-06	-2.81337152916672E-03	-1.76654682316963E-07
0	0	399	1.11603240393993E-06	-2.80117804095845E-03	-1.69915112088392E-07
0	0	400	1.01570847399363E-06	-2.78910595717899E-03	-1.63131107719476E-07
0	0	401	9.18465700273249E-07	-2.77715527782835E-03	-1.56302669210218E-07
0	0	402	8.14268196158815E-07	-2.76530570041411E-03	-1.87218611370427E-07
0	0	403	7.15209710600836E-07	-2.75357496239024E-03	-1.8065438380824E-07
0	0	404	6.18763948418098E-07	-2.74195514578409E-03	-1.74050538414265E-07
0	0	405	5.24930909610602E-07	-2.73044625059565E-03	-1.67407075188503E-07
0	0	406	4.33710594178354E-07	-2.71904827682493E-03	-1.60723994130955E-07
0	0	407	3.45103002121341E-07	-2.70776122447192E-03	-1.54001295241619E-07
0	0	408	2.59108133439569E-07	-2.69658509353663E-03	-1.47238978520496E-07
0	0	409	1.75725988133039E-07	-2.68551988401905E-03	-1.40437043967586E-07
0	0	410	9.49565662017502E-08	-2.67456559591919E-03	-1.33595491582889E-07
0	0	411	1.6799867645703E-08	-2.66372222923704E-03	-1.26714321366404E-07
0	0	412	-7.14918964220915E-08	-2.65296141223851E-03	-1.61770196537249E-07
0	0	413	-1.52056689692185E-07	-2.64231656761967E-03	-1.55189648650527E-07
0	0	414	-2.30395943902039E-07	-2.63177315749198E-03	-1.48581752345402E-07
0	0	415	-3.06509659051664E-07	-2.62133118185545E-03	-1.41946507621871E-07
0	0	416	-3.80397835141054E-07	-2.61099064071008E-03	-1.35283914479936E-07
0	0	417	-4.52060472170204E-07	-2.60075153405586E-03	-1.28593972919597E-07
0	0	418	-5.21497570139125E-07	-2.5906138618928E-03	-1.21876682940852E-07
0	0	419	-5.88709129047811E-07	-2.58057762422089E-03	-1.15132044543704E-07
0	0	420	-6.53695148896262E-07	-2.57064282104014E-03	-1.0836005772815E-07
0	0	421	-7.24451812535875E-07	-2.56078947772075E-03	-1.45645480095496E-07
0	0	422	-7.91901822260751E-07	-2.55104261450579E-03	-1.39196742072295E-07
0	0	423	-8.57444401902352E-07	-2.54138867002689E-03	-1.32732888216807E-07
0	0	424	-9.21079551460687E-07	-2.53182764428405E-03	-1.26253918529032E-07
0	0	425	-9.82807270935753E-07	-2.52235953727726E-03	-1.19759833008971E-07
0	0	426	-1.04262756032755E-06	-2.51298434900654E-03	-1.13250631656622E-07
0	0	427	-1.10054041963607E-06	-2.50370207947187E-03	-1.06726314471987E-07
0	0	428	-1.15654584886133E-06	-2.49451272867327E-03	-1.00186881455065E-07
0	0	429	-1.21064384800332E-06	-2.48541629661072E-03	-9.36323326058563E-08
0	0	430	-1.26283441706203E-06	-2.47641278328424E-03	-8.70626679243613E-08
0	0	431	-1.32325796713047E-06	-2.46747777305822E-03	-1.25385061099678E-07
0	0	432	-1.37818761271086E-06	-2.45864433281003E-03	-1.19165669053454E-07
0	0	433	-1.43147561005704E-06	-2.44989620528638E-03	-1.1294126813969E-07
0	0	434	-1.48312195916903E-06	-2.44123339048728E-03	-1.06711858358385E-07
0	0	435	-1.53312666004682E-06	-2.43265588841271E-03	-1.00477439709539E-07
0	0	436	-1.58148971269042E-06	-2.42416369906269E-03	-9.42380121931529E-08
0	0	437	-1.6282111170998E-06	-2.41575682243722E-03	-8.79935758092266E-08
0	0	438	-1.673290873275E-06	-2.40743525853628E-03	-8.17441305577592E-08
0	0	439	-1.71672898121599E-06	-2.39919900735989E-03	-7.54896764387512E-08
0	0	440	-1.76457979618737E-06	-2.39102953777893E-03	-1.13189096434214E-07
0	0	441	-1.81065442051338E-06	-2.3829543376817E-03	-1.07291402811006E-07
0	0	442	-1.85531857730112E-06	-2.37495767743223E-03	-1.01396929468016E-07
0	0	443	-1.8985722665506E-06	-2.36703955703051E-03	-9.55056764052447E-08
0	0	444	-1.9404154882618E-06	-2.35919997647654E-03	-8.96176436226928E-08
0	0	445	-1.98084824243475E-06	-2.35143893577031E-03	-8.37328311203592E-08
0	0	446	-2.01987052906942E-06	-2.34375643491185E-03	-7.78512388982442E-08
0	0	447	-2.05748234816583E-06	-2.33615247390113E-03	-7.1972866956348E-08
0	0	448	-2.09368369972398E-06	-2.32862705273816E-03	-6.60977152946704E-08
0	0	449	-2.12847458374386E-06	-2.32118017142294E-03	-6.02257839132115E-08
0	0	450	-2.16972893682626E-06	-2.31379135949956E-03	-9.66365682688724E-08
0	0	451	-2.20716918907015E-06	-2.30649091070688E-03	-9.11263966201606E-08
0	0	452	-2.24340476932949E-06	-2.29926298599245E-03	-8.56247137731967E-08
0	0	453	-2.2784356776043E-06	-2.29210758535627E-03	-8.013151972798E-08
0	0	454	-2.31226191389457E-06	-2.28502470879834E-03	-7.46468144845108E-08
0	0	455	-2.34488347820031E-06	-2.27801435631866E-03	-6.91705980427892E-08
0	0	456	-2.3763003705215E-06	-2.27107652791723E-03	-6.37028704028151E-08
0	0	457	-2.40651259085814E-06	-2.26421122359404E-03	-5.82436315645886E-08
0	0	458	-2.43552013921026E-06	-2.2574184433491E-03	-5.27928815281097E-08
0	0	459	-2.46332301557782E-06	-2.25069818718241E-03	-4.73506202933787E-08
0	0	460	-2.49906442520076E-06	-2.24402832945445E-03	-8.17574088341163E-08
0	0	461	-2.52941880291678E-06	-2.23744171709867E-03	-7.66853334534253E-08
0	0	462	-2.55874704621172E-06	-2.23092230363849E-03	-7.16217737925067E-08
0	0	463	-2.58704915508558E-06	-2.22447008907389E-03	-6.65667298513606E-08
0	0	464	-2.61432512953837E-06	-2.21808507340487E-03	-6.15202016299868E-08
0	0	465	-2.64057496957007E-06	-2.21176725663145E-03	-5.64821891283855E-08
0	0	466	-2.66579867518069E-06	-2.20551663875361E-03	-5.14526923465569E-08
0	0	467	-2.68999624637023E-06	-2.19933321977136E-03	-4.64317112845004E-08
0	0	468	-2.71316768313869E-06	-2.1932169996847E-03	-4.14192459422162E-08
0	0	469	-2.7409195868421E-06	-2.18715152293957E-03	-7.30413975072102E-08
0	0	470	-2.76635894512286E-06	-2.18116246404934E-03	-6.84356222881963E-08
0	0	471	-2.79091800479743E-06	-2.17523591138367E-03	-6.38321025989216E-08
0	0	472	-2.81459676586582E-06	-2.16937186494257E-03	-5.92308384393863E-08
0	0	473	-2.83739522832802E-06	-2.16357032472603E-03	-5.46318298095906E-08
0	0	474	-2.85931339218404E-06	-2.15783129073406E-03	-5.00350767095339E-08
0	0	475	-2.88035125743387E-06	-2.15215476296666E-03	-4.54405791392165E-08
0	0	476	-2.90050882407751E-06	-2.14654074142382E-03	-4.08483370986385E-08
0	0	477	-2.91978609211498E-06	-2.14098922610555E-03	-3.62583505877997E-08
0	0	478	-2.93818306154625E-06	-2.13550021701185E-03	-3.16706196067003E-08
0	0	479	-2.96228641745675E-06	-2.13005645338869E-03	-6.07771668957096E-08
0	0	480	-2.98287469167763E-06	-2.12468426315697E-03	-5.66500188332027E-08
0	0	481	-3.00269629786898E-06	-2.11937045976525E-03	-5.25135887342197E-08
0	0	482	-3.02175123603082E-06	-2.11411504321353E-03	-4.83678765987612E-08
0	0	483	-3.04003950616313E-06	-2.10891801350181E-03	-4.42128824268266E-08
0	0	484	-3.05756110826592E-06	-2.10377937063008E-03	-4.00486062184162E-08
0	0	485	-3.07431604233919E-06	-2.09869911459836E-03	-3.58750479735299E-08
0	0	486	-3.09030430838294E-06	-2.09367724540664E-03	-3.16922076921678E-08
0	0	487	-3.10552590639716E-06	-2.08871376305492E-03	-2.75000853743299E-08
0	0	488	-3.12393902246807E-06	-2.08379544730559E-03	-5.38027523994624E-08
0	0	489	-3.14122878117869E-06	-2.07894340175809E-03	-5.01273021057955E-08
0	0	490	-3.15784267060224E-06	-2.07414612945703E-03	-4.64289976303303E-08
0	0	491	-3.17378069073875E-06	-2.06940363040242E-03	-4.27078389730662E-08
0	0	492	-3.18904284158819E-06	-2.06471590459424E-03	-3.89638261340036E-08
0	0	493	-3.20362912315058E-06	-2.06008295203251E-03	-3.51969591131423E-08
0	0	494	-3.21753953542592E-06	-2.05550477271723E-03	-3.14072379104825E-08
0	0	495	-3.2307740784142E-06	-2.05098136664838E-03	-2.75946625260241E-08
0	0	496	-3.24333275211542E-06	-2.04651273382598E-03	-2.37592329597671E-08
0	0	497	-3.25521555652958E-06	-2.04209887425002E-03	-1.99009492117118E-08
0	0	498	-3.27154414834228E-06	-2.03772589053614E-03	-4.44149360084617E-08
0	0	499	-3.28548180477938E-06	-2.03341534882825E-03	-4.10789322749315E-08
0	0	500	-3.29882348713662E-06	-2.02915640429985E-03	-3.77075037944939E-08
0	0	501	-3.31156919541401E-06	-2.02494905695091E-03	-3.43006505671488E-08
0	0	502	-3.32371892961154E-06	-2.02079330678146E-03	-3.08583725928964E-08
0	0	503	-3.33527268972921E-06	-2.01668915379149E-03	-2.73806698717366E-08
0	0	504	-3.34623047576703E-06	-2.01263659798099E-03	-2.38675424036696E-08
0	0	505	-3.356592287725E-06	-2.00863563934997E-03	-2.0318990188695E-08
0	0	506	-3.36635812560311E-06	-2.00468627789843E-03	-1.6735013226813E-08
0	0	507	-3.37849042658432E-06	-2.00077750929998E-03	-3.96301529547587E-08
0	0	508	-3.39018007089693E-06	-1.99692749444981E-03	-3.65516513214169E-08
0	0	509	-3.40134727975537E-06	-1.99312628459013E-03	-3.34268633481905E-08
0	0	510	-3.41199205315963E-06	-1.98937387972095E-03	-3.02557890350795E-08
0	0	511	-3.42211439110971E-06	-1.98567027984227E-03	-2.70384283820841E-08
0	0	512	-3.43171429360562E-06	-1.98201548495408E-03	-2.37747813892038E-08
0	0	513	-3.44079176064735E-06	-1.97840949505639E-03	-2.04648480564389E-08
0	0	514	-3.44934679223491E-06	-1.97485231014919E-03	-1.71086283837894E-08
0	0	515	-3.45737938836828E-06	-1.97134393023249E-03	-1.37061223712553E-08
0	0	516	-3.46488954904748E-06	-1.96788435530628E-03	-1.02573300188365E-08
0	0	517	-3.47569928006056E-06	-1.96446202635738E-03	-3.28397371903401E-08
0	0	518	-3.48505470619816E-06	-1.9610959357288E-03	-2.98695241175933E-08
0	0	519	-3.49394902264855E-06	-1.95777621235474E-03	-2.68436808208584E-08
0	0	520	-3.50238222941175E-06	-1.95450285623519E-03	-2.37622073001349E-08
0	0	521	-3.51035432648776E-06	-1.95127586737015E-03	-2.06251035554229E-08
0	0	522	-3.51786531387657E-06	-1.94809524575963E-03	-1.74323695867226E-08
0	0	523	-3.52491519157818E-06	-1.94496099140363E-03	-1.41840053940338E-08
0	0	524	-3.5315039595926E-06	-1.94187310430214E-03	-1.08800109773567E-08
0	0	525	-3.53763161791982E-06	-1.93883158445516E-03	-7.52038633669111E-09
0	0	526	-3.54509498933574E-06	-1.93582619181952E-03	-2.98778413436995E-08
0	0	527	-3.55297492889917E-06	-1.93287548539517E-03	-2.70039840837891E-08
0	0	528	-3.56043342254638E-06	-1.92996904344967E-03	-2.40584453512738E-08
0	0	529	-3.56747047027738E-06	-0.001927106865983	-2.10412251461534E-08
0	0	530	-3.57408607209216E-06	-1.92428895299519E-03	-1.7952323468428E-08
0	0	531	-3.58028022799073E-06	-1.92151530448622E-03	-1.47917403180976E-08
0	0	532	-3.58605293797308E-06	-1.9187859204561E-03	-1.15594756951622E-08
0	0	533	-3.59140420203922E-06	-1.91610080090483E-03	-8.25552959962199E-09
0	0	534	-3.59633402018914E-06	-1.9134599458324E-03	-4.87990203147657E-09
0	0	535	-3.60084239242284E-06	-1.91086335523881E-03	-1.43259299072614E-09
0	0	536	-3.60755036190567E-06	-1.90830010082841E-03	-2.50751502268636E-08
0	0	537	-3.61385294210192E-06	-1.9057902586369E-03	-2.21327094294902E-08
0	0	538	-3.61975883784838E-06	-1.90332288343665E-03	-1.91098657243376E-08
0	0	539	-3.62526804914507E-06	-1.90089797522766E-03	-1.60066191114058E-08
0	0	540	-3.63038057599196E-06	-1.89851553400992E-03	-1.2822969590695E-08
0	0	541	-3.63509641838907E-06	-1.89617555978343E-03	-9.55891716220471E-09
0	0	542	-3.6394155763364E-06	-1.8938780525482E-03	-6.2144618259352E-09
0	0	543	-3.64333804983394E-06	-1.89162301230422E-03	-2.78960358188647E-09
0	0	544	-3.64686383888169E-06	-1.88941043905149E-03	7.15657569941489E-10
0	0	545	-3.64999294347966E-06	-1.88724033279002E-03	4.30132162954867E-09
0	0	546	-3.6563064151922E-06	-1.88510134257217E-03	-2.10658397720123E-08
0	0	547	-3.66130055533311E-06	-1.88301480152561E-03	-1.79998577980087E-08
0	0	548	-3.66591733283497E-06	-1.88096921698086E-03	-1.48529850373519E-08
0	0	549	-3.6701567476978E-06	-1.8789645889379E-03	-1.16252214900416E-08
0	0	550	-3.6740187999216E-06	-1.87700091739675E-03	-8.31656715607803E-09
0	0	551	-3.67750348950636E-06	-1.87507820235739E-03	-4.92702203546109E-09
0	0	552	-3.68061081645208E-06	-1.87319644381983E-03	-1.45658612819082E-09
0	0	553	-3.68334078075877E-06	-1.87135564178407E-03	2.09474056573277E-09
0	0	554	-3.68569338242642E-06	-1.86955579625012E-03	5.72695804630968E-09
0	0	555	-3.6895736132144E-06	-1.86778529954786E-03	-2.09777518621101E-08
0	0	556	-3.69375390711461E-06	-1.86606796341397E-03	-1.77877728829363E-08
0	0	557	-3.6975864123155E-06	-1.86439031426634E-03	-1.449952014921E-08
0	0	558	-3.70107112881708E-06	-1.86275235210499E-03	-1.11129936609313E-08
0	0	559	-3.70420805661935E-06	-1.8611540769299E-03	-7.62819341810005E-09
0	0	560	-3.70699719572231E-06	-1.85959548874107E-03	-4.04511942071637E-09
0	0	561	-3.70943854612596E-06	-1.85807658753852E-03	-3.63771668780209E-10
0	0	562	-3.71153210783029E-06	-1.85659737332223E-03	3.41584983770813E-09
0	0	563	-3.71327788083532E-06	-1.8551578460922E-03	7.29374509874922E-09
0	0	564	-3.71467586514104E-06	-1.85375800584845E-03	1.12699141143428E-08
0	0	565	-3.71856866005491E-06	-1.85238642016889E-03	-1.93122372873923E-08
0	0	566	-3.72169975507246E-06	-1.85106787902511E-03	-1.56420536729237E-08
0	0	567	-3.72453698028221E-06	-1.84978794289247E-03	-1.19070433666302E-08
0	0	568	-3.72708033568414E-06	-1.84854661177095E-03	-8.10720636851193E-09
0	0	569	-3.72932982127826E-06	-1.84734388566056E-03	-4.24254267865704E-09
0	0	570	-3.73128543706456E-06	-1.8461797645613E-03	-3.13052296883768E-10
0	0	571	-3.73294718304305E-06	-1.84505424847316E-03	3.68126477671181E-09
0	0	572	-3.73431505921373E-06	-1.84396733739615E-03	7.74040854213223E-09
0	0	573	-3.7353890655766E-06	-1.84291903133027E-03	1.18643789994539E-08
0	0	574	-3.73701958037018E-06	-1.84189573231522E-03	-2.1027027282487E-08
0	0	575	-3.73946545560174E-06	-1.84092898535137E-03	-1.70459994220554E-08
0	0	576	-3.7416693431025E-06	-1.8400000266276E-03	-1.30119643906475E-08
0	0	577	-3.74363124287245E-06	-1.83910885614391E-03	-8.92492218833484E-09
0	0	578	-3.7453511549116E-06	-1.83825547390029E-03	-4.78487281511823E-09
0	0	579	-3.74682907921995E-06	-1.83743987989675E-03	-5.91816271052443E-10
0	0	580	-3.74806501579748E-06	-1.83666207413329E-03	3.65424744403542E-09
0	0	581	-3.74905896464422E-06	-1.8359220566099E-03	7.95331832991528E-09
0	0	582	-3.74981092576014E-06	-1.83521982732659E-03	1.2305396386757E-08
0	0	583	-3.75032089914526E-06	-1.83455538628336E-03	1.67104816145035E-08
0	0	584	-3.75550227893314E-06	-1.83393786749148E-03	-1.90059840146861E-08
0	0	585	-3.75599468864044E-06	-1.83334987196424E-03	-1.46019201590033E-08
0	0	586	-3.75663177787516E-06	-1.83280056322149E-03	-1.02324369891516E-08
0	0	587	-3.75741354663731E-06	-1.83228994126322E-03	-5.89753450509486E-09
0	0	588	-3.75833999492689E-06	-1.83181800608944E-03	-1.59721270690837E-09
0	0	589	-3.75941112274388E-06	-1.83138475770014E-03	2.66852840547668E-09
0	0	590	-3.76062693008831E-06	-1.83099019609533E-03	6.89968883199766E-09
0	0	591	-3.76198741696016E-06	-1.83063432127501E-03	1.10962685726875E-08
0	0	592	-3.76349258335943E-06	-1.83031713323917E-03	1.52582676275466E-08
0	0	593	-3.76494441326045E-06	-1.83003684589984E-03	-8.09736783166092E-09
0	0	594	-3.7624246763588E-06	-1.82977388775038E-03	-1.62736803794374E-08
0	0	595	-3.76241500952359E-06	-1.82956427016142E-03	-9.75289971310907E-09
0	0	596	-3.7625102519977E-06	-1.82939296273532E-03	-4.87387535709182E-09
0	0	597	-3.76271040378113E-06	-1.82925996547209E-03	-1.63660731138414E-09
0	0	598	-3.76301546487389E-06	-1.82916527837173E-03	-4.109557598507E-11
0	0	599	-3.76342543527597E-06	-1.82910890143424E-03	-8.73401508969892E-11
0	0	600	-3.76394031498737E-06	-1.82909083465963E-03	-1.77534103611842E-09
