fieldmap_name:     	SWLS Sirius
timestamp:         	2022-08-15_15-26-39
filename:          	2022-08-15_SWLS_Sirius_Model8.0_gap6.8mm_Z=-600_600mm.txt
MagNet_file:       	SWLS_Sirius_Model8.0_gap6.8mm.mn
nr_magnets:        	1

magnet_name:       	SWLS
gap[mm]:           	
control_gap[mm]:   	--
magnet_length[mm]: 	
current_main[A]:   	--
NI_main[A.esp]:    	--
center_pos_z[mm]:  	0
center_pos_x[mm]:  	0
rotation[deg]:     	0

X[mm]	Y[mm]	Z[mm]	Bx	By	Bz [T]
------------------------------------------------------------------------------------------------------------------------------------------------------------------
0	0	-600	0	-1.82732963028184E-03	0
0	0	-599	0	-1.82735934460456E-03	0
0	0	-598	0	-1.82742656929213E-03	0
0	0	-597	0	-1.82753130434454E-03	0
0	0	-596	0	-1.82767354976181E-03	0
0	0	-595	0	-1.82785330554393E-03	0
0	0	-594	0	-1.8280705716909E-03	0
0	0	-593	0	-1.82832534820272E-03	0
0	0	-592	0	-1.82861763507939E-03	0
0	0	-591	0	-1.82894743232091E-03	0
0	0	-590	0	-1.82931473992728E-03	0
0	0	-589	0	-1.8297195578985E-03	0
0	0	-588	0	-1.83016188623458E-03	0
0	0	-587	0	-1.8306417249355E-03	0
0	0	-586	0	-1.83115907400127E-03	0
0	0	-585	0	-1.83171393343189E-03	0
0	0	-584	0	-1.83230630322737E-03	0
0	0	-583	0	-1.83293618338769E-03	0
0	0	-582	0	-1.83360357391286E-03	0
0	0	-581	0	-1.83430847480289E-03	0
0	0	-580	0	-1.83505088605776E-03	0
0	0	-579	0	-1.83583080767749E-03	0
0	0	-578	0	-1.83664823966206E-03	0
0	0	-577	0	-1.83750318201149E-03	0
0	0	-576	0	-1.83839563472577E-03	0
0	0	-575	0	-1.83932559780489E-03	0
0	0	-574	0	-1.84029307124887E-03	0
0	0	-573	0	-1.8412980550577E-03	0
0	0	-572	0	-1.84234054923137E-03	0
0	0	-571	1.42211463417181E-22	-1.84280614434039E-03	-3.23844294256884E-20
0	0	-570	1.14407965243572E-22	-1.84394269968538E-03	-2.87398208444592E-20
0	0	-569	7.1280260276851E-23	-1.84511875384548E-03	-1.98143728826951E-20
0	0	-568	4.97164077934897E-23	-1.84633430682068E-03	-1.5351648901813E-20
0	0	-567	0	-1.84758935861099E-03	0
0	0	-566	-5.63051106202584E-23	-1.8488839092164E-03	0
0	0	-565	1.28283485170166E-22	-1.85021795863692E-03	-5.60808554039603E-20
0	0	-564	6.94825162738043E-23	-1.85159150687255E-03	-3.46302517219596E-20
0	0	-563	4.1329960963672E-23	-1.85300455392328E-03	-2.37413268010287E-20
0	0	-562	3.6338244411474E-23	-1.85445709978911E-03	-2.43958191207509E-20
0	0	-561	0	-1.85594914447005E-03	0
0	0	-560	7.90644339212469E-23	-1.8574806879661E-03	-7.71144112805865E-20
0	0	-559	5.3407736887213E-23	-1.85905173027725E-03	-6.58982401997944E-20
0	0	-558	2.45570673040323E-23	-1.86066227140351E-03	-4.052068259946E-20
0	0	-557	1.70694924757348E-23	-1.86231231134487E-03	-4.15024210790434E-20
0	0	-556	3.19397254914647E-24	-1.86400185010134E-03	-1.41613865195423E-20
0	0	-555	4.18868563830634E-24	-1.86573088767291E-03	-8.69317960764205E-20
0	0	-554	-1.07864640182887E-23	-1.86749942405959E-03	-8.88952730355872E-20
0	0	-553	-2.14680113957336E-23	-1.86930745926138E-03	-7.57156249956284E-20
0	0	-552	0	-1.87114137966208E-03	2.48037346707115E-19
0	0	-551	-1.05918715920938E-23	-1.87300231474997E-03	2.40483654545676E-19
0	0	-550	0	-1.87490742088266E-03	2.48536570807493E-19
0	0	-549	9.82084835408764E-23	-1.87685669806016E-03	2.63083295465011E-19
0	0	-548	7.8708929207203E-23	-1.87885014628247E-03	2.63083295465011E-19
0	0	-547	1.11681994344996E-22	-1.88088776554958E-03	2.63083295465011E-19
0	0	-546	1.18418749747056E-22	-1.8829695558615E-03	2.63083295465011E-19
0	0	-545	-9.38666288618432E-23	-1.88509551721822E-03	1.9649764191128E-19
0	0	-544	0	-1.88726564961976E-03	2.50174769983283E-19
0	0	-543	2.07943523929875E-22	-1.8894799530661E-03	2.63083295465011E-19
0	0	-542	2.54390099871793E-22	-1.89173842755724E-03	2.63083295465011E-19
0	0	-541	2.66179421825397E-22	-1.89404107309319E-03	2.63083295465011E-19
0	0	-540	2.38258923239145E-22	-1.89638788967395E-03	2.63083295465011E-19
0	0	-539	1.24182028171129E-22	-1.89877887729952E-03	2.63083295465011E-19
0	0	-538	1.72312792963565E-22	-1.90121403596989E-03	2.63083295465011E-19
0	0	-537	1.79049548365625E-22	-1.90369336568507E-03	2.63083295465011E-19
0	0	-536	1.39339727825764E-22	-1.90621686644506E-03	2.63083295465011E-19
0	0	-535	3.36915353547065E-22	-1.90878453824985E-03	2.63083295465011E-19
0	0	-534	3.48704675500669E-22	-1.91139638109945E-03	2.63083295465011E-19
0	0	-533	0	-1.91405239499385E-03	2.53725604421411E-19
0	0	-532	0	-1.91675257993306E-03	2.54083539270813E-19
0	0	-531	0	-1.91949693591708E-03	2.5444732940666E-19
0	0	-530	2.26206836180066E-22	-1.92228546294591E-03	2.63083295465011E-19
0	0	-529	2.32943591582126E-22	-1.92511816101954E-03	2.63083295465011E-19
0	0	-528	1.79760260238139E-22	-1.92799503013798E-03	2.63083295465011E-19
0	0	-527	-1.84812826789691E-22	-1.93091607030123E-03	1.82809994406089E-19
0	0	-526	-2.21509625564775E-22	-1.93388128150928E-03	1.69730375663134E-19
0	0	-525	4.54808573083165E-22	-1.93689066376214E-03	2.63083295465011E-19
0	0	-524	4.6659789503677E-22	-1.9399442170598E-03	2.63083295465011E-19
0	0	-523	4.78387216990374E-22	-1.94304194140228E-03	2.63083295465011E-19
0	0	-522	4.90176538943979E-22	-1.94618383678956E-03	2.63083295465011E-19
0	0	-521	2.86837634798635E-22	-1.94936990322164E-03	2.63083295465011E-19
0	0	-520	2.93574390200695E-22	-1.95260014069853E-03	2.63083295465011E-19
0	0	-519	2.25233359202066E-22	-1.95587454922023E-03	2.63083295465011E-19
0	0	-518	3.07047901004814E-22	-1.95919312878674E-03	2.63083295465011E-19
0	0	-517	3.13784656406874E-22	-1.96255587939805E-03	2.63083295465011E-19
0	0	-516	5.60912470665647E-22	-1.96596280105417E-03	2.63083295465011E-19
0	0	-515	0	-1.9694138937551E-03	2.61064290536592E-19
0	0	-514	0	-1.97290915750083E-03	2.61527620541987E-19
0	0	-513	0	-1.97644859229137E-03	2.61996805833826E-19
0	0	-512	0	-1.97978624492841E-03	0
0	0	-511	0	-1.98350192322049E-03	0
0	0	-510	0	-1.98727957430678E-03	0
0	0	-509	0	-1.9911128704048E-03	0
0	0	-508	-1.18672134607336E-19	-1.99589304563753E-03	-1.81531227642411E-19
0	0	-507	-1.1860711797786E-19	-1.9996052608598E-03	-3.39170571929029E-20
0	0	-506	-1.18820601122838E-19	-2.00337725399432E-03	-3.61260680938135E-20
0	0	-505	-1.18791920171979E-19	-2.00720902504109E-03	1.18791920171979E-19
0	0	-504	-1.19494129416265E-19	-2.01110057400011E-03	-2.00089185200595E-19
0	0	-503	-1.19482277444136E-19	-2.01505190087139E-03	-4.2731873910182E-20
0	0	-502	-1.19493469986289E-19	-2.01906300565492E-03	1.19493469986289E-19
0	0	-501	-1.19941084063639E-19	-2.02313388835071E-03	-4.71180553824581E-20
0	0	-500	-1.2015789089857E-19	-2.02726454895875E-03	-3.39163213668713E-20
0	0	-499	-1.20414041940716E-19	-2.03145498747904E-03	-5.14900855971581E-20
0	0	-498	-1.20833256061475E-19	-2.03570520391158E-03	-2.27819987106052E-19
0	0	-497	-1.2090115107537E-19	-2.04001519825638E-03	-5.58479645542825E-20
0	0	-496	-1.20992090603545E-19	-2.04438497051343E-03	1.20992090603545E-19
0	0	-495	-1.21537110022871E-19	-2.04881452068274E-03	-2.25142542536223E-19
0	0	-494	-1.21658348385305E-19	-2.0533038487643E-03	-6.23582493820146E-20
0	0	-493	-1.21917823117404E-19	-2.05785295475811E-03	-6.4521268695804E-20
0	0	-492	-1.22061927302928E-19	-2.06246183866417E-03	1.22061927302928E-19
0	0	-491	-1.22457309207606E-19	-2.06713050048249E-03	-8.62162325069249E-20
0	0	-490	-1.22618072538983E-19	-2.07185894021306E-03	1.22618072538983E-19
0	0	-489	-1.22901451878602E-19	-2.07664715785588E-03	1.22901451878602E-19
0	0	-488	-1.23340895776717E-19	-2.08149515341096E-03	-2.55712086304712E-19
0	0	-487	-1.23555342122388E-19	-2.08640292687829E-03	-9.56890827014765E-20
0	0	-486	-1.23827715203194E-19	-2.09137047825788E-03	-6.10782394644709E-20
0	0	-485	-1.24120982292382E-19	-2.09639780754971E-03	-8.16980618879383E-20
0	0	-484	-1.24412297354027E-19	-2.1014849147538E-03	-8.38292408721822E-20
0	0	-483	-1.24676022018585E-19	-2.10663179987015E-03	1.24676022018585E-19
0	0	-482	-1.25026915782036E-19	-2.11183846289874E-03	-3.01146136853939E-19
0	0	-481	-1.25307469425325E-19	-2.11710490383959E-03	-9.02015509385508E-20
0	0	-480	-1.25612935744546E-19	-2.1224311226927E-03	-9.2318578665219E-20
0	0	-479	-1.25921939878161E-19	-2.12781711945805E-03	-9.44320685774933E-20
0	0	-478	-1.26236085329645E-19	-2.13326289413566E-03	-7.62880078535755E-20
0	0	-477	-1.26523169700393E-19	-2.13876844672552E-03	-3.23874823394471E-19
0	0	-476	-1.26833033927246E-19	-2.14433377722764E-03	-3.28409947259396E-19
0	0	-475	-1.27240233144624E-19	-2.14995888564201E-03	1.27240233144624E-19
0	0	-474	-1.27571529523969E-19	-2.15564377196863E-03	1.06438213279869E-19
0	0	-473	-1.27850258782121E-19	-2.16138843620751E-03	-1.07038713948867E-19
0	0	-472	0	-2.16714057890457E-03	0
0	0	-471	0	-2.17295100779886E-03	0
0	0	-470	0	-2.17883383345903E-03	0
0	0	-469	0	-2.18478905588506E-03	0
0	0	-468	0	-2.19081667507696E-03	0
0	0	-467	0	-2.19691669103474E-03	0
0	0	-466	0	-2.20308910375839E-03	0
0	0	-465	0	-2.2093339132479E-03	0
0	0	-464	0	-2.21565111950329E-03	0
0	0	-463	0	-2.22204072252454E-03	0
0	0	-462	0	-2.22850272231167E-03	0
0	0	-461	0	-2.23503711886467E-03	0
0	0	-460	0	-2.24164391218353E-03	0
0	0	-459	0	-2.24832310226827E-03	0
0	0	-458	0	-2.25507468911888E-03	0
0	0	-457	0	-2.26189867273535E-03	0
0	0	-456	0	-2.2687950531177E-03	0
0	0	-455	0	-2.27576383026592E-03	0
0	0	-454	0	-2.28280500418001E-03	0
0	0	-453	0	-2.28991857485996E-03	0
0	0	-452	0	-2.29710454230579E-03	0
0	0	-451	0	-2.30436290651749E-03	0
0	0	-450	0	-2.31169366749506E-03	0
0	0	-449	0	-2.31909682523849E-03	0
0	0	-448	0	-2.3265723797478E-03	0
0	0	-447	0	-2.33412033102298E-03	0
0	0	-446	0	-2.34174067906403E-03	0
0	0	-445	0	-2.34943342387095E-03	0
0	0	-444	0	-2.35719856544374E-03	0
0	0	-443	1.0487034733346E-21	-2.36504467762944E-03	-5.83277882480475E-19
0	0	-442	1.05783374047716E-21	-2.37296585019651E-03	-6.18147379646401E-19
0	0	-441	1.06283973080789E-21	-2.38096047549321E-03	-6.53560267578224E-19
0	0	-440	1.10997020277578E-21	-2.38902855351954E-03	-7.19495526548808E-19
0	0	-439	1.10466550107694E-21	-2.39717008427552E-03	-7.56266891395368E-19
0	0	-438	1.09523652256628E-21	-2.40538506776113E-03	-7.93581647007824E-19
0	0	-437	5.20810462006239E-22	-2.41367350397638E-03	-4.00322863482233E-19
0	0	-436	5.32002867554705E-22	-2.42203539292126E-03	-4.34920665265211E-19
0	0	-435	0	-2.43047073459578E-03	0
0	0	-434	6.49774162135172E-22	-2.4386048240341E-03	1.23305557777971E-19
0	0	-433	3.09649208503607E-22	-2.44719390450774E-03	2.89175814160333E-19
0	0	-432	0	-2.45588409198926E-03	4.59001796219499E-19
0	0	-431	1.45170200955343E-21	-2.46467538647865E-03	-4.34475973042373E-19
0	0	-430	1.05574236324672E-21	-2.47356778797592E-03	-2.34121301259433E-19
0	0	-429	7.46093154743103E-22	-2.48256129648107E-03	-6.42386288641341E-20
0	0	-428	4.66919691367444E-22	-2.49165591199409E-03	1.09599769207969E-19
0	0	-427	1.13475426022271E-21	-2.50085163451499E-03	-4.68657696140488E-19
0	0	-426	8.11936402223091E-22	-2.51014846404377E-03	-2.58779047887279E-19
0	0	-425	5.6323868397538E-22	-2.51954640058043E-03	-8.09471305809495E-20
0	0	-424	3.45016710855629E-22	-2.52904544412496E-03	1.00840512402185E-19
0	0	-423	1.57270482863835E-22	-2.53864559467737E-03	2.86583881062124E-19
0	0	-422	5.68130441199463E-22	-2.54834685223765E-03	-2.83134446055751E-19
0	0	-421	5.07178950943573E-22	-2.55814921680581E-03	-2.89176053651093E-19
0	0	-420	3.34670595515744E-22	-2.56805268838185E-03	-1.01407580205975E-19
0	0	-419	1.92637985215871E-22	-2.57805726696577E-03	9.03166189159483E-20
0	0	-418	4.21621824228626E-22	-2.58816295255756E-03	-5.44461111556662E-19
0	0	-417	2.76541639415948E-22	-2.59836974515723E-03	-3.53092801767127E-19
0	0	-416	2.02421499664045E-22	-2.60867764476477E-03	-3.19100639947136E-19
0	0	-415	9.9029006585687E-23	-2.6190866513802E-03	-8.06689590618318E-20
0	0	-414	4.02592595761052E-23	-2.6295967650035E-03	8.02651448974832E-20
0	0	-413	3.91340577925821E-24	-2.64020798563467E-03	3.27395642916015E-19
0	0	-412	-4.13844613595839E-23	-2.65092031327373E-03	-3.42700166967174E-19
0	0	-411	0	-2.66173391316827E-03	0
0	0	-410	0	-2.67264775930285E-03	0
0	0	-409	0	-2.6836611757223E-03	0
0	0	-408	0	-2.69477416242664E-03	0
0	0	-407	0	-2.70598671941585E-03	0
0	0	-406	0	-2.71729884668993E-03	0
0	0	-405	0	-2.7287105442489E-03	0
0	0	-404	0	-2.74022181209274E-03	0
0	0	-403	0	-2.75183265022146E-03	0
0	0	-402	0	-2.76354305863506E-03	0
0	0	-401	0	-2.77535303733354E-03	0
0	0	-400	0	-2.78726258631689E-03	0
0	0	-399	0	-2.79927170558513E-03	0
0	0	-398	-2.02575167440367E-22	-2.81078352265352E-03	-3.17818074116787E-19
0	0	-397	-1.09124081273767E-22	-2.82304824879648E-03	-3.17818074116787E-19
0	0	-396	-1.16719910769366E-22	-2.83544752466493E-03	-3.17818074116787E-19
0	0	-395	-1.46140556519738E-22	-2.84798135025884E-03	-3.17818074116787E-19
0	0	-394	-1.7556120227009E-22	-2.86064972557824E-03	-3.17818074116787E-19
0	0	-393	-4.61209158046032E-22	-2.87345265062311E-03	-3.17818074116787E-19
0	0	-392	-5.27405610984324E-22	-2.88639012539346E-03	-3.17818074116787E-19
0	0	-391	0	-2.8994435603162E-03	0
0	0	-390	0	-2.9126345504502E-03	0
0	0	-389	0	-2.92596315457865E-03	0
0	0	-388	0	-2.93942937270157E-03	0
0	0	-387	0	-2.95303320481893E-03	0
0	0	-386	0	-2.96677465093076E-03	0
0	0	-385	0	-2.98065371103704E-03	0
0	0	-384	0	-2.99467038513777E-03	0
0	0	-383	0	-3.00882467323296E-03	0
0	0	-382	0	-3.02311657532261E-03	0
0	0	-381	0	-3.0375460914067E-03	0
0	0	-380	0	-3.05211322148526E-03	0
0	0	-379	0	-3.06681796555827E-03	0
0	0	-378	0	-3.08166032362574E-03	0
0	0	-377	0	-3.09664029568766E-03	0
0	0	-376	0	-3.11175788174404E-03	0
0	0	-375	0	-3.12701308179487E-03	0
0	0	-374	0	-3.14240589584016E-03	0
0	0	-373	0	-3.15793632387991E-03	0
0	0	-372	0	-3.17360436591411E-03	0
0	0	-371	0	-3.18941002194276E-03	0
0	0	-370	0	-3.20517283232558E-03	0
0	0	-369	0	-3.22120833553944E-03	0
0	0	-368	0	-3.23741626095363E-03	0
0	0	-367	0	-3.25379660856815E-03	0
0	0	-366	0	-0.003270349378383	0
0	0	-365	0	-3.28707457039817E-03	0
0	0	-364	0	-3.30397218461368E-03	0
0	0	-363	0	-3.32104222102951E-03	0
0	0	-362	0	-3.33828467964567E-03	0
0	0	-361	0	-3.35569956046216E-03	0
0	0	-360	0	-3.37328686347898E-03	0
0	0	-359	-7.13461982312199E-22	-3.39101822003591E-03	-2.51563242236434E-19
0	0	-358	-3.0943791852951E-22	-3.40888620357408E-03	1.1779941726552E-19
0	0	-357	-2.8092016122693E-22	-3.42693920439614E-03	1.16737044853503E-19
0	0	-356	-5.04804807848687E-22	-3.44517722250211E-03	-2.28116188727135E-19
0	0	-355	-4.47769293243528E-22	-3.46360025789197E-03	-2.3259947296497E-19
0	0	-354	-2.17074321465754E-22	-3.48220831056572E-03	7.47250954333015E-20
0	0	-353	-1.85387924462887E-22	-3.50100138052338E-03	7.3375847638232E-20
0	0	-352	0	-3.51997946776493E-03	4.69491950120609E-19
0	0	-351	-2.19627234822873E-22	-3.53914257229037E-03	-2.50285835393263E-19
0	0	-350	-9.03287334542776E-23	-3.55849069409972E-03	6.94761689668497E-20
0	0	-349	-4.69138691611297E-23	-3.57802383319296E-03	1.50027276699643E-19
0	0	-348	-4.85206910073684E-23	-3.5977419895701E-03	-2.63291493965288E-19
0	0	-347	8.98786935322354E-24	-3.61764516323114E-03	-3.0924935182855E-19
0	0	-346	3.64168545572013E-23	-3.63773335417607E-03	6.46220817372672E-20
0	0	-345	6.81032515600673E-23	-3.6580065624049E-03	6.34702535606322E-20
0	0	-344	1.79621367413293E-22	-3.67846478791762E-03	-2.80286887729061E-19
0	0	-343	2.36656882018453E-22	-3.69910803071424E-03	-2.84474042539244E-19
0	0	-342	1.46846198311812E-22	-3.71993629079477E-03	1.03762752949763E-19
0	0	-341	1.75363955614392E-22	-3.74094956815918E-03	1.03095219774615E-19
0	0	-340	0	-3.7621478628075E-03	5.01792170359508E-19
0	0	-339	4.90621103796844E-22	-3.7835311747397E-03	-3.45732562038947E-19
0	0	-338	2.89908030580159E-22	-3.80509950395581E-03	5.60984249887101E-20
0	0	-337	3.21594427583025E-22	-3.82685285045582E-03	5.514401643051E-20
0	0	-336	-2.20243441702872E-23	-3.84879038532955E-03	2.46056797427102E-19
0	0	-335	-8.56181224335213E-23	-3.87084137116523E-03	0
0	0	-334	-2.94771228530532E-22	-3.89315118713577E-03	0
0	0	-333	-1.11811807762582E-19	-3.91568699575675E-03	0
0	0	-332	-1.12469132460046E-19	-3.9384492403863E-03	0
0	0	-331	-1.13225080354744E-19	-3.96142443281683E-03	-4.53378927692721E-19
0	0	-330	-1.13877733750329E-19	-3.98461257304836E-03	-4.15965209031089E-19
0	0	-329	-1.14511911183049E-19	-4.00801366108089E-03	0
0	0	-328	-1.15186581631481E-19	-4.0316276969144E-03	0
0	0	-327	-1.158673361559E-19	-4.05545468054892E-03	0
0	0	-326	-1.16554174756306E-19	-4.07949461198442E-03	0
0	0	-325	-1.17247097432699E-19	-4.10374749122092E-03	0
0	0	-324	-1.17946756775298E-19	-4.12821331825841E-03	0
0	0	-323	-1.18657564299448E-19	-4.1528920930969E-03	0
0	0	-322	-1.19377003613984E-19	-4.17778381573637E-03	0
0	0	-321	-1.20101253147308E-19	-4.20288848617685E-03	0
0	0	-320	-1.20826817622929E-19	-4.22820610441831E-03	0
0	0	-319	-1.21568004441918E-19	-4.25373667046077E-03	0
0	0	-318	-1.22310506203204E-19	-4.27948018430422E-03	0
0	0	-317	-1.23050827630296E-19	-4.30543664594867E-03	0
0	0	-316	-1.23705322676772E-19	-4.33160605539412E-03	-5.16120961314875E-19
0	0	-315	-1.24457975403393E-19	-4.35798841264055E-03	-4.73003421414865E-19
0	0	-314	-1.25211997454829E-19	-4.38458371768798E-03	-4.76805968907117E-19
0	0	-313	-1.25965641192834E-19	-4.4113919705364E-03	-5.28669368039306E-19
0	0	-312	-1.26808743140657E-19	-4.43841317118581E-03	0
0	0	-311	-1.27586842880873E-19	-4.46564731963622E-03	0
0	0	-310	6.0756021245365E-22	-4.49296387780124E-03	-2.53164042181504E-18
0	0	-309	5.63446547789908E-22	-4.5206230680203E-03	-2.55006399619528E-18
0	0	-308	5.19332883126163E-22	-4.54848281344932E-03	-2.56848757057553E-18
0	0	-307	6.44940367913356E-22	-4.5765431140883E-03	-3.51080798243998E-18
0	0	-306	5.08088688405685E-22	-4.60480396993723E-03	-3.07057306207459E-18
0	0	-305	2.00406514016344E-22	-4.63326538099612E-03	-1.35873197353164E-18
0	0	-304	1.71439112235631E-22	-4.66192734726497E-03	-1.32109093404826E-18
0	0	-303	2.56083908406494E-22	-4.69078986874377E-03	-2.28051895069436E-18
0	0	-302	2.13724858424286E-22	-4.71985294543253E-03	-2.24847078200498E-18
0	0	-301	1.76700889867214E-22	-4.74911657733124E-03	-2.2639334247884E-18
0	0	-300	1.96142059712184E-22	-4.77858076443991E-03	-3.2008540523349E-18
0	0	-299	1.44150954929913E-22	-4.80824550675854E-03	-3.22256755071162E-18
0	0	-298	7.81962364889385E-23	-4.83811080428712E-03	-2.75272331437798E-18
0	0	-297	1.15637297264013E-23	-4.86817665702566E-03	-9.4021055154297E-19
0	0	-296	-6.80681299755613E-24	-4.89844306497416E-03	-1.89292281427254E-18
0	0	-295	0	-4.92896486960817E-03	0
0	0	-294	0	-4.95968625577121E-03	0
0	0	-293	0	-4.9905356255128E-03	0
0	0	-292	0	-5.02151297883295E-03	0
0	0	-291	0	-5.05261831573166E-03	0
0	0	-290	0	-5.08385163620893E-03	0
0	0	-289	0	-5.11521294026477E-03	0
0	0	-288	0	-5.14670222789915E-03	0
0	0	-287	0	-5.1783194991121E-03	0
0	0	-286	0	-5.21006475390361E-03	0
0	0	-285	0	-5.24193799227369E-03	0
0	0	-284	0	-5.27393921422231E-03	0
0	0	-283	0	-5.3060684197495E-03	0
0	0	-282	0	-5.33832560885525E-03	0
0	0	-281	0	-5.37071078153956E-03	0
0	0	-280	0	-5.40322393780243E-03	0
0	0	-279	0	-5.43586507764386E-03	0
0	0	-278	1.03888299375339E-19	-5.46849968274041E-03	8.41547532043973E-19
0	0	-277	0	-5.50103837801275E-03	-2.08996781616727E-19
0	0	-276	-5.26657584071572E-22	-5.53358620954448E-03	-6.37767493334732E-19
0	0	-275	0	-5.56632989467578E-03	0
0	0	-274	0	-5.59906073624875E-03	0
0	0	-273	0	-5.63172494407233E-03	0
0	0	-272	0	-5.66432251814653E-03	0
0	0	-271	0	-5.69685345847134E-03	0
0	0	-270	0	-5.72931776504677E-03	0
0	0	-269	0	-5.76171543787282E-03	0
0	0	-268	5.28933811174532E-20	-5.7940416993805E-03	8.71095212040045E-19
0	0	-267	5.30537459090568E-20	-5.82622083997726E-03	8.71095212040045E-19
0	0	-266	5.32693640711615E-20	-5.85822669384225E-03	8.71095212040045E-19
0	0	-265	5.35519296649522E-20	-5.89005926097548E-03	8.71095212040045E-19
0	0	-264	1.73445680835343E-22	-5.92178086173247E-03	-9.08255529840797E-19
0	0	-263	0	-5.95316745292656E-03	-2.11095204262085E-19
0	0	-262	0	-5.98431205406317E-03	-2.12199570297452E-19
0	0	-261	5.47224298644863E-23	-6.01522537185378E-03	-2.63495007804169E-19
0	0	-260	1.5369887719666E-23	-6.04578894650046E-03	-3.99608603090136E-19
0	0	-259	-6.94116638079827E-23	-6.07596912288897E-03	-5.13850997091552E-19
0	0	-258	0	-6.10576509172238E-03	0
0	0	-257	0	-6.1351480493738E-03	0
0	0	-256	0	-6.16407520914279E-03	0
0	0	-255	9.302561943169E-19	-6.19247514589835E-03	-9.21140384876415E-19
0	0	-254	0	-6.22034188756406E-03	0
0	0	-253	0	-6.2475994216516E-03	0
0	0	-252	2.70267357259307E-22	-6.27421540654461E-03	0
0	0	-251	-9.13293587601442E-19	-6.30013373785515E-03	9.13293587601442E-19
0	0	-250	0	-6.32530807139829E-03	0
0	0	-249	1.01513454890418E-19	-6.34966607778981E-03	0
0	0	-248	2.50245049177431E-22	-6.37318305255352E-03	-5.89795972678174E-19
0	0	-247	-1.4689826956552E-22	-6.39573049037596E-03	2.40947700911781E-19
0	0	-246	0	-6.41728538176043E-03	0
0	0	-245	0	-6.43773970014978E-03	0
0	0	-244	0	-6.45703841835674E-03	0
0	0	-243	-1.99451302164569E-19	-6.47512832318382E-03	0
0	0	-242	0	-6.49191714261664E-03	0
0	0	-241	3.11308704794177E-19	-6.50731668110995E-03	-7.10256054381113E-19
0	0	-240	4.71680893339461E-19	-6.52122875956367E-03	0
0	0	-239	0	-6.53356232363157E-03	0
0	0	-238	9.0783016218127E-23	-6.54421736598946E-03	-2.16398565931152E-19
0	0	-237	0	-6.55308452880277E-03	0
0	0	-236	0	-6.56005169910152E-03	0
0	0	-235	-2.44012890225166E-19	-6.56500270876759E-03	0
0	0	-234	1.22408878298593E-19	-6.56780757609187E-03	-5.05245421186337E-19
0	0	-233	2.91721538819976E-19	-6.56832998663229E-03	5.91047035350743E-19
0	0	-232	-1.36923545218575E-19	-6.56644785337033E-03	7.35475643022778E-20
0	0	-231	0	-6.56200797613834E-03	0
0	0	-230	0	-6.55483205802721E-03	0
0	0	-229	5.03174190051064E-22	-6.54476690695795E-03	-3.85246704283747E-19
0	0	-228	0	-6.53166348282138E-03	0
0	0	-227	2.26178758851298E-19	-6.51533801712377E-03	0
0	0	-226	4.50059085923389E-19	-6.49559877196923E-03	2.66570561813836E-19
0	0	-225	0	-6.47224002544461E-03	0
0	0	-224	0	-6.44504986142039E-03	0
0	0	-223	0	-6.41379862671812E-03	0
0	0	-222	0	-6.37826050375763E-03	0
0	0	-221	0	-6.33817965283376E-03	0
0	0	-220	0	-6.2933201502981E-03	0
0	0	-219	0	-6.2433738387482E-03	0
0	0	-218	0	-6.18805921748174E-03	0
0	0	-217	0	-6.12707715642477E-03	0
0	0	-216	-2.3499516315029E-22	-6.06011352389522E-03	7.36007849085753E-19
0	0	-215	0	-5.98681952914637E-03	0
0	0	-214	0	-5.90683344041847E-03	0
0	0	-213	4.42571627715025E-23	-5.81977891312139E-03	0
0	0	-212	0	-5.72525242703404E-03	0
0	0	-211	0	-5.62283577418179E-03	0
0	0	-210	0	-5.51207274567382E-03	0
0	0	-209	0	-5.39250461093107E-03	0
0	0	-208	0	-5.2636113183522E-03	0
0	0	-207	0	-5.12488569250153E-03	0
0	0	-206	0	-4.97577596519731E-03	0
0	0	-205	0	-4.81569269923483E-03	0
0	0	-204	0	-4.64401310428039E-03	0
0	0	-203	0	-4.46009040515326E-03	0
0	0	-202	0	-4.26322319764303E-03	0
0	0	-201	-1.15310653786912E-22	-4.05270552269288E-03	5.56951789587123E-19
0	0	-200	0	-3.82773758278885E-03	0
0	0	-199	0	-3.58753153702574E-03	0
0	0	-198	0	-3.33118724132631E-03	0
0	0	-197	0	-3.05784046261591E-03	0
0	0	-196	0	-0.002766492336153	0
0	0	-195	0	-2.45615086031373E-03	0
0	0	-194	0	-2.12572762441031E-03	0
0	0	-193	-1.68397655726191E-21	-1.77411569002414E-03	6.15855123303102E-18
0	0	-192	0	-1.40005373238099E-03	0
0	0	-191	0	-1.00231923795194E-03	0
0	0	-190	0	-5.79549218354832E-04	0
0	0	-189	-8.42319535469107E-21	-1.30314642086517E-04	1.04179891225987E-17
0	0	-188	1.57390852291538E-20	3.46894389672088E-04	1.18950303901193E-17
0	0	-187	0	8.53662533400112E-04	0
0	0	-186	0	1.3916613348812E-03	0
0	0	-185	0	1.96270139363602E-03	0
0	0	-184	0	2.56862821676958E-03	0
0	0	-183	0	3.21147058180665E-03	0
0	0	-182	0	3.89335011484962E-03	0
0	0	-181	-2.04956661269642E-19	4.61650283374634E-03	-4.63505943123435E-19
0	0	-180	0	5.38323488857015E-03	0
0	0	-179	0	6.19608247171721E-03	0
0	0	-178	2.26646983568923E-19	7.05770719476503E-03	0
0	0	-177	0	7.97089996197286E-03	0
0	0	-176	0	8.93864185431518E-03	0
0	0	-175	0	9.96409333938956E-03	0
0	0	-174	0	0.011050538187046	0
0	0	-173	0	1.22014434344593E-02	0
0	0	-172	0	1.34205586886582E-02	0
0	0	-171	0	1.47118819613345E-02	0
0	0	-170	0	1.60794332929463E-02	0
0	0	-169	0	1.75277554533925E-02	0
0	0	-168	3.42801757287223E-21	1.90614313659094E-02	0
0	0	-167	0	0.020685352031323	0
0	0	-166	-1.09982956098638E-21	0.022404711520964	8.71351612964625E-18
0	0	-165	0	2.42250337317158E-02	0
0	0	-164	-2.84327469881114E-21	2.61521079707669E-02	1.56751609166382E-17
0	0	-163	0	2.81920944572775E-02	0
0	0	-162	0	3.03513662752025E-02	0
0	0	-161	0	3.26368320349914E-02	0
0	0	-160	0	3.50557463793484E-02	0
0	0	-159	-4.08018814259319E-18	3.76157453283171E-02	0
0	0	-158	-3.85474950101728E-18	4.03248038291754E-02	1.53763485690497E-17
0	0	-157	0	4.31913502486568E-02	0
0	0	-156	0	4.62245114184823E-02	0
0	0	-155	0	4.94336700841148E-02	0
0	0	-154	0	5.28286600837904E-02	0
0	0	-153	0	5.64200773435859E-02	0
0	0	-152	-1.24296571761076E-21	6.02190923133156E-02	7.53161018052051E-18
0	0	-151	0	6.42372585222566E-02	0
0	0	-150	0	6.84870047558077E-02	0
0	0	-149	0	0.072981249923505	0
0	0	-148	0	7.77335482322008E-02	0
0	0	-147	0	8.27584738260206E-02	0
0	0	-146	0	8.80708611360951E-02	0
0	0	-145	0	9.36873428089594E-02	0
0	0	-144	-2.41100304738573E-20	9.96242313524549E-02	1.26763197282542E-16
0	0	-143	0	0.105900039114257	0
0	0	-142	7.91593686164356E-21	0.112533300968738	0
0	0	-141	0	0.119544168703228	0
0	0	-140	1.41805858689639E-21	0.12695390765923	0
0	0	-139	-8.47955950464709E-21	0.134785081572491	7.27940423498531E-17
0	0	-138	0	0.143061740458512	0
0	0	-137	0	0.151809540164353	0
0	0	-136	0	0.161055771103967	0
0	0	-135	0	0.170828677404244	0
0	0	-134	0	0.181161306714823	0
0	0	-133	0	0.192087068978098	0
0	0	-132	-4.02243414116392E-18	0.203643583262885	0
0	0	-131	-1.76790926861526E-20	0.21586927318918	1.16996603487124E-16
0	0	-130	0	0.228809080485777	0
0	0	-129	-8.80060338502932E-21	0.242510179390631	1.07419380265338E-16
0	0	-128	0	0.257025578575147	0
0	0	-127	0	0.272412927435416	0
0	0	-126	-3.8627748930598E-20	0.288737639255912	1.76906359462513E-16
0	0	-125	0	0.306069702921642	0
0	0	-124	0	0.324489248169756	0
0	0	-123	0	0.344084553623692	0
0	0	-122	0	0.364953580243646	0
0	0	-121	0	0.387207679554727	0
0	0	-120	0	0.410967787286438	0
0	0	-119	0	0.436373575354681	2.29601950280225E-17
0	0	-118	0	0.463568339612368	0
0	0	-117	-4.41459539594694E-17	0.492712919738471	0
0	0	-116	-5.09645343987201E-20	0.523978142020217	3.02131387785797E-16
0	0	-115	0	0.557540212940939	0
0	0	-114	2.43255162554375E-17	0.593576177443721	1.47236938036302E-16
0	0	-113	0	0.632243140219009	0
0	0	-112	0	0.673675229818316	0
0	0	-111	0	0.717943739922212	0
0	0	-110	-6.24537447317095E-20	0.765014751165072	1.86410470157855E-16
0	0	-109	6.50194744082566E-17	0.814690748133183	7.90732161219602E-18
0	0	-108	0	0.866557208212936	0
0	0	-107	0	0.92003412221615	0
0	0	-106	0	0.974515348717865	0
0	0	-105	0	1.0290463926467	0
0	0	-104	3.72654767712558E-19	1.08217451968921	1.27327679504487E-16
0	0	-103	0	1.13253274891138	0
0	0	-102	0	1.17921187317567	0
0	0	-101	-7.15404131657453E-19	1.22152355211532	3.04631386417655E-16
0	0	-100	0	1.25885290343414	0
0	0	-99	0	1.29100028171256	0
0	0	-98	0	1.31818256288275	0
0	0	-97	0	1.34079858188747	0
0	0	-96	0	1.3593814781516	0
0	0	-95	0	1.37447374699647	0
0	0	-94	6.16361570442793E-17	1.38663760571026	8.54227535635385E-17
0	0	-93	0	1.39636719374285	0
0	0	-92	0	1.40414269913969	0
0	0	-91	-6.9027682898561E-17	1.41034552516192	1.37998902327464E-16
0	0	-90	0	1.41529963486631	0
0	0	-89	0	1.41926515651922	0
0	0	-88	0	1.42244837444438	0
0	0	-87	0	1.42500466389451	0
0	0	-86	0	1.427058095497	0
0	0	-85	0	1.42871085086272	0
0	0	-84	0	1.43003392790451	0
0	0	-83	-2.66875243180864E-17	1.43108129138271	2.14645317007E-18
0	0	-82	0	1.43189341400767	0
0	0	-81	0	1.43250162266581	0
0	0	-80	5.74616035649054E-20	1.43292800990996	0
0	0	-79	0	1.43318793608662	0
0	0	-78	-4.76494816934586E-20	1.43329120830029	1.1061861120694E-19
0	0	-77	0	1.43324019287005	-7.0436327631114E-17
0	0	-76	0	1.4330339774417	0
0	0	-75	0	1.43266507286208	0
0	0	-74	0	1.43212002943338	0
0	0	-73	0	1.431379405501	0
0	0	-72	0	1.43041605088763	0
0	0	-71	0	1.42919169333675	0
0	0	-70	6.52040630255884E-20	1.42765514935183	-7.39536253857243E-17
0	0	-69	0	1.42574171055692	0
0	0	-68	0	1.42336837703737	0
0	0	-67	2.26472279441996E-17	1.42042666564003	-1.05023767445444E-16
0	0	-66	0	1.41677772141124	0
0	0	-65	-5.88636636647908E-17	1.41223338875364	-1.35843378394239E-17
0	0	-64	0	1.40656678449867	0
0	0	-63	0	1.39949028727635	0
0	0	-62	0	1.39065533549227	0
0	0	-61	2.74691889640074E-20	1.37962066468797	0
0	0	-60	0	1.36589268487602	0
0	0	-59	0	1.34890795967452	0
0	0	-58	0	1.32805700916295	0
0	0	-57	0	1.30274785598356	0
0	0	-56	0	1.27245968524562	0
0	0	-55	-1.82947609746778E-19	1.23687934050215	-1.15479252700746E-16
0	0	-54	0	1.19610903004427	0
0	0	-53	0	1.15040176291588	0
0	0	-52	4.36460811301845E-17	1.10011318883613	-1.56129176369967E-16
0	0	-51	0	1.04621790562029	0
0	0	-50	0	0.99008859092102	0
0	0	-49	0	0.932763720742748	0
0	0	-48	0	0.875253768799604	0
0	0	-47	0	0.818490111832403	0
0	0	-46	0	0.763119912027565	0
0	0	-45	4.58586740787645E-20	0.709562544424113	3.28289495995689E-17
0	0	-44	-2.33837255160435E-20	0.657978121469641	-3.13185906783691E-16
0	0	-43	0	0.608343585479524	0
0	0	-42	-2.74783044938604E-17	0.560486842066921	-7.97442964844396E-17
0	0	-41	1.10304725155734E-20	0.514119083483144	-4.59007655938377E-17
0	0	-40	0	0.468863468984101	0
0	0	-39	0	0.424247347179701	0
0	0	-38	0	0.37973940878425	0
0	0	-37	0	0.334664654769257	0
0	0	-36	0	0.288230601741968	0
0	0	-35	0	0.239420399021113	0
0	0	-34	0	0.186963735472134	0
0	0	-33	0	0.129080819280286	0
0	0	-32	0	6.33483016421277E-02	0
0	0	-31	-7.57292399657499E-19	-1.34691673866624E-02	-1.39227777355696E-16
0	0	-30	0	-0.105776302433457	0
0	0	-29	-9.94302177687576E-18	-0.218917935293839	-3.69472107037652E-16
0	0	-28	-4.22426922619269E-20	-0.356490157430351	-2.67311773783817E-16
0	0	-27	0	-0.51912061925676	0
0	0	-26	0	-0.703843299051248	0
0	0	-25	0	-0.905692350419926	0
0	0	-24	0	-1.12036944421561	0
0	0	-23	0	-1.34422253935728	0
0	0	-22	0	-1.57457811346075	0
0	0	-21	-9.56470846361164E-21	-1.80962420988821	0
0	0	-20	0	-2.04815071832851	0
0	0	-19	0	-2.28923097127751	0
0	0	-18	0	-2.53217574384807	0
0	0	-17	0	-2.77646353373324	0
0	0	-16	2.60535125994024E-20	-3.02169854862651	-2.54320976800351E-16
0	0	-15	0	-3.26759460464432	0
0	0	-14	0	-3.51393455246054	0
0	0	-13	0	-3.76059257374442	0
0	0	-12	1.8797886092522E-20	-4.00758452505948	-1.42640727464014E-16
0	0	-11	0	-4.25530466898122	0
0	0	-10	0	-4.50524257566135	0
0	0	-9	0	-4.76160326951367	0
0	0	-8	0	-5.03112418769304	0
0	0	-7	0	-5.31625910110168	0
0	0	-6	-1.7981705733892E-16	-5.60168112837391	3.64555758786998E-16
0	0	-5	0	-5.85744870390699	0
0	0	-4	0	-6.06034573954712	0
0	0	-3	0	-6.20564949612034	0
0	0	-2	0	-6.30000556043345	0
0	0	-1	0	-6.35231497812836	0
0	0	0	0	-6.36911107732579	0
0	0	1	0	-6.35256091492271	0
0	0	2	0	-6.30053113649979	0
0	0	3	0	-6.20687554700037	0
0	0	4	2.84110162580502E-16	-6.06213940170968	5.91846153695666E-16
0	0	5	0	-5.85889714949477	0
0	0	6	0	-5.60184260373526	0
0	0	7	1.53077861395241E-19	-5.31492159621217	-2.32393756532747E-16
0	0	8	0	-5.02971144136355	0
0	0	9	0	-4.76110425076835	0
0	0	10	0	-4.50548744092877	0
0	0	11	0	-4.25544326730545	0
0	0	12	0	-4.00760646438504	0
0	0	13	0	-3.76040144368586	0
0	0	14	0	-3.51358794690879	0
0	0	15	0	-3.26715124823428	0
0	0	16	0	-3.02120406978492	0
0	0	17	0	-2.77594731473085	0
0	0	18	1.38050284302689E-16	-2.53166072544268	7.27025363038345E-16
0	0	19	1.28456155670672E-16	-2.28873777703142	0
0	0	20	9.60004003627246E-17	-2.04768228373267	1.80266706208625E-16
0	0	21	0	-1.8091887738417	4.53640771565574E-17
0	0	22	0	-1.57416880629324	0
0	0	23	0	-1.34388331725684	0
0	0	24	0	-1.12017279628343	0
0	0	25	0	-0.905598154826566	0
0	0	26	0	-0.703732603832035	0
0	0	27	0	-0.519315987151781	0
0	0	28	1.22409197382332E-19	-0.356951581650117	5.50793814147286E-16
0	0	29	0	-0.219401430727782	0
0	0	30	0	-0.106222274406355	0
0	0	31	-6.63388743368843E-19	-1.36314719167383E-02	-1.47394218279312E-18
0	0	32	0	0.063294331904908	0
0	0	33	0	0.129036493406058	0
0	0	34	0	0.186898403174026	0
0	0	35	0	0.239357448017522	0
0	0	36	0	0.288133476061064	0
0	0	37	0	0.334568776601941	0
0	0	38	2.4293100595171E-17	0.379642258304471	-1.27916824031913E-17
0	0	39	0	0.424155971965255	0
0	0	40	0	0.468769975515727	0
0	0	41	1.65230130893934E-17	0.514036612011812	-3.50526994963436E-17
0	0	42	0	0.560401003473585	0
0	0	43	2.08927891791621E-20	0.608257295139884	0
0	0	44	0	0.657889115023819	0
0	0	45	-5.05817450998131E-20	0.709467806935739	8.83498938839869E-17
0	0	46	0	0.763023756235711	0
0	0	47	0	0.818396697612927	0
0	0	48	0	0.87519738289921	0
0	0	49	0	0.93275969975875	0
0	0	50	0	0.990080472079669	0
0	0	51	0	1.04599881667831	0
0	0	52	0	1.09955084047827	0
0	0	53	5.61829765203507E-17	1.14989260845208	1.93707584192348E-16
0	0	54	-5.92801863325898E-17	1.19603788751194	5.23160276238903E-16
0	0	55	0	1.23702676728952	0
0	0	56	-4.07195088669529E-17	1.2725876411693	2.4640919117727E-17
0	0	57	0	1.30286284202209	8.33165755281591E-17
0	0	58	0	1.32821483565057	0
0	0	59	0	1.34911237308579	0
0	0	60	0	1.36614235922044	0
0	0	61	0	1.3798912821055	0
0	0	62	0	1.39094971047076	0
0	0	63	0	1.3998174654403	0
0	0	64	0	1.40691555416769	0
0	0	65	0	1.41260786835227	0
0	0	66	0	1.41717570397086	0
0	0	67	0	1.42084778992336	0
0	0	68	0	1.42380768140484	0
0	0	69	-6.47498206235538E-17	1.42619673827835	1.29445715164829E-16
0	0	70	0	1.42812428228799	0
0	0	71	0	1.42967249609451	0
0	0	72	0	1.43090675649185	0
0	0	73	0	1.43187894981299	0
0	0	74	0	1.43262719459411	0
0	0	75	0	1.43317842876023	0
0	0	76	0	1.43355251892852	0
0	0	77	-1.47916241795698E-16	1.43376326505731	3.32186581482137E-19
0	0	78	0	1.43381777265914	0
0	0	79	0	1.43371795987107	0
0	0	80	0	1.43346031867833	0
0	0	81	0	1.43303603388954	0
0	0	82	0	1.43242923741156	0
0	0	83	0	1.43161767406481	0
0	0	84	0	1.43057041606678	0
0	0	85	0	1.42924611053336	0
0	0	86	-1.21619528596128E-20	1.42758893167653	0
0	0	87	-1.15739419550902E-16	1.42552654663685	-5.77973913348129E-17
0	0	88	0	1.42296131725913	0
0	0	89	0	1.41976570776527	0
0	0	90	5.50584385504262E-20	1.41577423866476	-3.31091842327618E-17
0	0	91	0	1.41079158530342	0
0	0	92	8.08823193810094E-17	1.40454935099712	-6.39515267538408E-17
0	0	93	0	1.39672891828233	0
0	0	94	3.21153963805122E-20	1.38694390363112	-1.42954032464866E-17
0	0	95	4.38811323861857E-17	1.37474797036512	-4.37401539029119E-17
0	0	96	0	1.35961843522399	0
0	0	97	0	1.3410171431516	0
0	0	98	0	1.31839749160556	0
0	0	99	0	1.29119981591788	0
0	0	100	0	1.25904174194079	0
0	0	101	0	1.22174064817175	0
0	0	102	1.44589734301653E-19	1.1795462255235	-4.99597213891108E-17
0	0	103	0	1.13300351482942	0
0	0	104	0	1.08272680785249	0
0	0	105	3.2812705334666E-17	1.02965751710739	0
0	0	106	3.57243452021911E-17	0.975017305557596	-5.55880866363661E-16
0	0	107	0	0.920380760731326	0
0	0	108	0	0.866905858773304	0
0	0	109	0	0.815068145850396	0
0	0	110	0	0.76535849546901	0
0	0	111	0	0.718238306782711	0
0	0	112	0	0.673922485515781	0
0	0	113	0	0.632450917211355	0
0	0	114	0	0.593752173993287	0
0	0	115	0	0.557695423480624	0
0	0	116	0	0.524116196268591	0
0	0	117	0	0.492838474994491	0
0	0	118	-5.73807748361747E-20	0.463684844513566	0
0	0	119	0	0.436482273446352	0
0	0	120	0	0.411071326644739	0
0	0	121	0	0.387305898922646	0
0	0	122	0	0.365044917393478	0
0	0	123	0	0.344168793439786	0
0	0	124	0	0.324570703822238	0
0	0	125	0	0.306146718848921	0
0	0	126	0	0.288809751638775	0
0	0	127	0	0.272481333854389	0
0	0	128	0	0.257090228524543	0
0	0	129	0	0.242571296744249	0
0	0	130	0	0.228866992585513	0
0	0	131	0	0.215923733371329	0
0	0	132	0	0.203694899749132	0
0	0	133	0	0.192135957437571	0
0	0	134	0	0.181207755291309	0
0	0	135	-1.03858294883028E-20	0.170872343934278	0
0	0	136	1.03110680680738E-17	0.161096442320489	-9.34067640897813E-17
0	0	137	0	0.151848337718849	0
0	0	138	0	0.143098705974308	0
0	0	139	3.92542253150104E-18	0.134819635886553	-6.57641560054257E-17
0	0	140	0	0.126986980443135	0
0	0	141	6.77387459072839E-18	0.11957541758357	-1.33063715339873E-17
0	0	142	0	0.112562826241348	0
0	0	143	0	0.105927956051817	-8.1503548111129E-18
0	0	144	0	9.96507221195243E-02	0
0	0	145	0	9.37122132328992E-02	0
0	0	146	0	8.80943531531264E-02	0
0	0	147	0	8.27808630297647E-02	0
0	0	148	0	7.77549012405079E-02	0
0	0	149	0	0.073001350464505	0
0	0	150	0	6.85063363225464E-02	0
0	0	151	-3.03444326057065E-18	6.42556841198258E-02	-2.89432778914338E-18
0	0	152	2.94647410577139E-21	6.02366030240756E-02	-3.5497299669327E-17
0	0	153	0	5.64367731547699E-02	0
0	0	154	2.05363105332926E-18	5.28445118078244E-02	0
0	0	155	0	4.94487831396098E-02	0
0	0	156	0	4.62390859542573E-02	0
0	0	157	0	4.32052102792587E-02	0
0	0	158	2.09138731375134E-20	4.03375239137413E-02	-8.79095886433363E-17
0	0	159	0	3.76283477422786E-02	0
0	0	160	0	3.50678704417562E-02	0
0	0	161	-6.58325928012857E-19	3.26484034415584E-02	-2.30655814373227E-17
0	0	162	0	3.03624486468712E-02	0
0	0	163	0	2.82026687786329E-02	0
0	0	164	0	2.61622463808857E-02	0
0	0	165	0	0.02423477285612	0
0	0	166	0	2.24140787835359E-02	0
0	0	167	-9.2240095066025E-19	2.06943662120291E-02	-8.73442872478307E-18
0	0	168	0	1.90701712646139E-02	0
0	0	169	0	1.75361900985212E-02	0
0	0	170	0	1.60876053089286E-02	0
0	0	171	0	1.47196991941953E-02	0
0	0	172	0	1.34281096949464E-02	0
0	0	173	0	1.22087320587648E-02	0
0	0	174	0	1.10575737277908E-02	0
0	0	175	0	9.97086298439539E-03	0
0	0	176	0	8.94517857005754E-03	0
0	0	177	-1.12823382742736E-21	7.97722633178081E-03	0
0	0	178	0	7.06379220643558E-03	0
0	0	179	0	6.2019698539988E-03	0
0	0	180	0	5.38892807516421E-03	0
0	0	181	0	4.62202993501813E-03	0
0	0	182	0	3.89872652698928E-03	0
0	0	183	0	3.21668458602785E-03	0
0	0	184	0	2.5736565257564E-03	0
0	0	185	1.50053650095839E-22	1.96756383053464E-03	-1.36925921981207E-18
0	0	186	0	1.39638754900273E-03	0
0	0	187	0	8.58265348866764E-04	0
0	0	188	-1.10118363339501E-20	3.51352043640363E-04	0
0	0	189	0	-1.25963893968549E-04	0
0	0	190	-1.49086996553213E-23	-5.75336717027016E-04	-8.68029505850194E-19
0	0	191	-4.7633859795446E-20	-9.98234879168111E-04	0
0	0	192	0	-1.39609163565644E-03	-2.10942179685499E-18
0	0	193	9.27522935796346E-20	-1.77024618409168E-03	1.01526509190354E-19
0	0	194	0	-2.12201326460565E-03	0
0	0	195	0	-2.45250845881893E-03	0
0	0	196	0	-2.76293199748505E-03	0
0	0	197	0	-3.05437863826782E-03	0
0	0	198	0	-3.3278230579209E-03	0
0	0	199	0	-3.58424873808702E-03	0
0	0	200	0	-3.8245619701323E-03	0
0	0	201	0	-4.04960298206967E-03	0
0	0	202	-6.54755214815606E-23	-4.2602097290038E-03	0
0	0	203	5.29914749600336E-23	-4.45714562514691E-03	-3.47744119877928E-18
0	0	204	0	-4.64114550351109E-03	0
0	0	205	0	-4.81289331473525E-03	0
0	0	206	0	-4.97304852495681E-03	0
0	0	207	0	-5.12223653681235E-03	0
0	0	208	0	-5.26101559916593E-03	0
0	0	209	0	-5.38996424957387E-03	0
0	0	210	0	-5.50960489138607E-03	0
0	0	211	9.43127766794346E-20	-5.62043200798523E-03	0
0	0	212	-1.92019438336721E-19	-5.72292018865661E-03	-2.35511949782849E-19
0	0	213	0	-5.81750700947861E-03	0
0	0	214	1.1116696419596E-19	-5.90462110020786E-03	-6.68832083843107E-19
0	0	215	0	-5.98465698960024E-03	0
0	0	216	9.00134755336991E-23	-6.05800371280803E-03	-3.84495434829401E-19
0	0	217	0	-6.12502131114396E-03	0
0	0	218	0	-6.18603853120111E-03	0
0	0	219	0	-6.24138745306744E-03	0
0	0	220	0	-6.29137665658205E-03	0
0	0	221	0	-6.33629655145788E-03	0
0	0	222	0	-6.37640242047566E-03	0
0	0	223	0	-6.41198748686064E-03	0
0	0	224	0	-6.44326925473622E-03	0
0	0	225	0	-6.47050092933284E-03	0
0	0	226	0	-6.49391108319306E-03	0
0	0	227	0	-6.51369150304951E-03	0
0	0	228	0	-6.53005262093485E-03	0
0	0	229	0	-6.5431877182623E-03	0
0	0	230	-1.56727084667001E-19	-6.55326812745895E-03	0
0	0	231	3.13589660992939E-19	-6.56046263920762E-03	-7.07003724357174E-19
0	0	232	6.78852386243118E-23	-6.56494268253623E-03	0
0	0	233	-1.78609817627799E-22	-6.5668724784826E-03	-6.00570537122523E-21
0	0	234	0	-6.56638731386242E-03	0
0	0	235	0	-6.56361145224557E-03	0
0	0	236	0	-6.55869518561986E-03	0
0	0	237	0	-6.5517670432705E-03	0
0	0	238	0	-6.54292850825092E-03	0
0	0	239	0	-6.53230587857918E-03	0
0	0	240	0	-6.5199902555925E-03	0
0	0	241	0	-6.50609679654596E-03	0
0	0	242	0	-6.49071220279617E-03	0
0	0	243	0	-6.47393760951724E-03	0
0	0	244	0	-6.45585699821353E-03	0
0	0	245	0	-6.43655545176278E-03	0
0	0	246	0	-6.41610471266689E-03	0
0	0	247	0	-6.3945885310569E-03	0
0	0	248	0	-6.37206713050562E-03	0
0	0	249	0	-6.34859790666451E-03	0
0	0	250	0	-6.32426659262047E-03	0
0	0	251	0	-6.29912138444212E-03	0
0	0	252	0	-6.27322732064865E-03	0
0	0	253	0	-6.24663055889938E-03	0
0	0	254	0	-6.21939739743427E-03	0
0	0	255	0	-6.19154968263154E-03	0
0	0	256	0	-6.16315349110255E-03	0
0	0	257	0	-6.13426280453403E-03	0
0	0	258	0	-6.10487665767063E-03	0
0	0	259	0	-6.07507097762768E-03	0
0	0	260	0	-6.04490614592492E-03	0
0	0	261	0	-6.01439161257095E-03	0
0	0	262	0	-5.98353260224153E-03	0
0	0	263	0	-5.95232680506824E-03	0
0	0	264	9.78395741159354E-23	-5.9209409836284E-03	0
0	0	265	3.78576015853507E-23	-5.88922763870618E-03	0
0	0	266	-2.12023375301866E-23	-5.85738502432172E-03	0
0	0	267	-5.7646449946851E-23	-5.82541314047501E-03	0
0	0	268	-2.25853876527761E-22	-5.79331198716605E-03	0
0	0	269	-4.81330147505596E-22	-5.76108156439485E-03	0
0	0	270	8.75057475004929E-22	-5.72869531991871E-03	0
0	0	271	0	-5.69620228289026E-03	0
0	0	272	0	-5.66359313718264E-03	4.25705877741805E-19
0	0	273	0	-5.63098489611028E-03	0
0	0	274	0	-5.59825091586909E-03	0
0	0	275	0	-5.56556142952584E-03	0
0	0	276	0	-5.53291643708052E-03	0
0	0	277	0	-5.50031593853313E-03	0
0	0	278	0	-5.46775993388368E-03	0
0	0	279	0	-5.43524842313216E-03	0
0	0	280	0	-5.40278140627859E-03	0
0	0	281	0	-5.37035888332294E-03	0
0	0	282	0	-5.33798085426523E-03	0
0	0	283	0	-5.30564731910546E-03	0
0	0	284	3.72747102075377E-19	-5.2734588627387E-03	3.64203712226256E-19
0	0	285	3.70730919695285E-19	-5.24142485971644E-03	3.64203712226256E-19
0	0	286	3.68651548872321E-19	-5.20949370609368E-03	3.68651548872321E-19
0	0	287	0	-5.17767128730764E-03	0
0	0	288	0	-5.14598932139089E-03	0
0	0	289	0	-5.11445221833734E-03	0
0	0	290	0	-0.005083059978147	0
0	0	291	0	-5.05181260081987E-03	0
0	0	292	0	-5.02071008635594E-03	0
0	0	293	0	-4.98975243475522E-03	0
0	0	294	0	-4.95893964601772E-03	0
0	0	295	0	-4.92827172014341E-03	0
0	0	296	0	-4.89774865713232E-03	0
0	0	297	0	-4.86737045698444E-03	0
0	0	298	0	-4.83781212097204E-03	0
0	0	299	5.45691717164046E-19	-4.80775062172982E-03	4.40401384986388E-18
0	0	300	5.4211095597147E-19	-4.77806608874627E-03	4.58190185866299E-18
0	0	301	5.37261412661269E-19	-4.74858703764424E-03	3.10232381061169E-18
0	0	302	5.33805638848311E-19	-4.71931346842375E-03	3.2859985351258E-18
0	0	303	5.30333665071263E-19	-4.69024538108478E-03	3.46677990178241E-18
0	0	304	5.26943043858894E-19	-4.66138277562735E-03	3.84714946116938E-18
0	0	305	5.23418996740194E-19	-4.63272565205144E-03	4.02069743318223E-18
0	0	306	5.19384001191945E-19	-4.60427401035707E-03	2.49485240912952E-18
0	0	307	5.159947781596E-19	-4.57602785054423E-03	2.67491043632175E-18
0	0	308	5.12594069881883E-19	-4.54798717261291E-03	2.9012488143747E-18
0	0	309	5.09167528567992E-19	-4.52015197656313E-03	3.07515845611974E-18
0	0	310	5.05699177349911E-19	-4.49252226239488E-03	3.48842658627648E-18
0	0	311	5.0255701594821E-19	-4.46509803010815E-03	2.0197253799094E-18
0	0	312	0	-4.43790341389908E-03	0
0	0	313	0	-4.41092234587025E-03	0
0	0	314	0	-4.38415610267122E-03	0
0	0	315	5.21534994191561E-19	-4.35767161821518E-03	0
0	0	316	5.18388534572318E-19	-4.3313078155245E-03	0
0	0	317	5.15233196779659E-19	-4.30515559262789E-03	0
0	0	318	5.12165903260383E-19	-4.27921494952535E-03	0
0	0	319	5.09063989581462E-19	-4.25348588621689E-03	0
0	0	320	5.06017757957036E-19	-4.22796840270251E-03	0
0	0	321	5.0299599605261E-19	-4.2026624989822E-03	0
0	0	322	4.9997603376938E-19	-4.17756817505597E-03	0
0	0	323	4.97023827949773E-19	-4.15268543092381E-03	0
0	0	324	4.9405728978028E-19	-4.12801426658572E-03	0
0	0	325	4.91135755870672E-19	-4.10355468204172E-03	0
0	0	326	4.88238691681064E-19	-4.07930667729178E-03	0
0	0	327	4.85366097211458E-19	-4.05527025233593E-03	0
0	0	328	4.82517972461852E-19	-4.03144540717415E-03	0
0	0	329	4.79693545313612E-19	-4.00783214180644E-03	0
0	0	330	0	-3.98448071905413E-03	0
0	0	331	0	-3.96132113442981E-03	0
0	0	332	0	-3.93835831673373E-03	0
0	0	333	0	-3.91559528415112E-03	0
0	0	334	0	-3.89302723774817E-03	0
0	0	335	0	-3.87065417752487E-03	0
0	0	336	0	-3.84847610348123E-03	0
0	0	337	0	-3.82649301561725E-03	0
0	0	338	0	-3.80470491393292E-03	0
0	0	339	0	-3.78311179842824E-03	0
0	0	340	0	-3.76171366910322E-03	0
0	0	341	0	-3.74051052595786E-03	0
0	0	342	0	-3.71950236899215E-03	0
0	0	343	0	-3.6986891982061E-03	0
0	0	344	0	-3.6780710135997E-03	0
0	0	345	0	-3.65764781517296E-03	0
0	0	346	0	-3.63741960292587E-03	0
0	0	347	0	-3.61738637685844E-03	0
0	0	348	-1.73963336198576E-19	-3.59754126178815E-03	1.52697842323682E-19
0	0	349	-1.73032088832157E-19	-3.57787084866959E-03	1.52697842323682E-19
0	0	350	-1.72116903651463E-19	-3.55837530887157E-03	1.52697842323682E-19
0	0	351	-1.7114262893737E-19	-3.53905464239411E-03	1.7114262893737E-19
0	0	352	-1.70216771129267E-19	-3.51990884923719E-03	1.70216771129267E-19
0	0	353	-1.69360728726582E-19	-3.50093792940083E-03	1.52697842323682E-19
0	0	354	-1.68465576956164E-19	-3.48214188288501E-03	1.52697842323682E-19
0	0	355	-1.67489937152917E-19	-3.46352070968974E-03	1.67489937152917E-19
0	0	356	-1.66700643139308E-19	-3.44507440981502E-03	1.52697842323682E-19
0	0	357	-1.6583086109287E-19	-3.42680298326085E-03	1.52697842323682E-19
0	0	358	-1.65099858893676E-19	-3.40870643002723E-03	1.52697842323682E-19
0	0	359	-1.64260782884923E-19	-3.39078475011416E-03	1.52697842323682E-19
0	0	360	-1.63114345352204E-19	-3.37303794352164E-03	1.63114345352204E-19
0	0	361	-1.62608000591399E-19	-3.35546601024967E-03	1.52697842323682E-19
0	0	362	-1.61655173187094E-19	-3.33806895029824E-03	1.52697842323682E-19
0	0	363	-1.60590469167698E-19	-3.32084676366737E-03	1.60590469167698E-19
0	0	364	-1.60192251461063E-19	-3.30379945035704E-03	1.52697842323682E-19
0	0	365	-1.59177041409133E-19	-3.28692701036727E-03	1.52697842323682E-19
0	0	366	-1.58383368534637E-19	-3.27022944369804E-03	1.52697842323682E-19
0	0	367	-1.57916226319635E-19	-3.25370675034936E-03	1.52697842323682E-19
0	0	368	-1.56821392509624E-19	-3.23735893032123E-03	1.52697842323682E-19
0	0	369	-1.55771044314511E-19	-3.22118598361365E-03	1.55771044314511E-19
0	0	370	-1.55293242783253E-19	-3.20518791022662E-03	1.52697842323682E-19
0	0	371	-1.54541852782057E-19	-3.18936471016014E-03	1.52697842323682E-19
0	0	372	-1.5347549564583E-19	-3.17371638341421E-03	1.5347549564583E-19
0	0	373	0	-3.15786089828334E-03	0
0	0	374	-1.78429647999603E-21	-3.14232013882847E-03	1.80274051620473E-18
0	0	375	-1.66103421315262E-21	-3.12695033858662E-03	1.78788718730143E-18
0	0	376	-1.53777194630921E-21	-3.11171395897185E-03	1.77304209789705E-18
0	0	377	-7.33449463426716E-22	-3.09661099998416E-03	1.0037374758533E-18
0	0	378	-6.69535695433838E-22	-3.08164146162353E-03	9.95603458323577E-19
0	0	379	-1.51405481860239E-21	-3.06680534388999E-03	2.1846046275296E-18
0	0	380	-7.73868799211544E-22	-3.05210264678353E-03	1.31830660030301E-18
0	0	381	-7.16691587182803E-22	-3.03753337030414E-03	1.36308359691393E-18
0	0	382	-5.91258033517605E-22	-3.02309751445182E-03	1.29591661754207E-18
0	0	383	-6.99933710938847E-22	-3.00879507922659E-03	1.72430334841153E-18
0	0	384	-2.86053087476548E-22	-2.99462606462843E-03	9.46972382622665E-19
0	0	385	-4.28411544718539E-22	-2.98059047065734E-03	1.63980707070931E-18
0	0	386	-3.05149277875136E-22	-2.96668829731334E-03	1.62504437629419E-18
0	0	387	-1.34731119282734E-22	-2.95291954459641E-03	1.24008585187091E-18
0	0	388	-7.38237519407877E-23	-2.93928421250655E-03	1.96214299468799E-18
0	0	389	1.67578762439203E-23	-2.92578230104378E-03	5.43678564478234E-19
0	0	390	1.39185029258143E-22	-2.91241381020808E-03	1.20668626645532E-18
0	0	391	3.22686576947199E-22	-2.89917873999946E-03	1.602180917615E-18
0	0	392	4.50514112932957E-22	-2.88607709041791E-03	1.5869526915106E-18
0	0	393	5.78341648918713E-22	-2.87310886146344E-03	1.57173270490512E-18
0	0	394	7.06169184904474E-22	-2.86027405313604E-03	1.55652095779857E-18
0	0	395	4.16998360445089E-22	-2.84757266543573E-03	8.58585803653841E-19
0	0	396	6.87017326339984E-22	-2.83500469836249E-03	1.14010956209512E-18
0	0	397	7.78322709186954E-22	-2.82257015191633E-03	1.12904228294799E-18
0	0	398	8.69628092033922E-22	-2.81026902609724E-03	1.11798324329979E-18
0	0	399	9.60933474880893E-22	-2.79810132090523E-03	1.10693244315051E-18
0	0	400	1.36791051504626E-21	-2.7860670363403E-03	1.37304009910256E-18
0	0	401	2.34426569317841E-21	-2.77416617240244E-03	2.04406697711771E-18
0	0	402	1.87079678996049E-22	-2.76321686039531E-03	9.95557076352637E-19
0	0	403	0	-2.75155499819029E-03	3.47325596021452E-19
0	0	404	1.13005015054737E-22	-2.73999206581366E-03	7.09198931441649E-19
0	0	405	3.04647487531014E-22	-2.72852806326541E-03	1.28997270690643E-18
0	0	406	0	-2.71716299054554E-03	3.42984332786138E-19
0	0	407	2.13777422370415E-22	-2.70589684765405E-03	9.610045806116E-19
0	0	408	-9.39072733051144E-23	-2.69472963459095E-03	3.14640882357801E-19
0	0	409	1.60326085514399E-23	-2.68366135135624E-03	3.82220855240357E-19
0	0	410	2.29796068395045E-22	-2.6726919979499E-03	9.40422936736891E-19
0	0	411	-1.0077240731567E-22	-2.66182157437196E-03	3.14640882357801E-19
0	0	412	1.20237582872392E-22	-2.65105008062239E-03	6.30701628327849E-19
0	0	413	2.45814714419677E-22	-2.64037751670121E-03	9.19953683039617E-19
0	0	414	-1.07637541326227E-22	-2.62980388260841E-03	3.14640882357801E-19
0	0	415	1.28246905884708E-22	-0.002619329178344	6.18502418520186E-19
0	0	416	2.61833360444307E-22	-2.60895340390797E-03	8.9959681951978E-19
0	0	417	0	-2.59867655930033E-03	3.28027927996932E-19
0	0	418	4.45434116452726E-22	-2.58849872623064E-03	7.92000434434146E-19
0	0	419	3.41506546106413E-22	-2.57841846014005E-03	5.05523148381325E-19
0	0	420	2.3262500324885E-22	-2.56843553864088E-03	2.24409441138924E-19
0	0	421	2.37578975760104E-22	-2.55854996173312E-03	2.20281419540881E-19
0	0	422	5.89008588658957E-22	-2.54876172941678E-03	9.84524463337365E-19
0	0	423	6.18717301956472E-22	-2.53907084169187E-03	1.01072723424612E-18
0	0	424	5.04881786587668E-22	-2.52947729855837E-03	7.3494024272953E-19
0	0	425	3.86092298707618E-22	-2.51998110001628E-03	4.64516830023365E-19
0	0	426	3.74784054737613E-22	-2.51058224606562E-03	4.20756230902514E-19
0	0	427	2.67302810827573E-22	-2.50128073670637E-03	1.95255248360363E-19
0	0	428	7.97323436920818E-22	-2.49207657193855E-03	1.16615228429341E-18
0	0	429	6.9302688962515E-22	-2.48296975176214E-03	9.3717081217955E-19
0	0	430	0	-2.47396090998073E-03	0
0	0	431	0	-2.46514409867749E-03	0
0	0	432	0	-2.45640138318445E-03	0
0	0	433	0	-2.44773276350162E-03	0
0	0	434	0	-0.002439138239629	0
0	0	435	0	-2.43061781156658E-03	0
0	0	436	0	-2.42217147931436E-03	0
0	0	437	0	-2.41379924287235E-03	0
0	0	438	0	-2.40550110224054E-03	0
0	0	439	0	-2.39727705741894E-03	0
0	0	440	0	-2.38912710840754E-03	0
0	0	441	0	-2.38105125520635E-03	0
0	0	442	0	-2.37304949781536E-03	0
0	0	443	0	-2.36512183623458E-03	0
0	0	444	0	-0.002357268270464	0
0	0	445	0	-2.34948880050363E-03	0
0	0	446	0	-2.34178342635346E-03	0
0	0	447	0	-2.3341521480135E-03	0
0	0	448	0	-2.32659496548374E-03	0
0	0	449	0	-2.31911187876419E-03	0
0	0	450	0	-2.31170288785484E-03	0
0	0	451	0	-2.30436799275569E-03	0
0	0	452	0	-2.29710719346675E-03	0
0	0	453	0	-2.28992048998802E-03	0
0	0	454	0	-2.28280788231949E-03	0
0	0	455	0	-2.27576937046116E-03	0
0	0	456	0	-2.26880495441304E-03	0
0	0	457	0	-2.26191463417513E-03	0
0	0	458	-1.35997264707951E-19	-2.2553699720472E-03	-2.93112161925477E-19
0	0	459	-1.35011062338857E-19	-2.24857542528069E-03	-2.70022124677713E-19
0	0	460	-1.34556437002107E-19	-2.24185212038195E-03	-2.44117991015422E-19
0	0	461	-1.34207966025938E-19	-2.23520005735098E-03	-2.68415932051875E-19
0	0	462	-1.33812834225458E-19	-2.22861923618778E-03	-2.67625668450916E-19
0	0	463	-1.33686949445622E-19	-2.22210965689235E-03	-2.93112161925477E-19
0	0	464	-1.33027147615732E-19	-2.21567131946469E-03	-2.42043439557493E-19
0	0	465	-1.32653104247938E-19	-2.2093042239048E-03	-2.65306208495875E-19
0	0	466	0	-2.20309643579266E-03	0
0	0	467	0	-2.19699184991635E-03	0
0	0	468	0	-2.19094269690735E-03	0
0	0	469	0	-2.18494897676566E-03	0
0	0	470	0	-2.17901068949129E-03	0
0	0	471	0	-2.17312783508422E-03	0
0	0	472	0	-2.16730041354447E-03	0
0	0	473	0	-2.16152842487203E-03	0
0	0	474	0	-2.1558118690669E-03	0
0	0	475	0	-2.15015074612908E-03	0
0	0	476	0	-2.14454505605858E-03	0
0	0	477	0	-2.13899479885538E-03	0
0	0	478	0	-2.1334999745195E-03	0
0	0	479	0	-2.12806058305093E-03	0
0	0	480	0	-2.12267662444968E-03	0
0	0	481	0	-2.11734809871573E-03	0
0	0	482	0	-2.1120750058491E-03	0
0	0	483	0	-2.10685734584977E-03	0
0	0	484	0	-2.10169511871777E-03	0
0	0	485	0	-2.09658832445307E-03	0
0	0	486	0	-2.09153696305568E-03	0
0	0	487	0	-2.08654103452561E-03	0
0	0	488	0	-2.08160053886285E-03	0
0	0	489	0	-2.0767154760674E-03	0
0	0	490	0	-2.07188584613926E-03	0
0	0	491	0	-2.06711164907843E-03	0
0	0	492	0	-2.06239288488492E-03	0
0	0	493	0	-2.05772955355871E-03	0
0	0	494	0	-2.05312165509982E-03	0
0	0	495	0	-2.04856918950824E-03	0
0	0	496	0	-2.04407215678398E-03	0
0	0	497	0	-2.03963055692702E-03	0
0	0	498	0	-2.03524438993738E-03	0
0	0	499	0	-2.03091365581505E-03	0
0	0	500	0	-2.02663835456003E-03	0
0	0	501	0	-2.02241848617232E-03	0
0	0	502	0	-2.01825405065193E-03	0
0	0	503	0	-2.01414504799884E-03	0
0	0	504	0	-2.01009147821307E-03	0
0	0	505	0	-2.00609334129461E-03	0
0	0	506	0	-2.00215063724347E-03	0
0	0	507	0	-1.99826336605963E-03	0
0	0	508	0	-1.99443152774311E-03	0
0	0	509	0	-1.99065512229389E-03	0
0	0	510	0	-1.98693414971199E-03	0
0	0	511	0	-1.98326860999741E-03	0
0	0	512	0	-1.97965850315013E-03	0
0	0	513	0	-1.97610382917017E-03	0
0	0	514	0	-1.97260458805751E-03	0
0	0	515	0	-1.96916077981217E-03	0
0	0	516	0	-1.96570807230533E-03	0
0	0	517	0	-1.96225533817281E-03	0
0	0	518	0	-1.95885437700689E-03	0
0	0	519	0	-1.95550518880756E-03	0
0	0	520	0	-1.95220777357483E-03	0
0	0	521	0	-1.94896213130869E-03	0
0	0	522	0	-1.94576239682581E-03	6.29508210801514E-20
0	0	523	0	-1.94259240058304E-03	-2.21680202010969E-20
0	0	524	0	-1.93946653708769E-03	-3.49727862009075E-20
0	0	525	0	-1.93638480633977E-03	5.60503955922587E-20
0	0	526	0	-1.93334720833928E-03	1.44416927888821E-19
0	0	527	0	-1.93035374308622E-03	5.14368419561581E-20
0	0	528	0	-1.92783227625486E-03	0
0	0	529	0	-1.92499726935834E-03	0
0	0	530	0	-1.92220313897413E-03	0
0	0	531	0	-1.91944988510225E-03	0
0	0	532	0	-1.91673750774268E-03	0
0	0	533	0	-1.91406600689543E-03	0
0	0	534	0	-1.91143538256049E-03	0
0	0	535	0	-1.90884563473788E-03	0
0	0	536	0	-1.90629676342758E-03	0
0	0	537	0	-1.9037887686296E-03	0
0	0	538	0	-1.90132165034393E-03	0
0	0	539	0	-1.89889540857059E-03	0
0	0	540	0	-1.89651004330956E-03	0
0	0	541	0	-1.89416555456085E-03	0
0	0	542	0	-1.89186194232446E-03	0
0	0	543	0	-1.88959920660038E-03	0
0	0	544	0	-1.88737734738863E-03	0
0	0	545	0	-1.88519636468919E-03	0
0	0	546	0	-1.88305625850207E-03	0
0	0	547	0	-1.88095702882726E-03	0
0	0	548	0	-1.87889867566478E-03	0
0	0	549	0	-1.87688119901461E-03	0
0	0	550	0	-1.87490459887676E-03	0
0	0	551	0	-1.87296887525122E-03	0
0	0	552	0	-1.87107402813801E-03	0
0	0	553	0	-1.86922005753711E-03	0
0	0	554	0	-1.86740696344853E-03	0
0	0	555	0	-1.86563474587227E-03	0
0	0	556	0	-1.86390340480832E-03	0
0	0	557	0	-1.8622129402567E-03	0
0	0	558	0	-1.86056335221739E-03	0
0	0	559	0	-1.8589546406904E-03	0
0	0	560	0	-1.85738680567573E-03	0
0	0	561	0	-1.85585984717337E-03	0
0	0	562	0	-1.85437376518333E-03	0
0	0	563	0	-1.85292855970561E-03	0
0	0	564	0	-1.85152423074021E-03	0
0	0	565	0	-1.85016077828712E-03	0
0	0	566	0	-1.84883820234636E-03	0
0	0	567	0	-1.84755650291791E-03	0
0	0	568	0	-1.84631568000177E-03	0
0	0	569	0	-1.84511573359796E-03	0
0	0	570	0	-1.84395666370646E-03	0
0	0	571	0	-1.84283847032729E-03	0
0	0	572	0	-1.84176115346043E-03	0
0	0	573	0	-1.84072471310588E-03	0
0	0	574	0	-1.83972914926366E-03	0
0	0	575	0	-1.83877446193375E-03	0
0	0	576	0	-1.83786065111616E-03	0
0	0	577	0	-1.83698771681089E-03	0
0	0	578	0	-1.83615565901793E-03	0
0	0	579	0	-1.83534400763061E-03	0
0	0	580	0	-1.83455419960423E-03	0
0	0	581	0	-1.8338031722097E-03	0
0	0	582	0	-1.83309092544701E-03	0
0	0	583	0	-1.83241745931617E-03	0
0	0	584	0	-1.83178277381717E-03	0
0	0	585	0	-1.83118686895002E-03	0
0	0	586	0	-1.83062974471472E-03	0
0	0	587	0	-1.83011140111126E-03	0
0	0	588	0	-1.82963183813965E-03	0
0	0	589	0	-1.82919105579988E-03	0
0	0	590	0	-1.82878905409196E-03	0
0	0	591	0	-1.82842583301589E-03	0
0	0	592	0	-1.82810139257166E-03	0
0	0	593	0	-1.82781573275928E-03	0
0	0	594	0	-1.82756885357874E-03	0
0	0	595	0	-1.82736075503005E-03	0
0	0	596	0	-1.8271914371132E-03	0
0	0	597	0	-1.8270608998282E-03	0
0	0	598	0	-1.82696914317505E-03	0
0	0	599	0	-1.82691616715374E-03	0
0	0	600	0	-1.82726100433359E-03	-2.09865426298489E-07
