fieldmap_name:     	SWLS Sirius
timestamp:         	2022-08-15_15-32-35
filename:          	2022-08-15_SWLS_Sirius_Model8.0_gapside20.2mm_Z=-600_600mm.txt
MagNet_file:       	SWLS_Sirius_Model8.0_gapside20.2mm.mn
nr_magnets:        	1

magnet_name:       	SWLS
gap[mm]:           	
control_gap[mm]:   	--
magnet_length[mm]: 	
current_main[A]:   	--
NI_main[A.esp]:    	--
center_pos_z[mm]:  	0
center_pos_x[mm]:  	0
rotation[deg]:     	0

X[mm]	Y[mm]	Z[mm]	Bx	By	Bz [T]
------------------------------------------------------------------------------------------------------------------------------------------------------------------
0	0	-600	0	-1.82450141196088E-03	0
0	0	-599	0	-1.82453104919322E-03	0
0	0	-598	0	-1.82459812054168E-03	0
0	0	-597	0	-1.82470262600627E-03	0
0	0	-596	0	-1.82484456558699E-03	0
0	0	-595	0	-1.82502393928383E-03	0
0	0	-594	0	-1.82524074709679E-03	0
0	0	-593	0	-1.82549498902588E-03	0
0	0	-592	0	-1.8257866650711E-03	0
0	0	-591	0	-1.82611577523245E-03	0
0	0	-590	0	-1.82648231950991E-03	0
0	0	-589	0	-1.82688629790351E-03	0
0	0	-588	0	-1.82732771041323E-03	0
0	0	-587	0	-1.82780655703907E-03	0
0	0	-586	0	-1.82832283778105E-03	0
0	0	-585	0	-1.82887655263914E-03	0
0	0	-584	0	-1.82946770161337E-03	0
0	0	-583	0	-1.83009628470372E-03	0
0	0	-582	0	-1.83076230191019E-03	0
0	0	-581	0	-1.83146575323279E-03	0
0	0	-580	0	-1.83220663867152E-03	0
0	0	-579	0	-1.83298495822637E-03	0
0	0	-578	0	-1.83380071189735E-03	0
0	0	-577	0	-1.83465389968445E-03	0
0	0	-576	0	-1.83554452158768E-03	0
0	0	-575	0	-1.83647257760703E-03	0
0	0	-574	0	-1.83743806774251E-03	0
0	0	-573	0	-1.83844099199412E-03	0
0	0	-572	0	-1.83948135036185E-03	0
0	0	-571	1.40530312433538E-22	-1.83994666990259E-03	-3.23173738335455E-20
0	0	-570	1.12999559026633E-22	-1.84108087164844E-03	-2.86803001978048E-20
0	0	-569	7.03630430258712E-23	-1.84225448995496E-03	-1.97733295017137E-20
0	0	-568	4.904478502549E-23	-1.84346752482212E-03	-1.53198441536682E-20
0	0	-567	0	-1.84471997624995E-03	0
0	0	-566	-5.5453054050218E-23	-1.84601184423843E-03	0
0	0	-565	1.26207644312515E-22	-1.84734312878757E-03	-5.59646174527229E-20
0	0	-564	6.82695920996829E-23	-1.84871382989736E-03	-3.45584645263995E-20
0	0	-563	4.05430650745708E-23	-1.85012394756781E-03	-2.36921057207769E-20
0	0	-562	3.55730687493523E-23	-1.85157348179891E-03	-2.43452350906207E-20
0	0	-561	0	-1.85306243259067E-03	0
0	0	-560	7.68992282967617E-23	-1.85459079994309E-03	-7.69544814909254E-20
0	0	-559	5.16576994342576E-23	-1.85615858385617E-03	-6.57615580003809E-20
0	0	-558	2.35396251727286E-23	-1.8577657843299E-03	-4.04366288549943E-20
0	0	-557	1.60846306849008E-23	-1.85941240136428E-03	-4.14163229097601E-20
0	0	-556	2.8765453990249E-24	-1.86109843495933E-03	-1.41320056548419E-20
0	0	-555	2.34928341851562E-24	-1.86282388511503E-03	-8.67514220385833E-20
0	0	-554	-1.25607055571401E-23	-1.86458875183138E-03	-8.87108101481149E-20
0	0	-553	-2.2892245443993E-23	-1.86639303510839E-03	-7.55584985480388E-20
0	0	-552	0	-1.86822316565195E-03	2.47650510058606E-19
0	0	-551	-1.07068784381816E-23	-1.87008026853086E-03	2.40112388732933E-19
0	0	-550	0	-1.8719814439729E-03	2.48148705113798E-19
0	0	-549	9.90941411493413E-23	-1.87392669197806E-03	2.62664654216754E-19
0	0	-548	7.93602734784621E-23	-1.87591601254636E-03	2.62664654216754E-19
0	0	-547	1.12533254793223E-22	-1.87794940567779E-03	2.62664654216754E-19
0	0	-546	1.19252811615164E-22	-1.88002687137235E-03	2.62664654216754E-19
0	0	-545	-9.44792763278356E-23	-1.88214840963003E-03	1.96218134638058E-19
0	0	-544	0	-1.88431402045085E-03	2.49783503841945E-19
0	0	-543	2.09117223121502E-22	-1.8865237038348E-03	2.62664654216754E-19
0	0	-542	2.5572931808015E-22	-1.88877745978188E-03	2.62664654216754E-19
0	0	-541	2.67488542518546E-22	-1.89107528829209E-03	2.62664654216754E-19
0	0	-540	2.39355228820236E-22	-1.89341718936544E-03	2.62664654216754E-19
0	0	-539	1.24717282026586E-22	-1.89580316300191E-03	2.62664654216754E-19
0	0	-538	1.73009266190722E-22	-1.89823320920151E-03	2.62664654216754E-19
0	0	-537	1.79728823012663E-22	-1.90070732796424E-03	2.62664654216754E-19
0	0	-536	1.39836284875953E-22	-1.9032255192901E-03	2.62664654216754E-19
0	0	-535	3.38043889148966E-22	-1.90578778317909E-03	2.62664654216754E-19
0	0	-534	3.49803113587361E-22	-1.90839411963121E-03	2.62664654216754E-19
0	0	-533	0	-1.91104452864647E-03	2.53326883514394E-19
0	0	-532	0	-1.91373901022485E-03	2.53684062329805E-19
0	0	-531	0	-1.91647756436637E-03	2.54047083376989E-19
0	0	-530	2.26765720766272E-22	-1.91926019107101E-03	2.62664654216754E-19
0	0	-529	2.33485277588213E-22	-1.92208689033878E-03	2.62664654216754E-19
0	0	-528	1.80153625807616E-22	-1.92495766216969E-03	2.62664654216754E-19
0	0	-527	-1.85193293424078E-22	-1.92787250656372E-03	1.82561760477301E-19
0	0	-526	-2.21938454547289E-22	-1.93083142352089E-03	1.69510032915153E-19
0	0	-525	4.55636133532985E-22	-1.93383441304119E-03	2.62664654216754E-19
0	0	-524	4.67395357971382E-22	-1.93688147512461E-03	2.62664654216754E-19
0	0	-523	4.79154582409778E-22	-1.93997260977117E-03	2.62664654216754E-19
0	0	-522	4.90913806848174E-22	-1.94310781698086E-03	2.62664654216754E-19
0	0	-521	2.8724173216377E-22	-1.94628709675367E-03	2.62664654216754E-19
0	0	-520	2.93961288985711E-22	-1.94951044908962E-03	2.62664654216754E-19
0	0	-519	2.2551063435574E-22	-1.9527778739887E-03	2.62664654216754E-19
0	0	-518	3.07400402629593E-22	-1.95608937145091E-03	2.62664654216754E-19
0	0	-517	3.14119959451534E-22	-1.95944494147625E-03	2.62664654216754E-19
0	0	-516	5.61469153478594E-22	-1.96284458406472E-03	2.62664654216754E-19
0	0	-515	0	-1.96628829921632E-03	2.60649963653169E-19
0	0	-514	0	-1.96977608693105E-03	2.61112302640507E-19
0	0	-513	0	-1.97330794720891E-03	2.61580483859618E-19
0	0	-512	0	-1.97663870857326E-03	0
0	0	-511	0	-1.98034630119761E-03	0
0	0	-510	0	-1.98411566711441E-03	0
0	0	-509	0	-1.98794053144306E-03	0
0	0	-508	-1.18483631624604E-19	-1.99270881566144E-03	-1.8109221179747E-19
0	0	-507	-1.18418268825879E-19	-1.99641324120537E-03	-3.3785808983016E-20
0	0	-506	-1.18631370523148E-19	-2.00017728670706E-03	-3.59888633836058E-20
0	0	-505	-1.18602057964272E-19	-2.0040009521665E-03	1.18602057964272E-19
0	0	-504	-1.19304437602957E-19	-2.00788423758371E-03	-1.99600654601984E-19
0	0	-503	-1.19291846412338E-19	-2.01182714295869E-03	-4.25768557879904E-20
0	0	-502	-1.19302112559542E-19	-2.01582966829142E-03	1.19302112559542E-19
0	0	-501	-1.19749806002952E-19	-2.01989181358191E-03	-4.69512083930932E-20
0	0	-500	-1.19966112993661E-19	-2.02401357883016E-03	-3.37767692735248E-20
0	0	-499	-1.2022187945849E-19	-2.02819496403617E-03	-5.13114471332727E-20
0	0	-498	-1.20641500557409E-19	-2.03243596919995E-03	-2.27257464821833E-19
0	0	-497	-1.2070806677895E-19	-2.03673659432148E-03	-5.56575720085291E-20
0	0	-496	-1.20797490338313E-19	-2.04109683940078E-03	1.20797490338313E-19
0	0	-495	-1.21344093750167E-19	-2.04551670443783E-03	-2.24579267217752E-19
0	0	-494	-1.21463811256371E-19	-2.04999618943265E-03	-6.21502958246831E-20
0	0	-493	-1.2172278301464E-19	-2.05453529438522E-03	-6.43074801642728E-20
0	0	-492	-1.21864978182109E-19	-2.05913401929556E-03	1.21864978182109E-19
0	0	-491	-1.22261370168163E-19	-2.06379236416366E-03	-8.59523484223416E-20
0	0	-490	-1.22419892901392E-19	-2.06851032898952E-03	1.22419892901392E-19
0	0	-489	-1.22702642960379E-19	-2.07328791377314E-03	1.22702642960379E-19
0	0	-488	-1.23144793630214E-19	-2.07812511851452E-03	-2.55067198827267E-19
0	0	-487	-1.23357255253102E-19	-2.08302194321366E-03	-9.53996899462392E-20
0	0	-486	-1.23628717064049E-19	-2.08797838787056E-03	-6.08652428122427E-20
0	0	-485	-1.23921581865096E-19	-2.09299445248522E-03	-8.14379300966834E-20
0	0	-484	-1.24212309819442E-19	-2.09807013705764E-03	-8.35633582401962E-20
0	0	-483	-1.2447324110515E-19	-2.10320544158782E-03	1.2447324110515E-19
0	0	-482	-1.24828011825898E-19	-2.10840036607577E-03	-3.00387948684812E-19
0	0	-481	-1.25105664479863E-19	-2.11365491052147E-03	-8.99184718733502E-20
0	0	-480	-1.25410506299132E-19	-2.11896907492493E-03	-9.20297861519398E-20
0	0	-479	-1.25718876584631E-19	-2.12434285928616E-03	-9.41375719642988E-20
0	0	-478	-1.26032138704008E-19	-2.12977626360514E-03	-7.60338655203452E-20
0	0	-477	-1.26321541074416E-19	-2.13526928788189E-03	-3.23055980414878E-19
0	0	-476	-1.26630832322812E-19	-2.1408219321164E-03	-3.27579001362198E-19
0	0	-475	-1.27031632740434E-19	-2.14643419630866E-03	1.27031632740434E-19
0	0	-474	-1.27362432084947E-19	-2.15210608045869E-03	1.06277229445109E-19
0	0	-473	-1.27643196088474E-19	-2.15783758456648E-03	-1.06710189047607E-19
0	0	-472	0	-0.002163576649595	0
0	0	-471	0	-2.16937385187391E-03	0
0	0	-470	0	-2.17524323734202E-03	0
0	0	-469	0	-2.18118480599933E-03	0
0	0	-468	0	-2.18719855784585E-03	0
0	0	-467	0	-2.19328449288158E-03	0
0	0	-466	0	-2.1994426111065E-03	0
0	0	-465	0	-2.20567291252064E-03	0
0	0	-464	0	-2.21197539712397E-03	0
0	0	-463	0	-2.21835006491651E-03	0
0	0	-462	0	-2.22479691589826E-03	0
0	0	-461	0	-2.23131595006921E-03	0
0	0	-460	0	-2.23790716742937E-03	0
0	0	-459	0	-2.24457056797872E-03	0
0	0	-458	0	-2.25130615171729E-03	0
0	0	-457	0	-2.25811391864506E-03	0
0	0	-456	0	-2.26499386876203E-03	0
0	0	-455	0	-2.27194600206821E-03	0
0	0	-454	0	-2.27897031856359E-03	0
0	0	-453	0	-2.28606681824817E-03	0
0	0	-452	0	-2.29323550112196E-03	0
0	0	-451	0	-2.30047636718496E-03	0
0	0	-450	0	-2.30778941643716E-03	0
0	0	-449	0	-2.31517464887856E-03	0
0	0	-448	0	-2.32263206450917E-03	0
0	0	-447	0	-2.33016166332898E-03	0
0	0	-446	0	-0.002337763445338	0
0	0	-445	0	-2.34543741053622E-03	0
0	0	-444	0	-2.35318355892365E-03	0
0	0	-443	1.03619299335862E-21	-2.36101042204911E-03	-5.81845194881789E-19
0	0	-442	1.0448381341663E-21	-2.36891211897216E-03	-6.16626074279652E-19
0	0	-441	1.04937236936824E-21	-2.3768870499843E-03	-6.51948726977874E-19
0	0	-440	1.09543899022376E-21	-2.38493521508552E-03	-7.17718072671084E-19
0	0	-439	1.08969596141135E-21	-2.39305661427582E-03	-7.54395158620205E-19
0	0	-438	1.07984202699321E-21	-2.4012512475552E-03	-7.91614017869684E-19
0	0	-437	5.13200127059272E-22	-2.40951911492367E-03	-3.99328535387178E-19
0	0	-436	5.23900720669817E-22	-2.41786021638121E-03	-4.33838528134861E-19
0	0	-435	0	-2.42627455192784E-03	0
0	0	-434	6.41334866157035E-22	-2.43438920552243E-03	1.23345079613902E-19
0	0	-433	3.05470816191596E-22	-2.44295685218697E-03	2.88804779806077E-19
0	0	-432	0	-2.45162523820594E-03	4.58205821546771E-19
0	0	-431	1.43040342857237E-21	-2.46039436357934E-03	-4.33013149555611E-19
0	0	-430	1.03952386212337E-21	-2.46926422830717E-03	-2.33156276317927E-19
0	0	-429	7.3405304593176E-22	-2.47823483238944E-03	-6.36987503830666E-20
0	0	-428	4.58975463513996E-22	-2.48730617582613E-03	1.09700117100312E-19
0	0	-427	1.11431379732445E-21	-2.49647825861726E-03	-4.67063253009854E-19
0	0	-426	7.96377991932663E-22	-2.50575108076282E-03	-2.57717035152171E-19
0	0	-425	5.51693643288731E-22	-2.51512464226282E-03	-8.03391699908298E-20
0	0	-424	3.37402528418644E-22	-2.52459894311724E-03	1.0098003671903E-19
0	0	-423	1.53504647322401E-22	-2.5341739833261E-03	2.86240584977408E-19
0	0	-422	5.53232121741955E-22	-2.54384976288938E-03	-2.81976544950859E-19
0	0	-421	4.92445654194298E-22	-2.55362628180711E-03	-2.87994352238726E-19
0	0	-420	3.2374438998496E-22	-2.56350354007926E-03	-1.00716063044284E-19
0	0	-419	1.85436359549462E-22	-2.57348153770584E-03	9.05035676986773E-20
0	0	-418	4.03112127016665E-22	-2.58356027468686E-03	-5.42574543995652E-19
0	0	-417	2.61764773203776E-22	-2.59373975102231E-03	-3.51709508471627E-19
0	0	-416	1.8851331645592E-22	-2.60401996671219E-03	-3.17800967707225E-19
0	0	-415	8.94087942357621E-23	-2.6144009217565E-03	-8.00055440542666E-20
0	0	-414	3.34701906802728E-23	-2.62488261615524E-03	8.04978002963802E-20
0	0	-413	1.23078276257185E-24	-2.63546504990842E-03	3.26960409743135E-19
0	0	-412	-5.4632553734785E-23	-2.64614822301603E-03	-3.41307354917025E-19
0	0	-411	0	-2.65693229846071E-03	0
0	0	-410	0	-2.6678162571783E-03	0
0	0	-409	0	-2.67879942956512E-03	0
0	0	-408	0	-2.68988181562117E-03	0
0	0	-407	0	-2.70106341534645E-03	0
0	0	-406	0	-2.71234422874096E-03	0
0	0	-405	0	-2.7237242558047E-03	0
0	0	-404	0	-2.73520349653767E-03	0
0	0	-403	0	-2.74678195093986E-03	0
0	0	-402	0	-2.75845961901129E-03	0
0	0	-401	0	-2.77023650075195E-03	0
0	0	-400	0	-2.78211259616183E-03	0
0	0	-399	0	-2.79408790524094E-03	0
0	0	-398	-1.81294965528264E-22	-2.80556917969935E-03	-3.17236661025271E-19
0	0	-397	-1.00957018241723E-22	-2.81779900411321E-03	-3.17236661025271E-19
0	0	-396	-1.09732667607268E-22	-2.83016277045428E-03	-3.17236661025271E-19
0	0	-395	-1.38699720621178E-22	-2.84266047872253E-03	-3.17236661025271E-19
0	0	-394	-1.67666773635067E-22	-2.85529212891798E-03	-3.17236661025271E-19
0	0	-393	-4.42426109960188E-22	-2.86805772104062E-03	-3.17236661025271E-19
0	0	-392	-5.07601979241438E-22	-2.88095725509046E-03	-3.17236661025271E-19
0	0	-391	0	-2.89397229444473E-03	0
0	0	-390	0	-2.90712425405126E-03	0
0	0	-389	0	-2.92041319220602E-03	0
0	0	-388	0	-2.93383910890901E-03	0
0	0	-387	0	-2.94740200416025E-03	0
0	0	-386	0	-2.96110187795972E-03	0
0	0	-385	0	-2.97493873030743E-03	0
0	0	-384	0	-2.98891256120338E-03	0
0	0	-383	0	-3.00302337064756E-03	0
0	0	-382	0	-3.01727115863998E-03	0
0	0	-381	0	-3.03165592518064E-03	0
0	0	-380	0	-3.04617767026953E-03	0
0	0	-379	0	-3.06083639390667E-03	0
0	0	-378	0	-3.07563209609203E-03	0
0	0	-377	0	-3.09056477682564E-03	0
0	0	-376	0	-3.10563443610748E-03	0
0	0	-375	0	-3.12084107393756E-03	0
0	0	-374	0	-3.13618469031588E-03	0
0	0	-373	0	-3.15166528524244E-03	0
0	0	-372	0	-3.16728285871723E-03	0
0	0	-371	0	-3.18303741074026E-03	0
0	0	-370	0	-3.19874960289374E-03	0
0	0	-369	0	-3.21473323744409E-03	0
0	0	-368	0	-3.2308882827192E-03	0
0	0	-367	0	-3.24721473871908E-03	0
0	0	-366	0	-3.26371260544371E-03	0
0	0	-365	0	-3.28038188289311E-03	0
0	0	-364	0	-3.29722257106727E-03	0
0	0	-363	0	-3.31423466996618E-03	0
0	0	-362	0	-3.33141817958986E-03	0
0	0	-361	0	-3.3487730999383E-03	0
0	0	-360	0	-3.3662994310115E-03	0
0	0	-359	6.8103618373968E-22	-3.38396927206418E-03	0
0	0	-358	-3.47452219027012E-23	-3.40177529925843E-03	-3.730007744064E-20
0	0	-357	3.16551002643104E-22	-3.41976509603848E-03	0
0	0	-356	2.85649786259184E-22	-3.43793866240434E-03	0
0	0	-355	4.58547425775498E-22	-3.45629599835601E-03	0
0	0	-354	1.79077882793079E-22	-3.47483710389348E-03	0
0	0	-353	1.54356909685944E-22	-3.49356197901675E-03	0
0	0	-352	3.24089841447044E-22	-3.51247062372581E-03	0
0	0	-351	0	-3.53156303802069E-03	0
0	0	-350	1.00242487955696E-22	-3.55083922190137E-03	0
0	0	-349	6.93412715717782E-23	-3.57029917536785E-03	0
0	0	-348	3.07520441502887E-23	-3.58994289842014E-03	0
0	0	-347	6.03107104315341E-24	-3.60977039105822E-03	0
0	0	-346	-4.20522796439399E-23	-3.62978165328211E-03	0
0	0	-345	0	-3.64997668509181E-03	0
0	0	-344	-6.81318482782363E-23	-3.6703554864873E-03	0
0	0	-343	-9.28528213853718E-23	-3.6909180574686E-03	0
0	0	-342	-1.17573794492507E-22	-3.71166439803571E-03	0
0	0	-341	-1.7786845949955E-22	-3.73259450818861E-03	0
0	0	-340	-2.08769675883469E-22	-3.75370838792732E-03	0
0	0	-339	-4.3140760608128E-22	-3.77500603725183E-03	0
0	0	-338	0	-3.79648745616215E-03	0
0	0	-337	-2.41178660028165E-22	-3.81815264465827E-03	0
0	0	-336	0	-3.83999940290683E-03	-6.2769806274482E-19
0	0	-335	-4.69008469391366E-19	-3.86196829252221E-03	-2.51785183098497E-19
0	0	-334	-4.71541395936318E-19	-3.88418622242839E-03	-6.35501991117038E-19
0	0	-333	-1.11452730263513E-19	-3.90662495156689E-03	-4.40603992081333E-19
0	0	-332	-1.12160954409319E-19	-3.92929144157654E-03	-4.40603992081333E-19
0	0	-331	-1.12874591063338E-19	-3.95216876787083E-03	-4.40603992081333E-19
0	0	-330	-1.13456649209373E-19	-3.97525693044976E-03	-4.40603992081333E-19
0	0	-329	-1.14169490660429E-19	-3.99855592931334E-03	-4.40603992081333E-19
0	0	-328	-1.14851050240946E-19	-4.02206576446156E-03	-4.40603992081333E-19
0	0	-327	-1.15514781890893E-19	-4.04578643589442E-03	-4.40603992081333E-19
0	0	-326	-1.16236114053663E-19	-4.06971794361193E-03	-4.40603992081333E-19
0	0	-325	-1.16931871472935E-19	-4.09386028761408E-03	-4.40603992081333E-19
0	0	-324	-1.17627128308073E-19	-4.11821346790087E-03	-4.40603992081333E-19
0	0	-323	-1.18349204369628E-19	-4.14277748447231E-03	-4.40603992081333E-19
0	0	-322	-1.19066906440585E-19	-4.16755233732839E-03	-4.40603992081333E-19
0	0	-321	-1.19793688460912E-19	-4.19253802646912E-03	-4.40603992081333E-19
0	0	-320	-1.20520381827718E-19	-4.21773455189448E-03	-4.40603992081333E-19
0	0	-319	-1.21256155143894E-19	-4.24314191360449E-03	-4.40603992081333E-19
0	0	-318	-1.22014462349411E-19	-4.26876011159915E-03	-4.40603992081333E-19
0	0	-317	-1.22745773021467E-19	-4.29458914587845E-03	-4.40603992081333E-19
0	0	-316	-1.23499617582863E-19	-4.32062901644239E-03	-4.40603992081333E-19
0	0	-315	-1.2428944997357E-19	-4.34687972329098E-03	-4.40603992081333E-19
0	0	-314	-1.25025377950876E-19	-4.3733412664242E-03	-4.40603992081333E-19
0	0	-313	-1.25789507082649E-19	-4.40001364584208E-03	-4.40603992081333E-19
0	0	-312	-1.26618651333388E-19	-4.42689686154459E-03	-4.40603992081333E-19
0	0	-311	-1.27349616082438E-19	-4.45399091353176E-03	-4.40603992081333E-19
0	0	-310	0	-4.48116513733251E-03	-4.70455444451844E-19
0	0	-309	1.53024057798399E-22	-4.50867687073794E-03	-1.33388761472609E-18
0	0	-308	1.37457376398938E-22	-4.5363858265836E-03	-1.34294356066295E-18
0	0	-307	0	-4.56429200486951E-03	-4.79182524622749E-19
0	0	-306	1.06324013600049E-22	-4.59239540559566E-03	-1.36111756877291E-18
0	0	-305	9.07573322005884E-23	-4.62069602876205E-03	-1.37023563094601E-18
0	0	-304	0	-4.64919387436868E-03	-4.88095953502379E-19
0	0	-303	5.96239694017004E-23	-4.67788894241555E-03	-1.38853387152846E-18
0	0	-302	4.40572880022391E-23	-4.70678123290266E-03	-1.3977140499378E-18
0	0	-301	0	-4.73587074583001E-03	-4.97195731090734E-19
0	0	-300	1.90457845101861E-23	-4.7651574811976E-03	-1.84996784388407E-18
0	0	-299	-3.89458807849445E-24	-4.79464143900544E-03	-1.86212183710434E-18
0	0	-298	-9.58391452398249E-24	-4.82432261925352E-03	-9.9498709965527E-19
0	0	-297	-4.97753332558028E-23	-4.85420102194183E-03	-1.88649193978112E-18
0	0	-296	-7.27157058444827E-23	-4.88427664707039E-03	-1.89870804923763E-18
0	0	-295	0	-4.91460728940327E-03	0
0	0	-294	0	-4.94513046392575E-03	0
0	0	-293	0	-4.97577653348394E-03	0
0	0	-292	0	-5.00654549807787E-03	0
0	0	-291	0	-5.03743735770752E-03	0
0	0	-290	0	-5.0684521123729E-03	0
0	0	-289	0	-5.09958976207401E-03	0
0	0	-288	0	-5.13085030681084E-03	0
0	0	-287	0	-5.1622337465834E-03	0
0	0	-286	0	-5.19374008139168E-03	0
0	0	-285	0	-5.22536931123569E-03	0
0	0	-284	0	-5.25712143611543E-03	0
0	0	-283	0	-5.28899645603089E-03	0
0	0	-282	0	-5.32099437098209E-03	0
0	0	-281	0	-0.005353115180969	0
0	0	-280	0	-5.38535888599165E-03	0
0	0	-279	0	-5.41772548605002E-03	0
0	0	-278	-1.03700786954792E-19	-5.45008001309001E-03	-4.99171467419963E-19
0	0	-277	-1.59986465340628E-22	-5.48232821406765E-03	-2.13847264996363E-19
0	0	-276	-5.40720920002217E-22	-5.51457855342898E-03	-1.93193072796713E-19
0	0	-275	0	-5.54701621891389E-03	0
0	0	-274	0	-5.57943764600732E-03	0
0	0	-273	0	-5.61178462615187E-03	0
0	0	-272	0	-5.64405715934754E-03	0
0	0	-271	0	-5.67625524559434E-03	0
0	0	-270	0	-5.70837888489226E-03	0
0	0	-269	0	-5.7404280772413E-03	0
0	0	-268	2.64017218981487E-20	-5.77239793701626E-03	8.67625142289187E-19
0	0	-267	2.64826606449272E-20	-5.80421203195684E-03	8.67625142289187E-19
0	0	-266	2.64280187797181E-20	-5.8358441272946E-03	8.67625142289187E-19
0	0	-265	2.65907665534075E-20	-5.86729422302954E-03	8.67625142289187E-19
0	0	-264	1.26798957995051E-22	-5.89862798825309E-03	-1.3443114162413E-18
0	0	-263	-7.19449085093043E-23	-5.92961367593313E-03	-9.91534305168152E-19
0	0	-262	-2.38176221681614E-22	-5.96034782813995E-03	-9.83452429028668E-19
0	0	-261	1.08925136622181E-23	-5.9908369718862E-03	-1.26146824375007E-20
0	0	-260	-6.98920161348941E-23	-6.02097237244697E-03	-6.60744461849509E-19
0	0	-259	-1.04169852825012E-22	-6.05071546029872E-03	-2.70256544116682E-19
0	0	-258	0	-6.08006527789119E-03	0
0	0	-257	0	-6.10899143468153E-03	0
0	0	-256	0	-6.13743950998408E-03	0
0	0	-255	0	-6.16536732229809E-03	0
0	0	-254	0	-6.19276181146588E-03	0
0	0	-253	0	-6.21952207693359E-03	0
0	0	-252	9.97720715403988E-19	-6.24563215705145E-03	2.16356077748256E-19
0	0	-251	8.53045749989516E-19	-6.27097406904679E-03	-4.26522874994758E-19
0	0	-250	0	-6.29559758731664E-03	0
0	0	-249	-2.40392343404998E-19	-6.31936210594502E-03	-2.07658181196674E-19
0	0	-248	0	-6.34223735988308E-03	2.38234394494664E-19
0	0	-247	1.22979680173131E-21	-6.36417230717992E-03	0
0	0	-246	0	-6.38508146448876E-03	0
0	0	-245	0	-6.40486355458169E-03	0
0	0	-244	0	-6.42354650395475E-03	0
0	0	-243	3.72986707950546E-19	-6.44094857897421E-03	6.76703456687307E-19
0	0	-242	0	-6.45703948872754E-03	0
0	0	-241	3.55327100507856E-19	-6.47170911807362E-03	-6.06923985044989E-19
0	0	-240	-4.69407359645314E-20	-6.48489368419344E-03	0
0	0	-239	0	-6.49647274463559E-03	0
0	0	-238	2.50460698624504E-22	-6.50634465500616E-03	-5.74356751716826E-19
0	0	-237	0	-6.51441672375519E-03	0
0	0	-236	0	-6.52057562264062E-03	0
0	0	-235	-2.43897006545704E-19	-6.52470335100251E-03	4.70826287619845E-19
0	0	-234	-3.65266075049571E-19	-6.52666913494892E-03	-8.00334648497178E-21
0	0	-233	2.92941708408024E-19	-6.52633778081564E-03	6.10928478288761E-20
0	0	-232	-1.35503753443787E-19	-6.52359396551623E-03	1.08258712279054E-20
0	0	-231	0	-6.51829009653848E-03	0
0	0	-230	0	-6.51008448818561E-03	0
0	0	-229	-3.57230012036364E-19	-6.49893376171329E-03	1.05915424984988E-19
0	0	-228	0	-6.48473811975973E-03	0
0	0	-227	5.90511970636275E-23	-6.46732567814126E-03	4.47943660300375E-19
0	0	-226	-4.47055316667603E-19	-6.44651056575619E-03	-1.67645743758446E-19
0	0	-225	0	-6.42206091631697E-03	0
0	0	-224	0	-6.39369022150188E-03	0
0	0	-223	0	-6.36126429620472E-03	0
0	0	-222	0	-6.32454794783389E-03	0
0	0	-221	0	-6.28315760631725E-03	0
0	0	-220	0	-6.23695967749855E-03	0
0	0	-219	0	-6.18560763760625E-03	0
0	0	-218	0	-6.12886748190917E-03	0
0	0	-217	-4.05697038779414E-22	-6.06643392325374E-03	7.21215763856891E-19
0	0	-216	3.77996605191303E-22	-5.99797209122222E-03	2.51924991102086E-19
0	0	-215	0	-5.92314275902839E-03	0
0	0	-214	0	-5.84158814737362E-03	0
0	0	-213	-1.37973402087963E-22	-5.75288720639003E-03	1.99417277646614E-19
0	0	-212	0	-5.65667436680471E-03	0
0	0	-211	0	-5.55250177460731E-03	0
0	0	-210	0	-5.4399762521677E-03	0
0	0	-209	0	-5.31859876632989E-03	0
0	0	-208	0	-5.18781048856134E-03	0
0	0	-207	0	-5.04710690113346E-03	0
0	0	-206	0	-4.89595003118865E-03	0
0	0	-205	0	-4.73374565635453E-03	0
0	0	-204	0	-0.004559913646207	0
0	0	-203	0	-4.37377406509549E-03	0
0	0	-202	0	-4.17461781185565E-03	0
0	0	-201	-2.00372650072443E-19	-3.96172353083409E-03	0
0	0	-200	0	-3.73431569012792E-03	0
0	0	-199	0	-3.49148306798436E-03	0
0	0	-198	0	-3.23254811783921E-03	0
0	0	-197	0	-2.95648457491521E-03	0
0	0	-196	0	-2.66235423216373E-03	0
0	0	-195	0	-2.34912246057439E-03	0
0	0	-194	0	-2.01564696868168E-03	0
0	0	-193	-1.02804377659469E-21	-1.66103103392698E-03	6.21931009291004E-18
0	0	-192	0	-1.28377512614699E-03	0
0	0	-191	0	-8.82760702461484E-04	0
0	0	-190	0	-4.56576692242685E-04	0
0	0	-189	-2.59083122347351E-21	-3.83759942903811E-06	1.05246986075747E-17
0	0	-188	1.61418079150904E-20	4.77028057665364E-04	1.14054003835532E-17
0	0	-187	0	9.87537417150748E-04	0
0	0	-186	0	1.52944225447628E-03	0
0	0	-185	0	2.10444756770994E-03	0
0	0	-184	0	2.71449753072299E-03	0
0	0	-183	0	3.36160654834703E-03	0
0	0	-182	0	4.04790222347634E-03	0
0	0	-181	-2.15286879398564E-19	4.77553515822445E-03	-4.78070748297728E-19
0	0	-180	0	5.54701012600129E-03	0
0	0	-179	0	6.36467176374295E-03	0
0	0	-178	2.32351956446596E-19	7.23129228737706E-03	0
0	0	-177	0	8.14966621940413E-03	0
0	0	-176	0	0.009122700970752	0
0	0	-175	0	1.01536421700378E-02	0
0	0	-174	0	1.12456964043514E-02	0
0	0	-173	0	1.24024870765272E-02	0
0	0	-172	0	1.36276113726779E-02	0
0	0	-171	0	1.49251174314279E-02	0
0	0	-170	0	1.62989953738319E-02	0
0	0	-169	0	1.77539195319479E-02	0
0	0	-168	-1.2372846984165E-21	1.92943509945314E-02	7.50769829630099E-18
0	0	-167	0	2.09252703287673E-02	0
0	0	-166	2.77238755095147E-21	2.26517810142106E-02	0
0	0	-165	0	2.44794239802831E-02	0
0	0	-164	-1.18685126733882E-20	2.64140074592367E-02	5.10052280967111E-17
0	0	-163	0	2.84617262147435E-02	0
0	0	-162	0	3.06288978235302E-02	0
0	0	-161	0	3.29225102703224E-02	0
0	0	-160	0	3.53497336862717E-02	0
0	0	-159	4.11288024458207E-18	3.79182001282419E-02	6.66480123198041E-17
0	0	-158	-1.39468587027013E-21	4.06358558868952E-02	2.19264728454033E-17
0	0	-157	0	4.35113682515889E-02	0
0	0	-156	0	4.65535690534145E-02	0
0	0	-155	0	0.049771941283583	0
0	0	-154	0	5.31764126013045E-02	0
0	0	-153	0	5.67774853247161E-02	0
0	0	-152	3.09231518039054E-21	6.05863033623797E-02	-6.47577023829379E-18
0	0	-151	0	6.46143882340855E-02	0
0	0	-150	0	6.88739662730039E-02	0
0	0	-149	0	7.33783857501828E-02	0
0	0	-148	0	7.81407264486522E-02	0
0	0	-147	0	8.31762304362261E-02	0
0	0	-146	0	8.84989051525822E-02	0
0	0	-145	0	9.41257376417308E-02	0
0	0	-144	-2.85470227671096E-20	0.100073535328525	1.26967609563392E-16
0	0	-143	0	0.106359860762808	0
0	0	-142	2.24999745906936E-20	0.113003757057765	1.06027269294366E-17
0	0	-141	0	0.120025221612945	0
0	0	-140	2.55225052070193E-20	0.127445410944789	0
0	0	-139	-8.72557568110328E-21	0.135287026372366	7.24905387269348E-17
0	0	-138	0	0.143573867595985	0
0	0	-137	0	0.152331463558222	0
0	0	-136	0	0.161587589256107	0
0	0	-135	0	0.171370900254483	0
0	0	-134	0	0.181713142779927	0
0	0	-133	0	0.192648058310218	0
0	0	-132	4.05634857604808E-18	0.204213240245084	2.22854106943093E-16
0	0	-131	-8.67466625896298E-18	0.216447688780497	1.11055377006271E-16
0	0	-130	0	0.229395550567762	0
0	0	-129	-7.60835145448104E-21	0.243103713078137	1.07468313629985E-16
0	0	-128	0	0.257624997447383	0
0	0	-127	0	0.273016915282445	0
0	0	-126	2.72527965052733E-17	0.289344549074487	3.31539209402057E-17
0	0	-125	0	0.306677364160331	0
0	0	-124	0	0.325094432362746	0
0	0	-123	0	0.344683887324843	0
0	0	-122	0	0.365543187637631	0
0	0	-121	0	0.387781219175282	0
0	0	-120	0	0.411519135571875	0
0	0	-119	-1.40238048285474E-20	0.436890895130178	1.21544821405737E-16
0	0	-118	0	0.464039545640823	0
0	0	-117	2.63528233987673E-20	0.493120795943643	0
0	0	-116	-2.14774834774711E-17	0.524301615249878	0
0	0	-115	0	0.557752106766318	0
0	0	-114	-1.22370857165516E-17	0.593641995363239	1.96572715293737E-16
0	0	-113	0	0.632120749294084	0
0	0	-112	0	0.673311439252274	0
0	0	-111	0	0.717276308060788	0
0	0	-110	0	0.763973464315002	0
0	0	-109	0	0.813211249301892	-3.34644395822269E-17
0	0	-108	0	0.864605739592667	0
0	0	-107	0	0.917599505894889	0
0	0	-106	0	0.971508726267896	0
0	0	-105	0	1.02528095091718	0
0	0	-104	-3.2721906789057E-19	1.07757248781465	1.74471954852013E-16
0	0	-103	0	1.12716796790394	0
0	0	-102	0	1.17319868325045	0
0	0	-101	-4.80677247781944E-17	1.21497248992441	-4.94058680620514E-17
0	0	-100	0	1.25189079083117	0
0	0	-99	0	1.28374167507389	0
0	0	-98	0	1.31071207666198	0
0	0	-97	0	1.33318661361448	0
0	0	-96	0	1.35168301485189	0
0	0	-95	0	1.36672890556387	0
0	0	-94	-6.03519273904363E-17	1.37887402402165	0
0	0	-93	0	1.38860346383755	0
0	0	-92	0	1.39638860323136	0
0	0	-91	-6.84134479628675E-17	1.40260575421457	-1.20128052256071E-16
0	0	-90	0	1.40757513026893	0
0	0	-89	0	1.41155452298468	0
0	0	-88	0	1.41474912752553	0
0	0	-87	0	1.41731474487058	0
0	0	-86	0	1.41937403285038	0
0	0	-85	0	1.42103043511865	0
0	0	-84	0	1.42235497691149	0
0	0	-83	-2.6634333780314E-17	1.42340246381561	0
0	0	-82	0	1.42421321728183	0
0	0	-81	0	1.42481938919819	0
0	0	-80	6.13506926021695E-20	1.42524308107936	0
0	0	-79	0	1.42549996074355	0
0	0	-78	-1.51929828496873E-20	1.42559962823359	3.13471960174898E-20
0	0	-77	1.39736978726711E-16	1.42554505344656	-9.24254494006596E-19
0	0	-76	0	1.42533437208601	0
0	0	-75	0	1.42496050818496	0
0	0	-74	0	1.42440994204811	0
0	0	-73	0	1.42366251698616	0
0	0	-72	0	1.42269112457085	0
0	0	-71	0	1.42145647668809	0
0	0	-70	-1.26198365927356E-19	1.41990766382871	5.78883729243712E-17
0	0	-69	0	1.41797899999766	0
0	0	-68	0	1.41558677565495	0
0	0	-67	2.14241159052126E-20	1.41262209513659	0
0	0	-66	0	1.40894498295034	0
0	0	-65	0	1.40436825721719	0
0	0	-64	0	1.39866587227622	0
0	0	-63	0	1.39155261038541	0
0	0	-62	0	1.38268329078654	0
0	0	-61	3.40110103979043E-20	1.37162171831397	0
0	0	-60	0	1.35788368239506	0
0	0	-59	0	1.34091484996996	0
0	0	-58	0	1.32011713291418	0
0	0	-57	0	1.29491610209498	0
0	0	-56	0	1.26480552337626	0
0	0	-55	-5.64809160110874E-19	1.22949632625712	-2.55937677557859E-16
0	0	-54	0	1.18907337365568	0
0	0	-53	0	1.14380148768742	0
0	0	-52	4.33468966889236E-17	1.09406146234818	-1.5411271242029E-16
0	0	-51	0	1.04078926055744	0
0	0	-50	0	0.985198658768439	0
0	0	-49	0	0.928386212437298	0
0	0	-48	0	0.871322608874437	0
0	0	-47	0	0.814923636284799	0
0	0	-46	0	0.759823845226056	0
0	0	-45	-3.06937133224513E-20	0.706438103817921	-1.16914390921662E-16
0	0	-44	4.95817019226899E-21	0.654927526312339	0
0	0	-43	0	0.605272602874953	0
0	0	-42	-1.34263156408474E-21	0.557307041445552	-2.4865224038794E-17
0	0	-41	-4.48559242168093E-21	0.5107481757898	0
0	0	-40	0	0.465223428209259	0
0	0	-39	0	0.420261760262069	0
0	0	-38	0	0.375333679280602	0
0	0	-37	0	0.329759747319092	0
0	0	-36	0	0.282743157986299	0
0	0	-35	0	0.233262973566616	0
0	0	-34	0	0.180040583037319	0
0	0	-33	0	0.121306826061443	0
0	0	-32	0	5.46543076775871E-02	0
0	0	-31	9.35848277531625E-20	-0.023078136136058	0
0	0	-30	0	-0.116127573737694	0
0	0	-29	-1.07021172657602E-17	-0.229538837096034	0
0	0	-28	-3.40499439852336E-17	-0.366674494875162	0
0	0	-27	0	-0.528197871381642	0
0	0	-26	0	-0.711400493357229	0
0	0	-25	0	-0.91146595746065	0
0	0	-24	0	-1.12418127667903	0
0	0	-23	0	-1.3460686320404	0
0	0	-22	0	-1.57456048292181	0
0	0	-21	1.53401003201572E-20	-1.80785322910159	-2.33692142419755E-16
0	0	-20	0	-2.04471127882226	0
0	0	-19	0	-2.28418198937938	0
0	0	-18	1.20048504241619E-16	-2.52555683682941	0
0	0	-17	0	-2.7683079618865	0
0	0	-16	-1.36306104819395E-16	-3.01202606131237	0
0	0	-15	0	-3.25641746185368	0
0	0	-14	0	-3.50126251258984	0
0	0	-13	0	-3.74644529956079	0
0	0	-12	-3.78272831820818E-22	-3.99200816586872	0
0	0	-11	0	-4.23838162195166	0
0	0	-10	0	-4.48702165342407	0
0	0	-9	0	-4.74154387651732	0
0	0	-8	0	-5.00721811999683	0
0	0	-7	0	-5.2857652260516	0
0	0	-6	0	-5.56455136349167	0
0	0	-5	0	-5.81576171524352	0
0	0	-4	0	-6.015560171754	0
0	0	-3	0	-6.15891650879075	0
0	0	-2	0	-6.25231393633926	0
0	0	-1	0	-6.30431330792486	0
0	0	0	0	-6.32098266317403	0
0	0	1	0	-6.30435489119994	0
0	0	2	0	-6.25234953882613	0
0	0	3	0	-6.15919586445485	0
0	0	4	6.2484893001073E-20	-6.01619019539405	1.64395470220486E-17
0	0	5	0	-5.81684004592127	0
0	0	6	0	-5.56604761483441	0
0	0	7	3.20145530837621E-20	-5.2861516827541	5.08544457809829E-17
0	0	8	-2.29783267053051E-16	-5.00623528796591	0
0	0	9	0	-4.74051448289808	0
0	0	10	0	-4.48662969719497	0
0	0	11	0	-4.23828504478113	0
0	0	12	0	-3.99197338519951	0
0	0	13	0	-3.74631821360079	0
0	0	14	0	-3.50104039773299	0
0	0	15	0	-3.25613084169336	0
0	0	16	0	-3.0117087630531	0
0	0	17	0	-2.76798336846832	0
0	0	18	1.36245002209359E-16	-2.52524206467886	0
0	0	19	4.3774686073419E-20	-2.28388898343921	4.60061815702769E-16
0	0	20	4.24383240073961E-21	-2.04443966433542	2.78773417008121E-16
0	0	21	5.74618556249012E-20	-1.80760369617114	6.86764309352247E-16
0	0	22	0	-1.57430609266386	0
0	0	23	0	-1.34581036975197	0
0	0	24	0	-1.12394166383827	0
0	0	25	0	-0.91129262674445	0
0	0	26	0	-0.711321470261499	0
0	0	27	0	-0.528615671466459	0
0	0	28	0	-0.367402923524112	0
0	0	29	0	-0.230247155982267	0
0	0	30	0	-0.116728214034676	0
0	0	31	1.17568618603641E-18	-2.33279250413389E-02	3.64649988890948E-16
0	0	32	0	5.45607916349039E-02	0
0	0	33	0	0.121232102775388	0
0	0	34	0	0.179932992913125	0
0	0	35	0	0.233141033923114	0
0	0	36	0	0.282574603229994	0
0	0	37	-7.76143455838206E-20	0.329585686064948	1.53430935353677E-16
0	0	38	-1.14222815026494E-19	0.375156937016715	1.95211973318783E-16
0	0	39	0	0.420093200961842	0
0	0	40	0	0.465055331275594	0
0	0	41	1.63815055550708E-17	0.510595993160297	3.24640951674051E-17
0	0	42	0	0.55715745290346	0
0	0	43	2.86703277761721E-20	0.605130667304647	6.50510042486496E-17
0	0	44	0	0.654792724113348	0
0	0	45	0	0.706306888217713	1.68509412085199E-17
0	0	46	0	0.759694813480601	0
0	0	47	0	0.814787617428954	0
0	0	48	0	0.871185069631334	0
0	0	49	0	0.928255783893217	0
0	0	50	0	0.985051896686763	0
0	0	51	0	1.04050815113528	0
0	0	52	0	1.09364038007298	0
0	0	53	5.62987723835007E-17	1.14347610057019	5.59985797196552E-17
0	0	54	5.82399781120828E-17	1.18907875917425	3.48969938585485E-16
0	0	55	0	1.22964351308411	0
0	0	56	-9.44263067901648E-21	1.26491593464325	8.15548401183299E-18
0	0	57	9.76003643278862E-20	1.29500510714872	-8.29053816224324E-17
0	0	58	0	1.32024765560708	0
0	0	59	0	1.34109702768396	0
0	0	60	0	1.35811836079393	0
0	0	61	0	1.37188657308001	0
0	0	62	0	1.3829771440284	0
0	0	63	0	1.39188435103592	0
0	0	64	0	1.39902228927957	0
0	0	65	0	1.40475116821669	0
0	0	66	0	1.40935072391403	0
0	0	67	0	1.41305140005652	0
0	0	68	0	1.41603499780832	0
0	0	69	-6.4397142378694E-17	1.4184436057278	1.28741392999066E-16
0	0	70	0	1.42038717747345	0
0	0	71	0	1.42194844160977	0
0	0	72	0	1.42319336322753	0
0	0	73	0	1.42417412670879	0
0	0	74	0	1.42492917883124	0
0	0	75	0	1.42548592255654	0
0	0	76	0	1.42586521697353	0
0	0	77	0	1.42608070324866	7.31044871437966E-17
0	0	78	0	1.42613924841861	0
0	0	79	0	1.4260429105492	0
0	0	80	0	1.42578840039408	0
0	0	81	0	1.42536666055562	0
0	0	82	0	1.42476200846531	0
0	0	83	0	1.42395137715668	0
0	0	84	0	1.42290455291862	0
0	0	85	0	1.42157858786204	0
0	0	86	0	1.41991796765571	0
0	0	87	1.07904385220541E-19	1.41784939365202	-5.55210088883575E-17
0	0	88	0	1.41527457794308	0
0	0	89	0	1.41206588138116	0
0	0	90	4.50699717993942E-17	1.40805913075559	-2.49217454250338E-17
0	0	91	0	1.40306017020092	0
0	0	92	6.2587783260591E-20	1.39680437009671	-6.99485051687438E-17
0	0	93	0	1.38897655206729	0
0	0	94	-8.81670825162056E-17	1.37919416193558	-3.63296773895236E-17
0	0	95	4.3640601372309E-17	1.36701858434986	-4.34935739444753E-17
0	0	96	0	1.35193816658092	0
0	0	97	0	1.33342857572486	0
0	0	98	0	1.3109581132765	0
0	0	99	0	1.28398115219518	0
0	0	100	0	1.25213679349678	0
0	0	101	0	1.21525779151163	0
0	0	102	5.54132134609487E-17	1.17357804961824	0
0	0	103	0	1.12761848155377	0
0	0	104	0	1.07799847222276	0
0	0	105	-4.29341303635981E-20	1.02564204760498	-6.48317448376733E-17
0	0	106	3.57219533030565E-17	0.971741387392127	-5.48537332817499E-16
0	0	107	0	0.91778837640665	0
0	0	108	0	0.864906119337646	0
0	0	109	0	0.813597591642584	0
0	0	110	0	0.764332681335942	0
0	0	111	0	0.717579347506656	0
0	0	112	0	0.673562879837716	0
0	0	113	0	0.632332638476727	0
0	0	114	0	0.593824876265175	0
0	0	115	0	0.557916330399786	0
0	0	116	0	0.524450099981046	0
0	0	117	0	0.493257467423884	0
0	0	118	9.420030588301E-21	0.464166906864513	-3.48804561904398E-17
0	0	119	0	0.437010633463569	0
0	0	120	0	0.411633454485839	0
0	0	121	0	0.38789057424786	0
0	0	122	0	0.3656447846433	0
0	0	123	0	0.344777933815559	0
0	0	124	0	0.32518490983206	0
0	0	125	0	0.306761904367151	0
0	0	126	0	0.28942349802578	0
0	0	127	0	0.273091669913661	0
0	0	128	0	0.257695472031115	0
0	0	129	0	0.243170207814314	0
0	0	130	0	0.22945857239772	0
0	0	131	0	0.216507392968357	0
0	0	132	0	0.204269826817327	0
0	0	133	0	0.192701938926283	0
0	0	134	0	0.181763946544388	0
0	0	135	-1.65341416850897E-17	0.17141870777369	0
0	0	136	-9.37690818298403E-21	0.161632659494759	-1.26004481809715E-18
0	0	137	0	0.152374179283158	0
0	0	138	0	0.143614068800131	0
0	0	139	-1.82983290269773E-22	0.13532445013335	0
0	0	140	0	0.127481036610953	0
0	0	141	6.83503022634488E-18	0.120058786586082	1.40939996876165E-17
0	0	142	0	0.113035367282926	0
0	0	143	8.12806654907022E-18	0.10638968857061	2.03201663726755E-18
0	0	144	0	0.100101530203924	0
0	0	145	0	9.41521237947982E-02	0
0	0	146	0	0.088523894029761	0
0	0	147	0	8.31994596585112E-02	0
0	0	148	0	7.81628690392141E-02	0
0	0	149	0	7.33991244077839E-02	0
0	0	150	0	6.88939700129869E-02	0
0	0	151	-3.405296737738E-22	6.46331494376674E-02	-5.13690161286605E-17
0	0	152	-3.13063063859358E-21	6.06041694493958E-02	0
0	0	153	0	0.056794583821596	0
0	0	154	-2.23058283308555E-18	5.31925154725338E-02	4.64294916998862E-18
0	0	155	0	4.97870204659163E-02	0
0	0	156	0	4.65682018629529E-02	0
0	0	157	0	4.35250955565411E-02	0
0	0	158	0	4.06484549585983E-02	-4.29161948174151E-18
0	0	159	0	3.79305010365636E-02	0
0	0	160	0	3.53614208518986E-02	0
0	0	161	-6.66361639057185E-19	3.29334702478348E-02	-2.61632642448287E-18
0	0	162	0	3.06394149531688E-02	0
0	0	163	0	2.84716062541888E-02	0
0	0	164	0	2.64234484101647E-02	0
0	0	165	0	2.44884010820882E-02	0
0	0	166	0	2.26603924366419E-02	0
0	0	167	-1.14901162602582E-21	2.09334788875896E-02	-1.82490273441183E-18
0	0	168	0	1.93022596685202E-02	0
0	0	169	0	1.77615063884534E-02	0
0	0	170	0	1.63063417738878E-02	0
0	0	171	0	1.49320172204972E-02	0
0	0	172	0	1.36342212222181E-02	0
0	0	173	0	1.24089650230009E-02	0
0	0	174	0	0.011251908395794	0
0	0	175	0	1.01595126711679E-02	0
0	0	176	0	9.12829794763507E-03	0
0	0	177	2.7215847341364E-22	8.15500419424279E-03	-6.89013744517374E-19
0	0	178	0	7.23640283877545E-03	0
0	0	179	0	6.36957313978358E-03	0
0	0	180	0	5.55163074984969E-03	0
0	0	181	0	4.77999184512927E-03	0
0	0	182	0	4.05212927078451E-03	0
0	0	183	0	3.36570209383463E-03	0
0	0	184	0	2.71842437251916E-03	0
0	0	185	-2.66142358663707E-22	2.10819338414298E-03	-5.9647435614855E-20
0	0	186	0	1.53302910587996E-03	0
0	0	187	0	9.91036355841909E-04	0
0	0	188	1.60071108308015E-20	4.80383752857477E-04	-4.29335879488963E-18
0	0	189	0	-5.47788987085216E-07	0
0	0	190	8.66753009270996E-23	-4.53406154533437E-04	-8.59986698262125E-19
0	0	191	-4.98124950977004E-22	-8.79706877180067E-04	0
0	0	192	-3.178244015814E-22	-1.28086025876063E-03	0
0	0	193	7.07132573356629E-20	-1.65820104161377E-03	-5.72102598557321E-18
0	0	194	0	-2.01305495388017E-03	0
0	0	195	0	-2.3465775645961E-03	0
0	0	196	0	-2.65989194352763E-03	0
0	0	197	0	-2.9541278042038E-03	0
0	0	198	0	-3.23027384080628E-03	0
0	0	199	0	-3.48929918844302E-03	0
0	0	200	0	-3.73210820995925E-03	0
0	0	201	0	-3.95958146887907E-03	0
0	0	202	3.36023645317574E-24	-4.1725478838528E-03	-3.79126846257075E-19
0	0	203	-1.74294864456002E-19	-4.37178312269712E-03	-2.2931378134037E-18
0	0	204	0	-4.55803998011042E-03	0
0	0	205	0	-4.73191068911544E-03	0
0	0	206	0	-4.89413970045497E-03	0
0	0	207	0	-5.04535284908055E-03	0
0	0	208	0	-5.18607089769955E-03	0
0	0	209	0	-5.31690658906144E-03	0
0	0	210	0	-5.43837071957386E-03	0
0	0	211	1.86904895879278E-19	-5.55096673949022E-03	0
0	0	212	-1.90680286972239E-19	-5.65516396470887E-03	-2.96746917402058E-19
0	0	213	0	-5.75141592969534E-03	0
0	0	214	-1.09237909943759E-19	-5.84013717733889E-03	4.40216136394913E-19
0	0	215	0	-5.92173624603156E-03	0
0	0	216	-3.63563899732734E-22	-5.99659424220913E-03	3.84465270579956E-19
0	0	217	0	-6.06507419578551E-03	0
0	0	218	0	-6.1275130608552E-03	0
0	0	219	0	-6.18423907596458E-03	0
0	0	220	0	-6.23555095259426E-03	0
0	0	221	0	-6.28172503314581E-03	0
0	0	222	0	-6.32312223454445E-03	0
0	0	223	0	-6.3599455614565E-03	0
0	0	224	0	-6.39243060579309E-03	0
0	0	225	0	-6.42081265615494E-03	0
0	0	226	0	-6.44533416526128E-03	0
0	0	227	0	-6.46618256172016E-03	0
0	0	228	0	-6.48358341038679E-03	0
0	0	229	0	-6.49774438726802E-03	0
0	0	230	1.52052663239193E-19	-6.50881142560152E-03	6.0907451390659E-19
0	0	231	-6.11485864947942E-22	-6.51699304750992E-03	-6.0907451390659E-19
0	0	232	0	-6.52241975464842E-03	4.64504839922179E-19
0	0	233	2.03766903855141E-23	-6.52526218399257E-03	0
0	0	234	0	-6.52564298230208E-03	0
0	0	235	0	-6.52372926499271E-03	0
0	0	236	0	-6.51965926836189E-03	0
0	0	237	0	-6.5135395034425E-03	0
0	0	238	0	-6.50548482678266E-03	0
0	0	239	0	-6.49565531004808E-03	0
0	0	240	0	-6.48409897355464E-03	0
0	0	241	0	-6.47095439426081E-03	0
0	0	242	0	-6.45629859584194E-03	0
0	0	243	0	-0.00644020059342	0
0	0	244	0	-6.42279908515084E-03	0
0	0	245	0	-6.40414412342759E-03	0
0	0	246	0	-6.38430481946727E-03	0
0	0	247	0	-6.36342485801127E-03	0
0	0	248	0	-6.34149589292027E-03	0
0	0	249	0	-6.31859075278372E-03	0
0	0	250	0	-6.29483074391126E-03	0
0	0	251	0	-6.27023836876417E-03	0
0	0	252	0	-6.24488175375783E-03	0
0	0	253	0	-6.21881461330924E-03	0
0	0	254	0	-6.19209000354752E-03	0
0	0	255	0	-6.16473726714928E-03	0
0	0	256	0	-6.13682710584347E-03	0
0	0	257	0	-6.10840895400069E-03	0
0	0	258	0	-6.0794804494201E-03	0
0	0	259	0	-6.05012371416077E-03	0
0	0	260	0	-6.02039702924289E-03	0
0	0	261	0	-5.99031035857035E-03	0
0	0	262	0	-5.95986863664743E-03	0
0	0	263	0	-5.9290693232181E-03	0
0	0	264	-6.41022191701522E-23	-5.8980772892955E-03	4.707529479731E-19
0	0	265	-1.28758885489473E-23	-5.86675087284563E-03	4.70787145201699E-19
0	0	266	7.67008841445209E-23	-5.83528669826848E-03	7.33907120101642E-19
0	0	267	8.36049878472379E-23	-5.80368476556405E-03	4.53224824952967E-19
0	0	268	-1.50189976868985E-22	-5.77194507473234E-03	2.00343164571812E-19
0	0	269	3.84058867871747E-22	-5.74006762577335E-03	7.37413660972261E-19
0	0	270	8.12656759763426E-22	-5.70802738537256E-03	4.02568075444115E-19
0	0	271	0	-5.67587233792523E-03	4.05992205770627E-19
0	0	272	-2.01875894673428E-19	-5.6435920989046E-03	4.85937494741008E-19
0	0	273	0	-5.61127593004586E-03	0
0	0	274	0	-0.00557887088726	0
0	0	275	0	-5.54649908227989E-03	0
0	0	276	0	-5.51416051510554E-03	0
0	0	277	0	-5.48185518573694E-03	0
0	0	278	0	-5.4495830941741E-03	0
0	0	279	0	-5.41734424041702E-03	0
0	0	280	0	-5.38513862446569E-03	0
0	0	281	0	-5.35296624632012E-03	0
0	0	282	0	-5.3208271059803E-03	0
0	0	283	6.65076336090148E-22	-5.28876506666676E-03	2.80705645704092E-19
0	0	284	3.97100654100727E-22	-0.005256879513567	2.81057861967873E-19
0	0	285	1.3261483622243E-22	-5.22508715757941E-03	2.99065927535325E-19
0	0	286	0	-5.19337202102783E-03	0
0	0	287	0	-5.16177378381957E-03	0
0	0	288	0	-5.13031864431544E-03	0
0	0	289	0	-5.09900660251544E-03	0
0	0	290	0	-5.06783765841956E-03	0
0	0	291	0	-5.03681181202782E-03	0
0	0	292	0	-5.0059290633402E-03	0
0	0	293	0	-4.97518941235671E-03	0
0	0	294	0	-4.94459285907736E-03	0
0	0	295	0	-4.91413940350213E-03	0
0	0	296	0	-4.88382904563103E-03	0
0	0	297	0	-4.85366178546405E-03	0
0	0	298	7.11283840711212E-22	-4.82399444478927E-03	6.24892299791961E-19
0	0	299	-1.05783599338545E-21	-4.79428854457262E-03	0
0	0	300	5.81626817870992E-22	-4.76478476200918E-03	6.1641765030097E-19
0	0	301	5.16798306450882E-22	-4.73548309709894E-03	6.12180325555475E-19
0	0	302	-7.39586937323087E-22	-4.70638354984192E-03	0
0	0	303	4.22335945757086E-22	-4.67748612023811E-03	6.58588010252165E-19
0	0	304	3.22312772190552E-22	-4.6487908082875E-03	5.99468351318989E-19
0	0	305	-4.21337881260729E-22	-4.6202976139901E-03	0
0	0	306	2.1016990838218E-22	-4.59200653734591E-03	6.44720401994179E-19
0	0	307	1.27827237930222E-22	-4.56391757835493E-03	5.86756377082502E-19
0	0	308	-1.03088825198371E-22	-4.53603073701716E-03	0
0	0	309	-1.82978490999805E-24	-4.50834601333259E-03	5.78281727591511E-19
0	0	310	-7.27181414510269E-23	-4.48086340730124E-03	6.26230257650199E-19
0	0	311	2.15160230863988E-22	-4.45358291892309E-03	0
0	0	312	0	-4.42651991486369E-03	0
0	0	313	0	-4.39967581051749E-03	0
0	0	314	0	-4.37304420124519E-03	0
0	0	315	-5.26090686799989E-19	-4.34668934553837E-03	4.80843661983611E-19
0	0	316	-5.22812521029009E-19	-4.32045472651389E-03	4.80843661983611E-19
0	0	317	-5.19669698094564E-19	-4.29442965340211E-03	4.80843661983611E-19
0	0	318	-5.16541684659216E-19	-4.26861412620304E-03	4.80843661983611E-19
0	0	319	-5.13439024518362E-19	-4.24300814491669E-03	4.80843661983611E-19
0	0	320	-5.10452665687017E-19	-4.21761170954304E-03	4.80843661983611E-19
0	0	321	-5.0732516222585E-19	-4.1924248200821E-03	4.80843661983611E-19
0	0	322	-5.04297424071463E-19	-4.16744747653387E-03	4.80843661983611E-19
0	0	323	-5.0130160036741E-19	-4.14267967889835E-03	4.80843661983611E-19
0	0	324	-4.98323999853503E-19	-4.11812142717554E-03	4.80843661983611E-19
0	0	325	-4.9537175263409E-19	-4.09377272136544E-03	4.80843661983611E-19
0	0	326	-4.92449713019487E-19	-4.06963356146805E-03	4.80843661983611E-19
0	0	327	-4.89547603440555E-19	-4.04570394748336E-03	4.80843661983611E-19
0	0	328	-4.86670847156117E-19	-4.02198387941139E-03	4.80843661983611E-19
0	0	329	-4.83791116983048E-19	-3.99847335725213E-03	4.80843661983611E-19
0	0	330	0	-3.97522557496065E-03	0
0	0	331	0	-3.95216243310235E-03	0
0	0	332	9.11138738118001E-23	-3.92929470610614E-03	1.24655863350085E-18
0	0	333	4.04400740715145E-23	-3.90662458322979E-03	8.0324846473783E-19
0	0	334	6.79292523791001E-23	-3.88414830144832E-03	1.19431414908168E-18
0	0	335	6.04126968054648E-23	-3.86186586076173E-03	1.21783393053732E-18
0	0	336	2.50894855683457E-23	-3.83977726117001E-03	7.85752039113834E-19
0	0	337	1.99726227339456E-23	-3.81788250267317E-03	7.79956568485837E-19
0	0	338	2.85687690376228E-23	-3.79618158527121E-03	1.15734387782206E-18
0	0	339	9.73889706517845E-24	-3.77467450896412E-03	7.68420634099848E-19
0	0	340	4.26649313610212E-24	-3.75336127375191E-03	7.31322788209321E-19
0	0	341	-4.56764864882607E-25	-3.73224187963457E-03	7.25887154189267E-19
0	0	342	-6.04336001014293E-24	-3.71131632661212E-03	7.82038643599202E-19
0	0	343	-1.07285542723908E-23	-3.69058461468454E-03	7.45568792807885E-19
0	0	344	-1.58454171067909E-23	-3.67004674385183E-03	7.39901671543231E-19
0	0	345	0	-0.003649702714114	3.45229035628186E-19
0	0	346	-2.40730548697464E-23	-3.62955252547105E-03	6.98984018439012E-19
0	0	347	-2.87963128707319E-23	-3.60959617792297E-03	6.93658398158965E-19
0	0	348	-3.99198813594956E-23	-3.5898271011028E-03	6.98147042767179E-19
0	0	349	-1.50676091011017E-23	-3.57023211886721E-03	6.91984705673045E-19
0	0	350	9.78466315729219E-24	-3.55081086244721E-03	6.8582236857891E-19
0	0	351	3.46369354156861E-23	-3.53156333184281E-03	6.79660031484776E-19
0	0	352	4.21381887691527E-23	-3.51248952705399E-03	4.77060866860038E-19
0	0	353	8.4341479932513E-23	-3.49358944808077E-03	6.67335357296507E-19
0	0	354	1.09193752190905E-22	-3.47486309492314E-03	6.61173020202373E-19
0	0	355	1.3963127546802E-22	-3.45631046758111E-03	6.82302794904415E-19
0	0	356	1.58898296707693E-22	-3.43793156605466E-03	6.48848346014104E-19
0	0	357	1.83750568966124E-22	-3.41972639034381E-03	6.42686008919969E-19
0	0	358	2.08602841224518E-22	-3.40169494044855E-03	6.36523671825835E-19
0	0	359	2.33455113482911E-22	-3.38383721636888E-03	6.30361334731701E-19
0	0	360	3.44409847655102E-22	-3.3661532181048E-03	8.32265330183422E-19
0	0	361	1.88773105333142E-22	-3.34864294565632E-03	4.12024440362288E-19
0	0	362	1.02670643419374E-22	-3.33130639902343E-03	2.03958107816432E-19
0	0	363	1.10954734172172E-22	-3.31414357820613E-03	2.01903995451721E-19
0	0	364	2.38477649849955E-22	-3.29715448320443E-03	3.99699766174019E-19
0	0	365	2.5504583135555E-22	-3.28033911401831E-03	3.95591541444596E-19
0	0	366	2.88589888664968E-22	-3.26369747064779E-03	4.15951024009872E-19
0	0	367	2.88182194366742E-22	-3.24722955309286E-03	3.8737509198575E-19
0	0	368	3.04750375872363E-22	-3.23093536135353E-03	3.83266867256327E-19
0	0	369	3.21318557377959E-22	-3.21481489542978E-03	3.79158642526905E-19
0	0	370	3.37886738883554E-22	-3.19886815532163E-03	3.75050417797482E-19
0	0	371	0	-3.18268716933932E-03	0
0	0	372	0	-3.16703154164944E-03	0
0	0	373	0	-3.15154771184219E-03	0
0	0	374	0	-3.13623567991757E-03	0
0	0	375	0	-3.12054497772064E-03	0
0	0	376	0	-3.10539341219025E-03	0
0	0	377	0	-3.09037163111186E-03	0
0	0	378	0	-3.07547963448547E-03	0
0	0	379	0	-3.06071742231109E-03	0
0	0	380	0	-3.0460806845196E-03	1.82419666987099E-19
0	0	381	9.18372283929814E-22	-3.03156705978071E-03	1.63938581874304E-19
0	0	382	-4.87724835029704E-22	-3.01718597328343E-03	6.09322720607921E-19
0	0	383	-7.88664638674165E-22	-3.00293742502777E-03	9.22999402685038E-19
0	0	384	0	-2.98882141501373E-03	1.78990599290938E-19
0	0	385	-3.2947849670927E-22	-2.9748379432413E-03	5.42789780595911E-19
0	0	386	-6.36539111561485E-22	-2.9609870097105E-03	9.51246646876783E-19
0	0	387	0	-2.9472686144213E-03	1.76502139912638E-19
0	0	388	-2.32197762767547E-22	-2.93368275737373E-03	5.29907458816832E-19
0	0	389	1.71232158388837E-22	-2.92022943856778E-03	1.63938581874304E-19
0	0	390	0	-2.90690865800344E-03	1.74085116014756E-19
0	0	391	-1.54190890086656E-22	-2.89372041568072E-03	5.66211037744576E-19
0	0	392	1.17131562870767E-22	-2.88066471159961E-03	1.63938581874304E-19
0	0	393	0	-2.86774154576012E-03	1.71739527597292E-19
0	0	394	3.22596813292251E-23	-2.85495091816225E-03	1.63938581874304E-19
0	0	395	-5.20938357019262E-24	-0.002842292828806	5.0012651264505E-19
0	0	396	5.44350554874336E-23	-2.82976727769137E-03	8.22342307071304E-19
0	0	397	0	-2.81737426481835E-03	1.68723198232433E-19
0	0	398	1.05224400424606E-22	-2.80511379018695E-03	5.33124216284574E-19
0	0	399	0	-2.79298585379716E-03	1.67262657203616E-19
0	0	400	0	-0.002780990455649	1.6654429260261E-19
0	0	401	1.89352084313252E-22	-2.76912759574245E-03	4.74909541103428E-19
0	0	402	-2.53461709288178E-22	-2.75739727407751E-03	1.63938581874304E-19
0	0	403	-2.49739074791718E-22	-2.74653962340568E-03	-3.50600528435917E-19
0	0	404	-1.06420772073427E-22	-2.73500868586224E-03	-3.50600528435917E-19
0	0	405	-1.05810512093237E-22	-2.72357635844041E-03	-3.50600528435917E-19
0	0	406	-2.45467254930449E-22	-2.71224264114018E-03	-3.50600528435917E-19
0	0	407	1.22021657488362E-22	-2.70100753396156E-03	-3.19676740926092E-20
0	0	408	1.21309687511475E-22	-2.68987103690454E-03	-3.32803390127207E-20
0	0	409	0	-2.67883314996914E-03	-3.36999512085823E-19
0	0	410	0	-2.66789387315533E-03	-3.35623341662941E-19
0	0	411	1.19173777580842E-22	-2.65705320646314E-03	-3.72927652012348E-20
0	0	412	0	-2.64631114989254E-03	-3.32908216531267E-19
0	0	413	0	-2.63566770344356E-03	-3.31569261822475E-19
0	0	414	-1.33757563028782E-22	-2.62512286711618E-03	-3.50600528435917E-19
0	0	415	-2.326517953466E-22	-2.61467664091041E-03	-3.50600528435917E-19
0	0	416	-2.31227855392829E-22	-2.60432902482624E-03	-3.50600528435917E-19
0	0	417	0	-2.59408001886368E-03	-3.26337495367606E-19
0	0	418	0	-2.58392935623297E-03	-6.89005939738255E-19
0	0	419	1.17447941059462E-22	-2.57387573387141E-03	-3.72259384862252E-19
0	0	420	0	-2.5639189784043E-03	-6.89005939738255E-19
0	0	421	1.36795341785217E-22	-2.55405908983164E-03	-3.34033284865974E-19
0	0	422	0	-2.54429606815343E-03	-6.89005939738255E-19
0	0	423	1.21943907064667E-22	-2.53462991336966E-03	-3.73047765215101E-19
0	0	424	1.40649026932548E-22	-2.52506062548034E-03	-3.35876675317179E-19
0	0	425	0	-2.51558820448546E-03	-6.89005939738255E-19
0	0	426	1.2531588156858E-22	-2.50621265038503E-03	-3.73894955189401E-19
0	0	427	0	-2.49693396317904E-03	-6.89005939738255E-19
0	0	428	0	-2.48775214286751E-03	-6.25922714407553E-19
0	0	429	0	-2.47866718945042E-03	-6.89005939738255E-19
0	0	430	0	-2.46968400039198E-03	0
0	0	431	0	-2.46088972838885E-03	0
0	0	432	0	-2.45216930661837E-03	0
0	0	433	0	-2.44352273508056E-03	0
0	0	434	0	-2.43495001377541E-03	0
0	0	435	0	-2.42645114270292E-03	0
0	0	436	0	-2.41802612186309E-03	0
0	0	437	0	-2.40967495125593E-03	0
0	0	438	0	-2.40139763088142E-03	0
0	0	439	0	-2.39319416073958E-03	0
0	0	440	0	-2.3850645408304E-03	0
0	0	441	0	-2.37700877115388E-03	0
0	0	442	0	-2.36902685171003E-03	0
0	0	443	0	-2.36111878249883E-03	0
0	0	444	0	-2.3532845635203E-03	0
0	0	445	0	-2.34552419477443E-03	0
0	0	446	0	-2.33783767626122E-03	0
0	0	447	0	-2.33022500798067E-03	0
0	0	448	0	-2.32268618993278E-03	0
0	0	449	0	-2.31522122211756E-03	0
0	0	450	0	-2.30783010453499E-03	0
0	0	451	0	-2.30051283718509E-03	0
0	0	452	0	-2.29326942006785E-03	0
0	0	453	0	-2.28609985318328E-03	0
0	0	454	0	-2.27900413653136E-03	0
0	0	455	0	-2.2719822701121E-03	0
0	0	456	0	-2.26503425392551E-03	0
0	0	457	0	-2.25816008797158E-03	0
0	0	458	-1.35181864688847E-19	-2.2516282513939E-03	0
0	0	459	-1.34774894961345E-19	-2.24484964586116E-03	0
0	0	460	-1.34778447241121E-19	-2.23814208347561E-03	0
0	0	461	-1.33692636301218E-19	-2.23150556423726E-03	1.73384144563938E-19
0	0	462	-1.33815868914785E-19	-2.22494008814609E-03	0
0	0	463	-1.3318966849676E-19	-2.21844565520212E-03	0
0	0	464	-1.3280402499197E-19	-2.21202226540534E-03	0
0	0	465	-1.3243897070755E-19	-2.20566991875575E-03	1.65919966614819E-19
0	0	466	0	-2.19948176205746E-03	0
0	0	467	0	-2.19339031725826E-03	0
0	0	468	0	-2.18735419818843E-03	0
0	0	469	0	-2.18137340484797E-03	0
0	0	470	0	-2.17544793723689E-03	0
0	0	471	0	-2.16957779535517E-03	0
0	0	472	0	-2.16376297920283E-03	0
0	0	473	0	-2.15800348877985E-03	0
0	0	474	0	-2.15229932408625E-03	0
0	0	475	0	-2.14665048512201E-03	0
0	0	476	0	-2.14105697188715E-03	0
0	0	477	0	-2.13551878438165E-03	0
0	0	478	0	-2.13003592260553E-03	0
0	0	479	0	-2.12460838655878E-03	0
0	0	480	0	-2.1192361762414E-03	0
0	0	481	0	-2.11391929165338E-03	0
0	0	482	0	-2.10865773279474E-03	0
0	0	483	0	-2.10345149966547E-03	0
0	0	484	0	-2.09830059226557E-03	0
0	0	485	0	-2.09320501059504E-03	0
0	0	486	0	-2.08816475465388E-03	0
0	0	487	0	-2.08317982444209E-03	0
0	0	488	0	-2.07825021995968E-03	0
0	0	489	0	-2.07337594120663E-03	0
0	0	490	0	-2.06855698818295E-03	0
0	0	491	0	-2.06379336088864E-03	0
0	0	492	0	-2.05908505932371E-03	0
0	0	493	0	-2.05443208348814E-03	0
0	0	494	0	-2.04983443338195E-03	0
0	0	495	0	-2.04529210900512E-03	0
0	0	496	0	-2.04080511035767E-03	0
0	0	497	0	-2.03637343743958E-03	0
0	0	498	0	-2.03199709025087E-03	0
0	0	499	0	-2.02767606879152E-03	0
0	0	500	0	-2.02341037306155E-03	0
0	0	501	0	-2.01920000306095E-03	0
0	0	502	0	-2.01504495878972E-03	0
0	0	503	0	-2.01094524024786E-03	0
0	0	504	0	-2.00690084743536E-03	0
0	0	505	0	-2.00291178035224E-03	0
0	0	506	0	-1.99897803899849E-03	0
0	0	507	0	-1.99509962337411E-03	0
0	0	508	0	-1.99127653347911E-03	0
0	0	509	0	-1.98750876931347E-03	0
0	0	510	0	-1.9837963308772E-03	0
0	0	511	0	-1.9801392181703E-03	0
0	0	512	0	-1.97653743119277E-03	0
0	0	513	0	-1.97299096994462E-03	0
0	0	514	0	-1.96949983442583E-03	0
0	0	515	0	-1.96606402463641E-03	0
0	0	516	0	-1.96261237129164E-03	0
0	0	517	0	-1.95916700702537E-03	0
0	0	518	0	-1.95577329286621E-03	0
0	0	519	0	-1.95243122881416E-03	0
0	0	520	0	-1.94914081486922E-03	0
0	0	521	0	-1.9459020510314E-03	0
0	0	522	0	-1.9427090880787E-03	1.79581079560507E-19
0	0	523	0	-1.9395458037548E-03	8.26459298538787E-20
0	0	524	0	-1.93642655534844E-03	1.74615762670401E-19
0	0	525	0	-1.93335134285964E-03	2.52461886197178E-19
0	0	526	0	-1.93032016628837E-03	2.60130683529787E-19
0	0	527	0	-1.92733302563465E-03	1.67167787335243E-19
0	0	528	0	-1.92481684742193E-03	0
0	0	529	0	-1.92198771325557E-03	0
0	0	530	0	-1.91919936963353E-03	0
0	0	531	0	-1.91645181655581E-03	0
0	0	532	0	-1.91374505402242E-03	0
0	0	533	0	-1.91107908203334E-03	0
0	0	534	0	-1.90845390058859E-03	0
0	0	535	0	-1.90586950968816E-03	0
0	0	536	0	-1.90332590933206E-03	0
0	0	537	0	-1.90082309952027E-03	0
0	0	538	0	-1.89836108025281E-03	0
0	0	539	0	-1.89593985152967E-03	0
0	0	540	0	-1.89355941335085E-03	0
0	0	541	0	-1.89121976571635E-03	0
0	0	542	0	-1.88892090862618E-03	0
0	0	543	0	-1.88666284208032E-03	0
0	0	544	0	-1.88444556607879E-03	0
0	0	545	0	-1.88226908062158E-03	0
0	0	546	0	-1.88013338570869E-03	0
0	0	547	0	-1.87803848134013E-03	0
0	0	548	0	-1.87598436751589E-03	0
0	0	549	0	-1.87397104423596E-03	0
0	0	550	0	-1.87199851150036E-03	0
0	0	551	0	-1.87006676930909E-03	0
0	0	552	0	-1.86817581766213E-03	0
0	0	553	0	-1.8663256565595E-03	0
0	0	554	0	-1.86451628600118E-03	0
0	0	555	0	-1.86274770598719E-03	0
0	0	556	0	-1.86101991651753E-03	0
0	0	557	0	-1.85933291759218E-03	0
0	0	558	0	-1.85768670921115E-03	0
0	0	559	0	-1.85608129137445E-03	0
0	0	560	0	-1.85451666408207E-03	0
0	0	561	0	-1.85299282733401E-03	0
0	0	562	0	-1.85150978113028E-03	0
0	0	563	0	-1.85006752547086E-03	0
0	0	564	0	-1.84866606035577E-03	0
0	0	565	0	-0.001847305385785	0
0	0	566	0	-1.84598550175855E-03	0
0	0	567	0	-1.84470640827642E-03	0
0	0	568	0	-1.84346810533862E-03	0
0	0	569	0	-1.84227059294514E-03	0
0	0	570	0	-1.84111387109597E-03	0
0	0	571	0	-1.83999793979114E-03	0
0	0	572	0	-1.83892279903062E-03	0
0	0	573	0	-1.83788844881442E-03	0
0	0	574	0	-1.83689488914255E-03	0
0	0	575	0	-0.001835942120015	0
0	0	576	0	-1.83503014143177E-03	0
0	0	577	0	-1.83415895339286E-03	0
0	0	578	0	-1.83332855589828E-03	0
0	0	579	0	-1.83251854103009E-03	0
0	0	580	0	-1.83173034121892E-03	0
0	0	581	0	-1.83098084223225E-03	0
0	0	582	0	-1.83027004407006E-03	0
0	0	583	0	-1.82959794673236E-03	0
0	0	584	0	-1.82896455021915E-03	0
0	0	585	0	-1.82836985453043E-03	0
0	0	586	0	-1.82781385966619E-03	0
0	0	587	0	-1.82729656562645E-03	0
0	0	588	0	-1.8268179724112E-03	0
0	0	589	0	-1.82637808002044E-03	0
0	0	590	0	-1.82597688845416E-03	0
0	0	591	0	-1.82561439771238E-03	0
0	0	592	0	-1.82529060779508E-03	0
0	0	593	0	-1.82500551870227E-03	0
0	0	594	0	-1.82475913043396E-03	0
0	0	595	0	-1.82455144299013E-03	0
0	0	596	0	-1.82438245637079E-03	0
0	0	597	0	-1.82425217057594E-03	0
0	0	598	0	-1.82416058560559E-03	0
0	0	599	0	-1.82410770145972E-03	0
0	0	600	0	-1.82445147218286E-03	-2.09234995848935E-07
