fieldmap_name:     	SWLS Sirius
timestamp:         	2022-08-15_15-42-41
filename:          	2022-08-15_SWLS_Sirius_Model8.0_w0+0.2mm_Z=-600_600mm.txt
MagNet_file:       	SWLS_Sirius_Model8.0_w0+0.2mm.mn
nr_magnets:        	1

magnet_name:       	SWLS
gap[mm]:           	
control_gap[mm]:   	--
magnet_length[mm]: 	
current_main[A]:   	--
NI_main[A.esp]:    	--
center_pos_z[mm]:  	0
center_pos_x[mm]:  	0
rotation[deg]:     	0

X[mm]	Y[mm]	Z[mm]	Bx	By	Bz [T]
------------------------------------------------------------------------------------------------------------------------------------------------------------------
0	0	-600	0	-1.80606133840191E-03	0
0	0	-599	0	-1.80609068943746E-03	0
0	0	-598	0	-0.001806157100622	0
0	0	-597	0	-1.80626057195552E-03	0
0	0	-596	0	-1.80640110343804E-03	0
0	0	-595	0	-1.80657869506953E-03	0
0	0	-594	0	-1.80679334685002E-03	0
0	0	-593	0	-1.80704505877948E-03	0
0	0	-592	0	-1.80733383085794E-03	0
0	0	-591	0	-1.80765966308538E-03	0
0	0	-590	0	-1.8080225554618E-03	0
0	0	-589	0	-1.80842250798722E-03	0
0	0	-588	0	-1.80885952066161E-03	0
0	0	-587	0	-0.001809333593485	0
0	0	-586	0	-1.80984472645736E-03	0
0	0	-585	0	-1.81039291957872E-03	0
0	0	-584	0	-1.81097817284906E-03	0
0	0	-583	0	-1.81160048626839E-03	0
0	0	-582	0	-1.8122598598367E-03	0
0	0	-581	0	-0.001812956293554	0
0	0	-580	0	-1.81368978742028E-03	0
0	0	-579	0	-1.81446034143555E-03	0
0	0	-578	0	-1.8152679555998E-03	0
0	0	-577	0	-1.81611262991304E-03	0
0	0	-576	0	-1.81699436437527E-03	0
0	0	-575	0	-1.81791315898648E-03	0
0	0	-574	0	-1.81886901374668E-03	0
0	0	-573	0	-1.81986192865586E-03	0
0	0	-572	0	-1.82089190371403E-03	0
0	0	-571	-4.49868635322056E-22	-1.82135232358972E-03	-1.19420710892023E-19
0	0	-570	-4.99680128383669E-22	-1.82247521233827E-03	-1.19420710892023E-19
0	0	-569	-3.23790455155865E-22	-1.82363712450182E-03	-1.19420710892023E-19
0	0	-568	-3.68681516791379E-22	-1.82483806008035E-03	-1.19420710892023E-19
0	0	-567	-6.52182002082128E-22	-1.82607801907388E-03	-1.19420710892023E-19
0	0	-566	-4.57537121606162E-22	-1.8273570014824E-03	-1.19420710892023E-19
0	0	-565	-4.96581233359342E-22	-1.82867500730591E-03	-1.19420710892023E-19
0	0	-564	-3.78810218788553E-22	-1.83003203654442E-03	-1.19420710892023E-19
0	0	-563	-3.81877613302191E-22	-1.83142808919791E-03	-1.19420710892023E-19
0	0	-562	-2.81328108722755E-22	-1.83286316526641E-03	-1.19420710892023E-19
0	0	-561	-2.60719864562111E-22	-1.83433726474989E-03	-1.19420710892023E-19
0	0	-560	-2.62860740619533E-22	-1.83585038764837E-03	-1.19420710892023E-19
0	0	-559	-1.70618401635466E-22	-1.83740253396183E-03	-1.19420710892023E-19
0	0	-558	-1.60458199127636E-22	-1.8389937036903E-03	-1.19420710892023E-19
0	0	-557	-7.74495441951609E-23	-1.84062389683375E-03	-1.19420710892023E-19
0	0	-556	-6.39026075180634E-23	-1.8422931133922E-03	-1.19420710892023E-19
0	0	-555	-1.84043670819551E-23	-1.84400135336564E-03	-1.19420710892023E-19
0	0	-554	1.29712583871074E-23	-1.84574861675407E-03	-1.19420710892023E-19
0	0	-553	3.72540758619838E-23	-1.84753490355749E-03	-1.19420710892023E-19
0	0	-552	-6.43728438441778E-23	-1.84934677556062E-03	-5.26811583870508E-20
0	0	-551	-6.01524122474589E-23	-1.8511853495287E-03	-4.62398078269489E-20
0	0	-550	0	-1.85306755794694E-03	0
0	0	-549	0	-1.85499340081535E-03	0
0	0	-548	0	-1.85696287813391E-03	0
0	0	-547	0	-1.85897598990263E-03	0
0	0	-546	0	-1.86103273612151E-03	0
0	0	-545	0	-1.86313311679056E-03	0
0	0	-544	1.2664297988618E-22	-1.86527713190976E-03	0
0	0	-543	9.99579238670844E-23	-1.86746478147912E-03	0
0	0	-542	-1.0493361281954E-22	-1.86969606549864E-03	-5.60005707122407E-20
0	0	-541	1.09909301771988E-22	-1.87197098396833E-03	0
0	0	-540	-1.53179987632591E-22	-1.87428953688817E-03	-7.75595055082593E-20
0	0	-539	-1.59814239569198E-22	-1.87665172425818E-03	-7.90055444542285E-20
0	0	-538	0	-1.87905754607834E-03	0
0	0	-537	0	-1.88150700234866E-03	0
0	0	-536	0	-1.88400009306915E-03	0
0	0	-535	0	-1.88653681823979E-03	0
0	0	-534	0	-1.88911717786059E-03	0
0	0	-533	-3.49334564580436E-22	-1.89174117193156E-03	-1.53443111727576E-19
0	0	-532	1.54690502344069E-22	-1.89440880045268E-03	0
0	0	-531	-1.86277223179278E-22	-1.89712006342396E-03	-7.92521240192339E-20
0	0	-530	1.64641880248973E-22	-1.89987496084541E-03	0
0	0	-529	-1.97887164068333E-22	-1.90267349271701E-03	-8.17826921746799E-20
0	0	-528	2.32791010871835E-22	-1.90551565903878E-03	0
0	0	-527	-2.39425262808443E-22	-1.9084014598107E-03	-9.63580118058582E-20
0	0	-526	4.30604150803832E-22	-1.91133089503279E-03	0
0	0	-525	0	-1.91430396470503E-03	0
0	0	-524	0	-1.91732066882744E-03	0
0	0	-523	0	-0.0019203810074	0
0	0	-522	0	-1.92348498042273E-03	0
0	0	-521	0	-1.92663258789561E-03	0
0	0	-520	2.8586502636467E-22	-1.92982382981866E-03	0
0	0	-519	2.92499278301276E-22	-1.93305870619186E-03	0
0	0	-518	-2.61741838958148E-22	-1.93633721701523E-03	-9.5700817029633E-20
0	0	-517	-2.67546809402672E-22	-1.93965936228876E-03	-9.6966101107356E-20
0	0	-516	-2.73351779847203E-22	-1.94302514201244E-03	-9.82313851850791E-20
0	0	-515	-2.79156750291727E-22	-1.94643455618629E-03	-9.9496669262802E-20
0	0	-514	0	-1.94988760481029E-03	0
0	0	-513	0	-1.95338428788446E-03	0
0	0	-512	0	-1.95668181492277E-03	0
0	0	-511	0	-1.96035251745608E-03	0
0	0	-510	0	-1.96408441802601E-03	0
0	0	-509	0	-1.96787126305592E-03	0
0	0	-508	-5.30786186585114E-22	-1.97259216390939E-03	-2.96046158889525E-19
0	0	-507	-2.5574707770625E-22	-0.001976259685638	-1.50424992112688E-19
0	0	-506	-2.46101062119956E-22	-1.97998623985996E-03	-1.52826904780615E-19
0	0	-505	0	-1.98377182657528E-03	0
0	0	-504	0	-1.98761644578395E-03	0
0	0	-503	-2.17163015361048E-22	-1.99152009748596E-03	-1.60032642784394E-19
0	0	-502	0	-1.99548278168133E-03	0
0	0	-501	-3.95741968376895E-22	-1.99950449837005E-03	-3.29672936240494E-19
0	0	-500	-1.71113607820128E-22	-2.00358524755211E-03	-1.52034891625612E-19
0	0	-499	0	-2.00772502922753E-03	0
0	0	-498	-3.37865874859081E-22	-2.0119238433963E-03	-3.44084412248052E-19
0	0	-497	-1.59286921843232E-22	-2.01618169005842E-03	-1.74444118791952E-19
0	0	-496	-2.99281812513845E-22	-2.02049856921389E-03	-3.53692062919758E-19
0	0	-495	-2.79989781341263E-22	-2.02487448086271E-03	-3.5849588825561E-19
0	0	-494	-1.30348875084325E-22	-2.02930942500488E-03	-1.81649856795731E-19
0	0	-493	-1.20702859498031E-22	-2.03380340164041E-03	-1.84051769463658E-19
0	0	-492	0	-2.03835641076928E-03	0
0	0	-491	0	-2.0429684523915E-03	0
0	0	-490	-8.3422557035567E-23	-2.04763952650707E-03	-1.73870461334033E-19
0	0	-489	0	-0.002052369633116	0
0	0	-488	-1.38357128445179E-22	-2.05715877221827E-03	-3.74298908079007E-19
0	0	-487	-6.85382901602343E-23	-2.0620069438139E-03	-2.16505358695872E-19
0	0	-486	0	-2.06691414790288E-03	0
0	0	-485	-8.70694696152294E-23	-2.0718803844852E-03	-4.06534141614137E-19
0	0	-484	-3.38887192213067E-23	-2.07690565356088E-03	-2.05668983474995E-19
0	0	-483	-4.84854072699951E-23	-2.08198995512991E-03	-4.16141792285843E-19
0	0	-482	-1.3269716407901E-23	-2.08713328919228E-03	-1.91338917100771E-19
0	0	-481	-4.95067246239979E-24	-2.09233565574801E-03	-2.12874721478774E-19
0	0	-480	4.26849374899457E-24	-2.09759705479709E-03	-1.95706031042455E-19
0	0	-479	2.86827174204042E-23	-2.10291748633952E-03	-4.35357093629254E-19
0	0	-478	2.39873742965101E-23	-2.1082969503753E-03	-2.20080459482553E-19
0	0	-477	0	-2.11373544690443E-03	0
0	0	-476	8.6558810938218E-23	-2.11923297592692E-03	-4.49768569636812E-19
0	0	-475	5.29254210554185E-23	-2.12478953744275E-03	-2.27286197486332E-19
0	0	-474	5.68831242197499E-24	-2.13040513145193E-03	-2.08807372867508E-20
0	0	-473	1.44434904456036E-22	-2.13607975795446E-03	-4.6418004564437E-19
0	0	-472	0	-2.14176155259677E-03	0
0	0	-471	0	-2.14750131485784E-03	0
0	0	-470	0	-2.15331254807651E-03	0
0	0	-469	0	-2.15919525225278E-03	0
0	0	-468	0	-2.16514942738664E-03	0
0	0	-467	0	-2.17117507347809E-03	0
0	0	-466	0	-2.17727219052714E-03	0
0	0	-465	0	-2.18344077853378E-03	0
0	0	-464	0	-2.18968083749802E-03	0
0	0	-463	0	-2.19599236741985E-03	0
0	0	-462	0	-2.20237536829928E-03	0
0	0	-461	0	-2.2088298401363E-03	0
0	0	-460	0	-2.21535578293092E-03	0
0	0	-459	0	-2.22195319668313E-03	0
0	0	-458	0	-2.22862208139294E-03	0
0	0	-457	0	-2.23536243706034E-03	0
0	0	-456	0	-2.24217426368533E-03	0
0	0	-455	0	-2.24905756126792E-03	0
0	0	-454	0	-2.25601232980811E-03	0
0	0	-453	0	-2.26303856930589E-03	0
0	0	-452	0	-2.27013627976127E-03	0
0	0	-451	0	-2.27730546117424E-03	0
0	0	-450	0	-2.2845461135448E-03	0
0	0	-449	0	-2.29185823687296E-03	0
0	0	-448	0	-2.29924183115871E-03	0
0	0	-447	0	-2.30669689640206E-03	0
0	0	-446	0	-2.31422343260301E-03	0
0	0	-445	0	-2.32182143976155E-03	0
0	0	-444	0	-2.32949091787768E-03	0
0	0	-443	-6.27496906593182E-22	-2.33724059433632E-03	0
0	0	-442	-1.00535856315707E-22	-2.34506408158188E-03	0
0	0	-441	-3.85955579463518E-22	-2.35296008065358E-03	0
0	0	-440	9.24419334160566E-23	-2.36092859155141E-03	-5.9217774408071E-20
0	0	-439	-8.83949719662237E-22	-2.36896961427537E-03	0
0	0	-438	-3.37392042065603E-22	-2.37708314882547E-03	0
0	0	-437	4.0150524533289E-23	-2.3852691952017E-03	-3.04135306864748E-20
0	0	-436	-1.525081752335E-22	-2.39352775340407E-03	0
0	0	-435	2.16621378500781E-22	-2.40185882343257E-03	-1.85699758048605E-19
0	0	-434	-2.58797745289064E-22	-2.40989179574909E-03	-4.47065920315821E-19
0	0	-433	-1.48078816232394E-21	-2.41837559360034E-03	-4.47065920315821E-19
0	0	-432	-5.86995772047328E-22	-2.42695912330841E-03	-4.47065920315821E-19
0	0	-431	0	-2.43564238487332E-03	-4.55217101888398E-19
0	0	-430	-8.43195489395195E-22	-2.44442537829504E-03	-4.47065920315821E-19
0	0	-429	-2.98198731170602E-22	-2.45330810357359E-03	-4.47065920315821E-19
0	0	-428	0	-2.46229056070896E-03	-4.60197597157266E-19
0	0	-427	-4.36999294109006E-22	-2.47137274970116E-03	-4.47065920315821E-19
0	0	-426	-1.62799999408543E-22	-2.48055467055018E-03	-4.47065920315821E-19
0	0	-425	-6.03201124693878E-22	-2.48983632325602E-03	-4.47065920315821E-19
0	0	-424	-3.47001407346027E-22	-2.49921770781869E-03	-4.47065920315821E-19
0	0	-423	0	-2.50869882423818E-03	-4.68871216633856E-19
0	0	-422	-4.59204505873111E-22	-2.5182796725145E-03	-4.47065920315821E-19
0	0	-421	-1.02801408233214E-22	-2.52796025264764E-03	-4.47065920315821E-19
0	0	-420	-2.27004224995366E-22	-2.5377405646376E-03	-4.47065920315821E-19
0	0	-419	-1.97004929407705E-22	-2.54762060848439E-03	-4.47065920315821E-19
0	0	-418	6.68022535280216E-23	-0.002557600384188	-6.34220966645786E-19
0	0	-417	-2.19210141171797E-22	-2.56767989174844E-03	-4.47065920315821E-19
0	0	-416	6.42042255868393E-23	-2.5778591311657E-03	-7.20772283716465E-19
0	0	-415	-1.23212395291279E-22	-2.58813810243978E-03	-4.47065920315821E-19
0	0	-414	0	-2.59851680557069E-03	-4.85658032881421E-19
0	0	-413	-3.40183117634402E-23	-2.60899524055842E-03	-4.47065920315821E-19
0	0	-412	5.19605588237068E-24	-2.61957340740297E-03	-4.47065920315821E-19
0	0	-411	0	-2.63025144081499E-03	0
0	0	-410	0	-2.64102821320316E-03	0
0	0	-409	0	-2.65190318041101E-03	0
0	0	-408	0	-2.66287634243854E-03	0
0	0	-407	0	-2.67394769928575E-03	0
0	0	-406	0	-2.68511725095264E-03	0
0	0	-405	0	-2.6963849974392E-03	0
0	0	-404	0	-2.70775093874545E-03	0
0	0	-403	0	-2.71921507487137E-03	0
0	0	-402	0	-2.73077740581697E-03	0
0	0	-401	0	-2.74243793158225E-03	0
0	0	-400	0	-2.75419665216721E-03	0
0	0	-399	0	-2.76605356757185E-03	0
0	0	-398	1.80349947814472E-22	-2.77742653265904E-03	-8.2216961033771E-19
0	0	-397	0	-2.78954266055285E-03	0
0	0	-396	0	-2.8017907606958E-03	0
0	0	-395	0	-2.81417083308788E-03	0
0	0	-394	2.31045185308504E-22	-2.8266828777291E-03	-4.06509617388229E-19
0	0	-393	2.97165834414871E-22	-2.83932689461946E-03	-4.56416478930444E-19
0	0	-392	0	-2.85208205626191E-03	0
0	0	-391	0	-2.86497012179978E-03	0
0	0	-390	0	-2.87799377348463E-03	0
0	0	-389	0	-2.89115301131645E-03	0
0	0	-388	0	-2.90444783529525E-03	0
0	0	-387	0	-2.91787824542101E-03	0
0	0	-386	0	-2.93144424169376E-03	0
0	0	-385	0	-2.94514582411347E-03	0
0	0	-384	0	-2.95898299268016E-03	0
0	0	-383	0	-2.97295574739382E-03	0
0	0	-382	0	-2.98706408825445E-03	0
0	0	-381	0	-3.00130801526206E-03	0
0	0	-380	0	-3.01568752841664E-03	0
0	0	-379	0	-3.03020262771819E-03	0
0	0	-378	0	-3.04485331316672E-03	0
0	0	-377	0	-3.05963958476221E-03	0
0	0	-376	0	-3.07456144250469E-03	0
0	0	-375	0	-3.08961888639413E-03	0
0	0	-374	0	-3.10481191643055E-03	0
0	0	-373	0	-3.12014053261394E-03	0
0	0	-372	0	-3.13560473494431E-03	0
0	0	-371	0	-3.15106807854389E-03	0
0	0	-370	0	-3.16673562629254E-03	0
0	0	-369	0	-3.1825724437934E-03	0
0	0	-368	0	-3.19857853104648E-03	0
0	0	-367	0	-3.21475388805177E-03	0
0	0	-366	0	-3.23109851480928E-03	0
0	0	-365	0	-0.003247612411319	0
0	0	-364	0	-3.26429557758093E-03	0
0	0	-363	0	-3.28114801359508E-03	0
0	0	-362	0	-3.29816971936144E-03	0
0	0	-361	0	-3.31536069488001E-03	0
0	0	-360	0	-3.3327209401508E-03	0
0	0	-359	-3.61865982946654E-22	-3.35021976424153E-03	-8.11529878134096E-19
0	0	-358	0	-0.003367856154593	-4.48662646700934E-19
0	0	-357	-2.98991282582862E-22	-3.3856744456789E-03	-8.23825819410953E-19
0	0	-356	2.67553932400978E-22	-3.40367463749921E-03	-4.32928915719197E-19
0	0	-355	0	-3.42185673005393E-03	-4.55856552852932E-19
0	0	-354	-2.04679232037187E-22	-3.44022072334308E-03	-8.42451476168953E-19
0	0	-353	0	-3.45876661736665E-03	-4.60773653516074E-19
0	0	-352	-1.41804531673394E-22	-3.47749441212463E-03	-8.54989743902763E-19
0	0	-351	0	-3.49640410761703E-03	-4.65787684761996E-19
0	0	-350	-7.89298313096067E-23	-3.51549570384385E-03	-8.67624942219354E-19
0	0	-349	-4.74924811277223E-23	-3.53476920080509E-03	-8.73978890346192E-19
0	0	-348	0	-3.55422459850075E-03	-4.73490476473595E-19
0	0	-347	1.53822192360689E-23	-3.57386189693082E-03	-8.86759484536954E-19
0	0	-346	-4.68195694179707E-23	-3.59368109609531E-03	-4.32928915719197E-19
0	0	-345	0	-3.61368219599422E-03	-4.8141136199645E-19
0	0	-344	9.87248428035868E-23	-3.63386519662755E-03	-8.63910920845443E-19
0	0	-343	-1.41131619963647E-22	-3.6542300979953E-03	-4.32928915719197E-19
0	0	-342	0	-3.67477690009747E-03	-4.89550341330563E-19
0	0	-341	-2.04006320327438E-22	-3.69550560293405E-03	-4.32928915719197E-19
0	0	-340	0	-3.71641620650505E-03	-4.95097490781781E-19
0	0	-339	2.40192918622107E-22	-3.73750871081047E-03	-8.94756791862625E-19
0	0	-338	0	-3.75878311585031E-03	-5.0074157081578E-19
0	0	-337	0	-3.78021159515379E-03	-1.67850280141868E-19
0	0	-336	-1.47031393229205E-23	-3.80188855179506E-03	0
0	0	-335	-4.08349974335956E-22	-3.82361489458313E-03	2.58080657550826E-19
0	0	-334	-6.81946178252222E-22	-3.84563848800168E-03	2.58080657550826E-19
0	0	-333	1.104169813112E-19	-3.86788403453137E-03	4.01768302909155E-19
0	0	-332	1.11103388863777E-19	-3.89034305163521E-03	-7.91100382797247E-20
0	0	-331	1.11748252275544E-19	-3.91301063106397E-03	-8.13590880041102E-20
0	0	-330	1.12399069329306E-19	-3.93588677281763E-03	-8.35843231605174E-20
0	0	-329	1.13013214842022E-19	-3.9589714768962E-03	4.52052859368087E-19
0	0	-328	1.13678146866855E-19	-3.98226474329968E-03	4.54712587467421E-19
0	0	-327	1.14351971749751E-19	-4.00576657202808E-03	4.15279724645765E-19
0	0	-326	1.15025871842506E-19	-4.02947696308138E-03	4.60103487370025E-19
0	0	-325	1.15677469930515E-19	-4.05339591645959E-03	5.01456215607048E-19
0	0	-324	1.16368254388326E-19	-4.07752343216271E-03	5.01456215607048E-19
0	0	-323	1.17064992488132E-19	-4.10185951019074E-03	5.01456215607048E-19
0	0	-322	1.17819936871205E-19	-4.12640415054368E-03	-1.00528879964557E-19
0	0	-321	1.1852241641935E-19	-4.15115735322153E-03	-5.81907627725973E-20
0	0	-320	1.19234690176625E-19	-4.17611911822429E-03	-1.04526873485784E-19
0	0	-319	1.19930448980114E-19	-4.20128944555196E-03	4.79721795920455E-19
0	0	-318	1.20654917424893E-19	-4.22666833520454E-03	4.82619669699573E-19
0	0	-317	1.21385339511667E-19	-4.25225578718203E-03	4.85541358046669E-19
0	0	-316	1.22121715240436E-19	-4.27805180148443E-03	4.88486860961743E-19
0	0	-315	1.22853228398384E-19	-4.30405637811174E-03	5.01456215607048E-19
0	0	-314	1.23603549276142E-19	-4.33026951706396E-03	5.01456215607048E-19
0	0	-313	1.24359823795893E-19	-4.35669121834109E-03	5.01456215607048E-19
0	0	-312	1.17431034025412E-22	-4.38322119252181E-03	-9.76651023764563E-19
0	0	-311	7.96996596586223E-23	-4.41008531520506E-03	-7.15480326742469E-19
0	0	-310	7.39949309351358E-23	-4.43714496585848E-03	-7.20668999837982E-19
0	0	-309	2.98769634675875E-23	-4.46440014448207E-03	-3.17562731908404E-19
0	0	-308	3.12927367440709E-23	-4.49185085107584E-03	-3.65523173014505E-19
0	0	-307	0	-4.51949708563979E-03	0
0	0	-306	0	-4.5473388481739E-03	0
0	0	-305	2.27356436588323E-23	-4.57537613867819E-03	-3.73306182657776E-19
0	0	-304	1.98832792970885E-23	-4.60360895715266E-03	-3.75900519205532E-19
0	0	-303	3.40618298706837E-23	-4.63203730359729E-03	-7.56989711506578E-19
0	0	-302	2.83571011471965E-23	-4.66066117801211E-03	-7.62178384602092E-19
0	0	-301	9.91041293536872E-24	-4.68948058039709E-03	-3.35723087742703E-19
0	0	-300	7.41459411884296E-24	-4.71849551075225E-03	-3.3799313222199E-19
0	0	-299	1.0540232790674E-23	-4.74770596907758E-03	-7.29135378645594E-19
0	0	-298	0	-4.77711195537308E-03	0
0	0	-297	-8.32712351370459E-26	-4.80671346963876E-03	-3.9406087503983E-19
0	0	-296	-2.93563559688073E-24	-4.83651051187462E-03	-3.96655211587587E-19
0	0	-295	0	-4.86650308208064E-03	0
0	0	-294	-6.36779766669298E-22	-4.89670159058964E-03	-1.00503550390144E-18
0	0	-293	0	-4.92710028426009E-03	0
0	0	-292	0	-4.95764945992926E-03	-8.8760689202568E-19
0	0	-291	0	-4.98801726215138E-03	0
0	0	-290	0	-5.01893122031152E-03	0
0	0	-289	0	-5.04994101343578E-03	0
0	0	-288	0	-5.08104664152416E-03	0
0	0	-287	0	-5.11224810457666E-03	0
0	0	-286	0	-5.14354540259329E-03	0
0	0	-285	0	-5.17493853557403E-03	0
0	0	-284	0	-5.20642750351889E-03	0
0	0	-283	0	-5.23801230642788E-03	0
0	0	-282	-3.08754960615524E-22	-5.26969186500516E-03	-9.86294292230884E-21
0	0	-281	-3.4786538178368E-22	-5.30147070752292E-03	-1.96283093943061E-19
0	0	-280	-6.34984578230789E-23	-5.33335251806356E-03	1.25787238161839E-19
0	0	-279	-3.31253651547892E-23	-5.3653372966271E-03	-1.95963353675653E-19
0	0	-278	4.14148810532179E-23	-5.39742504321353E-03	1.28194051000512E-19
0	0	-277	1.87743100982736E-22	-5.42961575782285E-03	-3.31078539900176E-20
0	0	-276	0	-5.46164685209166E-03	9.89269782863835E-20
0	0	-275	2.23273410615416E-22	-5.4938927081981E-03	1.05537251095562E-19
0	0	-274	0	-5.52604912992603E-03	1.00093498735836E-19
0	0	-273	0	-5.55811611727545E-03	1.05537251095562E-19
0	0	-272	0	-5.59015831753765E-03	0
0	0	-271	0	-5.62208531427804E-03	0
0	0	-270	0	-5.65392110721961E-03	0
0	0	-269	0	-5.68566569636236E-03	0
0	0	-268	0	-5.71731908170629E-03	0
0	0	-267	0	-5.74888126325139E-03	0
0	0	-266	0	-5.78035224099768E-03	0
0	0	-265	0	-5.8116695970706E-03	0
0	0	-264	0	-5.84268461839029E-03	0
0	0	-263	-1.54736967726703E-22	-5.87345936473602E-03	-1.13874066444946E-19
0	0	-262	-1.02753116577264E-22	-5.90406555584259E-03	-1.13874066444946E-19
0	0	-261	-3.78745181172566E-23	-5.93432018911326E-03	-1.13874066444946E-19
0	0	-260	2.49268433933091E-23	-5.96422326454802E-03	-1.13874066444946E-19
0	0	-259	8.48147804333064E-23	-5.99377478214687E-03	-1.13874066444946E-19
0	0	-258	2.23459140591875E-19	-6.02295292145932E-03	1.70583536321972E-19
0	0	-257	-3.38643419447423E-23	-6.05171586497009E-03	0
0	0	-256	2.7276464887354E-23	-0.006079981430467	0
0	0	-255	-3.38611980432761E-23	-6.10774533597841E-03	-1.11618159485495E-19
0	0	-254	5.17913707623388E-19	-6.13496476796243E-03	-5.15204412792791E-19
0	0	-253	-1.54424838382583E-23	-6.16157412326498E-03	9.83393589293913E-19
0	0	-252	-9.79532836647326E-19	-6.18753821424637E-03	-4.87808038398787E-19
0	0	-251	0	-6.21279310416691E-03	0
0	0	-250	0	-6.23729823732287E-03	0
0	0	-249	0	-6.26098890290946E-03	-7.75632616805241E-19
0	0	-248	0	-6.28380367726854E-03	0
0	0	-247	1.18637236455243E-19	-6.30568111062656E-03	0
0	0	-246	0	-6.32656616545138E-03	0
0	0	-245	0	-6.34638380223026E-03	0
0	0	-244	0	-6.36505459201614E-03	0
0	0	-243	0	-6.38250646294835E-03	0
0	0	-242	-1.77284392667573E-22	-6.39864828297783E-03	-5.15436972658369E-19
0	0	-241	1.51408029532131E-22	-6.41339291383829E-03	0
0	0	-240	0	-6.42665836619449E-03	0
0	0	-239	0	-6.43835101008661E-03	0
0	0	-238	3.72836588545642E-19	-6.44836938318761E-03	-1.3943865720003E-19
0	0	-237	0	-6.45660297472274E-03	0
0	0	-236	-1.74040140119936E-19	-6.46293852042978E-03	-7.24564616147928E-19
0	0	-235	3.82697222712656E-22	-6.46726457737462E-03	-4.13541615775035E-19
0	0	-234	-8.20854074193902E-22	-6.46945201300394E-03	-2.80150375634243E-20
0	0	-233	0	-6.46937359313129E-03	0
0	0	-232	0	-6.46689014363594E-03	0
0	0	-231	8.72098100048037E-20	-6.46185590807931E-03	0
0	0	-230	0	-6.45411669007931E-03	0
0	0	-229	2.1542231116898E-22	-6.44351532065131E-03	-4.3667872499704E-19
0	0	-228	0	-6.42987795960233E-03	6.26579885363862E-19
0	0	-227	0	-6.41302765515918E-03	0
0	0	-226	0	-6.39277920056031E-03	0
0	0	-225	1.26724566332683E-19	-6.36892812222267E-03	2.55506160024388E-19
0	0	-224	0	-6.34126914345776E-03	0
0	0	-223	0	-6.3095877249129E-03	0
0	0	-222	0	-6.27363459765793E-03	0
0	0	-221	0	-6.2331643185683E-03	0
0	0	-220	0	-6.18791129561893E-03	0
0	0	-219	6.73332498800938E-22	-6.13761583750151E-03	0
0	0	-218	-7.14268061480186E-22	-6.0820062080394E-03	1.31833555246027E-18
0	0	-217	0	-6.02076955130354E-03	0
0	0	-216	-1.20336164729309E-22	-5.9535822773512E-03	1.92729589764824E-19
0	0	-215	0	-5.88010386170286E-03	0
0	0	-214	0	-5.79998020611657E-03	-5.05949840594574E-19
0	0	-213	0	-5.7128223231179E-03	0
0	0	-212	0	-5.61824661767107E-03	0
0	0	-211	0	-5.51584630737704E-03	0
0	0	-210	0	-5.40516943601402E-03	0
0	0	-209	0	-5.28574802609725E-03	0
0	0	-208	0	-5.15706432410923E-03	0
0	0	-207	0	-5.01861330244322E-03	0
0	0	-206	0	-4.86986445001526E-03	0
0	0	-205	0	-4.71020614197901E-03	0
0	0	-204	0	-4.53906422818093E-03	0
0	0	-203	0	-4.35577607956254E-03	0
0	0	-202	0	-4.15965302505943E-03	0
0	0	-201	4.41929915630859E-22	-3.94998368860223E-03	0
0	0	-200	3.28085328975366E-23	-3.7259843540855E-03	-2.67835343959321E-19
0	0	-199	0	-3.48684048374787E-03	0
0	0	-198	0	-0.003231721422488	0
0	0	-197	0	-2.95972403656514E-03	0
0	0	-196	0	-2.66988860615348E-03	0
0	0	-195	0	-2.36123971083697E-03	0
0	0	-194	0	-2.03268903821542E-03	0
0	0	-193	0	-1.68310741603606E-03	0
0	0	-192	0	-1.31129004414378E-03	0
0	0	-191	1.99575798076046E-20	-9.16006544375924E-04	1.5156631259372E-18
0	0	-190	0	-4.95935083991422E-04	0
0	0	-189	0	-4.95881399335196E-05	0
0	0	-188	7.62959069459985E-22	4.2440814198904E-04	7.93011129881097E-21
0	0	-187	0	9.27738836983707E-04	0
0	0	-186	0	1.46195356195137E-03	0
0	0	-185	0	2.02895789045757E-03	0
0	0	-184	1.21979891347038E-19	2.63046983658644E-03	2.38635207717961E-19
0	0	-183	0	3.26853263635832E-03	0
0	0	-182	-1.48637313025619E-19	3.94526439454432E-03	0
0	0	-181	0	4.66284729598263E-03	0
0	0	-180	0	5.42360166386819E-03	0
0	0	-179	0	6.23001273715872E-03	0
0	0	-178	-3.41610452168564E-19	7.08468236107213E-03	1.94800223496305E-17
0	0	-177	-8.99921653547606E-22	7.99042545013793E-03	4.48009545612999E-18
0	0	-176	-3.93965339749905E-19	8.9501293632061E-03	7.77458758106789E-19
0	0	-175	0	9.9669441602051E-03	0
0	0	-174	0	1.10441195841046E-02	0
0	0	-173	0	1.21851095974953E-02	0
0	0	-172	0	1.33935721839591E-02	0
0	0	-171	0	1.46734801779296E-02	0
0	0	-170	0	1.60288644809677E-02	0
0	0	-169	0	1.74639901404069E-02	0
0	0	-168	2.12445543991107E-21	1.89835343148141E-02	-6.3319663627085E-19
0	0	-167	6.63089811524794E-19	2.05923862158001E-02	6.3319663627085E-19
0	0	-166	0	2.22956431302455E-02	0
0	0	-165	-9.59729084260645E-19	2.40986597433045E-02	3.901702452245E-17
0	0	-164	1.03095228929207E-18	2.60072262409377E-02	2.50583739604792E-17
0	0	-163	0	2.80274468570634E-02	0
0	0	-162	0	3.01656061071026E-02	0
0	0	-161	0	3.24285145687282E-02	0
0	0	-160	0	3.48232911595396E-02	0
0	0	-159	0	3.73575249514597E-02	0
0	0	-158	0	4.00387633025475E-02	0
0	0	-157	0	4.28762181847173E-02	0
0	0	-156	0	4.58779219087913E-02	0
0	0	-155	0	4.90535085126286E-02	0
0	0	-154	0	5.24128965324396E-02	0
0	0	-153	0	5.59662810758866E-02	0
0	0	-152	-1.90434767576418E-18	5.97245903915399E-02	3.68043247035819E-18
0	0	-151	2.04096670999369E-18	6.36993255017309E-02	3.88505993104962E-18
0	0	-150	0	6.79028873804793E-02	0
0	0	-149	0	7.23479946622779E-02	0
0	0	-148	0	7.70477425690298E-02	0
0	0	-147	0	8.20164187730998E-02	0
0	0	-146	0	8.72696256513418E-02	0
0	0	-145	0	9.28225713937655E-02	0
0	0	-144	0	9.86923569850732E-02	0
0	0	-143	0	0.104896046567751	0
0	0	-142	-4.78565027954495E-18	0.111453042851065	9.3553490242439E-18
0	0	-141	0	0.118382529773325	0
0	0	-140	0	0.125705702723814	0
0	0	-139	0	0.133444627735056	0
0	0	-138	0	0.141622721135389	0
0	0	-137	0	0.150265754856304	0
0	0	-136	0	0.159400798730271	0
0	0	-135	0	0.169055798940726	0
0	0	-134	6.65312566347342E-21	0.179262019279395	0
0	0	-133	0	0.190053353509067	0
0	0	-132	6.42629301531856E-18	0.201465515638652	8.53633138193313E-17
0	0	-131	0	0.213538368274776	0
0	0	-130	0	0.226313910265476	0
0	0	-129	3.36239821334106E-20	0.239839342867638	0
0	0	-128	2.58724499181497E-17	0.254166633953131	2.50844206639984E-17
0	0	-127	1.25929618575134E-20	0.269352006002189	0
0	0	-126	0	0.285459552266234	0
0	0	-125	0	0.302557220257343	0
0	0	-124	0	0.320725914132233	0
0	0	-123	0	0.340047235092983	0
0	0	-122	0	0.360621378872484	0
0	0	-121	0	0.382554565549922	0
0	0	-120	0	0.405970610993573	0
0	0	-119	2.75516879259643E-17	0.430997999370516	1.15506439111228E-16
0	0	-118	4.58381166460651E-21	0.457783696188592	0
0	0	-117	-2.51744448572886E-17	0.486484419571363	4.58394224654895E-16
0	0	-116	1.99801086520893E-17	0.517268846564823	1.48341558350447E-16
0	0	-115	0	0.550312866677289	0
0	0	-114	0	0.585794238095145	0
0	0	-113	0	0.623877157542567	0
0	0	-112	0	0.664703152292162	0
0	0	-111	0	0.708363734996293	0
0	0	-110	-3.13106455645955E-21	0.754848742809139	-7.19733113696594E-17
0	0	-109	-1.51759302211071E-17	0.803985892864935	5.99159113739929E-16
0	0	-108	0	0.855396274634116	0
0	0	-107	0	0.908588172342143	0
0	0	-106	0	0.962953697505827	0
0	0	-105	0	1.01753923307796	0
0	0	-104	0	1.07091969794055	0
0	0	-103	0	1.12179635366901	0
0	0	-102	-6.90667225457493E-19	1.16915533100133	1.53473917565331E-16
0	0	-101	0	1.21221262965911	0
0	0	-100	0	1.25051054344257	0
0	0	-99	0	1.28374295221581	0
0	0	-98	0	1.31191958058416	0
0	0	-97	0	1.3353955645179	0
0	0	-96	0	1.35471087234243	0
0	0	-95	0	1.37042035447709	0
0	0	-94	0	1.38306570462263	0
0	0	-93	-1.17027652950161E-20	1.39319939858887	-1.01228972943289E-16
0	0	-92	0	1.40128731496586	0
0	0	-91	0	1.40774495784321	0
0	0	-90	0	1.41290389946232	0
0	0	-89	0	1.41702765422713	0
0	0	-88	0	1.42033577998887	0
0	0	-87	0	1.42299132347207	0
0	0	-86	0	1.42512773253858	0
0	0	-85	-5.04780541080964E-17	1.4268452787262	1.06211334507375E-18
0	0	-84	0	1.42822106219251	0
0	0	-83	4.57166004835837E-17	1.42931170668199	0
0	0	-82	0	1.43016043756652	0
0	0	-81	0	1.43080068589462	0
0	0	-80	-8.76566975617743E-17	1.43125660021787	1.75403764931099E-16
0	0	-79	1.79070374437429E-19	1.43154474503171	0
0	0	-78	-6.77773178358298E-17	1.43167489161867	1.44928555419811E-19
0	0	-77	0	1.4316517109912	1.01624005965315E-16
0	0	-76	0	1.43147416667249	0
0	0	-75	0	1.43113626364481	0
0	0	-74	0	1.43062631468088	0
0	0	-73	0	1.42992556034813	0
0	0	-72	0	1.4290086271212	0
0	0	-71	0	1.42783939885478	0
0	0	-70	-2.96402618258599E-20	1.42637007738848	-3.79615083867784E-18
0	0	-69	5.45909367230979E-17	1.42453940408514	5.45572565809408E-17
0	0	-68	0	1.4222688243241	0
0	0	-67	5.83911345315095E-17	1.41945424724282	-1.71239099627724E-17
0	0	-66	0	1.41596070211957	0
0	0	-65	0	1.41161322488154	0
0	0	-64	0	1.4061950623117	0
0	0	-63	0	1.3994343441639	0
0	0	-62	0	1.39097918413722	0
0	0	-61	7.21694792247146E-20	1.38041700911258	1.41088817285451E-16
0	0	-60	3.23718217274544E-17	1.36726192524432	0
0	0	-59	0	1.35094975925732	0
0	0	-58	0	1.33087779328478	0
0	0	-57	0	1.30643289789531	0
0	0	-56	0	1.27709342220466	0
0	0	-55	0	1.2425255810067	0
0	0	-54	0	1.20271736095066	0
0	0	-53	-6.23836568343927E-17	1.15784854362871	-1.74169445835004E-17
0	0	-52	0	1.10827325918824	0
0	0	-51	0	1.05491454095996	0
0	0	-50	0	0.998984273428274	0
0	0	-49	0	0.941583422816076	0
0	0	-48	0	0.883768403367115	0
0	0	-47	0	0.826488152984393	0
0	0	-46	0	0.770449638180352	0
0	0	-45	0	0.716106867634632	0
0	0	-44	-6.41063385486781E-20	0.663661661536406	-3.01150811142803E-16
0	0	-43	0	0.61310937452791	0
0	0	-42	0	0.56428869918614	0
0	0	-41	0	0.516914388898848	0
0	0	-40	0	0.470601903572649	0
0	0	-39	0	0.424880753772352	0
0	0	-38	0	0.379166165077741	0
0	0	-37	0	0.332774663674282	0
0	0	-36	1.01449203347835E-17	0.284868765333069	-1.87571518882713E-17
0	0	-35	0	0.234384424095331	0
0	0	-34	0	0.179939122790534	0
0	0	-33	0	0.119708357995929	0
0	0	-32	0	5.11562491941069E-02	0
0	0	-31	-2.21890198228351E-18	-2.91165355310484E-02	-6.88765520878969E-16
0	0	-30	-1.10028590713105E-19	-0.125557953139085	-2.65175528588956E-16
0	0	-29	-1.06317073354535E-17	-0.242804254136988	-4.58921724654893E-16
0	0	-28	1.17257602703768E-19	-0.384015842044929	-2.06956690919015E-17
0	0	-27	0	-0.549047069871004	0
0	0	-26	0	-0.73449767118027	0
0	0	-25	0	-0.935959621857979	0
0	0	-24	0	-1.14904643113755	0
0	0	-23	0	-1.37063092193412	0
0	0	-22	0	-1.59837234634651	0
0	0	-21	0	-1.83057483308773	-1.17063148492415E-16
0	0	-20	0	-2.06607347976205	-6.19498715367254E-17
0	0	-19	9.73060512204794E-17	-2.30400222572059	-1.18296491972197E-16
0	0	-18	-9.54859943241789E-17	-2.54370771264928	0
0	0	-17	0	-2.78469608936947	0
0	0	-16	-1.35420125188114E-16	-3.02659775386437	2.79688408567321E-16
0	0	-15	0	-3.26914032690407	0
0	0	-14	0	-3.51213330271384	0
0	0	-13	0	-3.75547089879843	0
0	0	-12	-2.04796623393529E-16	-3.99922817041447	4.09593246787059E-16
0	0	-11	-1.69353194463549E-20	-4.24386662909181	3.56344409073058E-16
0	0	-10	0	-4.49088038726028	0
0	0	-9	0	-4.74402118301945	0
0	0	-8	0	-5.00914720548912	0
0	0	-7	0	-5.28762584392072	0
0	0	-6	0	-5.56598781714001	0
0	0	-5	0	-5.81616991987378	0
0	0	-4	0	-6.01541451451429	0
0	0	-3	2.99895860406882E-16	-6.15863053395462	-1.11196055958616E-17
0	0	-2	0	-6.25209363381993	0
0	0	-1	0	-6.30428879659367	0
0	0	0	2.9978706234596E-21	-6.32105227602585	-3.86261905839785E-21
0	0	1	0	-6.30449198808237	0
0	0	2	0	-6.25253340083377	0
0	0	3	0	-6.15923918396915	0
0	0	4	2.40924694015822E-16	-6.01601094707042	2.67715908644331E-17
0	0	5	0	-5.81634135012589	0
0	0	6	0	-5.56580824963169	0
0	0	7	0	-5.28762469276207	0
0	0	8	0	-5.00959459519058	0
0	0	9	0	-4.74480498826364	0
0	0	10	0	-4.49162688541029	0
0	0	11	0	-4.24434126685099	0
0	0	12	0	-3.99949241210035	0
0	0	13	-4.63972439300901E-20	-3.7555694920236	3.2818123559773E-16
0	0	14	5.83374711687629E-17	-3.51211489843242	1.42109466536357E-16
0	0	15	0	-3.26905574643729	0
0	0	16	0	-3.02647282761073	0
0	0	17	0	-2.78454774545152	0
0	0	18	0	-2.54354558375328	0
0	0	19	0	-2.30384620442229	0
0	0	20	-7.40423778596726E-17	-2.06595507004116	2.22562157537261E-16
0	0	21	0	-1.83050543301739	-6.95894825567801E-17
0	0	22	0	-1.59827134059055	0
0	0	23	0	-1.37039550778116	0
0	0	24	0	-1.14861678358412	0
0	0	25	0	-0.935547314513827	0
0	0	26	0	-0.734425058943982	0
0	0	27	0	-0.549405771158923	0
0	0	28	2.46326352081546E-17	-0.384735385226301	1.02423530558101E-17
0	0	29	7.76467837663087E-18	-0.243520515020508	1.49143028401503E-16
0	0	30	6.47968731086527E-18	-0.12605389497828	7.02182925898512E-18
0	0	31	0	-2.93883467288273E-02	0
0	0	32	0	5.10339825512338E-02	0
0	0	33	2.74242740932392E-18	0.119620466201529	2.55863143011032E-16
0	0	34	0	0.179856393000207	0
0	0	35	0	0.234254605910254	0
0	0	36	0	0.284706580091049	0
0	0	37	1.62066248095492E-17	0.332608361025317	0
0	0	38	-6.93941565139472E-18	0.378995435034433	8.94614679000262E-17
0	0	39	0	0.424709237689381	0
0	0	40	0	0.470441247733002	0
0	0	41	0	0.516763827570036	0
0	0	42	0	0.56414868264961	0
0	0	43	0	0.612979855832389	0
0	0	44	0	0.663542975111988	0
0	0	45	0	0.715996712879421	0
0	0	46	2.77275417625833E-17	0.770339897831693	-2.87012205304603E-17
0	0	47	0	0.826370139048167	0
0	0	48	0	0.883646590845253	0
0	0	49	0	0.941497269270656	0
0	0	50	0	0.998961344849785	0
0	0	51	0	1.0549007938353	0
0	0	52	0	1.10816611392435	0
0	0	53	0	1.15772737706374	-9.26024566542266E-17
0	0	54	0	1.20280831968446	0
0	0	55	0	1.24271619286832	0
0	0	56	0	1.27724329187917	0
0	0	57	0	1.30655166568669	0
0	0	58	0	1.33100661387802	0
0	0	59	0	1.35111961754844	0
0	0	60	0	1.36749193742704	0
0	0	61	0	1.38069789991201	0
0	0	62	-1.05839064128736E-20	1.39129761843874	1.42084959847431E-17
0	0	63	-4.83091578676883E-17	1.39978749188538	2.73456528628805E-17
0	0	64	0	1.40658541909556	0
0	0	65	0	1.41203188818579	0
0	0	66	0	1.41640443932349	0
0	0	67	5.69943025069545E-21	1.41992144663887	-1.57778961617087E-16
0	0	68	0	1.42275790486418	0
0	0	69	7.18631469620917E-21	1.42504784054179	-1.11203360226062E-16
0	0	70	0	1.42689519308538	0
0	0	71	0	1.42837709440531	0
0	0	72	0	1.42955703429816	0
0	0	73	0	1.43048267112762	0
0	0	74	0	1.43119081761068	0
0	0	75	0	1.43170671539053	0
0	0	76	0	1.43204901945918	0
0	0	77	0	1.43223066850738	0
0	0	78	9.27282485553437E-21	1.4322574098606	5.69094808199523E-17
0	0	79	-7.7502671713665E-17	1.43213023863414	-3.09939398088749E-16
0	0	80	-4.8576985641752E-17	1.43184427218946	0
0	0	81	0	1.43138920236765	0
0	0	82	-1.82871980769952E-20	1.43074894406302	0
0	0	83	0	1.42989914226103	0
0	0	84	0	1.42880851366898	0
0	0	85	0	1.42743279729344	0
0	0	86	0	1.42571170032007	0
0	0	87	1.76256966882709E-20	1.42356904289793	-5.96312428107312E-18
0	0	88	0	1.42090243702759	0
0	0	89	0	1.41757899995528	0
0	0	90	0	1.41342827369958	0
0	0	91	0	1.40823645576567	0
0	0	92	0	1.40173312901929	0
0	0	93	0	1.3935842763289	0
0	0	94	6.67263133562275E-17	1.3833917118561	-3.4796777933263E-17
0	0	95	-6.628313272534E-17	1.37068882889587	0
0	0	96	0	1.3549469936052	0
0	0	97	0	1.33561432923527	0
0	0	98	0	1.31214375155712	0
0	0	99	0	1.28403522988556	0
0	0	100	0	1.25092569080576	0
0	0	101	0	1.21267661199265	0
0	0	102	-4.05482661060689E-17	1.16956739010446	-1.74598514705107E-16
0	0	103	0	1.1222154142904	0
0	0	104	0	1.07137772766439	0
0	0	105	0	1.0180131828515	0
0	0	106	0	0.96333837146072	0
0	0	107	0	0.908857473112479	0
0	0	108	0	0.855708575866352	0
0	0	109	0	0.804347099818486	0
0	0	110	0	0.755205215799497	0
0	0	111	9.42237878760524E-21	0.708680465323071	4.88577679499367E-18
0	0	112	0	0.664973593586584	0
0	0	113	0	0.624105233384526	0
0	0	114	0	0.585989539750574	0
0	0	115	2.22769443032475E-17	0.550484038466345	-3.11103600037928E-16
0	0	116	1.65595430427029E-17	0.517421352123202	-1.19538089005964E-16
0	0	117	0	0.48662338133321	0
0	0	118	0	0.457911994584615	0
0	0	119	-4.5557850983935E-20	0.431117138775583	1.51869824004121E-17
0	0	120	0	0.406083097796605	0
0	0	121	0	0.382661085619433	0
0	0	122	0	0.360720552551781	0
0	0	123	0	0.340140508157313	0
0	0	124	0	0.320813003751127	0
0	0	125	0	0.302639719728536	0
0	0	126	0	0.285536927322043	0
0	0	127	-8.5990022824283E-21	0.269425202163327	0
0	0	128	1.73214308479287E-20	0.254235427392154	-1.37258152012817E-16
0	0	129	-6.44625378570322E-21	0.239904415587589	-1.50519100739063E-17
0	0	130	0	0.226375027105083	0
0	0	131	8.95279216215317E-22	0.213595779734129	-4.94469469096122E-17
0	0	132	0	0.201520039050632	0
0	0	133	0	0.190105076308134	0
0	0	134	0	0.179310656592798	0
0	0	135	0	0.169101390122131	0
0	0	136	9.00392743182789E-21	0.159443768671797	-6.83281585017603E-17
0	0	137	0	0.150306816221506	0
0	0	138	0	0.141661526309404	0
0	0	139	0	0.133480747211526	0
0	0	140	0	0.125739718927481	0
0	0	141	0	0.118414687325234	0
0	0	142	0	0.111483304961854	0
0	0	143	0	0.104924661859487	0
0	0	144	0	9.87191088849339E-02	0
0	0	145	0	9.28479864945938E-02	0
0	0	146	0	8.72936732240305E-02	0
0	0	147	0	8.20392672518255E-02	0
0	0	148	0	7.70691064632502E-02	0
0	0	149	0	7.23681723267243E-02	0
0	0	150	0	6.79220975450696E-02	0
0	0	151	-3.41902530172379E-21	6.37175384375518E-02	0
0	0	152	0	5.97418814030265E-02	0
0	0	153	0	0.05598263795306	0
0	0	154	0	5.24284589095173E-02	0
0	0	155	0	4.90682734221645E-02	0
0	0	156	0	4.58921901900476E-02	0
0	0	157	0	4.28897248379687E-02	0
0	0	158	0	4.00517708680186E-02	0
0	0	159	0	3.73696589326159E-02	0
0	0	160	-1.24013876788969E-21	3.48349309852454E-02	0
0	0	161	0	3.24396301323799E-02	0
0	0	162	0	0.030176184784043	0
0	0	163	0	2.80375231371059E-02	0
0	0	164	0	2.60169230066948E-02	0
0	0	165	2.60878020930698E-21	2.41079466665203E-02	-5.55096836059509E-17
0	0	166	0	2.23045244690112E-02	0
0	0	167	6.58703399596911E-19	0.020600947117967	0
0	0	168	0	1.89917768744556E-02	0
0	0	169	0	1.74719430298108E-02	0
0	0	170	0	1.60366429346262E-02	0
0	0	171	0	1.46810564850876E-02	0
0	0	172	0	1.34007870694844E-02	0
0	0	173	0	1.21920475656661E-02	0
0	0	174	0	1.10509397703359E-02	0
0	0	175	0	9.9734782891989E-03	0
0	0	176	-2.1507703930577E-22	8.95641433653816E-03	0
0	0	177	1.29549035784096E-21	7.99648279466476E-03	-9.28941408150868E-18
0	0	178	-2.39567414137884E-19	7.09053692271027E-03	-6.068545515343E-18
0	0	179	0	6.23565483220998E-03	0
0	0	180	2.51713185069159E-19	5.42907129621078E-03	0
0	0	181	0	4.66815614431502E-03	0
0	0	182	0	3.95041193059056E-03	0
0	0	183	0	3.27358104141805E-03	0
0	0	184	1.35143148845163E-19	2.63533938670097E-03	-2.30840240069359E-17
0	0	185	0	2.03366643625959E-03	1.6128454023787E-19
0	0	186	0	1.46660697778762E-03	0
0	0	187	0	9.32200790875439E-04	0
0	0	188	0	4.2877964608132E-04	0
0	0	189	0	-4.53712383089819E-05	0
0	0	190	0	-4.91807129384624E-04	0
0	0	191	0	-9.12015359357643E-04	0
0	0	192	0	-1.30739127060172E-03	0
0	0	193	0	-1.67928285568628E-03	0
0	0	194	0	-2.02898586403274E-03	0
0	0	195	0	-2.35765459297046E-03	0
0	0	196	0	-2.66639714143239E-03	0
0	0	197	0	-2.95631242739739E-03	0
0	0	198	0	-3.2283707805925E-03	0
0	0	199	0	-3.48359334921657E-03	0
0	0	200	-1.54725781092353E-19	-3.72278170127106E-03	1.61370543204467E-19
0	0	201	0	-3.94685767819982E-03	0
0	0	202	0	-4.15661908748315E-03	0
0	0	203	0	-4.35280851821668E-03	0
0	0	204	0	-4.53615386362122E-03	0
0	0	205	0	-4.70735242991964E-03	0
0	0	206	0	-4.86707039441294E-03	0
0	0	207	0	-5.01589751267867E-03	0
0	0	208	0	-5.1543940981459E-03	0
0	0	209	1.69083882294025E-19	-5.28312530695116E-03	0
0	0	210	0	-5.40261966694031E-03	0
0	0	211	0	-5.51336114134356E-03	0
0	0	212	0	-5.61582143085959E-03	0
0	0	213	-3.00881470181065E-23	-5.71044914552354E-03	-4.3603634671887E-19
0	0	214	0	-5.79764521153159E-03	0
0	0	215	0	-5.87781622996257E-03	0
0	0	216	0	-5.9513550589455E-03	0
0	0	217	0	-6.01858225554194E-03	0
0	0	218	0	-6.07986017526657E-03	0
0	0	219	0	-6.13551217038305E-03	0
0	0	220	0	-6.18581232638481E-03	0
0	0	221	0	-6.23109474774925E-03	0
0	0	222	0	-6.2716068748833E-03	0
0	0	223	0	-6.30760329439256E-03	0
0	0	224	0	-6.33931772487905E-03	0
0	0	225	0	-6.36702043109345E-03	0
0	0	226	0	-6.39090656247625E-03	0
0	0	227	-5.77120603041231E-19	-6.41118960206852E-03	-6.25479240824268E-19
0	0	228	0	-6.42807234945878E-03	0
0	0	229	0	-6.44174106337433E-03	0
0	0	230	0	-6.45237841284902E-03	0
0	0	231	0	-6.46014699104929E-03	0
0	0	232	0	-6.46521116785249E-03	0
0	0	233	-1.55767973367736E-22	-6.46772713219354E-03	0
0	0	234	-1.02628743760013E-19	-6.46783689138251E-03	-8.18594499319939E-19
0	0	235	-3.67931824571563E-23	-6.46567502255023E-03	0
0	0	236	0	-6.46137582671954E-03	0
0	0	237	0	-6.45506111066388E-03	0
0	0	238	0	-6.44685226264944E-03	0
0	0	239	0	-6.43685878786465E-03	0
0	0	240	4.58446547627579E-19	-6.4251889326783E-03	0
0	0	241	9.65688704146813E-20	-6.4119434924709E-03	0
0	0	242	0	-6.39721088145723E-03	0
0	0	243	0	-6.38109843064767E-03	0
0	0	244	1.28919204151413E-22	-6.36367440793972E-03	1.10921413034502E-20
0	0	245	0	-6.34503234613403E-03	0
0	0	246	-1.01378023203441E-19	-6.3252518246644E-03	4.04430978139968E-19
0	0	247	0	-6.30438439872363E-03	0
0	0	248	0	-6.28251404085339E-03	0
0	0	249	0	-6.25969852993475E-03	0
0	0	250	9.33088314054719E-23	-6.23602488042631E-03	-4.64570909973572E-20
0	0	251	3.35305351239471E-23	-6.21153329777086E-03	2.11846265012946E-18
0	0	252	-4.9773630594622E-19	-6.18630213829068E-03	1.18444671533774E-18
0	0	253	0	-6.16035263976562E-03	0
0	0	254	0	-6.13376835858472E-03	0
0	0	255	0	-6.10655820467386E-03	0
0	0	256	3.92305115893473E-25	-6.07881310591508E-03	0
0	0	257	6.49844486258051E-20	-6.0505601819066E-03	0
0	0	258	0	-6.02180124975964E-03	0
0	0	259	-7.23457099004537E-23	-5.99265968053786E-03	0
0	0	260	-9.29860224921993E-23	-5.96314131264708E-03	0
0	0	261	-1.19539586821455E-21	-5.9332461460873E-03	0
0	0	262	0	-5.90297438941442E-03	9.75012299178949E-19
0	0	263	-8.46060068154669E-23	-5.8724124334238E-03	-4.05268210975968E-19
0	0	264	6.56948787636197E-22	-5.84161238653814E-03	-2.25949480235389E-19
0	0	265	5.09137859810272E-22	-5.81056564991013E-03	-2.25949480235389E-19
0	0	266	1.8066346599221E-22	-5.77935338523788E-03	-2.25949480235389E-19
0	0	267	-1.06758002079272E-22	-5.74797559252139E-03	1.56816349780281E-19
0	0	268	6.57050763326741E-23	-5.71643227176067E-03	-2.25949480235389E-19
0	0	269	-3.71964074250276E-22	-5.68499741319268E-03	-4.42632774192021E-19
0	0	270	-1.07103699603255E-21	-5.65307900917029E-03	-4.42632774192021E-19
0	0	271	-1.52998885818794E-21	-5.6211294815178E-03	-4.42632774192021E-19
0	0	272	2.15640118055794E-19	-5.58912743175885E-03	1.75067694671774E-19
0	0	273	2.14827619026288E-19	-5.55692629025981E-03	0
0	0	274	2.13355792208239E-19	-5.52477494524773E-03	1.5513480592323E-19
0	0	275	2.12167424822441E-19	-5.49267339672262E-03	0
0	0	276	2.10999152219024E-19	-5.46062164468447E-03	7.73269416246643E-20
0	0	277	0	-5.42862029430925E-03	0
0	0	278	0	-5.39666403748422E-03	0
0	0	279	0	-5.36472398878959E-03	0
0	0	280	0	-5.33280014822538E-03	0
0	0	281	0	-5.30089251579157E-03	0
0	0	282	0	-5.26900109148817E-03	0
0	0	283	0	-5.23712587531518E-03	0
0	0	284	5.80996580452015E-22	-5.20552828939032E-03	3.22797152126775E-19
0	0	285	2.09477611862488E-22	-5.17400323832926E-03	5.32070344482653E-20
0	0	286	4.09459110158241E-23	-5.14257684116603E-03	-8.92353984163086E-20
0	0	287	2.71957422117312E-23	-5.1112491028532E-03	0
0	0	288	0	-5.08005691728185E-03	0
0	0	289	0	-5.04901243569225E-03	0
0	0	290	0	-5.01811565808441E-03	0
0	0	291	-2.1524276508087E-22	-4.98736658445832E-03	3.15405954508423E-19
0	0	292	2.61404653854038E-22	-4.95676521481397E-03	0
0	0	293	0	-4.92631154915138E-03	0
0	0	294	0	-4.89593803943198E-03	0
0	0	295	0	-4.86583986013356E-03	0
0	0	296	0	-4.83591972222284E-03	0
0	0	297	0	-4.80617762569982E-03	0
0	0	298	0	-4.77661357056449E-03	0
0	0	299	0	-4.74722755681686E-03	0
0	0	300	-1.30113857622386E-19	-4.71784172902055E-03	1.11012931833216E-18
0	0	301	-1.30010789283129E-19	-4.68882115851565E-03	0
0	0	302	-1.29675365293798E-19	-4.65999458959807E-03	0
0	0	303	-1.28417572693595E-19	-4.63136202226782E-03	0
0	0	304	-1.27324615523197E-19	-4.6029234565249E-03	1.03142787899226E-18
0	0	305	-1.26632780273684E-19	-4.57467889236929E-03	1.02436762504742E-18
0	0	306	0	-4.54667713516973E-03	0
0	0	307	0	-4.51882106895415E-03	0
0	0	308	0	-4.49117575789991E-03	0
0	0	309	0	-4.46374120200701E-03	0
0	0	310	0	-4.43651740127546E-03	0
0	0	311	0	-4.40950435570525E-03	0
0	0	312	0	-4.38277364268075E-03	0
0	0	313	0	-4.35614954072024E-03	0
0	0	314	0	-4.32973446379022E-03	0
0	0	315	0	-4.30352841189067E-03	0
0	0	316	0	-4.27753138502161E-03	0
0	0	317	0	-4.25174338318303E-03	0
0	0	318	0	-4.22616440637493E-03	0
0	0	319	0	-4.20079445459731E-03	0
0	0	320	0	-4.17563352785017E-03	0
0	0	321	0	-4.15068162613351E-03	0
0	0	322	0	-4.12593874944734E-03	0
0	0	323	0	-4.10140489779165E-03	0
0	0	324	0	-4.07708007116643E-03	0
0	0	325	0	-4.0529642695717E-03	0
0	0	326	0	-4.02905749300745E-03	0
0	0	327	0	-4.00535974147368E-03	0
0	0	328	0	-3.9818710149704E-03	0
0	0	329	-9.8498936576587E-20	-3.95861335018819E-03	9.70898604461905E-19
0	0	330	-9.80883665737944E-20	-3.93558142958774E-03	3.45101339129762E-19
0	0	331	-9.73166175252052E-20	-3.91274165706015E-03	1.09843670559934E-18
0	0	332	-9.69365904276307E-20	-3.89009403260543E-03	3.87746361710523E-19
0	0	333	-9.61522583411168E-20	-3.86763855622356E-03	1.22126331132759E-18
0	0	334	-9.57844906981294E-20	-3.84537522791457E-03	5.21384508733445E-19
0	0	335	0	-3.82330508310214E-03	0
0	0	336	0	-3.80142700858095E-03	0
0	0	337	0	-3.77974026590056E-03	0
0	0	338	0	-3.75824485506097E-03	0
0	0	339	0	-3.73694077606217E-03	0
0	0	340	0	-3.71582802890417E-03	0
0	0	341	0	-3.69490661358696E-03	0
0	0	342	0	-3.67417653011055E-03	0
0	0	343	0	-3.65363777847493E-03	0
0	0	344	0	-3.63329035868011E-03	0
0	0	345	0	-3.61313427072609E-03	0
0	0	346	0	-3.59316951461286E-03	0
0	0	347	0	-3.57339609034043E-03	0
0	0	348	0	-3.55381399790879E-03	0
0	0	349	0	-3.53442323731795E-03	0
0	0	350	0	-3.5151984412595E-03	0
0	0	351	0	-3.49614432672938E-03	0
0	0	352	0	-3.47726263842504E-03	0
0	0	353	0	-3.45855337634647E-03	0
0	0	354	0	-3.44001654049369E-03	0
0	0	355	0	-3.42165213086668E-03	0
0	0	356	0	-3.40346014746545E-03	0
0	0	357	0	-0.00338544059029	0
0	0	358	0	-3.36759345934033E-03	0
0	0	359	0	-3.34991875461643E-03	0
0	0	360	0	-3.33241647611831E-03	0
0	0	361	0	-3.31508662384598E-03	0
0	0	362	0	-3.29792919779942E-03	0
0	0	363	0	-3.28094419797863E-03	0
0	0	364	0	-3.26413162438363E-03	0
0	0	365	0	-3.24749147701441E-03	0
0	0	366	0	-3.23102375587096E-03	0
0	0	367	0	-3.21472846095329E-03	0
0	0	368	0	-3.1986055922614E-03	0
0	0	369	0	-3.18265514979529E-03	0
0	0	370	0	-3.16687713355495E-03	0
0	0	371	0	-3.1512715435404E-03	0
0	0	372	0	-3.13575366697534E-03	0
0	0	373	-1.24865074599059E-22	-3.12023143727008E-03	-6.9045055260632E-19
0	0	374	1.99041442208994E-21	-3.10451037902407E-03	4.87559108005608E-19
0	0	375	1.88503154192424E-21	-3.08936306945088E-03	4.87559108005608E-19
0	0	376	2.19033681447211E-21	-3.07434586009697E-03	4.87559108005608E-19
0	0	377	2.06063480811433E-21	-3.05945875096235E-03	4.87559108005608E-19
0	0	378	2.41366600219574E-21	-3.04470174204702E-03	4.87559108005608E-19
0	0	379	1.46350002126157E-21	-3.03007483335098E-03	4.87559108005608E-19
0	0	380	1.35811714109588E-21	-3.01557802487422E-03	4.87559108005608E-19
0	0	381	1.54182678268335E-21	-3.00121131661675E-03	4.87559108005608E-19
0	0	382	1.41212477632557E-21	-2.98697470857857E-03	4.87559108005608E-19
0	0	383	1.12211992372186E-21	-2.97286820075967E-03	4.87559108005608E-19
0	0	384	1.00863066815881E-21	-2.95889179316007E-03	4.87559108005608E-19
0	0	385	1.0869574295806E-21	-2.94504548577975E-03	4.87559108005608E-19
0	0	386	5.58322969309123E-22	-2.93132927861872E-03	4.87559108005608E-19
0	0	387	4.77259215335514E-22	-2.91774317167698E-03	4.87559108005608E-19
0	0	388	5.1505409977051E-22	-2.90428716495453E-03	4.87559108005608E-19
0	0	389	4.09671219604814E-22	-2.89096125845136E-03	4.87559108005608E-19
0	0	390	3.9791552080505E-22	-2.87776545216748E-03	4.87559108005608E-19
0	0	391	2.44806719105803E-22	-2.86469974610289E-03	4.87559108005608E-19
0	0	392	1.43880890935088E-22	-2.85176414025759E-03	4.87559108005608E-19
0	0	393	-1.18603010578535E-23	-2.83895863463157E-03	4.87559108005608E-19
0	0	394	-1.17243181223545E-22	-2.82628322922485E-03	4.87559108005608E-19
0	0	395	-2.74001306325175E-22	-2.81373792403741E-03	4.87559108005608E-19
0	0	396	-4.28934769725634E-22	-2.80132271906925E-03	4.87559108005608E-19
0	0	397	-6.66756648800856E-22	-2.78903761432039E-03	4.87559108005608E-19
0	0	398	-5.38774701886249E-22	-2.77688260979081E-03	4.87559108005608E-19
0	0	399	-4.95505832347595E-22	-2.76485770548052E-03	4.87559108005608E-19
0	0	400	-5.76569586321204E-22	-2.75296290138952E-03	4.87559108005608E-19
0	0	401	-8.54923342383222E-22	-2.74119819751781E-03	4.87559108005608E-19
0	0	402	-9.6030622254892E-22	-2.72956359386539E-03	4.87559108005608E-19
0	0	403	-3.41866863313212E-19	-2.71878629900596E-03	3.09495416376579E-19
0	0	404	-3.40329677213952E-19	-2.70737458628231E-03	6.97535951339078E-19
0	0	405	-3.38960400741763E-19	-2.6960601956242E-03	3.38960400741763E-19
0	0	406	-3.37435434547052E-19	-2.68484312703163E-03	9.95741104275504E-19
0	0	407	-3.36152119303344E-19	-2.67372338050461E-03	3.36152119303344E-19
0	0	408	-3.34636700533539E-19	-2.66270095604313E-03	9.81486276005832E-19
0	0	409	-3.33392780876497E-19	-2.65177585364719E-03	3.33392780876497E-19
0	0	410	-3.3181945017655E-19	-2.6409480733168E-03	1.26372988929355E-18
0	0	411	-3.30611443820635E-19	-2.63021761505196E-03	6.24455313061727E-19
0	0	412	-3.29430597298493E-19	-2.61958447885265E-03	3.09495416376579E-19
0	0	413	-3.27931897387044E-19	-2.6090486647189E-03	6.57643545297388E-19
0	0	414	-3.26708560485003E-19	-2.59861017265068E-03	3.26708560485003E-19
0	0	415	-3.25238682099902E-19	-2.58826900264801E-03	8.9154171130392E-19
0	0	416	-3.24120522598655E-19	-2.57802515471089E-03	3.24120522598655E-19
0	0	417	-3.22949811974898E-19	-2.56787862883931E-03	3.09495416376579E-19
0	0	418	0	-2.55782898103815E-03	3.03235100853725E-19
0	0	419	0	-2.54787493476259E-03	3.03235100853725E-19
0	0	420	0	-2.53801680070763E-03	3.03235100853725E-19
0	0	421	0	-2.5282545788733E-03	3.03235100853725E-19
0	0	422	0	-2.51858826925957E-03	3.03235100853725E-19
0	0	423	0	-2.50901787186646E-03	3.03235100853725E-19
0	0	424	0	-2.49954338669397E-03	3.03235100853725E-19
0	0	425	0	-2.49016481374209E-03	3.03235100853725E-19
0	0	426	0	-2.48088215301082E-03	3.03235100853725E-19
0	0	427	0	-2.47169540450017E-03	3.03235100853725E-19
0	0	428	0	-2.46260456821013E-03	3.03235100853725E-19
0	0	429	0	-2.45360964414071E-03	3.03235100853725E-19
0	0	430	6.79448845261885E-22	-2.44471609770424E-03	7.19104681536806E-19
0	0	431	1.49983571460751E-22	-2.43600779527484E-03	3.89565971727096E-19
0	0	432	8.11303781469139E-22	-2.42737269204862E-03	8.3876838386439E-19
0	0	433	2.72717879292003E-22	-2.41881078802558E-03	4.81691330868139E-19
0	0	434	9.06826366170393E-22	-2.41032208320572E-03	9.540787519255E-19
0	0	435	4.09114359437505E-22	-2.40190657758905E-03	6.01956249722443E-19
0	0	436	9.66016599365647E-22	-2.39356427117556E-03	1.06503578572014E-18
0	0	437	5.81918272088008E-22	-2.38529516396525E-03	7.79562290919082E-19
0	0	438	9.54775361018528E-22	-2.37709925595812E-03	1.14106653455645E-18
0	0	439	-1.27313392268999E-22	-2.36897654715418E-03	2.62289411093778E-19
0	0	440	2.66018184883126E-22	-2.36092703755341E-03	5.53304359308252E-19
0	0	441	-5.45736082579995E-23	-2.35295072715583E-03	2.62289411093778E-19
0	0	442	3.50224450238251E-22	-2.34504761596143E-03	6.93842555947739E-19
0	0	443	9.09810407629989E-23	-2.33721770397022E-03	3.97048204635298E-19
0	0	444	3.27591811546002E-22	-2.32946099118218E-03	7.42148452820975E-19
0	0	445	1.27426013767498E-22	-2.32177747759733E-03	4.78961659705692E-19
0	0	446	3.18658885667503E-22	-2.31416716321566E-03	8.45052695910995E-19
0	0	447	1.63946067770998E-22	-2.30663004803717E-03	6.13827795317541E-19
0	0	448	2.73393608283004E-22	-2.29916613206186E-03	9.43603604734543E-19
0	0	449	-7.29650270079917E-23	-2.29177541528974E-03	2.62289411093778E-19
0	0	450	3.42492820343718E-23	-2.2844578977208E-03	4.10323934444276E-19
0	0	451	-1.83163377509958E-23	-2.27721357935504E-03	2.62289411093778E-19
0	0	452	2.07748122176197E-23	-2.27004246019246E-03	5.12784944912408E-19
0	0	453	0	-2.26294454023307E-03	2.71336298257786E-19
0	0	454	-2.90320091051327E-23	-2.25591981947685E-03	6.10892621114066E-19
0	0	455	-1.35120103162527E-23	-2.24896829792382E-03	3.47391183524005E-19
0	0	456	-1.21945957341759E-22	-2.24208997557397E-03	7.3028291671511E-19
0	0	457	-6.33188316390061E-23	-2.23528485242731E-03	4.45551521027274E-19
0	0	458	0	-2.22873157734002E-03	0
0	0	459	0	-2.22202277440693E-03	0
0	0	460	0	-2.21538549565328E-03	0
0	0	461	0	-2.20881974107906E-03	0
0	0	462	0	-2.20232551068427E-03	0
0	0	463	0	-2.19590280446891E-03	0
0	0	464	0	-2.18955162243299E-03	0
0	0	465	0	-2.18337873151962E-03	0
0	0	466	0	-2.17728372111639E-03	0
0	0	467	0	-2.17124385672463E-03	0
0	0	468	0	-2.16525913834434E-03	0
0	0	469	0	-2.15932956597552E-03	0
0	0	470	0	-2.15345513961817E-03	0
0	0	471	0	-2.14763585927228E-03	0
0	0	472	0	-2.14187172493786E-03	0
0	0	473	0	-2.13616273661492E-03	0
0	0	474	0	-2.13050889430344E-03	0
0	0	475	0	-2.12491019800343E-03	0
0	0	476	0	-2.11936664771488E-03	0
0	0	477	0	-2.11387824343781E-03	0
0	0	478	0	-2.1084449851722E-03	0
0	0	479	0	-2.10306687291807E-03	0
0	0	480	0	-2.0977439066754E-03	0
0	0	481	0	-2.0924760864442E-03	0
0	0	482	0	-2.08726341222447E-03	0
0	0	483	0	-2.08210588401621E-03	0
0	0	484	0	-2.07700350181941E-03	0
0	0	485	0	-2.07195626563409E-03	0
0	0	486	0	-2.06696417546023E-03	0
0	0	487	0	-2.06202723129784E-03	0
0	0	488	0	-2.05714543314692E-03	0
0	0	489	0	-2.05231878100747E-03	0
0	0	490	0	-2.04754727487948E-03	0
0	0	491	0	-2.04283091476297E-03	0
0	0	492	0	-2.03816970065792E-03	0
0	0	493	0	-2.03356363256435E-03	0
0	0	494	0	-2.02901271048223E-03	0
0	0	495	0	-2.02451693441159E-03	0
0	0	496	0	-2.02007630435242E-03	0
0	0	497	0	-2.01569082030472E-03	0
0	0	498	0	-2.01136048226848E-03	0
0	0	499	0	-2.00708529024372E-03	0
0	0	500	0	-2.00286524423042E-03	0
0	0	501	0	-1.99870034422859E-03	0
0	0	502	0	-1.99459059023823E-03	0
0	0	503	0	-1.99053598225933E-03	0
0	0	504	0	-1.98653652029191E-03	0
0	0	505	0	-1.98259220433595E-03	0
0	0	506	0	-1.97870303439146E-03	0
0	0	507	0	-1.97486901045845E-03	0
0	0	508	0	-1.97109013253689E-03	0
0	0	509	0	-1.96736640062681E-03	0
0	0	510	0	-1.9636978147282E-03	0
0	0	511	0	-1.96008437484105E-03	0
0	0	512	0	-1.95652608096538E-03	0
0	0	513	0	-1.95302293310117E-03	0
0	0	514	0	-1.94957493124843E-03	0
0	0	515	0	-1.94618207540716E-03	0
0	0	516	0	-1.94256292408736E-03	0
0	0	517	0	-1.9391690629717E-03	0
0	0	518	0	-1.93582748946433E-03	0
0	0	519	0	-1.93253820356527E-03	0
0	0	520	0	-1.9293012052745E-03	0
0	0	521	0	-1.92611649459203E-03	0
0	0	522	5.38970242587196E-22	-1.92294502482276E-03	0
0	0	523	9.9673766940026E-22	-1.91980788866536E-03	0
0	0	524	1.14652210044918E-21	-1.91671497593006E-03	0
0	0	525	1.29630653149811E-21	-1.91366628661687E-03	0
0	0	526	1.44609096254702E-21	-1.91066182072579E-03	0
0	0	527	0	-1.90818699251809E-03	0
0	0	528	2.25278066408889E-22	-1.90534451773507E-03	6.09205113835601E-20
0	0	529	2.17731317869782E-22	-1.90254238233074E-03	6.00497708022323E-20
0	0	530	1.6814765546454E-22	-1.89978058630508E-03	4.73432241767236E-20
0	0	531	4.05275641583152E-22	-1.8970591296581E-03	1.16616579279153E-19
0	0	532	0	-1.8943780123898E-03	0
0	0	533	1.87544323713369E-22	-1.89173723450018E-03	5.65668084769212E-20
0	0	534	1.4399806013941E-22	-1.88913679598923E-03	4.45568543164747E-20
0	0	535	0	-1.88657669685696E-03	0
0	0	536	3.29808156192112E-22	-1.88405693710338E-03	1.07909173465876E-19
0	0	537	2.83243193202508E-22	-1.88157751672846E-03	9.5550923072898E-20
0	0	538	1.19848464814279E-22	-1.87913843573223E-03	4.17704844562258E-20
0	0	539	1.13811065982994E-22	-1.87673969411467E-03	4.10738919911636E-20
0	0	540	0	-1.87438129187579E-03	0
0	0	541	2.54340670801072E-22	-1.87206322901559E-03	9.92017676525978E-20
0	0	542	2.39247173722858E-22	-1.86978550553407E-03	9.74602864899422E-20
0	0	543	8.96614706578594E-23	-1.86754812143123E-03	3.82875221309146E-20
0	0	544	8.36240718265779E-23	-1.86535107670706E-03	3.75909296658524E-20
0	0	545	0	-1.86319437136157E-03	0
0	0	546	1.60985866869029E-22	-1.86107800539476E-03	8.14449256553879E-20
0	0	547	8.18898441659115E-23	-1.85900197880663E-03	4.43764403383322E-20
0	0	548	7.43430956268045E-23	-1.85696629159717E-03	4.35056997570043E-20
0	0	549	6.67963470877023E-23	-1.85497094376639E-03	4.26349591756766E-20
0	0	550	0	-1.85301593531429E-03	0
0	0	551	0	-1.85110126624087E-03	0
0	0	552	4.4156101470391E-23	-1.84922693654613E-03	4.00227374316932E-20
0	0	553	2.92874823450276E-23	-1.84739294623006E-03	3.13215974802923E-20
0	0	554	8.13752922981118E-23	-1.84559929529267E-03	1.07187517553305E-19
0	0	555	0	-1.84384598373396E-03	0
0	0	556	0	-1.84213301155393E-03	0
0	0	557	7.7068305298458E-24	-1.84046037875257E-03	4.28028414300652E-20
0	0	558	-1.34926771708322E-24	-1.8388280853299E-03	4.17579527324718E-20
0	0	559	-1.734227660667E-23	-1.8372361312859E-03	6.78551067247975E-20
0	0	560	-3.24357736848841E-23	-1.83568451662058E-03	6.61136255621419E-20
0	0	561	0	-1.83417324133393E-03	0
0	0	562	-2.50491071365192E-23	-1.83270230542597E-03	2.50522652947323E-20
0	0	563	-3.88581324597559E-23	-1.83127170889668E-03	3.04445910370876E-20
0	0	564	0	-1.82988145174607E-03	0
0	0	565	-1.07903259075924E-22	-1.82853153397414E-03	5.74062197488641E-20
0	0	566	-1.22996756154137E-22	-1.82722195558088E-03	5.56647385862084E-20
0	0	567	-6.90451266161686E-23	-1.82595271656631E-03	2.69616287117765E-20
0	0	568	-9.19102501863309E-23	-1.82472381693041E-03	3.13090657565384E-20
0	0	569	1.68277247388761E-22	-1.82353525667319E-03	0
0	0	570	-1.83370744466964E-22	-1.82238703579464E-03	4.86988139355862E-20
0	0	571	7.93856966180699E-23	-1.82127915429478E-03	0
0	0	572	-2.98980834072728E-22	-1.82021161217359E-03	6.33021922543851E-20
0	0	573	-9.14604942806366E-23	-1.81918440943108E-03	1.73897481790478E-20
0	0	574	-2.43744732779801E-22	-1.81819754606725E-03	4.17328892849638E-20
0	0	575	-2.32954406872204E-22	-1.8172510220821E-03	3.59922673100775E-20
0	0	576	1.09572690774486E-22	-1.81634483747562E-03	0
0	0	577	0	-1.81547899224782E-03	0
0	0	578	0	-1.8146534863987E-03	0
0	0	579	0	-1.81385290949592E-03	0
0	0	580	0	-1.8130832568654E-03	0
0	0	581	0	-1.81235210963282E-03	0
0	0	582	0	-1.81165946779819E-03	0
0	0	583	0	-1.8110053313615E-03	0
0	0	584	0	-1.81038970032275E-03	0
0	0	585	0	-1.80981257468194E-03	0
0	0	586	0	-1.80927395443908E-03	0
0	0	587	0	-1.80877383959415E-03	0
0	0	588	0	-1.80831223014717E-03	0
0	0	589	0	-1.80788912609813E-03	0
0	0	590	0	-1.80750452744703E-03	0
0	0	591	0	-1.80715843419387E-03	0
0	0	592	0	-1.80685084633865E-03	0
0	0	593	0	-1.80658176388138E-03	0
0	0	594	0	-1.80635118682205E-03	0
0	0	595	0	-1.80615911516066E-03	0
0	0	596	0	-1.80600554889721E-03	0
0	0	597	0	-1.8058904880317E-03	0
0	0	598	0	-1.80581393256414E-03	0
0	0	599	0	-1.80577588249451E-03	0
0	0	600	-2.15195759983544E-21	-1.80594728946479E-03	-1.30813065181451E-07
