fieldmap_name:     	SWLS Sirius
timestamp:         	2022-08-15_15-19-00
filename:          	2022-08-15_SWLS_Sirius_Model8.0_turns_Z=-600_600mm.txt
MagNet_file:       	SWLS_Sirius_Model8.0_turns.mn
nr_magnets:        	1

magnet_name:       	SWLS
gap[mm]:           	
control_gap[mm]:   	--
magnet_length[mm]: 	
current_main[A]:   	--
NI_main[A.esp]:    	--
center_pos_z[mm]:  	0
center_pos_x[mm]:  	0
rotation[deg]:     	0

X[mm]	Y[mm]	Z[mm]	Bx	By	Bz [T]
------------------------------------------------------------------------------------------------------------------------------------------------------------------
0	0	-600	0	-1.84895260592736E-03	0
0	0	-599	0	-1.84898284180396E-03	0
0	0	-598	0	-1.84905114274144E-03	0
0	0	-597	0	-1.8491575087398E-03	0
0	0	-596	0	-1.84930193979903E-03	0
0	0	-595	0	-1.84948443591914E-03	0
0	0	-594	0	-1.84970499710013E-03	0
0	0	-593	0	-1.84996362334199E-03	0
0	0	-592	0	-1.85026031464473E-03	0
0	0	-591	0	-1.85059507100835E-03	0
0	0	-590	0	-1.85096789243284E-03	0
0	0	-589	0	-1.85137877891821E-03	0
0	0	-588	0	-1.85182773046446E-03	0
0	0	-587	0	-1.85231474707159E-03	0
0	0	-586	0	-1.85283982873959E-03	0
0	0	-585	0	-1.85340297546847E-03	0
0	0	-584	0	-1.85400418725823E-03	0
0	0	-583	0	-1.85464346410886E-03	0
0	0	-582	0	-1.85532080602037E-03	0
0	0	-581	0	-1.85603621299276E-03	0
0	0	-580	0	-1.85678968502603E-03	0
0	0	-579	0	-1.85758122212017E-03	0
0	0	-578	0	-1.85841082427519E-03	0
0	0	-577	0	-1.85927849149108E-03	0
0	0	-576	0	-1.86018422376786E-03	0
0	0	-575	0	-1.86112802110551E-03	0
0	0	-574	0	-1.86210988350403E-03	0
0	0	-573	0	-1.86312981096344E-03	0
0	0	-572	0	-1.86418780348372E-03	0
0	0	-571	1.47782385493702E-22	-1.86465641582808E-03	-3.28699843964573E-20
0	0	-570	1.19004886597778E-22	-1.86581001534394E-03	-2.91708926597358E-20
0	0	-569	7.42261047053992E-23	-1.86700371242404E-03	-2.01116753197673E-20
0	0	-568	5.18367137592095E-23	-1.86823750706837E-03	-1.55820666497831E-20
0	0	-567	0	-1.86951139927694E-03	0
0	0	-566	-5.88946456260401E-23	-1.87082538904975E-03	0
0	0	-565	1.34460398165649E-22	-1.87217947638679E-03	-5.69233237655199E-20
0	0	-564	7.30105093597103E-23	-1.87357366128806E-03	-3.51506145792271E-20
0	0	-563	4.35631865466875E-23	-1.87500794375357E-03	-2.40981565994283E-20
0	0	-562	3.84527001869006E-23	-1.87648232378331E-03	-2.47625701460384E-20
0	0	-561	0	-1.87799680137729E-03	0
0	0	-560	8.46951824019945E-23	-1.8795513765355E-03	-7.82741917177762E-20
0	0	-559	5.78031027688637E-23	-1.88114604925794E-03	-6.68895269646723E-20
0	0	-558	2.70161321216389E-23	-1.88278081954462E-03	-4.11303364987186E-20
0	0	-557	1.93504025819586E-23	-1.88445568739554E-03	-4.21269568186338E-20
0	0	-556	3.89489101409313E-24	-1.88617065281069E-03	-1.43745257128497E-20
0	0	-555	8.03788700522135E-24	-1.88792571579007E-03	-8.82403949169285E-20
0	0	-554	-7.29357207414079E-24	-1.88972087633369E-03	-9.02336355567589E-20
0	0	-553	-1.88541926279154E-23	-1.89155613444155E-03	-7.68557301638245E-20
0	0	-552	0	-1.89341756119236E-03	2.50990263585333E-19
0	0	-551	-1.05267341010983E-23	-1.89530631278162E-03	2.43323563600972E-19
0	0	-550	0	-1.89723994312719E-03	2.51496956176026E-19
0	0	-549	9.80014799959784E-23	-1.89921845222906E-03	2.66266339486654E-19
0	0	-548	7.86714626921789E-23	-1.90124184008726E-03	2.66266339486654E-19
0	0	-547	1.11789087183164E-22	-1.90331010670176E-03	2.66266339486654E-19
0	0	-546	1.18682890776756E-22	-1.90542325207258E-03	2.66266339486654E-19
0	0	-545	-9.41825207777685E-23	-1.90758127619971E-03	1.98672628754453E-19
0	0	-544	0	-1.90978417908315E-03	2.53159812353975E-19
0	0	-543	2.09046452336324E-22	-1.91203196072291E-03	2.66266339486654E-19
0	0	-542	2.55951684014498E-22	-1.91432462111898E-03	2.66266339486654E-19
0	0	-541	2.68015840303285E-22	-1.91666216027136E-03	2.66266339486654E-19
0	0	-540	2.40068568507492E-22	-1.91904457818005E-03	2.66266339486654E-19
0	0	-539	1.25204636948952E-22	-1.92147187484505E-03	2.66266339486654E-19
0	0	-538	1.73833319525528E-22	-1.92394405026637E-03	2.66266339486654E-19
0	0	-537	1.80727123119121E-22	-0.001926461104444	2.66266339486654E-19
0	0	-536	1.40715695034535E-22	-1.92902303737794E-03	2.66266339486654E-19
0	0	-535	3.40400778036048E-22	-1.9316298490682E-03	2.66266339486654E-19
0	0	-534	3.52464934324834E-22	-1.93428153951476E-03	2.66266339486654E-19
0	0	-533	0	-1.93697810871764E-03	2.56764622886409E-19
0	0	-532	0	-1.93971955667684E-03	2.57128027536279E-19
0	0	-531	0	-1.94250588339234E-03	2.57497381286394E-19
0	0	-530	2.28983748274292E-22	-1.94533708886416E-03	2.66266339486654E-19
0	0	-529	2.35877551867885E-22	-1.94821317309229E-03	2.66266339486654E-19
0	0	-528	1.82078516596108E-22	-1.95113413607673E-03	2.66266339486654E-19
0	0	-527	-1.87248869291309E-22	-1.95409997781748E-03	1.84760905811494E-19
0	0	-526	-2.24489092317588E-22	-1.95711069831455E-03	1.71479742471377E-19
0	0	-525	4.61042340923973E-22	-1.96016629756793E-03	2.66266339486654E-19
0	0	-524	4.7310649721276E-22	-1.96326677557762E-03	2.66266339486654E-19
0	0	-523	4.85170653501547E-22	-1.96641213234363E-03	2.66266339486654E-19
0	0	-522	4.97234809790334E-22	-1.96960236786594E-03	2.66266339486654E-19
0	0	-521	2.91027980616657E-22	-1.97283748214457E-03	2.66266339486654E-19
0	0	-520	2.97921784210249E-22	-1.97611747517951E-03	2.66266339486654E-19
0	0	-519	2.28611690852882E-22	-1.97944234697077E-03	2.66266339486654E-19
0	0	-518	3.11709391397434E-22	-1.98281209751834E-03	2.66266339486654E-19
0	0	-517	3.18603194991027E-22	-1.98622672682221E-03	2.66266339486654E-19
0	0	-516	5.69619747523097E-22	-1.9896862348824E-03	2.66266339486654E-19
0	0	-515	0	-1.99319062169891E-03	2.64216118921482E-19
0	0	-514	0	-1.99673988727173E-03	2.64686607375753E-19
0	0	-513	0	-2.00033403160086E-03	2.65163044930269E-19
0	0	-512	0	-2.00372246779811E-03	0
0	0	-511	0	-2.00749633394187E-03	0
0	0	-510	0	-2.01133354273232E-03	0
0	0	-509	0	-2.01522742310656E-03	0
0	0	-508	-1.20117083465694E-19	-2.02009049175559E-03	-1.84650870503901E-19
0	0	-507	-1.20048590300981E-19	-2.02385919278225E-03	-3.4802385646933E-20
0	0	-506	-1.20265102308942E-19	-2.02768877485357E-03	-3.70528726020901E-20
0	0	-505	-1.20234213601638E-19	-2.03157923796954E-03	1.20234213601638E-19
0	0	-504	-1.20949806690813E-19	-2.03553058213016E-03	-2.0355413898372E-19
0	0	-503	-1.20936256936882E-19	-2.03954280733543E-03	-4.37827148635022E-20
0	0	-502	-1.20946575787664E-19	-2.04361591358535E-03	1.20946575787664E-19
0	0	-501	-1.21401708858891E-19	-2.04774990087992E-03	-4.82512608677277E-20
0	0	-500	-1.21621626738561E-19	-2.05194476921914E-03	-3.48510720702899E-20
0	0	-499	-1.21881573183607E-19	-2.05620051860301E-03	-5.27053944692465E-20
0	0	-498	-1.22306984548788E-19	-2.06051714903153E-03	-2.31800948683153E-19
0	0	-497	-1.22375849911029E-19	-2.0648946605047E-03	-5.71451156680594E-20
0	0	-496	-1.22468583877983E-19	-2.06933305302253E-03	1.22468583877983E-19
0	0	-495	-1.23020608400932E-19	-0.002073832326585	-2.29120685563775E-19
0	0	-494	-1.23144288257236E-19	-2.07839248119213E-03	-6.37776742112043E-20
0	0	-493	-1.23407640573991E-19	-2.0830135168439E-03	-6.59813208575661E-20
0	0	-492	-1.23555317951727E-19	-2.08769543354033E-03	1.23555317951727E-19
0	0	-491	-1.23955076808412E-19	-2.09243823128141E-03	-8.80336061273615E-20
0	0	-490	-1.24120303592658E-19	-2.09724191006713E-03	1.24120303592658E-19
0	0	-489	-1.24408201064138E-19	-2.10210646989751E-03	1.24408201064138E-19
0	0	-488	-1.24850036878482E-19	-2.10703191077254E-03	-2.60259334138793E-19
0	0	-487	-1.25069657250514E-19	-2.11201823269222E-03	-9.76841120697711E-20
0	0	-486	-1.25346677107716E-19	-2.11706543565655E-03	-6.25241903226285E-20
0	0	-485	-1.25644170732391E-19	-2.12217351966553E-03	-8.34807824041048E-20
0	0	-484	-1.25939950955236E-19	-2.12734248471916E-03	-8.56520011443775E-20
0	0	-483	-1.26211251007229E-19	-2.13257233081744E-03	1.26211251007229E-19
0	0	-482	-1.26560271222464E-19	-2.13786305796038E-03	-3.06491628829233E-19
0	0	-481	-1.26848910227829E-19	-2.14321466614796E-03	-9.21440387611366E-20
0	0	-480	-1.2715910285338E-19	-2.14862715538019E-03	-9.43008450987031E-20
0	0	-479	-1.27472898579607E-19	-2.15410052565708E-03	-9.64540483355931E-20
0	0	-478	-1.27792350178199E-19	-2.15963477697861E-03	-7.80203278929988E-20
0	0	-477	-1.28078586093507E-19	-2.1652299093448E-03	-3.29643303589363E-19
0	0	-476	-1.28393058369745E-19	-2.17088592275564E-03	-3.34262829239359E-19
0	0	-475	-1.28817091235904E-19	-2.17660281721112E-03	1.28817091235904E-19
0	0	-474	-1.29153297808747E-19	-2.18238059271126E-03	1.07674939469585E-19
0	0	-473	-1.29431338051179E-19	-2.18821924925605E-03	-1.09297602642725E-19
0	0	-472	0	-2.19406496854023E-03	0
0	0	-471	0	-2.19997003680751E-03	0
0	0	-470	0	-2.20594897474351E-03	0
0	0	-469	0	-2.21200178234822E-03	0
0	0	-468	0	-2.21812845962165E-03	0
0	0	-467	0	-2.2243290065638E-03	0
0	0	-466	0	-2.23060342317467E-03	0
0	0	-465	0	-2.23695170945425E-03	0
0	0	-464	0	-2.24337386540255E-03	0
0	0	-463	0	-2.24986989101957E-03	0
0	0	-462	0	-2.25643978630531E-03	0
0	0	-461	0	-2.26308355125977E-03	0
0	0	-460	0	-2.26980118588294E-03	0
0	0	-459	0	-2.27659269017483E-03	0
0	0	-458	0	-2.28345806413544E-03	0
0	0	-457	0	-2.29039730776477E-03	0
0	0	-456	0	-2.29741042106282E-03	0
0	0	-455	0	-2.30449740402958E-03	0
0	0	-454	0	-2.31165825666506E-03	0
0	0	-453	0	-2.31889297896926E-03	0
0	0	-452	0	-2.32620157094217E-03	0
0	0	-451	0	-2.33358403258381E-03	0
0	0	-450	0	-2.34104036389416E-03	0
0	0	-449	0	-2.34857056487323E-03	0
0	0	-448	0	-2.35617463552102E-03	0
0	0	-447	0	-2.36385257583752E-03	0
0	0	-446	0	-2.37160438582275E-03	0
0	0	-445	0	-2.37943006547669E-03	0
0	0	-444	0	-2.38732961479935E-03	0
0	0	-443	1.09436693169711E-21	-2.39531190373393E-03	-5.93411736099689E-19
0	0	-442	1.10424248623255E-21	-2.40337081177315E-03	-6.2890464749991E-19
0	0	-441	1.10984729866805E-21	-2.41150467519065E-03	-6.64952066004438E-19
0	0	-440	1.15949360243855E-21	-2.41971349398645E-03	-7.32056339074722E-19
0	0	-439	1.15442155962419E-21	-2.42799726816052E-03	-7.69490025340021E-19
0	0	-438	1.14507877470989E-21	-2.43635599771289E-03	-8.07478218709629E-19
0	0	-437	5.44779563705276E-22	-2.44478968264354E-03	-4.07343405532818E-19
0	0	-436	5.56790489290691E-22	-2.45329832295247E-03	-4.42559063380884E-19
0	0	-435	0	-2.46188191863969E-03	0
0	0	-434	6.81055983989403E-22	-2.47015385843418E-03	1.23362455689857E-19
0	0	-433	3.24769714253431E-22	-2.47889415111891E-03	2.9213255396668E-19
0	0	-432	0	-2.48773802704737E-03	4.64955258541286E-19
0	0	-431	1.52491642560869E-21	-2.49668548621955E-03	-4.44428287678147E-19
0	0	-430	1.10997952411852E-21	-2.50573652863545E-03	-2.40559502355363E-19
0	0	-429	7.85209809865076E-22	-2.51489115429507E-03	-6.76787190280821E-20
0	0	-428	4.91956651094176E-22	-2.5241493631984E-03	1.09254670596981E-19
0	0	-427	1.19714424859031E-21	-2.53351115534546E-03	-4.79491380033028E-19
0	0	-426	8.57847080258232E-22	-2.54297653073624E-03	-2.65865364260807E-19
0	0	-425	5.96110476969858E-22	-2.55254548937074E-03	-8.48406491695123E-20
0	0	-424	3.65890429164032E-22	-2.56221803124896E-03	1.00236672219565E-19
0	0	-423	1.67186936840746E-22	-2.5719941563709E-03	2.89366599906424E-19
0	0	-422	6.05714636397939E-22	-2.58187386473656E-03	-2.9086147281865E-19
0	0	-421	5.42681525432886E-22	-2.59185715634594E-03	-2.97062100997548E-19
0	0	-420	3.59736310850851E-22	-2.60194403119904E-03	-1.05857471201235E-19
0	0	-419	2.0830765175136E-22	-2.61213448929587E-03	8.93997648928596E-20
0	0	-418	4.59656850298989E-22	-2.62242853063641E-03	-5.57250802154344E-19
0	0	-417	3.0507653565123E-22	-2.63282615522067E-03	-3.62358171563154E-19
0	0	-416	2.27515970607531E-22	-2.64332736304865E-03	-3.27774848128662E-19
0	0	-415	1.15138001749709E-22	-2.65393215412035E-03	-8.4896500592356E-20
0	0	-414	5.0724874338682E-23	-2.66464052843578E-03	7.90468471717809E-20
0	0	-413	7.68332754245613E-24	-2.67545248599492E-03	3.30837056646363E-19
0	0	-412	-2.46164732527606E-23	-2.68636802679779E-03	-3.51996573317502E-19
0	0	-411	0	-2.69738732230765E-03	0
0	0	-410	0	-2.70850929990466E-03	0
0	0	-409	0	-0.002719733254926	0
0	0	-408	0	-2.73105918737167E-03	0
0	0	-407	0	-2.74248709724166E-03	0
0	0	-406	0	-2.75401698453597E-03	0
0	0	-405	0	-2.76564884925461E-03	0
0	0	-404	0	-2.77738269139757E-03	0
0	0	-403	0	-2.78921851096486E-03	0
0	0	-402	0	-2.80115630795648E-03	0
0	0	-401	0	-2.81319608237241E-03	0
0	0	-400	0	-2.82533783421268E-03	0
0	0	-399	0	-2.83758156347726E-03	0
0	0	-398	-2.46158520038008E-22	-2.84930677058514E-03	-3.22128109569853E-19
0	0	-397	-1.27207626369042E-22	-2.86181320093406E-03	-3.22128109569853E-19
0	0	-396	-1.33201196465338E-22	-2.8744581890113E-03	-3.22128109569853E-19
0	0	-395	-1.64636291835463E-22	-2.88724173481686E-03	-3.22128109569853E-19
0	0	-394	-1.96071387205568E-22	-2.90016383835073E-03	-3.22128109569853E-19
0	0	-393	-5.118895857953E-22	-2.91322449961291E-03	-3.22128109569853E-19
0	0	-392	-5.82618550378035E-22	-2.92642371860342E-03	-3.22128109569853E-19
0	0	-391	0	-2.93974203902647E-03	0
0	0	-390	0	-2.95320209123465E-03	0
0	0	-389	0	-2.96680393679335E-03	0
0	0	-388	0	-2.98054757570259E-03	0
0	0	-387	0	-2.99443300796235E-03	0
0	0	-386	0	-3.00846023357264E-03	0
0	0	-385	0	-3.02262925253346E-03	0
0	0	-384	0	-3.03694006484481E-03	0
0	0	-383	0	-3.05139267050669E-03	0
0	0	-382	0	-3.0659870695191E-03	0
0	0	-381	0	-3.08072326188203E-03	0
0	0	-380	0	-3.0956012475955E-03	0
0	0	-379	0	-3.11062102665949E-03	0
0	0	-378	0	-3.12578259907401E-03	0
0	0	-377	0	-3.14108596483906E-03	0
0	0	-376	0	-3.15653112395464E-03	0
0	0	-375	0	-3.17211807642075E-03	0
0	0	-374	0	-3.18784682223739E-03	0
0	0	-373	0	-3.20371736140455E-03	0
0	0	-372	0	-3.21972969392225E-03	0
0	0	-371	0	-3.23588381979047E-03	0
0	0	-370	0	-3.25199086584202E-03	0
0	0	-369	0	-3.26837992666162E-03	0
0	0	-368	0	-3.28494792718059E-03	0
0	0	-367	0	-3.30169486739893E-03	0
0	0	-366	0	-3.31862074731663E-03	0
0	0	-365	0	-3.33572556693369E-03	0
0	0	-364	0	-3.35300932625012E-03	0
0	0	-363	0	-3.37047202526591E-03	0
0	0	-362	0	-3.38811366398107E-03	0
0	0	-361	0	-3.40593424239559E-03	0
0	0	-360	0	-3.42393376050947E-03	0
0	0	-359	4.59060035610441E-19	-3.44208105726792E-03	-4.59060035610441E-19
0	0	-358	4.6149892221097E-19	-3.46036808884832E-03	-4.6149892221097E-19
0	0	-357	4.63667739684875E-19	-3.47884805875291E-03	-8.12359729281625E-19
0	0	-356	4.65926246064577E-19	-3.4975209669817E-03	-1.17048328217775E-18
0	0	-355	4.68969971649239E-19	-3.51638681353469E-03	-4.68969971649239E-19
0	0	-354	4.71511784674222E-19	-3.53544559841187E-03	-4.71511784674222E-19
0	0	-353	4.73911443171948E-19	-3.55469732161324E-03	-8.36949546608053E-19
0	0	-352	4.76536698058999E-19	-3.57414198313882E-03	-8.43161329954944E-19
0	0	-351	4.79187684552164E-19	-3.59377958298858E-03	-8.49398844907947E-19
0	0	-350	4.81936352835286E-19	-3.61361012116254E-03	-4.81936352835286E-19
0	0	-349	4.84606823890835E-19	-3.6336335976607E-03	-4.84606823890835E-19
0	0	-348	4.87303026552498E-19	-3.65385001248305E-03	-4.87303026552498E-19
0	0	-347	4.90048946585956E-19	-3.6742593656296E-03	-8.74606220781094E-19
0	0	-346	4.92890773793602E-19	-3.69486165710034E-03	-1.31230546828744E-18
0	0	-345	4.95546024174166E-19	-3.71565688689528E-03	-4.95546024174166E-19
0	0	-344	4.98478399610512E-19	-3.73664505501441E-03	-9.37719354693462E-19
0	0	-343	5.01338792135899E-19	-3.75782616145773E-03	-9.44564778840893E-19
0	0	-342	5.04204485265744E-19	-3.77920020622526E-03	-9.06694401760077E-19
0	0	-341	5.06896930155308E-19	-3.80076718931697E-03	-5.06896930155308E-19
0	0	-340	5.09798985665877E-19	-3.82252711073289E-03	-5.09798985665877E-19
0	0	-339	5.12726772782559E-19	-3.84447997047299E-03	-5.12726772782559E-19
0	0	-338	5.15992085119614E-19	-3.8666257685373E-03	-9.32828115453303E-19
0	0	-337	5.19385283280701E-19	-3.88896450492579E-03	-1.40694401851148E-18
0	0	-336	4.89900359395894E-19	-3.91149949772559E-03	0
0	0	-335	-6.92819905723372E-22	-3.93410933665795E-03	-2.38192473203526E-19
0	0	-334	-7.61817177218319E-22	-3.95702893211709E-03	-2.38192473203526E-19
0	0	-333	-1.13579625513224E-19	-3.98020123916594E-03	0
0	0	-332	-1.14262205348578E-19	-4.00359730672943E-03	0
0	0	-331	-1.15160908822861E-19	-4.02721943266257E-03	-4.66215004655918E-19
0	0	-330	-1.15821372445968E-19	-4.05106761696534E-03	-4.27868481551474E-19
0	0	-329	-1.16429813406112E-19	-4.07514185963775E-03	0
0	0	-328	-1.17124090958523E-19	-4.0994421606798E-03	0
0	0	-327	-1.17824827165554E-19	-4.12396852009148E-03	0
0	0	-326	-1.18532022027203E-19	-4.14872093787279E-03	0
0	0	-325	-1.19245675543472E-19	-4.17369941402375E-03	0
0	0	-324	-1.19955355597698E-19	-4.19890394854433E-03	0
0	0	-323	-1.20695445860498E-19	-4.22433454143457E-03	0
0	0	-322	-1.2144322970617E-19	-4.24999119269443E-03	0
0	0	-321	-1.22196854742335E-19	-4.27587390232393E-03	0
0	0	-320	-1.22949252518283E-19	-4.30198267032306E-03	0
0	0	-319	-1.23723480778522E-19	-4.32831749669183E-03	0
0	0	-318	-1.24496481778545E-19	-4.35487838143024E-03	0
0	0	-317	-1.25261187067641E-19	-4.38166532453829E-03	0
0	0	-316	-1.25865088810955E-19	-4.40867832601598E-03	-5.32819880416476E-19
0	0	-315	-1.26640103380124E-19	-4.43591738586329E-03	-4.88418368606527E-19
0	0	-314	-1.27413021346021E-19	-4.46338250408025E-03	-4.92455027743531E-19
0	0	-313	-1.28180308483292E-19	-4.49107368066684E-03	-5.46140855568588E-19
0	0	-312	-1.29110908825314E-19	-4.51899091562307E-03	0
0	0	-311	-1.29914983506252E-19	-4.54713420894893E-03	0
0	0	-310	-4.69509220008167E-22	-4.57537725965814E-03	5.22252838879521E-19
0	0	-309	-3.29211926184759E-22	-4.60398750974325E-03	5.22252838879521E-19
0	0	-308	-3.12469690258187E-22	-4.63281901662238E-03	5.22252838879521E-19
0	0	-307	-5.06961350282815E-22	-4.66187178029552E-03	5.22252838879521E-19
0	0	-306	-3.78622796406949E-22	-4.69114580076269E-03	5.22252838879521E-19
0	0	-305	-1.68584774450514E-22	-4.72064107802388E-03	5.22252838879521E-19
0	0	-304	-5.08537260714859E-22	-4.75035761207908E-03	5.22252838879521E-19
0	0	-303	-3.10457978705981E-22	-4.78029540292831E-03	5.22252838879521E-19
0	0	-302	-2.12016274698937E-22	-4.81045445057156E-03	5.22252838879521E-19
0	0	-301	-1.95274038772363E-22	-4.84083475500882E-03	5.22252838879521E-19
0	0	-300	-3.06054519164262E-22	-4.87143631624011E-03	5.22252838879521E-19
0	0	-299	-2.19571555104759E-22	-4.90225913426541E-03	5.22252838879521E-19
0	0	-298	-9.32447127810571E-23	-4.93330320908474E-03	5.22252838879521E-19
0	0	-297	-2.56610190132357E-22	-4.96456854069808E-03	5.22252838879521E-19
0	0	-296	-1.51406737403794E-22	-4.99605512910544E-03	5.22252838879521E-19
0	0	-295	0	-5.02782534377176E-03	0
0	0	-294	0	-5.05980241370491E-03	0
0	0	-293	0	-5.09193837476506E-03	0
0	0	-292	0	-5.12423322695222E-03	0
0	0	-291	0	-5.15668697026637E-03	0
0	0	-290	0	-5.18929960470752E-03	0
0	0	-289	0	-5.22207113027567E-03	0
0	0	-288	0	-5.25500154697082E-03	0
0	0	-287	0	-5.28809085479297E-03	0
0	0	-286	0	-5.32133905374212E-03	0
0	0	-285	0	-5.35474614381827E-03	0
0	0	-284	0	-5.38831212502142E-03	0
0	0	-283	0	-5.42203699735157E-03	0
0	0	-282	0	-5.45592076080873E-03	0
0	0	-281	0	-5.48996341539288E-03	0
0	0	-280	0	-5.52416496110403E-03	0
0	0	-279	0	-5.55852539794218E-03	0
0	0	-278	-2.66963641361091E-19	-5.59292218999345E-03	8.60799016737711E-19
0	0	-277	0	-5.62727001191421E-03	0
0	0	-276	0	-5.66166753153861E-03	0
0	0	-275	0	-5.69629322020305E-03	0
0	0	-274	0	-5.73094615610693E-03	0
0	0	-273	0	-5.7655785394856E-03	0
0	0	-272	0	-5.80019037033904E-03	0
0	0	-271	0	-5.83478164866725E-03	0
0	0	-270	0	-5.86935237447025E-03	0
0	0	-269	0	-5.90390254774802E-03	0
0	0	-268	2.16672276885718E-19	-5.93842768469997E-03	0
0	0	-267	2.17841990807621E-19	-5.97285671007733E-03	0
0	0	-266	2.19281174159784E-19	-6.00716505589405E-03	-2.73368980804204E-19
0	0	-265	2.20444908765437E-19	-6.04135272215014E-03	0
0	0	-264	1.26913283286824E-22	-6.0754772651542E-03	5.47104195994343E-20
0	0	-263	0	-6.1093295011063E-03	4.33200026422904E-19
0	0	-262	1.53038900841973E-23	-6.14299619112547E-03	8.22083987380616E-20
0	0	-261	4.37200421239149E-23	-6.17648613278105E-03	-2.19673299321513E-20
0	0	-260	1.4229412133268E-22	-6.2096900731609E-03	-7.37803642277391E-19
0	0	-259	9.68518329553488E-24	-6.24257470118474E-03	-3.08312339892164E-19
0	0	-258	0	-6.27513919750668E-03	0
0	0	-257	0	-6.30735558212888E-03	0
0	0	-256	0	-6.33918392876864E-03	0
0	0	-255	0	-6.37055464654362E-03	0
0	0	-254	0	-6.4014632379627E-03	0
0	0	-253	0	-6.43183490170269E-03	0
0	0	-252	1.03289482910645E-18	-6.46164031075414E-03	1.39383166254294E-19
0	0	-251	8.82951670353153E-19	-6.49082071988928E-03	-4.41475835176577E-19
0	0	-250	0	-6.51933142669208E-03	0
0	0	-249	-2.48599107249709E-19	-6.54711199130281E-03	-2.43818231708431E-19
0	0	-248	0	-6.57410644367404E-03	2.46944126982505E-19
0	0	-247	-8.36581531221261E-24	-6.60025420139379E-03	0
0	0	-246	0	-6.62549159456058E-03	0
0	0	-245	0	-6.64975028685174E-03	0
0	0	-244	0	-6.6729608746797E-03	0
0	0	-243	3.87376560216878E-19	-6.69504770306497E-03	7.03416048312693E-19
0	0	-242	0	-6.7159291607453E-03	0
0	0	-241	3.69920472284122E-19	-6.73552179387963E-03	-8.21677231550399E-19
0	0	-240	-4.92336396166914E-20	-6.75374056517199E-03	0
0	0	-239	0	-6.77048842972208E-03	0
0	0	-238	-1.34681589292367E-23	-6.78567043138476E-03	-5.98749304619285E-19
0	0	-237	0	-6.79918217016018E-03	0
0	0	-236	0	-6.81091341754704E-03	0
0	0	-235	-2.54283633431674E-19	-6.82074967433166E-03	4.63118475204902E-19
0	0	-234	-3.81915523738678E-19	-6.82857199642591E-03	-6.06755612829714E-20
0	0	-233	3.07784309656253E-19	-6.83425227075559E-03	-1.84548103391738E-19
0	0	-232	-1.41930145291611E-19	-6.83765311123199E-03	-6.12084120145511E-21
0	0	-231	0	-6.83863772217654E-03	0
0	0	-230	0	-6.83704610235774E-03	0
0	0	-229	-3.75018426930489E-19	-6.83272027337094E-03	4.78999653517078E-20
0	0	-228	0	-6.82550639855108E-03	0
0	0	-227	4.82437508097615E-24	-6.81522389003453E-03	4.72424518566476E-19
0	0	-226	-4.71686246179533E-19	-6.80168707613936E-03	-1.76882342317325E-19
0	0	-225	0	-6.78469954483369E-03	0
0	0	-224	0	-6.76405993672425E-03	0
0	0	-223	0	-6.73954698265659E-03	0
0	0	-222	0	-6.71092609700278E-03	0
0	0	-221	0	-6.67795691386755E-03	0
0	0	-220	0	-6.64039265713476E-03	0
0	0	-219	0	-6.59795506942978E-03	0
0	0	-218	0	-6.55036448527519E-03	0
0	0	-217	-2.19781310087891E-23	-6.49731974243718E-03	6.16373626256718E-19
0	0	-216	2.61076784493587E-23	-6.43850713111439E-03	2.70656749369839E-19
0	0	-215	0	-6.37359047642417E-03	0
0	0	-214	0	-6.30221587241829E-03	0
0	0	-213	-1.99665619971528E-23	-6.22401113617301E-03	1.76554854129215E-19
0	0	-212	0	-6.1385797739764E-03	0
0	0	-211	0	-6.04550979092092E-03	0
0	0	-210	0	-5.94436197089281E-03	0
0	0	-209	0	-5.83467368606139E-03	0
0	0	-208	0	-5.71594410400499E-03	0
0	0	-207	0	-5.58768508080521E-03	0
0	0	-206	0	-5.4493049068156E-03	0
0	0	-205	0	-5.30026952942292E-03	0
0	0	-204	0	-5.13994102330763E-03	0
0	0	-203	0	-4.96768679526907E-03	0
0	0	-202	0	-4.78281307244076E-03	0
0	0	-201	-2.32415848717149E-19	-4.58460749467671E-03	0
0	0	-200	0	-4.37230160813891E-03	0
0	0	-199	0	-4.14508647241485E-03	0
0	0	-198	0	-3.90210589644032E-03	0
0	0	-197	0	-3.64247033040166E-03	0
0	0	-196	0	-3.36521862944978E-03	0
0	0	-195	0	-3.06935309858723E-03	0
0	0	-194	0	-2.75377801215008E-03	0
0	0	-193	-3.74030077180918E-22	-2.41739916799539E-03	5.85893626490021E-18
0	0	-192	0	-2.05897359469411E-03	0
0	0	-191	0	-1.67726910072308E-03	0
0	0	-190	0	-1.27093051237601E-03	0
0	0	-189	2.10514579772679E-22	-8.38543777265695E-04	-9.94896392539237E-20
0	0	-188	1.80531322276517E-20	-3.78591258557532E-04	6.10767122618733E-19
0	0	-187	0	1.10504261123023E-04	0
0	0	-186	0	6.30431921536462E-04	0
0	0	-185	0	1.18295524992667E-03	0
0	0	-184	0	1.76995968429377E-03	0
0	0	-183	0	2.39347004704193E-03	0
0	0	-182	0	3.05561322925234E-03	0
0	0	-181	-1.68375382325046E-19	3.75862254964421E-03	-3.85215817663069E-19
0	0	-180	0	4.50483682240864E-03	0
0	0	-179	0	5.29680086284193E-03	0
0	0	-178	1.95963586769643E-19	6.13717627800359E-03	0
0	0	-177	0	7.0287789898965E-03	0
0	0	-176	0	7.97459091816167E-03	0
0	0	-175	0	8.97782602732533E-03	0
0	0	-174	0	1.00417747143674E-02	0
0	0	-173	0	1.11699759395766E-02	0
0	0	-172	0	1.23661719433897E-02	0
0	0	-171	0	1.36344272367027E-02	0
0	0	-170	0	1.49788311345973E-02	0
0	0	-169	0	1.64039264580464E-02	0
0	0	-168	9.04954509317822E-23	1.79144481556831E-02	7.36518169278016E-18
0	0	-167	0	1.95153037340947E-02	0
0	0	-166	-5.13066119827364E-23	2.12117899676828E-02	0
0	0	-165	0	2.30094937742389E-02	0
0	0	-164	-3.1008347634587E-21	2.49143332762868E-02	5.02455830661436E-17
0	0	-163	0	2.69325815588169E-02	0
0	0	-162	0	2.90707233790209E-02	0
0	0	-161	0	3.13358253435868E-02	0
0	0	-160	0	3.37352906721648E-02	0
0	0	-159	3.94618479092977E-18	3.62769081621146E-02	6.61246403548779E-17
0	0	-158	-1.00195671444942E-21	3.89688361299464E-02	2.18506938626396E-17
0	0	-157	0	4.18197557248823E-02	0
0	0	-156	0	4.48389403152058E-02	0
0	0	-155	0	4.80360276792955E-02	0
0	0	-154	0	5.14211417282783E-02	0
0	0	-153	0	5.50051356006118E-02	0
0	0	-152	6.2938508397932E-22	5.87994797498909E-02	-6.28756857976967E-18
0	0	-151	0	6.28160422816301E-02	0
0	0	-150	0	6.70675193410704E-02	0
0	0	-149	0	7.15673822351992E-02	0
0	0	-148	0	7.63293703896823E-02	0
0	0	-147	0	8.13686759317858E-02	0
0	0	-146	0	8.67004185793601E-02	0
0	0	-145	0	9.23417589599917E-02	0
0	0	-144	-8.40239424066094E-21	9.83095438523653E-02	1.27560441676743E-16
0	0	-143	0	0.104622630913297	0
0	0	-142	6.82247123343966E-21	0.111300219622494	1.04409072247517E-17
0	0	-141	0	0.118362945166317	0
0	0	-140	6.81781353033403E-21	0.125832545498962	0
0	0	-139	-1.44133415417128E-22	0.133732297355555	7.30546990268153E-17
0	0	-138	0	0.14208663242764	0
0	0	-137	0	0.150921880262658	0
0	0	-136	0	0.160265874025119	0
0	0	-135	0	0.170147740031383	0
0	0	-134	0	0.180600599039471	0
0	0	-133	0	0.191658630568627	0
0	0	-132	4.0552056074089E-18	0.20335978946122	2.2550894114177E-16
0	0	-131	-8.62909265575642E-18	0.215743163050843	1.12431191064602E-16
0	0	-130	0	0.228853994329761	0
0	0	-129	7.3897923519616E-21	0.242739934620713	1.08879802643604E-16
0	0	-128	0	0.257454102081237	0
0	0	-127	0	0.273054430925785	0
0	0	-126	2.72168763410428E-17	0.289606576525999	3.3173434725994E-17
0	0	-125	0	0.307180739555619	0
0	0	-124	0	0.325856806552164	0
0	0	-123	0	0.345723260003123	0
0	0	-122	0	0.366877843392641	0
0	0	-121	0	0.38943150247295	0
0	0	-120	0	0.413506006955524	0
0	0	-119	8.89594238314453E-21	0.439237615635401	1.23273879154686E-16
0	0	-118	0	0.466771910254156	0
0	0	-117	-6.2405557292939E-21	0.496267957192267	0
0	0	-116	-2.16420201953826E-17	0.527896298874003	0
0	0	-115	0	0.561832289178142	0
0	0	-114	-1.22888275829587E-17	0.598252699880884	1.99510997491108E-16
0	0	-113	0	0.637315612559161	0
0	0	-112	0	0.679155268778733	0
0	0	-111	0	0.72384683621376	0
0	0	-110	-5.89655620463769E-19	0.771359814450695	4.01857450813197E-16
0	0	-109	0	0.821502276369659	-3.38138364046461E-17
0	0	-108	0	0.873865007825493	0
0	0	-107	0	0.927847719726822	0
0	0	-106	0	0.982759083140304	0
0	0	-105	0	1.03764336150042	0
0	0	-104	1.57386234038051E-19	1.09118426747356	1.24761605821604E-16
0	0	-103	0	1.14206177970979	0
0	0	-102	0	1.18924426587154	0
0	0	-101	-4.87376476463411E-17	1.23199287859418	-5.01073980248562E-17
0	0	-100	0	1.26987054508876	0
0	0	-99	0	1.30265568602527	0
0	0	-98	0	1.33042853210669	0
0	0	-97	0	1.35356089935712	0
0	0	-96	0	1.37256251022955	0
0	0	-95	0	1.38796808088284	0
0	0	-94	-6.14461166050788E-17	1.40039244813827	0
0	0	-93	0	1.41037597370904	0
0	0	-92	0	1.41841268377134	0
0	0	-91	6.94866298068572E-17	1.42486278735804	5.27167362118208E-17
0	0	-90	0	1.43003099713297	0
0	0	-89	0	1.434173834322	0
0	0	-88	0	1.4375043959845	0
0	0	-87	0	1.44018736712492	0
0	0	-86	0	1.44235037487368	0
0	0	-85	0	1.4440954656193	0
0	0	-84	0	1.44549459443009	0
0	0	-83	-2.70445110865844E-17	1.44660397066827	0
0	0	-82	0	1.44746507617702	0
0	0	-81	0	1.44811031027844	0
0	0	-80	2.99548823820812E-20	1.44856220120248	0
0	0	-79	0	1.44883663684674	0
0	0	-78	-7.10615112625619E-17	1.44894392171605	3.38529788377523E-20
0	0	-77	0	1.44888632313997	-3.55251794947917E-17
0	0	-76	0	1.44866219967037	0
0	0	-75	0	1.44826418742999	0
0	0	-74	0	1.44767823712289	0
0	0	-73	0	1.44688379181389	0
0	0	-72	0	1.44585286232673	0
0	0	-71	0	1.44454522660182	0
0	0	-70	-5.72084982789779E-20	1.44290905040531	5.82169641390504E-17
0	0	-69	0	1.44087750204715	0
0	0	-68	0	1.43836519705608	0
0	0	-67	3.85366396125751E-21	1.4352607914377	0
0	0	-66	0	1.43142124310616	0
0	0	-65	0	1.42665606646397	0
0	0	-64	0	1.42073634587196	0
0	0	-63	0	1.41337283701225	0
0	0	-62	0	1.40421374860737	0
0	0	-61	-4.84494833096832E-20	1.39281404477928	0
0	0	-60	0	1.37868124962144	0
0	0	-59	0	1.3612522357768	0
0	0	-58	0	1.33991773163255	0
0	0	-57	0	1.31408905100323	0
0	0	-56	0	1.28324699504084	0
0	0	-55	-4.93134780787217E-19	1.24710470708729	-2.61856703272215E-16
0	0	-54	0	1.20576532321541	0
0	0	-53	0	1.15948815137291	0
0	0	-52	4.4145296543445E-17	1.10864852212752	-1.5788607404954E-16
0	0	-51	0	1.05421944397173	0
0	0	-50	0	0.997470341941049	0
0	0	-49	0	0.939544335478169	0
0	0	-48	0	0.881443488134369	0
0	0	-47	0	0.824099351840939	0
0	0	-46	0	0.768151674762532	0
0	0	-45	7.73470497303691E-20	0.714014302134384	-1.18483251447832E-16
0	0	-44	0	0.661843220132764	0
0	0	-43	0	0.611611595987956	0
0	0	-42	1.94316834941075E-20	0.563144083947408	-2.51117701815539E-17
0	0	-41	0	0.516148276902271	0
0	0	-40	0	0.470242751471734	0
0	0	-39	0	0.424949282543357	0
0	0	-38	0	0.379731315094059	0
0	0	-37	0	0.333904862483218	0
0	0	-36	0	0.2866691300228	0
0	0	-35	0	0.237000857490238	0
0	0	-34	0	0.183620471194291	0
0	0	-33	0	0.124756935947438	0
0	0	-32	0	5.80029635704521E-02	0
0	0	-31	2.12949273010938E-19	-0.019816621023207	0
0	0	-30	0	-0.11295907855527	0
0	0	-29	-1.07425638443931E-17	-0.226465759281443	-4.20208226887545E-16
0	0	-28	0	-0.363670333504285	1.00035785421945E-17
0	0	-27	0	-0.525179035949282	0
0	0	-26	0	-0.708274947720705	0
0	0	-25	0	-0.908266481419804	0
0	0	-24	0	-1.1208795623013	0
0	0	-23	0	-1.34277308500863	0
0	0	-22	0	-1.57126223652065	0
0	0	-21	-1.78742803546206E-16	-1.8045236472182	8.93714017731032E-17
0	0	-20	0	-2.0413198756491	0
0	0	-19	0	-2.28070738827773	0
0	0	-18	0	-2.52198656494364	2.31422633349156E-16
0	0	-17	0	-2.76463448332726	0
0	0	-16	0	-3.0082506422165	0
0	0	-15	0	-3.25255181685028	0
0	0	-14	0	-3.49732809393783	0
0	0	-13	0	-3.74246980174487	0
0	0	-12	0	-3.98798905927917	0
0	0	-11	0	-4.23417404645933	0
0	0	-10	0	-4.48213766235911	0
0	0	-9	0	-4.73532816021531	0
0	0	-8	0	-5.000149646097	0
0	0	-7	0	-5.28036731369387	0
0	0	-6	1.77828047468398E-16	-5.5615001507691	0
0	0	-5	0	-5.81265849996342	0
0	0	-4	0	-6.01146862569435	0
0	0	-3	0	-6.15401511854379	0
0	0	-2	0	-6.24681691186424	0
0	0	-1	0	-6.29846311339621	0
0	0	0	0	-6.31497543576118	0
0	0	1	0	-6.29834014388544	0
0	0	2	0	-6.24652255149671	0
0	0	3	0	-6.15371280976329	0
0	0	4	-2.96201995522496E-16	-6.01118954437964	-2.96620518998724E-16
0	0	5	0	-5.81241548475389	0
0	0	6	0	-5.5618178030828	0
0	0	7	-1.40221133150791E-19	-5.28152955207159	1.42760162633685E-16
0	0	8	3.58027028232331E-20	-5.00152745537225	4.27375538838038E-16
0	0	9	0	-4.73604157002351	0
0	0	10	0	-4.4823880635962	0
0	0	11	0	-4.23419651541952	0
0	0	12	0	-3.98800533427206	0
0	0	13	0	-3.74249030608412	0
0	0	14	0	-3.49735353953572	0
0	0	15	0	-3.2525788997745	0
0	0	16	0	-3.00828476333639	0
0	0	17	0	-2.76467778640981	0
0	0	18	-3.10856375329496E-20	-2.52204389032997	5.55485706688497E-16
0	0	19	4.33259018811459E-21	-2.28078229918408	4.46653486723409E-16
0	0	20	-9.54200729539771E-17	-2.04140617064074	0
0	0	21	1.68738801903409E-16	-1.8046215750174	0
0	0	22	0	-1.57134020609442	0
0	0	23	0	-1.34282486443199	0
0	0	24	0	-1.12093445173929	0
0	0	25	0	-0.908320700174836	0
0	0	26	0	-0.708364339896758	0
0	0	27	0	-0.525527474038741	0
0	0	28	0	-0.364085775470262	1.49770845637413E-17
0	0	29	0	-0.226749128481311	0
0	0	30	0	-0.113175186727679	0
0	0	31	7.97466387442786E-19	-1.97924701751524E-02	5.31675725766149E-16
0	0	32	0	0.058111999559024	0
0	0	33	0	0.124875120156815	0
0	0	34	0	0.183733582099356	0
0	0	35	0	0.237136038899263	0
0	0	36	0	0.286786420551339	0
0	0	37	-4.42075802417952E-20	0.334034892773171	1.54258889762106E-16
0	0	38	-7.07873803934285E-20	0.379868986105452	1.96488967983824E-16
0	0	39	0	0.425099987495914	0
0	0	40	0	0.470396017819859	0
0	0	41	1.65330154159066E-17	0.516317131127881	3.28284136698069E-17
0	0	42	0	0.563314065412154	0
0	0	43	1.02589507103473E-20	0.611786096071045	6.57673629371948E-17
0	0	44	0	0.662020378956616	0
0	0	45	0	0.714189497904859	1.70390030759937E-17
0	0	46	0	0.768323241553384	0
0	0	47	0	0.824258477857305	0
0	0	48	0	0.881596171570401	0
0	0	49	0	0.939704608195764	0
0	0	50	0	0.997630185910576	0
0	0	51	0	1.05428270934095	0
0	0	52	0	1.10858955481055	0
0	0	53	5.69632509161792E-17	1.15946963623893	5.67800969087877E-17
0	0	54	5.93989848942266E-17	1.20598608362333	3.55330052098117E-16
0	0	55	0	1.24738983639557	0
0	0	56	-5.94706691174962E-21	1.28341786410057	8.33202360805897E-18
0	0	57	5.86443677328091E-20	1.31416237418775	-8.41325520867705E-17
0	0	58	0	1.33996768671235	0
0	0	59	0	1.36130228539353	0
0	0	60	0	1.37873756146409	0
0	0	61	0	1.39285294538524	0
0	0	62	0	1.40423328749628	0
0	0	63	0	1.41338277792341	0
0	0	64	0	1.42072292191895	0
0	0	65	0	1.42662230360832	0
0	0	66	0	1.43136795108416	0
0	0	67	0	1.43519440676005	0
0	0	68	0	1.43828642418865	0
0	0	69	-6.54012705842356E-17	1.44078785810716	1.30768286672272E-16
0	0	70	0	1.44281061957246	0
0	0	71	0	1.44443891614557	0
0	0	72	0	1.4457392903626	0
0	0	73	0	1.44676468454032	0
0	0	74	0	1.44755440013941	0
0	0	75	0	1.4481361860903	0
0	0	76	0	1.44853116479369	0
0	0	77	-1.83512779307782E-20	1.44875315471184	6.92467881856193E-19
0	0	78	0	1.44880957658675	0
0	0	79	0	1.44870220651886	0
0	0	80	0	1.44842755810444	0
0	0	81	0	1.44797648581749	0
0	0	82	0	1.44733288647398	0
0	0	83	0	1.44647397893453	0
0	0	84	0	1.44536842560218	0
0	0	85	0	1.44397299547495	0
0	0	86	0	1.44222992176337	0
0	0	87	-4.21768029744961E-20	1.440064776963	-5.71739989659309E-17
0	0	88	0	1.43737709538395	0
0	0	89	0	1.43403708089502	0
0	0	90	4.56722666226001E-17	1.42988103435528	-2.58154533394947E-17
0	0	91	0	1.42471319031057	0
0	0	92	-8.1564872062505E-17	1.41826737099085	1.63588263918735E-16
0	0	93	0	1.4102221525158	0
0	0	94	-8.96339142133165E-17	1.40018042763807	-8.09088249528597E-17
0	0	95	4.44266776209864E-17	1.38768626494142	-4.41481895066991E-17
0	0	96	0	1.37220904486724	0
0	0	97	0	1.35321871587751	0
0	0	98	0	1.3301812900353	0
0	0	99	0	1.30254194685971	0
0	0	100	0	1.26993009693511	0
0	0	101	0	1.23217130823929	0
0	0	102	5.66152915866448E-17	1.18947048380504	0
0	0	103	0	1.14235665859713	0
0	0	104	0	1.09151408385305	0
0	0	105	9.85182658035924E-21	1.03792707059385	-6.55998695114934E-17
0	0	106	3.58698800225453E-17	0.982824524643616	-5.60434509482898E-16
0	0	107	0	0.927734819213478	0
0	0	108	0	0.873802454794495	0
0	0	109	0	0.821530243062682	0
0	0	110	0	0.771387839251549	0
0	0	111	0	0.723843942020519	0
0	0	112	0	0.679117533458207	0
0	0	113	0	0.637249051985739	0
0	0	114	0	0.598164656404786	0
0	0	115	0	0.561732162753709	0
0	0	116	0	0.527786773915073	0
0	0	117	0	0.496153384759308	0
0	0	118	-1.18487071321037E-21	0.466655288218823	-3.57416227549289E-17
0	0	119	0	0.439120459010617	0
0	0	120	0	0.413390557239873	0
0	0	121	0	0.389318552610013	0
0	0	122	0	0.366765020624808	0
0	0	123	0	0.345610521237045	0
0	0	124	0	0.32574869684874	0
0	0	125	0	0.307074890145431	0
0	0	126	0	0.289502643702782	0
0	0	127	0	0.272953559434606	0
0	0	128	0	0.257356001881121	0
0	0	129	0	0.242644701806981	0
0	0	130	0	0.228761891801264	0
0	0	131	0	0.215653774443591	0
0	0	132	0	0.203273178323996	0
0	0	133	0	0.191575588902192	0
0	0	134	0	0.180520300430377	0
0	0	135	-1.63997402160504E-17	0.1700700094772	0
0	0	136	2.84525426390298E-21	0.160190431887121	-1.24822148029484E-18
0	0	137	0	0.150849404653414	0
0	0	138	0	0.1420169578508	0
0	0	139	-1.61517814541632E-23	0.1336646681457	0
0	0	140	0	0.125767859007589	0
0	0	141	6.74491580147299E-18	0.118300623807527	1.3896058421284E-17
0	0	142	0	0.111240186133673	0
0	0	143	7.98864788560559E-18	0.10456481323291	1.9971619714014E-18
0	0	144	0	9.82538579054901E-02	0
0	0	145	0	9.22878738628999E-02	0
0	0	146	0	8.66487889306412E-02	0
0	0	147	0	8.13188249053658E-02	0
0	0	148	0	7.62814954032168E-02	0
0	0	149	0	7.15211615026276E-02	0
0	0	150	0	6.70233367454884E-02	0
0	0	151	-7.16413453051438E-21	6.27735505182192E-02	-5.11340744830339E-17
0	0	152	1.68579410242735E-21	5.87586646417253E-02	0
0	0	153	0	5.49659469953882E-02	0
0	0	154	-2.15348922151271E-18	5.13834075066441E-02	4.49022762472168E-18
0	0	155	0	4.79997022258745E-02	0
0	0	156	0	4.48041842616128E-02	0
0	0	157	0	4.17862914495419E-02	0
0	0	158	9.06326051956715E-23	3.89361878426322E-02	-4.10322409166671E-18
0	0	159	0	3.62459446264526E-02	0
0	0	160	0	3.37055778801499E-02	0
0	0	161	-6.3115613197534E-19	3.13072651252154E-02	-2.48533993638634E-18
0	0	162	0	2.90432340271723E-02	0
0	0	163	0	2.69061158449303E-02	0
0	0	164	0	2.48888985578724E-02	0
0	0	165	0	2.29850598161993E-02	0
0	0	166	0	2.11883309932303E-02	0
0	0	167	0	1.94927458150475E-02	-1.69585559867621E-18
0	0	168	0	1.78927824962179E-02	0
0	0	169	0	1.63831648992829E-02	0
0	0	170	0	1.49588803561558E-02	0
0	0	171	0	1.36152688306233E-02	0
0	0	172	0	0.012347770563187	0
0	0	173	0	1.11522419488138E-02	0
0	0	174	0	1.00247499572298E-02	0
0	0	175	0	8.96142053667609E-03	0
0	0	176	0	7.95882592225005E-03	0
0	0	177	-2.58281162075819E-23	7.01362007557639E-03	-7.26318792986575E-19
0	0	178	0	6.12258490126328E-03	0
0	0	179	0	5.28278037127705E-03	0
0	0	180	0	4.49134700977539E-03	0
0	0	181	0	3.74568621288195E-03	0
0	0	182	0	3.04316117456163E-03	0
0	0	183	0	2.38149866974874E-03	0
0	0	184	0	1.75841286764243E-03	0
0	0	185	1.21206940199901E-22	1.1718298321925E-03	-3.00600527098761E-20
0	0	186	0	6.19725700656467E-04	0
0	0	187	0	1.00221337000322E-04	0
0	0	188	-1.12134820940433E-20	-3.88501704852445E-04	-4.10578042280343E-18
0	0	189	0	-8.48045279114735E-04	0
0	0	190	-8.5591371409503E-23	-1.28008295725433E-03	-9.1941246117708E-19
0	0	191	2.77011977956275E-22	-1.68608221086909E-03	0
0	0	192	7.86931255714232E-23	-2.06745800805056E-03	0
0	0	193	1.01419065311111E-19	-2.42555898501295E-03	-5.49576916655318E-18
0	0	194	0	-2.76164731108039E-03	0
0	0	195	0	-3.07690924008414E-03	0
0	0	196	0	-3.37248776038115E-03	0
0	0	197	0	-3.64947524886654E-03	0
0	0	198	0	-3.9088478318552E-03	0
0	0	199	0	-4.15157181961601E-03	0
0	0	200	0	-4.37855512013985E-03	0
0	0	201	0	-4.59062535926128E-03	0
0	0	202	-3.82306112119896E-24	-4.78861589677645E-03	-3.51913704758114E-19
0	0	203	-1.98497266203485E-19	-4.97327164816997E-03	-2.19582252449372E-18
0	0	204	0	-5.14531981671731E-03	0
0	0	205	0	-5.30544860101659E-03	0
0	0	206	0	-5.45430146383291E-03	0
0	0	207	0	-5.59249251129083E-03	0
0	0	208	0	-5.72059181449556E-03	0
0	0	209	0	-5.83914613725835E-03	0
0	0	210	0	-5.94867423495074E-03	0
0	0	211	2.03975668385456E-19	-6.04966549101786E-03	0
0	0	212	-2.07111162823509E-19	-6.14258633982275E-03	-2.6379489502376E-19
0	0	213	0	-6.22787052664142E-03	0
0	0	214	-1.17792174463087E-19	-6.30593837685505E-03	4.74544844412629E-19
0	0	215	0	-6.37718006541056E-03	0
0	0	216	1.52131210761102E-23	-6.44196942172417E-03	4.12808594638559E-19
0	0	217	0	-6.5006582257265E-03	0
0	0	218	0	-6.55358111102272E-03	0
0	0	219	0	-6.60105532221383E-03	0
0	0	220	0	-6.64337830132153E-03	0
0	0	221	0	-6.68083614344383E-03	0
0	0	222	0	-0.006713695981199	0
0	0	223	0	-6.74221643313108E-03	0
0	0	224	0	-6.76663858731503E-03	0
0	0	225	0	-6.78718947701422E-03	0
0	0	226	0	-6.80409159664773E-03	0
0	0	227	0	-6.81754475315754E-03	0
0	0	228	0	-6.82774240968299E-03	0
0	0	229	0	-6.83487689260255E-03	0
0	0	230	1.59851175412069E-19	-6.83911980739063E-03	6.39557199470596E-19
0	0	231	-7.68867180513147E-23	-6.84063553009762E-03	-6.35371190641485E-19
0	0	232	1.47790159082287E-24	-6.83958627910392E-03	4.86974176517569E-19
0	0	233	3.54693458906811E-24	-6.83611729574276E-03	0
0	0	234	0	-6.83037345151984E-03	0
0	0	235	0	-6.82248785027416E-03	0
0	0	236	0	-6.81259091370223E-03	0
0	0	237	0	-6.80080441951103E-03	0
0	0	238	0	-6.78723455408504E-03	0
0	0	239	0	-6.77200004364067E-03	0
0	0	240	0	-6.75519758564941E-03	0
0	0	241	0	-6.73692454602585E-03	0
0	0	242	0	-6.71727715637938E-03	0
0	0	243	0	-6.69634019352803E-03	0
0	0	244	0	-6.67420674754895E-03	0
0	0	245	0	-6.65094749153637E-03	0
0	0	246	0	-6.62664372366493E-03	0
0	0	247	0	-6.60135614274755E-03	0
0	0	248	0	-6.57516784360321E-03	0
0	0	249	0	-6.54813702502263E-03	0
0	0	250	0	-6.52032367308599E-03	0
0	0	251	0	-6.49177975207352E-03	0
0	0	252	0	-6.46256798258641E-03	0
0	0	253	0	-6.43272626330664E-03	0
0	0	254	0	-6.40233188007497E-03	0
0	0	255	0	-6.37139808419206E-03	0
0	0	256	0	-6.33998458836773E-03	0
0	0	257	0	-6.30814846839589E-03	0
0	0	258	0	-6.27588646542619E-03	0
0	0	259	0	-6.24326978935601E-03	0
0	0	260	0	-6.21035855132612E-03	0
0	0	261	0	-6.17716237482876E-03	0
0	0	262	0	-6.14368743830508E-03	0
0	0	263	0	-6.10993154599154E-03	0
0	0	264	2.26455558815338E-22	-6.07605186372223E-03	4.1409019384361E-19
0	0	265	1.08267568916611E-22	-6.04187729925267E-03	4.1409019384361E-19
0	0	266	-2.73400793525112E-23	-6.00763294072732E-03	4.1409019384361E-19
0	0	267	-1.62947727621648E-22	-5.97331878814618E-03	4.1409019384361E-19
0	0	268	-2.98555375890785E-22	-5.93893484150923E-03	4.1409019384361E-19
0	0	269	-2.17081512079955E-22	-5.9044811008165E-03	4.1409019384361E-19
0	0	270	0	-5.86990929735003E-03	1.16091068258794E-18
0	0	271	0	-5.8353090860653E-03	2.06087989066305E-19
0	0	272	0	-5.8006306775451E-03	6.83821186047399E-19
0	0	273	2.03734946363621E-19	-5.76595672679119E-03	0
0	0	274	0	-5.73127828185644E-03	0
0	0	275	0	-5.69663490114904E-03	0
0	0	276	0	-5.66207317216342E-03	0
0	0	277	0	-5.62759309489961E-03	0
0	0	278	0	-5.59319466935759E-03	0
0	0	279	0	-5.55887789553736E-03	0
0	0	280	0	-5.52464277343892E-03	0
0	0	281	0	-5.49048930306228E-03	0
0	0	282	0	-5.45641748440743E-03	0
0	0	283	-1.94718932603026E-19	-5.42244493367287E-03	3.80195013608513E-19
0	0	284	-1.93631992601339E-19	-5.38869183157645E-03	3.78642776165926E-19
0	0	285	-1.92550019759467E-19	-5.35507681651149E-03	3.77090538723339E-19
0	0	286	0	-5.32157228186931E-03	0
0	0	287	0	-5.28821392007446E-03	0
0	0	288	0	-5.25503679706776E-03	0
0	0	289	0	-5.22204091284918E-03	0
0	0	290	0	-5.18922626741874E-03	0
0	0	291	0	-5.15659286077643E-03	0
0	0	292	0	-5.12414069292226E-03	0
0	0	293	0	-5.09186976385622E-03	0
0	0	294	0	-5.05978007357831E-03	0
0	0	295	0	-5.02787162208853E-03	0
0	0	296	0	-4.99614440938689E-03	0
0	0	297	0	-4.96459843547338E-03	0
0	0	298	6.02554036952907E-19	-4.9334197130293E-03	2.03566098146647E-18
0	0	299	5.97553661714254E-19	-4.9023451693563E-03	1.0960267478035E-18
0	0	300	5.94206111985845E-19	-4.87149569964393E-03	1.18841222397169E-18
0	0	301	5.90766283035746E-19	-4.8408713038922E-03	1.58800423479402E-18
0	0	302	5.86239258737057E-19	-4.8104719821011E-03	1.0960267478035E-18
0	0	303	5.82821794004155E-19	-4.78029773427065E-03	1.0960267478035E-18
0	0	304	5.79429054788994E-19	-4.75034856040083E-03	1.15885810957799E-18
0	0	305	5.75300607522202E-19	-4.72062446049164E-03	1.0960267478035E-18
0	0	306	5.71953087846281E-19	-4.69112543454309E-03	1.0960267478035E-18
0	0	307	5.68871541397244E-19	-4.66185148255518E-03	2.13767419349806E-18
0	0	308	5.65057961183136E-19	-4.6328026045279E-03	1.0960267478035E-18
0	0	309	5.61589359600213E-19	-4.60397880046127E-03	1.34203142885857E-18
0	0	310	5.5807207369157E-19	-4.57538007035527E-03	1.71337706867466E-18
0	0	311	5.54700665405328E-19	-4.5470064142099E-03	1.0960267478035E-18
0	0	312	0	-4.51890013967673E-03	0
0	0	313	0	-4.49100204839847E-03	0
0	0	314	0	-4.46333507640313E-03	0
0	0	315	8.38939204081937E-24	-4.43598690858562E-03	5.68479074531719E-19
0	0	316	1.16295530057677E-23	-4.40876246233559E-03	6.15064464300118E-19
0	0	317	1.52826287975891E-23	-4.38176258379661E-03	6.60800766385499E-19
0	0	318	-8.2922654641221E-24	-4.35498727296868E-03	0
0	0	319	2.3827524861852E-23	-4.32843652985179E-03	7.49726107507198E-19
0	0	320	2.87193451342918E-23	-4.30211035444596E-03	7.92915146543518E-19
0	0	321	3.40240802336047E-23	-4.27600874675117E-03	8.35255097896818E-19
0	0	322	3.97417301597914E-23	-4.25013170676743E-03	8.76745961567098E-19
0	0	323	4.34579636016485E-23	-4.22447923449474E-03	8.69104172419918E-19
0	0	324	0	-4.1990513299331E-03	0
0	0	325	2.82724613807573E-24	-4.1738479930825E-03	4.74344774514199E-20
0	0	326	6.0674071030244E-24	-4.14886922394296E-03	9.40198672198198E-20
0	0	327	9.72048289484599E-24	-4.12411502251447E-03	1.397561693052E-19
0	0	328	7.92722227028569E-23	-4.09958538879702E-03	1.06169945631847E-18
0	0	329	8.76738190037176E-23	-4.07528032279062E-03	1.09767125004912E-18
0	0	330	0	-4.05125035591189E-03	0
0	0	331	0	-4.02742860844215E-03	0
0	0	332	1.4910588443966E-22	-4.00381281026894E-03	1.28216065529749E-18
0	0	333	6.82847529350762E-23	-3.98040508674043E-03	8.24295015351061E-19
0	0	334	1.19262622404473E-22	-3.95720208507945E-03	1.22787537565534E-18
0	0	335	1.11496748731114E-22	-3.93420380528598E-03	1.25197536309441E-18
0	0	336	4.94801850808023E-23	-3.91141024736004E-03	8.05968271034803E-19
0	0	337	4.32119957960325E-23	-3.88882141130162E-03	7.99898085955754E-19
0	0	338	7.10457817524662E-23	-3.86643729711073E-03	1.18903227075716E-18
0	0	339	3.06756172265287E-23	-3.84425790478737E-03	7.87815810337212E-19
0	0	340	2.25299334847002E-23	-3.82228323433152E-03	7.49476787498597E-19
0	0	341	1.6743912606452E-23	-3.8005132857432E-03	7.43786637532475E-19
0	0	342	1.27842070162745E-23	-3.77894805902241E-03	8.01559414103704E-19
0	0	343	5.60286008748501E-24	-3.75758755416914E-03	7.63883637258351E-19
0	0	344	-6.65329197284001E-25	-3.73643177118339E-03	7.57949006104932E-19
0	0	345	0	-3.71548071006516E-03	3.51451042154897E-19
0	0	346	-1.2186191784729E-23	-3.69473437081446E-03	7.15626360399647E-19
0	0	347	-1.79722126629761E-23	-3.67419275343129E-03	7.10052399512637E-19
0	0	348	-1.0943041871291E-23	-3.65384735407714E-03	7.18456638433634E-19
0	0	349	1.6468238130264E-23	-3.63368373041539E-03	7.12016381586739E-19
0	0	350	4.38795181318174E-23	-0.003613701667557	7.05576124739844E-19
0	0	351	7.12907981333708E-23	-3.59390116550197E-03	6.9913586789295E-19
0	0	352	6.99139720122534E-23	-3.57428222425029E-03	4.90659391157623E-19
0	0	353	1.26113358136523E-22	-3.55484484380196E-03	6.8625535419916E-19
0	0	354	1.53524638138076E-22	-3.53558902415699E-03	6.79815097352265E-19
0	0	355	1.88474914728782E-22	-3.51651476531537E-03	7.01432125526428E-19
0	0	356	2.08347198141184E-22	-3.4976220672771E-03	6.66934583658476E-19
0	0	357	2.35758478142778E-22	-3.47891093004219E-03	6.60494326811581E-19
0	0	358	2.63169758144333E-22	-3.46038135361064E-03	6.54054069964686E-19
0	0	359	2.90581038145885E-22	-3.44203333798244E-03	6.47613813117791E-19
0	0	360	4.23989757529952E-22	-3.42386688315759E-03	8.54898075027862E-19
0	0	361	2.30269065432674E-22	-3.4058819891361E-03	4.23155532949334E-19
0	0	362	1.24271626050194E-22	-3.38807865591796E-03	2.09431014192369E-19
0	0	363	1.33408719384046E-22	-3.37045688350317E-03	2.07284261910071E-19
0	0	364	2.85091625435809E-22	-3.35301667189174E-03	4.10275019255544E-19
0	0	365	3.03365812103512E-22	-3.33575802108367E-03	4.05981514690948E-19
0	0	366	3.41742498694416E-22	-3.31868093107895E-03	4.26793510759249E-19
0	0	367	3.39914185438917E-22	-3.30178540187758E-03	3.97394505561755E-19
0	0	368	3.58188372106647E-22	-3.28507143347956E-03	3.93101000997158E-19
0	0	369	3.7646255877435E-22	-3.26853902588491E-03	3.88807496432562E-19
0	0	370	3.94736745442052E-22	-3.2521881790936E-03	3.84513991867965E-19
0	0	371	0	-3.23556283357323E-03	0
0	0	372	0	-3.2195115422855E-03	0
0	0	373	0	-3.2036396038295E-03	0
0	0	374	0	-3.18794701820523E-03	0
0	0	375	0	-3.17185727688431E-03	0
0	0	376	0	-3.1563273652234E-03	0
0	0	377	0	-3.14093160664268E-03	0
0	0	378	0	-3.12567000114215E-03	0
0	0	379	0	-3.11054254872181E-03	0
0	0	380	0	-3.09554466818706E-03	1.85381900874839E-19
0	0	381	9.44966217073795E-22	-3.08067387174066E-03	1.66465323196907E-19
0	0	382	-5.00722150807604E-22	-3.06594018843069E-03	6.22731881690899E-19
0	0	383	-8.07561310752834E-22	-3.05134361825715E-03	9.44015068183675E-19
0	0	384	0	-3.03688416122004E-03	1.81868917715659E-19
0	0	385	-3.35078202215948E-22	-3.02256181731935E-03	5.54466466314403E-19
0	0	386	-6.44414947790805E-22	-3.0083765865551E-03	9.72724930791445E-19
0	0	387	0	-2.99432846892728E-03	1.79320398480466E-19
0	0	388	-2.32024522475241E-22	-2.98041746443589E-03	5.41165314057959E-19
0	0	389	1.69434253624293E-22	-2.96664357308093E-03	1.66465323196907E-19
0	0	390	0	-2.9530067948624E-03	1.76845780503151E-19
0	0	391	-1.47395248839467E-22	-2.9395071297803E-03	5.78209596304193E-19
0	0	392	1.08136704176346E-22	-2.92614457783463E-03	1.66465323196907E-19
0	0	393	0	-2.91291913902539E-03	1.74445063783713E-19
0	0	394	2.22147111375602E-23	-2.89983081335258E-03	1.66465323196907E-19
0	0	395	8.4340635864109E-24	-2.88687960081619E-03	5.10416685906894E-19
0	0	396	8.55705803332966E-23	-2.87406550141624E-03	8.39995491169762E-19
0	0	397	0	-2.86138851515272E-03	1.71359065670051E-19
0	0	398	1.27414563802421E-22	-2.84884864202563E-03	5.44040982163552E-19
0	0	399	0	-2.83644588203497E-03	1.69865334118472E-19
0	0	400	0	-2.82418023518073E-03	1.69130785218996E-19
0	0	401	2.14541423067825E-22	-2.81205170146293E-03	4.84380957704406E-19
0	0	402	-2.84448742454922E-22	-2.80006028088156E-03	1.66465323196907E-19
0	0	403	-2.79945415230539E-22	-2.78898107506912E-03	-3.56047075675879E-19
0	0	404	-1.19389572447537E-22	-2.77719418956565E-03	-3.56047075675879E-19
0	0	405	-1.18802538367678E-22	-2.76550866347619E-03	-3.56047075675879E-19
0	0	406	-2.75836176671578E-22	-2.75392449680074E-03	-3.56047075675879E-19
0	0	407	1.37233215242645E-22	-2.74244168953932E-03	-3.04015120585164E-20
0	0	408	1.36548342149477E-22	-2.73106024169192E-03	-3.17590195660322E-20
0	0	409	0	-2.71978015325853E-03	-3.42150680283835E-19
0	0	410	0	-2.70860142423915E-03	-3.4074438656774E-19
0	0	411	1.34493722869997E-22	-2.6975240546338E-03	-3.59080486968453E-20
0	0	412	0	-2.68654804444246E-03	-3.37970052439684E-19
0	0	413	0	-2.67567339366514E-03	-3.36602012027722E-19
0	0	414	-1.51358975531994E-22	-2.66490010230184E-03	-3.56047075675879E-19
0	0	415	-2.63508460994656E-22	-2.65422817035256E-03	-3.56047075675879E-19
0	0	416	-2.62138714808316E-22	-2.64365759781729E-03	-3.56047075675879E-19
0	0	417	0	-2.63318838469604E-03	-3.31257361393652E-19
0	0	418	0	-2.62282026179239E-03	-6.99634974878216E-19
0	0	419	1.32187787666226E-22	-2.61255187090782E-03	-3.76117000102556E-19
0	0	420	0	-2.60238302393652E-03	-6.99634974878216E-19
0	0	421	1.53272144312763E-22	-2.59231372087847E-03	-3.37114181636278E-19
0	0	422	0	-2.58234396173368E-03	-6.99634974878216E-19
0	0	423	1.36038464881107E-22	-2.57247374650214E-03	-3.76990646221183E-19
0	0	424	1.56572724782672E-22	-2.56270307518386E-03	-3.39056124659468E-19
0	0	425	0	-2.55303194777884E-03	-6.99634974878216E-19
0	0	426	1.38926472792278E-22	-2.54346036428708E-03	-3.77908857716418E-19
0	0	427	0	-2.53398832470857E-03	-6.99634974878216E-19
0	0	428	0	-2.52461582904333E-03	-6.35197681200523E-19
0	0	429	0	-2.51534287729134E-03	-6.99634974878216E-19
0	0	430	0	-2.50617229438605E-03	0
0	0	431	0	-2.49719926199906E-03	0
0	0	432	0	-2.4883018299836E-03	0
0	0	433	0	-2.47947999833966E-03	0
0	0	434	0	-2.47073376706725E-03	0
0	0	435	0	-2.46206313616636E-03	0
0	0	436	0	-0.002453468105637	0
0	0	437	0	-2.44494867547916E-03	0
0	0	438	0	-2.43650484569285E-03	0
0	0	439	0	-2.42813661627806E-03	0
0	0	440	0	-2.41984398723479E-03	0
0	0	441	0	-2.41162695856305E-03	0
0	0	442	0	-2.40348553026283E-03	0
0	0	443	0	-2.39541970233414E-03	0
0	0	444	0	-2.38742947477697E-03	0
0	0	445	0	-2.37951484759133E-03	0
0	0	446	0	-2.37167582077721E-03	0
0	0	447	0	-2.36391239433462E-03	0
0	0	448	0	-2.35622456826355E-03	0
0	0	449	0	-0.002348612342564	0
0	0	450	0	-2.34107571723598E-03	0
0	0	451	0	-2.33361469227948E-03	0
0	0	452	0	-2.32622926769451E-03	0
0	0	453	0	-2.31891944348106E-03	0
0	0	454	0	-2.31168521963914E-03	0
0	0	455	0	-2.30452659616874E-03	0
0	0	456	0	-2.29744357306987E-03	0
0	0	457	0	-2.29043615034252E-03	0
0	0	458	-1.37112368304488E-19	-2.28378327818244E-03	0
0	0	459	-1.36697499146415E-19	-2.27687309744851E-03	0
0	0	460	-1.36716862609256E-19	-2.27003559707647E-03	0
0	0	461	-1.35581860836303E-19	-2.26327077706629E-03	1.76732636285446E-19
0	0	462	-1.3573261092987E-19	-0.002256578637418	0
0	0	463	-1.35081657900376E-19	-2.24995917813159E-03	0
0	0	464	-1.3468860643543E-19	-2.24341239920705E-03	0
0	0	465	-1.3430950724791E-19	-2.23693830064439E-03	1.69096443691108E-19
0	0	466	0	-2.23063213361713E-03	0
0	0	467	0	-2.2244262766004E-03	0
0	0	468	0	-2.21827687933068E-03	0
0	0	469	0	-2.21218394180797E-03	0
0	0	470	0	-2.20614746403228E-03	0
0	0	471	0	-2.20016744600359E-03	0
0	0	472	0	-2.19424388772192E-03	0
0	0	473	0	-2.18837678918726E-03	0
0	0	474	0	-2.18256615039962E-03	0
0	0	475	0	-2.17681197135898E-03	0
0	0	476	0	-2.17111425206536E-03	0
0	0	477	0	-2.16547299251875E-03	0
0	0	478	0	-2.15988819271915E-03	0
0	0	479	0	-2.15435985266657E-03	0
0	0	480	0	-2.14888797236099E-03	0
0	0	481	0	-2.14347255180243E-03	0
0	0	482	0	-2.13811359099088E-03	0
0	0	483	0	-2.13281108992635E-03	0
0	0	484	0	-2.12756504860882E-03	0
0	0	485	0	-2.12237546703831E-03	0
0	0	486	0	-2.11724234521481E-03	0
0	0	487	0	-2.11216568313832E-03	0
0	0	488	0	-2.10714548080885E-03	0
0	0	489	0	-2.10218173822639E-03	0
0	0	490	0	-2.09727445539094E-03	0
0	0	491	0	-2.0924236323025E-03	0
0	0	492	0	-2.08762926896107E-03	0
0	0	493	0	-2.08289136536666E-03	0
0	0	494	0	-2.07820992151925E-03	0
0	0	495	0	-2.07358493741887E-03	0
0	0	496	0	-2.06901641306549E-03	0
0	0	497	0	-2.06450434845912E-03	0
0	0	498	0	-2.06004874359977E-03	0
0	0	499	0	-2.05564959848743E-03	0
0	0	500	0	-2.0513069131221E-03	0
0	0	501	0	-2.04702068750379E-03	0
0	0	502	0	-2.04279092163248E-03	0
0	0	503	0	-2.03861761550819E-03	0
0	0	504	0	-2.03450076913091E-03	0
0	0	505	0	-2.03044038250064E-03	0
0	0	506	0	-2.02643645561739E-03	0
0	0	507	0	-2.02248898848115E-03	0
0	0	508	0	-2.01859798109192E-03	0
0	0	509	0	-2.0147634334497E-03	0
0	0	510	0	-2.01098534555449E-03	0
0	0	511	0	-2.0072637174063E-03	0
0	0	512	0	-2.00359854900512E-03	0
0	0	513	0	-1.99998984035095E-03	0
0	0	514	0	-1.99643759144379E-03	0
0	0	515	0	-1.99294180228365E-03	0
0	0	516	0	-1.98943019548715E-03	0
0	0	517	0	-1.98592348102065E-03	0
0	0	518	0	-1.98246943107687E-03	0
0	0	519	0	-1.9790680456558E-03	0
0	0	520	0	-1.97571932475745E-03	0
0	0	521	0	-1.97242326838181E-03	0
0	0	522	0	-1.96917390856844E-03	1.8275323423281E-19
0	0	523	0	-1.96595475920528E-03	8.41051813372349E-20
0	0	524	0	-1.96278044726346E-03	1.77697542926769E-19
0	0	525	0	-1.95965097274298E-03	2.56915556001498E-19
0	0	526	0	-1.95656633564384E-03	2.6471750581845E-19
0	0	527	0	-1.95352653596604E-03	1.70114005967707E-19
0	0	528	0	-1.95097025460311E-03	0
0	0	529	0	-1.94809202128363E-03	0
0	0	530	0	-1.94525529708003E-03	0
0	0	531	0	-1.9424600819923E-03	0
0	0	532	0	-1.93970637602046E-03	0
0	0	533	0	-1.9369941791645E-03	0
0	0	534	0	-1.93432349142441E-03	0
0	0	535	0	-1.93169431280021E-03	0
0	0	536	0	-1.92910664329189E-03	0
0	0	537	0	-1.92656048289945E-03	0
0	0	538	0	-1.92405583162288E-03	0
0	0	539	0	-1.9215926894622E-03	0
0	0	540	0	-1.9191710564174E-03	0
0	0	541	0	-1.91679093248848E-03	0
0	0	542	0	-1.91445231767544E-03	0
0	0	543	0	-1.91215521197828E-03	0
0	0	544	0	-0.001909899615397	0
0	0	545	0	-1.9076855279316E-03	0
0	0	546	0	-1.90551294958208E-03	0
0	0	547	0	-1.90338188034844E-03	0
0	0	548	0	-1.90129232023068E-03	0
0	0	549	0	-1.8992442692288E-03	0
0	0	550	0	-1.8972377273428E-03	0
0	0	551	0	-1.89527269457268E-03	0
0	0	552	0	-1.89334917091844E-03	0
0	0	553	0	-1.89146715638008E-03	0
0	0	554	0	-1.8896266509576E-03	0
0	0	555	0	-1.88782765465101E-03	0
0	0	556	0	-1.88607016746029E-03	0
0	0	557	0	-1.88435418938545E-03	0
0	0	558	0	-1.88267972042649E-03	0
0	0	559	0	-1.88104676058342E-03	0
0	0	560	0	-1.87945530985622E-03	0
0	0	561	0	-1.8779053682449E-03	0
0	0	562	0	-1.87639693574947E-03	0
0	0	563	0	-1.87493001236991E-03	0
0	0	564	0	-1.87350459810623E-03	0
0	0	565	0	-1.87212069295844E-03	0
0	0	566	0	-1.87077829692652E-03	0
0	0	567	0	-1.86947741001049E-03	0
0	0	568	0	-1.86821803221033E-03	0
0	0	569	0	-1.86700016352606E-03	0
0	0	570	0	-1.86582380395766E-03	0
0	0	571	0	-1.86468895350515E-03	0
0	0	572	0	-1.86359561216851E-03	0
0	0	573	0	-1.86254377994776E-03	0
0	0	574	0	-1.86153345684288E-03	0
0	0	575	0	-1.86056464285389E-03	0
0	0	576	0	-1.85963733798078E-03	0
0	0	577	0	-1.85875154222354E-03	0
0	0	578	0	-1.85790725558219E-03	0
0	0	579	0	-1.85708353517528E-03	0
0	0	580	0	-1.85628185064627E-03	0
0	0	581	0	-1.8555195302978E-03	0
0	0	582	0	-1.85479657412987E-03	0
0	0	583	0	-1.85411298214248E-03	0
0	0	584	0	-1.85346875433563E-03	0
0	0	585	0	-1.85286389070932E-03	0
0	0	586	0	-1.85229839126355E-03	0
0	0	587	0	-1.85177225599832E-03	0
0	0	588	0	-1.85128548491363E-03	0
0	0	589	0	-1.85083807800948E-03	0
0	0	590	0	-1.85043003528587E-03	0
0	0	591	0	-1.85006135674279E-03	0
0	0	592	0	-1.84973204238026E-03	0
0	0	593	0	-1.84944209219827E-03	0
0	0	594	0	-1.84919150619682E-03	0
0	0	595	0	-1.84898028437591E-03	0
0	0	596	0	-1.84880842673554E-03	0
0	0	597	0	-1.8486759332757E-03	0
0	0	598	0	-1.84858280399641E-03	0
0	0	599	0	-1.84852903889766E-03	0
0	0	600	0	-1.84888216673388E-03	-2.1483170419048E-07
