fieldmap_name:     	SWLS Sirius
timestamp:         	2022-08-15_15-53-47
filename:          	2022-08-15_SWLS_Sirius_Model8.0_dcp+0.2mm_Z=-600_600mm.txt
MagNet_file:       	SWLS_Sirius_Model8.0_dcp+0.2mm.mn
nr_magnets:        	1

magnet_name:       	SWLS
gap[mm]:           	
control_gap[mm]:   	--
magnet_length[mm]: 	
current_main[A]:   	--
NI_main[A.esp]:    	--
center_pos_z[mm]:  	0
center_pos_x[mm]:  	0
rotation[deg]:     	0

X[mm]	Y[mm]	Z[mm]	Bx	By	Bz [T]
------------------------------------------------------------------------------------------------------------------------------------------------------------------
0	0	-600	0	-1.81887286196892E-03	0
0	0	-599	0	-1.81890242684624E-03	0
0	0	-598	0	-1.81896932021183E-03	0
0	0	-597	0	-1.8190735420657E-03	0
0	0	-596	0	-1.81921509240784E-03	0
0	0	-595	0	-1.81939397123826E-03	0
0	0	-594	0	-1.81961017855696E-03	0
0	0	-593	0	-1.81986371436393E-03	0
0	0	-592	0	-1.82015457865918E-03	0
0	0	-591	0	-1.8204827714427E-03	0
0	0	-590	0	-1.8208482927145E-03	0
0	0	-589	0	-1.82125114247457E-03	0
0	0	-588	0	-1.82169132072292E-03	0
0	0	-587	0	-1.82216882745955E-03	0
0	0	-586	0	-1.82268366268445E-03	0
0	0	-585	0	-1.82323582639763E-03	0
0	0	-584	0	-1.82382531859908E-03	0
0	0	-583	0	-1.82445213928881E-03	0
0	0	-582	0	-1.82511628846681E-03	0
0	0	-581	0	-1.82581776613309E-03	0
0	0	-580	0	-1.82655657228764E-03	0
0	0	-579	0	-1.82733270693048E-03	0
0	0	-578	0	-1.82814617006158E-03	0
0	0	-577	0	-1.82899696168096E-03	0
0	0	-576	0	-1.82988508178862E-03	0
0	0	-575	0	-1.83081053038456E-03	0
0	0	-574	0	-1.83177330746876E-03	0
0	0	-573	0	-1.83277341304125E-03	0
0	0	-572	0	-1.83381084710201E-03	0
0	0	-571	-4.48700185435735E-22	-1.83427457203839E-03	-1.20267528139519E-19
0	0	-570	-4.98007819992036E-22	-1.83540559964971E-03	-1.20267528139519E-19
0	0	-569	-3.22430955681436E-22	-1.8365759337014E-03	-1.20267528139519E-19
0	0	-568	-3.66773326031423E-22	-1.83778557419347E-03	-1.20267528139519E-19
0	0	-567	-6.48068348257175E-22	-1.83903452112591E-03	-1.20267528139519E-19
0	0	-566	-4.54044246926336E-22	-1.84032277449873E-03	-1.20267528139519E-19
0	0	-565	-4.92007533264958E-22	-1.84165033431192E-03	-1.20267528139519E-19
0	0	-564	-3.74600019625206E-22	-1.84301720056548E-03	-1.20267528139519E-19
0	0	-563	-3.76737644221445E-22	-1.84442337325942E-03	-1.20267528139519E-19
0	0	-562	-2.76708555303818E-22	-1.84586885239373E-03	-1.20267528139519E-19
0	0	-561	-2.55433678673481E-22	-1.84735363796842E-03	-1.20267528139519E-19
0	0	-560	-2.56157483464691E-22	-1.84887772998348E-03	-1.20267528139519E-19
0	0	-559	-1.64990110661573E-22	-1.85044112843891E-03	-1.20267528139519E-19
0	0	-558	-1.53300754936981E-22	-1.85204383333472E-03	-1.20267528139519E-19
0	0	-557	-7.24089180534044E-23	-1.8536858446709E-03	-1.20267528139519E-19
0	0	-556	-5.6823110420627E-23	-1.85536716244746E-03	-1.20267528139519E-19
0	0	-555	-1.28257475775568E-23	-1.85708778666439E-03	-1.20267528139519E-19
0	0	-554	1.97934772704477E-23	-1.85884771732169E-03	-1.20267528139519E-19
0	0	-553	4.28609709901041E-23	-1.86064695441937E-03	-1.20267528139519E-19
0	0	-552	-6.65695531064933E-23	-1.86247195766749E-03	-5.30628177722818E-20
0	0	-551	-6.20850335264829E-23	-1.86432385298217E-03	-4.65748722673862E-20
0	0	-550	0	-1.86621970171146E-03	0
0	0	-549	0	-1.86815950385537E-03	0
0	0	-548	0	-1.87014325941388E-03	0
0	0	-547	0	-0.001872170968387	0
0	0	-546	0	-1.87424263077474E-03	0
0	0	-545	0	-1.87635824657709E-03	0
0	0	-544	1.29683932763914E-22	-1.87851781579405E-03	0
0	0	-543	1.02288366150996E-22	-1.88072133842562E-03	0
0	0	-542	-1.07313782729062E-22	-1.8829688144718E-03	-5.64069855734027E-20
0	0	-541	1.12339199307121E-22	-1.88526024393259E-03	0
0	0	-540	-1.56486154513584E-22	-0.001887595626808	-7.81225328552086E-20
0	0	-539	-1.63186709951005E-22	-1.88997496309801E-03	-7.95791422338778E-20
0	0	-538	0	-1.89239825280264E-03	0
0	0	-537	0	-1.89486549592188E-03	0
0	0	-536	0	-1.89737669245572E-03	0
0	0	-535	0	-1.89993184240419E-03	0
0	0	-534	0	-1.90253094576726E-03	0
0	0	-533	-3.55932574507152E-22	-1.90517400254494E-03	-1.54557897385312E-19
0	0	-532	1.57567948509701E-22	-1.90786101273723E-03	0
0	0	-531	-1.89692259269062E-22	-1.91059197634414E-03	-7.98280151053269E-20
0	0	-530	1.67618781665827E-22	-1.91336689336566E-03	0
0	0	-529	-2.01418231284542E-22	-1.91618576380179E-03	-8.23770815179979E-20
0	0	-528	2.36892819762603E-22	-1.91904858765253E-03	0
0	0	-527	-2.43593375200025E-22	-1.92195536491788E-03	-9.70584547779073E-20
0	0	-526	4.38014378615527E-22	-1.92490609559784E-03	0
0	0	-525	0	-1.92790077969241E-03	0
0	0	-524	0	-1.9309394172016E-03	0
0	0	-523	0	-1.93402200812539E-03	0
0	0	-522	0	-1.9371485524638E-03	0
0	0	-521	0	-1.94031905021682E-03	0
0	0	-520	2.90497263261954E-22	-1.94353350138445E-03	0
0	0	-519	2.97197818699375E-22	-1.94679190596669E-03	0
0	0	-518	-2.65911077369698E-22	-1.95009426396355E-03	-9.63969467876882E-20
0	0	-517	-2.71774063377434E-22	-1.95344057537501E-03	-9.76714799940237E-20
0	0	-516	-2.77637049385178E-22	-1.95683084020108E-03	-9.89460132003592E-20
0	0	-515	-2.83500035392914E-22	-1.96026505844177E-03	-1.00220546406695E-19
0	0	-514	0	-1.96374323009707E-03	0
0	0	-513	0	-1.96726535516698E-03	0
0	0	-512	0	-1.97058716688574E-03	0
0	0	-511	0	-1.97428463128335E-03	0
0	0	-510	0	-1.97804381067194E-03	0
0	0	-509	0	-1.98185835246023E-03	0
0	0	-508	-5.42750360675347E-22	-1.98661390078476E-03	-2.98195379485748E-19
0	0	-507	-2.61648920020101E-22	-1.99030805338988E-03	-1.51517494738806E-19
0	0	-506	-2.51922659702544E-22	-1.99406167823321E-03	-1.53937299734738E-19
0	0	-505	0	-1.99787477531474E-03	0
0	0	-504	0	-2.00174734463448E-03	0
0	0	-503	-2.22743878749843E-22	-2.00567938619241E-03	-1.61196714722535E-19
0	0	-502	0	-2.00967089998856E-03	0
0	0	-501	-4.06582716229427E-22	-2.0137218860229E-03	-3.32072649428798E-19
0	0	-500	-1.75968270724674E-22	-2.01783234429545E-03	-1.53141936100301E-19
0	0	-499	0	-2.02200227480621E-03	0
0	0	-498	-3.48225154324025E-22	-2.02623167755517E-03	-3.4659147940439E-19
0	0	-497	-1.6438631684444E-22	-2.03052055254233E-03	-1.75715544698127E-19
0	0	-496	-3.09320113053732E-22	-2.0348688997677E-03	-3.56270699388119E-19
0	0	-495	-2.89867592418622E-22	-2.03927671923127E-03	-3.61110309379983E-19
0	0	-494	-1.3520753589174E-22	-2.04374401093304E-03	-1.82974959685924E-19
0	0	-493	-1.25481275574182E-22	-2.04827077487302E-03	-1.85394764681856E-19
0	0	-492	0	-2.0528570110512E-03	0
0	0	-491	0	-2.05750271946759E-03	0
0	0	-490	-8.75477223831641E-23	-2.06220790012218E-03	-1.75140163336048E-19
0	0	-489	0	-2.06697255301497E-03	0
0	0	-488	-1.46713586701215E-22	-2.07179667814597E-03	-3.77033598444714E-19
0	0	-487	-7.3225869456849E-23	-2.07668027551517E-03	-2.18087557808126E-19
0	0	-486	0	-2.08162334512258E-03	0
0	0	-485	-9.53423860673016E-23	-2.08662588696819E-03	-4.09506409298626E-19
0	0	-484	-3.79449327160777E-23	-0.002091687901052	-2.07173009645245E-19
0	0	-483	-5.64373447970079E-23	-2.09680938737402E-03	-4.19185629282355E-19
0	0	-482	-1.68112837099388E-23	-2.10199034593424E-03	-1.92738745124645E-19
0	0	-481	-8.76615176337736E-24	-2.10723077673267E-03	-2.14432424633041E-19
0	0	-480	8.72825958346901E-25	-2.1125306797693E-03	-1.97138390571794E-19
0	0	-479	2.13727377435059E-23	-2.11789005504414E-03	-4.38544069249812E-19
0	0	-478	2.04126291893253E-23	-2.12330890255717E-03	-2.21691839620838E-19
0	0	-477	0	-2.12878722230841E-03	0
0	0	-476	7.97302996489097E-23	-2.13432501429786E-03	-4.53062899225405E-19
0	0	-475	4.95914101420272E-23	-2.13992227852551E-03	-2.28951254608634E-19
0	0	-474	5.39251549632705E-24	-2.14557901499136E-03	-2.10337326913242E-20
0	0	-473	1.3808786155431E-22	-2.15129522369542E-03	-4.67581729200997E-19
0	0	-472	0	-2.15701861639316E-03	0
0	0	-471	0	-2.16280040927835E-03	0
0	0	-470	0	-2.16865421621553E-03	0
0	0	-469	0	-2.17458003720471E-03	0
0	0	-468	0	-2.18057787224587E-03	0
0	0	-467	0	-2.18664772133903E-03	0
0	0	-466	0	-2.19278958448418E-03	0
0	0	-465	0	-2.19900346168132E-03	0
0	0	-464	0	-2.20528935293045E-03	0
0	0	-463	0	-2.21164725823158E-03	0
0	0	-462	0	-2.2180771775847E-03	0
0	0	-461	0	-2.22457911098981E-03	0
0	0	-460	0	-2.23115305844691E-03	0
0	0	-459	0	-2.23779901995601E-03	0
0	0	-458	0	-2.24451699551709E-03	0
0	0	-457	0	-2.25130698513017E-03	0
0	0	-456	0	-2.25816898879525E-03	0
0	0	-455	0	-2.26510300651231E-03	0
0	0	-454	0	-2.27210903828136E-03	0
0	0	-453	0	-2.27918708410241E-03	0
0	0	-452	0	-2.28633714397545E-03	0
0	0	-451	0	-2.29355921790049E-03	0
0	0	-450	0	-2.30085330587751E-03	0
0	0	-449	0	-2.30821940790653E-03	0
0	0	-448	0	-2.31565752398754E-03	0
0	0	-447	0	-2.32316765412054E-03	0
0	0	-446	0	-2.33074979830553E-03	0
0	0	-445	0	-2.33840395654252E-03	0
0	0	-444	0	-2.34613012883149E-03	0
0	0	-443	-6.27266446116849E-22	-2.35393710532518E-03	0
0	0	-442	-1.00444157609593E-22	-2.36181845295851E-03	0
0	0	-441	-3.85375630132158E-22	-2.36977286345979E-03	0
0	0	-440	9.22436574564907E-23	-2.37780033682903E-03	-5.96560060453181E-20
0	0	-439	-8.8143407379932E-22	-2.38590087306622E-03	0
0	0	-438	-3.36172629213534E-22	-2.39407447217136E-03	0
0	0	-437	3.99714536134174E-23	-2.40232113414446E-03	-3.06387612622749E-20
0	0	-436	-1.51685314300563E-22	-2.41064085898551E-03	0
0	0	-435	2.15227221221198E-22	-2.41903364669451E-03	-1.87075600532113E-19
0	0	-434	-2.59292065029245E-22	-2.42712610337649E-03	-4.50262264638263E-19
0	0	-433	-1.4828941908013E-21	-2.43567274981411E-03	-4.50262264638263E-19
0	0	-432	-5.87514996428E-22	-2.4443199164197E-03	-4.50262264638263E-19
0	0	-431	0	-2.45306760319328E-03	-4.58473843285514E-19
0	0	-430	-8.42879728452623E-22	-2.46191581013483E-03	-4.50262264638263E-19
0	0	-429	-2.97865348326203E-22	-2.47086453724436E-03	-4.50262264638263E-19
0	0	-428	0	-2.47991378452187E-03	-4.63491345418452E-19
0	0	-427	-4.35727081065228E-22	-2.48906355196736E-03	-4.50262264638263E-19
0	0	-426	-1.62147799197077E-22	-2.49831383958083E-03	-4.50262264638263E-19
0	0	-425	-6.00019063872188E-22	-2.50766464736228E-03	-4.50262264638263E-19
0	0	-424	-3.44654331847579E-22	-2.5171159753117E-03	-4.50262264638263E-19
0	0	-423	0	-2.52666782342911E-03	-4.72229589680051E-19
0	0	-422	-4.54302665123949E-22	-2.53632019171449E-03	-4.50262264638263E-19
0	0	-421	-1.01432633051967E-22	-2.54607308016785E-03	-4.50262264638263E-19
0	0	-420	-2.2322399955736E-22	-2.55592648878919E-03	-4.50262264638263E-19
0	0	-419	-1.92866416484809E-22	-2.5658804175785E-03	-4.50262264638263E-19
0	0	-418	6.50035333649072E-23	-2.5759348665358E-03	-6.38816811269513E-19
0	0	-417	-2.11442000543512E-22	-2.58608983566107E-03	-4.50262264638263E-19
0	0	-416	6.10762003602996E-23	-2.59634532495433E-03	-7.26017898130891E-19
0	0	-415	-1.14297734711349E-22	-2.60670133441556E-03	-4.50262264638263E-19
0	0	-414	0	-2.61715786404477E-03	-4.89142012577047E-19
0	0	-413	-2.14418360989681E-23	-2.62771491384195E-03	-4.50262264638263E-19
0	0	-412	7.8546660092212E-24	-2.63837248380712E-03	-4.50262264638263E-19
0	0	-411	0	-2.6491307111807E-03	0
0	0	-410	0	-2.65998845592801E-03	0
0	0	-409	0	-2.67094516673339E-03	0
0	0	-408	0	-2.68200084359683E-03	0
0	0	-407	0	-2.69315548651833E-03	0
0	0	-406	0	-2.70440909549788E-03	0
0	0	-405	0	-2.7157616705355E-03	0
0	0	-404	0	-2.72721321163117E-03	0
0	0	-403	0	-2.73876371878491E-03	0
0	0	-402	0	-2.7504131919967E-03	0
0	0	-401	0	-2.76216163126656E-03	0
0	0	-400	0	-2.77400903659447E-03	0
0	0	-399	0	-2.78595540798045E-03	0
0	0	-398	1.67639171936255E-22	-2.79741385729482E-03	-8.28380290698658E-19
0	0	-397	0	-2.80962156236351E-03	0
0	0	-396	0	-2.82196234016315E-03	0
0	0	-395	0	-2.83443619069374E-03	0
0	0	-394	2.27064391206444E-22	-2.84704311395528E-03	-4.09593784583256E-19
0	0	-393	2.93309424227857E-22	-2.85978310994777E-03	-4.59882849694757E-19
0	0	-392	0	-2.87263515317395E-03	0
0	0	-391	0	-2.88562120957623E-03	0
0	0	-390	0	-2.89874398690219E-03	0
0	0	-389	0	-2.91200348515182E-03	0
0	0	-388	0	-2.92539970432513E-03	0
0	0	-387	0	-2.93893264442212E-03	0
0	0	-386	0	-2.95260230544278E-03	0
0	0	-385	0	-2.96640868738712E-03	0
0	0	-384	0	-2.98035179025514E-03	0
0	0	-383	0	-2.99443161404683E-03	0
0	0	-382	0	-3.0086481587622E-03	0
0	0	-381	0	-3.02300142440125E-03	0
0	0	-380	0	-3.03749141096397E-03	0
0	0	-379	0	-3.05211811845037E-03	0
0	0	-378	0	-3.06688154686044E-03	0
0	0	-377	0	-3.08178169619419E-03	0
0	0	-376	0	-3.09681856645162E-03	0
0	0	-375	0	-3.11199215763272E-03	0
0	0	-374	0	-3.12730246973751E-03	0
0	0	-373	0	-3.14274950276596E-03	0
0	0	-372	0	-3.15833325671809E-03	0
0	0	-371	0	-3.17391668048983E-03	0
0	0	-370	0	-3.18970527627234E-03	0
0	0	-369	0	-3.20566467062928E-03	0
0	0	-368	0	-3.22179486356065E-03	0
0	0	-367	0	-3.23809585506646E-03	0
0	0	-366	0	-3.25456764514671E-03	0
0	0	-365	0	-3.27121023380139E-03	0
0	0	-364	0	-3.28802362103051E-03	0
0	0	-363	0	-3.30500780683406E-03	0
0	0	-362	0	-3.32216279121205E-03	0
0	0	-361	0	-3.33948857416447E-03	0
0	0	-360	0	-3.35698515569133E-03	0
0	0	-359	-3.71986388598091E-22	-3.37462141141394E-03	-3.68082434559363E-19
0	0	-358	-6.46278291734318E-22	-3.39239632882464E-03	-7.06619008830708E-19
0	0	-357	-6.16613100139246E-22	-3.41035487425542E-03	-7.51454096840659E-19
0	0	-356	-7.7410656625513E-22	-3.42849704770626E-03	-1.06273819498228E-18
0	0	-355	-4.64790751928214E-22	-3.44682284917718E-03	-7.28406158334462E-19
0	0	-354	-4.25573584553876E-22	-3.46533227866815E-03	-7.74387938423559E-19
0	0	-353	-3.43799058724152E-22	-3.4840253361792E-03	-7.42930924670298E-19
0	0	-352	-1.49106953748473E-22	-3.50290202171031E-03	-3.94838583072746E-19
0	0	-351	-1.05540331035824E-22	-3.52196233526148E-03	-3.58794801002906E-19
0	0	-350	-1.70854230440058E-22	-3.54120627683273E-03	-8.04966393867424E-19
0	0	-349	-1.55402868271789E-22	-3.56063384642404E-03	-1.17828596120617E-18
0	0	-348	-6.52418300746861E-23	-3.58024504403542E-03	-1.23038343238404E-18
0	0	-347	1.00926425726637E-23	-3.60003986966686E-03	-4.13950117725162E-19
0	0	-346	7.967186749008E-23	-3.62001832331837E-03	-7.93767606845725E-19
0	0	-345	2.06562947083145E-22	-3.64018040498995E-03	-1.18046524844116E-18
0	0	-344	3.06275961059518E-22	-3.6605261146816E-03	-1.23370941169817E-18
0	0	-343	1.37452319629577E-22	-3.68105545239331E-03	-4.29239345447095E-19
0	0	-342	3.38584477787632E-22	-3.70176841812509E-03	-8.66123304755155E-19
0	0	-341	5.83283258658306E-22	-3.72266501187694E-03	-1.26696348199338E-18
0	0	-340	2.32972077422263E-22	-3.74374523364885E-03	-4.40706266238544E-19
0	0	-339	5.29623993373003E-22	-3.76500908344083E-03	-8.89057146338055E-19
0	0	-338	0	-3.78639386939145E-03	-1.67764335641999E-19
0	0	-337	0	-3.80806064941076E-03	-2.11526588973693E-19
0	0	-336	0	-3.82991477928207E-03	-1.7067820671591E-19
0	0	-335	0	-3.85181250010938E-03	-2.26352212011072E-19
0	0	-334	0	-3.87401763492007E-03	-2.68629240753954E-19
0	0	-333	1.66888615166975E-19	-3.89644922085817E-03	-5.22763902482853E-19
0	0	-332	1.67855614893424E-19	-3.91909370614668E-03	-5.27655355575513E-19
0	0	-331	1.68831644994813E-19	-3.94194908710706E-03	-5.32546808668172E-19
0	0	-330	1.69816705471141E-19	-3.96501536373934E-03	-5.37438261760832E-19
0	0	-329	1.70775325305762E-19	-3.9882925360435E-03	0
0	0	-328	1.71813917548614E-19	-4.01178060401954E-03	-5.47221167946152E-19
0	0	-327	1.72823743386978E-19	-4.03547956766746E-03	-5.09642419420442E-19
0	0	-326	1.73845126751543E-19	-4.05938942698726E-03	-5.14157606890589E-19
0	0	-325	1.74852464661178E-19	-4.08351018197895E-03	0
0	0	-324	1.7589432543738E-19	-4.10784183264253E-03	0
0	0	-323	1.76964979303736E-19	-4.13238437897798E-03	-5.71678433409451E-19
0	0	-322	1.78005138114603E-19	-4.15713782098532E-03	0
0	0	-321	1.79074090015623E-19	-4.18210215866454E-03	0
0	0	-320	1.80152072291583E-19	-4.20727739201565E-03	0
0	0	-319	1.81247660801799E-19	-4.23266352103864E-03	-5.45763919181622E-19
0	0	-318	1.8233512796832E-19	-4.25826054573351E-03	0
0	0	-317	1.83440201369098E-19	-4.28406846610026E-03	0
0	0	-316	1.84557177871905E-19	-4.3100872821389E-03	-1.21183721011614E-18
0	0	-315	1.85676257608778E-19	-4.33631699384942E-03	-6.10810058150731E-19
0	0	-314	1.8680229663466E-19	-4.36275760123183E-03	-1.18404136777575E-18
0	0	-313	-4.6574934983133E-19	-4.38927192026213E-03	-1.5665067419348E-18
0	0	-312	-4.68618509743423E-19	-4.41617291625861E-03	-1.57782052311083E-18
0	0	-311	-4.71604793274529E-19	-4.44327260143148E-03	-5.96706521826359E-19
0	0	-310	-4.74447459250752E-19	-4.47057097578075E-03	-1.28239714381268E-18
0	0	-309	-4.77324917434267E-19	-4.49806803930642E-03	-1.97798436312263E-18
0	0	-308	-4.80306051838805E-19	-4.52576379200848E-03	-1.62318109903846E-18
0	0	-307	-4.83316198124857E-19	-4.55365823388694E-03	-9.84541978709922E-19
0	0	-306	-4.86276364354701E-19	-4.5817513649418E-03	-1.64592465773639E-18
0	0	-305	-4.89293155979701E-19	-4.61004318517305E-03	-1.65731225476887E-18
0	0	-304	-4.92321693619213E-19	-4.6385336945807E-03	-2.04805102560835E-18
0	0	-303	-4.95394989040612E-19	-4.66722289316474E-03	-1.3458892885882E-18
0	0	-302	-4.9847185427511E-19	-4.69611078092518E-03	-1.35500177547411E-18
0	0	-301	-5.01571224926708E-19	-4.72519735786202E-03	-1.70296809412232E-18
0	0	-300	-5.04694126674784E-19	-4.75448262397526E-03	-1.76314413564564E-18
0	0	-299	-5.07837916500075E-19	-4.78396657926489E-03	-1.77492453848561E-18
0	0	-298	-5.10990217660111E-19	-4.81364922373091E-03	-1.39155717424123E-18
0	0	-297	-5.14172534118113E-19	-4.84353055737334E-03	-1.40072238673889E-18
0	0	-296	-5.17413228239575E-19	-4.87361058019216E-03	-2.16070603194773E-18
0	0	-295	-5.20600437768221E-19	-4.90388929218737E-03	-1.41908444710126E-18
0	0	-294	-1.04766699865869E-18	-4.93437620994883E-03	3.20836710816909E-19
0	0	-293	-1.05316089462179E-18	-4.9650666114337E-03	5.28618737365525E-19
0	0	-292	0	-4.99591402886507E-03	-8.70690361993928E-19
0	0	-291	0	-5.02659438190986E-03	0
0	0	-290	0	-5.05780887321789E-03	0
0	0	-289	0	-5.08912370598332E-03	0
0	0	-288	0	-5.12053888020613E-03	0
0	0	-287	0	-5.15205439588634E-03	0
0	0	-286	0	-5.18367025302394E-03	0
0	0	-285	0	-5.21538645161894E-03	0
0	0	-284	0	-5.24720299167134E-03	0
0	0	-283	0	-5.27911987318113E-03	0
0	0	-282	-7.02665213951297E-22	-5.31113600789722E-03	-6.73235887520319E-19
0	0	-281	-5.71970025107902E-22	-5.34325600390047E-03	-8.10593805619071E-19
0	0	-280	6.01483586948527E-23	-5.37548359362794E-03	0
0	0	-279	0	-5.40781877707965E-03	0
0	0	-278	4.83429339586089E-23	-5.44026155425559E-03	-1.63745205480627E-19
0	0	-277	2.0517716057068E-22	-5.47281192515576E-03	-3.2857470719913E-19
0	0	-276	0	-5.50520767535258E-03	-7.05749365286232E-19
0	0	-275	0	-5.53781738815187E-03	-5.03698541338409E-19
0	0	-274	0	-5.57034324469756E-03	-7.25587248020398E-19
0	0	-273	4.58216743573538E-23	-5.60278524498964E-03	-5.24524082886678E-19
0	0	-272	0	-5.63520965468805E-03	0
0	0	-271	0	-5.66752330437189E-03	0
0	0	-270	0	-5.69975089758028E-03	0
0	0	-269	0	-5.73189243431321E-03	0
0	0	-268	0	-5.76394791457069E-03	0
0	0	-267	0	-5.79591733835271E-03	0
0	0	-266	0	-5.82780070565928E-03	0
0	0	-265	0	-5.85953549808917E-03	0
0	0	-264	0	-5.89097452080982E-03	0
0	0	-263	-1.5598920232062E-22	-5.92217854928439E-03	-1.14813461321368E-19
0	0	-262	-1.04667313282067E-22	-5.95321877926645E-03	-1.14813461321368E-19
0	0	-261	-4.03463240501185E-23	-5.98391344066073E-03	-1.14813461321368E-19
0	0	-260	2.21304601678434E-23	-6.01426253346723E-03	-1.14813461321368E-19
0	0	-259	8.15036809973245E-23	-6.04426605768593E-03	-1.14813461321368E-19
0	0	-258	2.25366758090132E-19	-6.0739022683265E-03	1.66637851800572E-19
0	0	-257	-2.16398430195268E-23	-6.10312970484335E-03	0
0	0	-256	2.6469250226021E-23	-6.13186528364345E-03	0
0	0	-255	-3.06769974798178E-23	-6.16010564767701E-03	-1.13564184259052E-19
0	0	-254	5.22362375738864E-19	-6.18780834653073E-03	-5.19619489414404E-19
0	0	-253	-1.18562564805854E-23	-6.21490619494001E-03	9.9134074376302E-19
0	0	-252	-9.8790576544758E-19	-6.24136576447543E-03	-4.9203115711172E-19
0	0	-251	0	-6.26712974356553E-03	0
0	0	-250	0	-6.29214284380524E-03	0
0	0	-249	0	-6.31635280514404E-03	-7.82491285491608E-19
0	0	-248	0	-6.33969775118495E-03	0
0	0	-247	1.19699012969701E-19	-6.36211553464167E-03	0
0	0	-246	0	-6.38353832370128E-03	0
0	0	-245	0	-6.40391049232402E-03	0
0	0	-244	0	-6.42314204219699E-03	0
0	0	-243	0	-6.44115273162308E-03	0
0	0	-242	-1.15391351516595E-22	-6.45786203398117E-03	-5.2479380937752E-19
0	0	-241	1.3118379451185E-22	-6.47319116685387E-03	0
0	0	-240	0	-6.48704849586765E-03	0
0	0	-239	0	-6.49934166858917E-03	0
0	0	-238	3.76422102347516E-19	-6.50996695351585E-03	-1.48795369223606E-19
0	0	-237	0	-6.51881801017902E-03	0
0	0	-236	-1.75716815029301E-19	-6.52578013773463E-03	-7.3471728182552E-19
0	0	-235	3.08139293894245E-22	-6.53074201011287E-03	-4.17594356914506E-19
0	0	-234	-6.79751362711367E-22	-6.53357704186357E-03	-4.47061137971318E-20
0	0	-233	0	-6.53415278841228E-03	0
0	0	-232	0	-6.53233713010611E-03	0
0	0	-231	8.81061533337468E-20	-6.52798110476492E-03	0
0	0	-230	0	-6.52093505042774E-03	0
0	0	-229	1.5171626952269E-22	-6.51103598843935E-03	-4.4122152856469E-19
0	0	-228	0	-6.49811303558223E-03	6.33229269120533E-19
0	0	-227	0	-6.48199419564091E-03	0
0	0	-226	0	-6.46248142505599E-03	0
0	0	-225	1.28098622069844E-19	-6.43938605789439E-03	2.47990497887678E-19
0	0	-224	0	-6.41249259932873E-03	0
0	0	-223	0	-6.38158496023767E-03	0
0	0	-222	0	-6.3464202170921E-03	0
0	0	-221	0	-6.30676626950111E-03	0
0	0	-220	0	-6.26234424344662E-03	0
0	0	-219	5.29386204144519E-22	-6.21290494199384E-03	0
0	0	-218	-4.94558282272048E-22	-6.15815650655578E-03	1.30704834925464E-18
0	0	-217	0	-6.09779258743514E-03	0
0	0	-216	-8.42663101520637E-23	-6.03149903864957E-03	1.90252073769852E-19
0	0	-215	0	-5.9589351725738E-03	0
0	0	-214	0	-5.87974512423933E-03	-5.12907976006619E-19
0	0	-213	0	-5.79354559984578E-03	0
0	0	-212	0	-5.69995058704199E-03	0
0	0	-211	0	-5.59854164736494E-03	0
0	0	-210	0	-5.48887767264304E-03	0
0	0	-209	0	-5.37049141787768E-03	0
0	0	-208	0	-5.24287970977833E-03	0
0	0	-207	0	-5.10554219367772E-03	0
0	0	-206	0	-4.95792682974281E-03	0
0	0	-205	0	-4.79944676009037E-03	0
0	0	-204	0	-4.62949009509801E-03	0
0	0	-203	0	-4.44742151164803E-03	0
0	0	-202	0	-4.25255573196578E-03	0
0	0	-201	3.00264258603422E-22	-4.04417656188849E-03	0
0	0	-200	1.8929056886226E-22	-3.82151055312978E-03	-2.74349790392059E-19
0	0	-199	0	-3.58375486795639E-03	0
0	0	-198	0	-3.33005917834315E-03	0
0	0	-197	0	-3.05953210870814E-03	0
0	0	-196	0	-2.77122075500077E-03	0
0	0	-195	0	-2.46413847407907E-03	0
0	0	-194	0	-2.13720129076789E-03	0
0	0	-193	0	-1.78929673033965E-03	0
0	0	-192	0	-1.41923729495336E-03	0
0	0	-191	2.24688882032375E-20	-1.02576469513426E-03	1.49873575133859E-18
0	0	-190	0	-6.07554057027203E-04	0
0	0	-189	0	-1.63191066381547E-04	0
0	0	-188	4.41414600510257E-22	3.08785290594112E-04	-3.99949440334795E-23
0	0	-187	0	8.09979811715645E-04	0
0	0	-186	0	1.34198718643937E-03	0
0	0	-185	0	1.90668161793429E-03	0
0	0	-184	1.16036184060567E-19	2.5057809280562E-03	2.27134934618409E-19
0	0	-183	0	3.14132523163217E-03	0
0	0	-182	-1.43744962858575E-19	3.8154072640978E-03	0
0	0	-181	0	4.53022752557013E-03	0
0	0	-180	0	5.28805707206544E-03	0
0	0	-179	0	6.09141996190595E-03	0
0	0	-178	-3.33048789718977E-19	6.94288243386746E-03	1.94064647540494E-17
0	0	-177	-5.57455995660179E-22	7.84524850432163E-03	4.46338084573477E-18
0	0	-176	-3.88750819283417E-19	8.80140038044357E-03	7.64294457222931E-19
0	0	-175	0	9.81448729987818E-03	0
0	0	-174	0	1.08876943111111E-02	0
0	0	-173	0	1.20244957410301E-02	0
0	0	-172	0	1.32285474148471E-02	0
0	0	-171	0	1.45037563695119E-02	0
0	0	-170	0	1.58541999642222E-02	0
0	0	-169	0	1.72840242633157E-02	0
0	0	-168	1.06715123857958E-21	1.87980261868652E-02	-6.27169750351075E-19
0	0	-167	6.54556252318169E-19	2.04009719653101E-02	6.27169750351075E-19
0	0	-166	0	2.20979118850081E-02	0
0	0	-165	-9.48666177763479E-19	2.38942660811894E-02	3.88721004760145E-17
0	0	-164	1.02469844420656E-18	0.02579573554206	2.49749745873411E-17
0	0	-163	0	2.78083878509524E-02	0
0	0	-162	0	0.029938446879798	0
0	0	-161	0	3.21927366011532E-02	0
0	0	-160	0	3.45782915376455E-02	0
0	0	-159	0	3.71026796896521E-02	0
0	0	-158	0	3.97733945879063E-02	0
0	0	-157	0	4.25996307019709E-02	0
0	0	-156	0	4.55892596831068E-02	0
0	0	-155	0	4.87520219803375E-02	0
0	0	-154	0	5.20974821018835E-02	0
0	0	-153	0	5.56359589483277E-02	0
0	0	-152	-1.89489166786057E-18	5.93783443079009E-02	3.65888581299386E-18
0	0	-151	2.02724255277911E-18	0.063335926932583	3.86264009442723E-18
0	0	-150	0	6.75211361765908E-02	0
0	0	-149	0	7.19463018884112E-02	0
0	0	-148	0	7.66247453308955E-02	0
0	0	-147	0	8.15706984258085E-02	0
0	0	-146	0	8.67988442376867E-02	0
0	0	-145	0	9.23251336764958E-02	0
0	0	-144	0	9.81659598731851E-02	0
0	0	-143	0	0.104338358608341	0
0	0	-142	-4.76801749588774E-18	0.110861534011708	9.30564633049154E-18
0	0	-141	0	0.117754402042816	0
0	0	-140	0	0.125038006283342	0
0	0	-139	0	0.132733854073087	0
0	0	-138	0	0.140865173692364	0
0	0	-137	0	0.149457428442207	0
0	0	-136	0	0.158537053001533	0
0	0	-135	0	0.168131695908997	0
0	0	-134	4.52198747717565E-21	0.178272111556467	0
0	0	-133	0	0.188991529251986	0
0	0	-132	6.39369613900088E-18	0.200325083618852	8.47679846730044E-17
0	0	-131	0	0.212311628882081	0
0	0	-130	0	0.22499267513754	0
0	0	-129	2.47972103089174E-20	0.238414311198531	0
0	0	-128	2.57056385260771E-17	0.252627362305931	2.4933982696405E-17
0	0	-127	9.07453851224273E-21	0.267686888875744	0
0	0	-126	0	0.283655519916934	0
0	0	-125	0	0.300599988316873	0
0	0	-124	0	0.318598709586232	0
0	0	-123	0	0.337732172826646	0
0	0	-122	0	0.358097987776093	0
0	0	-121	0	0.379800318544081	0
0	0	-120	0	0.402959843566442	0
0	0	-119	2.73414107959498E-17	0.427703116824408	1.14117982628888E-16
0	0	-118	4.0679490565387E-21	0.454174300816118	0
0	0	-117	-2.49653234541592E-17	0.482528249749379	4.52790044194135E-16
0	0	-116	1.98127424157162E-17	0.512932285294026	1.4665535693356E-16
0	0	-115	0	0.545561817997092	0
0	0	-114	0	0.580596378268762	0
0	0	-113	0	0.618203989442947	0
0	0	-112	0	0.658534058332757	0
0	0	-111	0	0.701690033049919	0
0	0	-110	1.63923655680777E-21	0.747681882216461	-7.12896209424191E-17
0	0	-109	-1.49993310508732E-17	0.796369878093248	5.94335379042332E-16
0	0	-108	0	0.8474157614913	0
0	0	-107	0	0.900358939877313	0
0	0	-106	0	0.954647638479067	0
0	0	-105	0	1.00939984461613	0
0	0	-104	0	1.06321868157372	0
0	0	-103	0	1.11478811455367	0
0	0	-102	-5.46904450189152E-19	1.16304221541388	1.59103352004491E-16
0	0	-101	0	1.20712209622401	0
0	0	-100	0	1.24651332577146	0
0	0	-99	0	1.28085243316028	0
0	0	-98	0	1.31008756247161	0
0	0	-97	0	1.33453253601073	0
0	0	-96	0	1.35470633037343	0
0	0	-95	0	1.37115847236347	0
0	0	-94	0	1.38443288967473	0
0	0	-93	-5.0449874714881E-17	1.39509461723596	1.20799989928078E-16
0	0	-92	0	1.40361319356378	0
0	0	-91	0	1.41040763854884	0
0	0	-90	0	1.41582961363823	0
0	0	-89	0	1.4201619190978	0
0	0	-88	0	1.42363962960262	0
0	0	-87	0	1.42643610909667	0
0	0	-86	0	1.42868959020797	0
0	0	-85	5.05593023466322E-17	1.43050338630424	5.49925486404469E-18
0	0	-84	0	1.43195874906223	0
0	0	-83	5.87586111023003E-20	1.43311668555048	0
0	0	-82	0	1.4340240377122	0
0	0	-81	0	1.43471510896004	0
0	0	-80	-8.43922725705715E-20	1.43521469268118	3.49147189018269E-18
0	0	-79	2.09471004919747E-19	1.43554112884402	-1.83185407945772E-16
0	0	-78	-8.57242454131904E-20	1.4357062686897	7.15896180871079E-19
0	0	-77	0	1.43571621862451	-1.35751585839485E-16
0	0	-76	0	1.43557125101271	0
0	0	-75	0	1.43526620863546	0
0	0	-74	0	1.43479035834309	0
0	0	-73	0	1.43412542970561	0
0	0	-72	0	1.43324779452246	0
0	0	-71	0	1.43212389494681	0
0	0	-70	1.09450158593471E-16	1.43070786691869	-1.16775629359078E-16
0	0	-69	0	1.42894075745917	0
0	0	-68	0	1.42674663456635	0
0	0	-67	5.85798003443218E-17	1.42402696640487	-1.65401479691205E-17
0	0	-66	0	1.4206547981142	0
0	0	-65	0	1.41646172105671	0
0	0	-64	0	1.41123871810007	0
0	0	-63	0	1.40472775753348	0
0	0	-62	0	1.39659170000934	0
0	0	-61	5.94994962605924E-20	1.38643037046433	1.41673863104344E-16
0	0	-60	3.25052734895387E-17	1.37377010327384	0
0	0	-59	0	1.35806317847483	0
0	0	-58	0	1.33871988850317	0
0	0	-57	0	1.31513610461644	0
0	0	-56	0	1.28677916926567	0
0	0	-55	0	1.25324661472147	0
0	0	-54	0	1.21438117885966	0
0	0	-53	6.21740967964592E-17	1.17032148373619	-7.67285036286092E-16
0	0	-52	0	1.12148984556238	0
0	0	-51	0	1.06872618977932	0
0	0	-50	0	1.01313919233807	0
0	0	-49	0	0.95582204739771	0
0	0	-48	0	0.89787270519457	0
0	0	-47	0	0.840285567592741	0
0	0	-46	0	0.783812835213784	0
0	0	-45	0	0.728952401692347	0
0	0	-44	2.5328811494824E-17	0.675943645409197	-2.69371423683504E-16
0	0	-43	0	0.624810053059971	0
0	0	-42	0	0.575409625472452	0
0	0	-41	0	0.527469002440942	0
0	0	-40	0	0.480608493664149	0
0	0	-39	0	0.434358367866858	0
0	0	-38	0	0.388130733308302	0
0	0	-37	0	0.341236367475907	0
0	0	-36	1.04302497609172E-17	0.292828815760148	-1.89502866084332E-17
0	0	-35	0	0.241833554594375	0
0	0	-34	0	0.18685279977849	0
0	0	-33	0	0.12604322805021	0
0	0	-32	0	5.68430414013375E-02	0
0	0	-31	-1.71113698665747E-18	-2.41785745058973E-02	-1.32615688401164E-16
0	0	-30	-6.56474989364545E-18	-0.121505433874233	-2.43463845193915E-16
0	0	-29	0	-0.239807127458192	0
0	0	-28	-3.28450780708205E-20	-0.382279237350264	-1.89795261210135E-16
0	0	-27	0	-0.548807556020286	0
0	0	-26	0	-0.735977555134819	0
0	0	-25	0	-0.939313115344761	0
0	0	-24	0	-1.15434455830792	0
0	0	-23	0	-1.37790848363911	0
0	0	-22	0	-1.60763958596617	0
0	0	-21	0	-1.84182326467608	-1.17782472714257E-16
0	0	-20	0	-2.07926876159159	-6.23379059672875E-17
0	0	-19	9.79687021325771E-17	-2.31907709593491	-1.19205390781855E-16
0	0	-18	0	-2.56055947127254	0
0	0	-17	0	-2.80317857806547	0
0	0	-16	-6.82640512531158E-17	-3.04650648876535	-3.19543099562532E-16
0	0	-15	0	-3.29019422721928	0
0	0	-14	0	-3.53394866056833	0
0	0	-13	0	-3.77750048359167	0
0	0	-12	-2.6549614843314E-20	-4.02070840708219	-1.45861342898529E-16
0	0	-11	-1.75748423995211E-16	-4.26380659700526	3.51496847990422E-16
0	0	-10	0	-4.50815578326205	0
0	0	-9	0	-4.75759139637341	0
0	0	-8	0	-5.01844552663297	0
0	0	-7	0	-5.29331777623917	0
0	0	-6	0	-5.56991125230658	0
0	0	-5	0	-5.81953777113051	0
0	0	-4	0	-6.01785934846492	0
0	0	-3	-2.99806927020822E-16	-6.15966201086178	0
0	0	-2	0	-6.25190033700946	0
0	0	-1	0	-6.30339378175564	0
0	0	0	6.73411042997663E-21	-6.31990125120338	-8.79767851110471E-22
0	0	1	0	-6.30333508481636	0
0	0	2	0	-6.25144518605674	0
0	0	3	0	-6.15824581313758	0
0	0	4	0	-6.01550584862493	2.34870379933313E-16
0	0	5	0	-5.81739547859729	0
0	0	6	0	-5.56959161401315	0
0	0	7	0	-5.29405529271341	0
0	0	8	0	-5.01815141900882	0
0	0	9	0	-4.75652300747578	0
0	0	10	0	-4.50742482309439	0
0	0	11	0	-4.26356375820671	0
0	0	12	0	-4.02081334121888	0
0	0	13	-1.23978025616774E-16	-3.77775982228584	7.7969881029103E-17
0	0	14	5.87175137226175E-17	-3.53427189378396	1.4233139547025E-16
0	0	15	0	-3.29056058137593	0
0	0	16	0	-3.04690283961414	0
0	0	17	0	-2.80360595622096	0
0	0	18	1.42257809296726E-16	-2.56101396324184	9.73300047624117E-16
0	0	19	0	-2.3195547629121	0
0	0	20	-7.44796935382558E-17	-2.07976305473368	-1.54415258189293E-16
0	0	21	0	-1.84232692650245	-3.50216277978202E-17
0	0	22	0	-1.60812477837068	0
0	0	23	0	-1.37838130358626	0
0	0	24	0	-1.15476901022273	0
0	0	25	0	-0.939752336285415	0
0	0	26	0	-0.736551412856545	0
0	0	27	0	-0.549558336445554	0
0	0	28	-2.44353017357737E-17	-0.383238157869633	0
0	0	29	7.59531102899085E-18	-0.240715796326418	1.50495154202364E-16
0	0	30	6.25271811457118E-18	-0.122184691793234	3.76789613233526E-17
0	0	31	0	-2.46176747471039E-02	0
0	0	32	0	5.65725971945042E-02	0
0	0	33	2.95621120706067E-18	0.125818794603443	2.58335518165463E-16
0	0	34	0	0.186643572280094	0
0	0	35	0	0.24158841353598	0
0	0	36	0	0.29256281311525	0
0	0	37	1.65971702554675E-17	0.340976439995558	0
0	0	38	-7.0848670484992E-18	0.387874930933778	9.04626393951924E-17
0	0	39	0	0.434108875152022	0
0	0	40	0	0.480375458211867	0
0	0	41	0	0.52725075515453	0
0	0	42	0	0.575206132117375	0
0	0	43	0	0.624620048264891	0
0	0	44	0	0.675766723407357	0
0	0	45	0	0.728785471038363	0
0	0	46	2.82069800538671E-17	0.783646462602037	-2.91880896505581E-17
0	0	47	0	0.840108686730941	0
0	0	48	0	0.897684924483837	0
0	0	49	0	0.955657484450031	0
0	0	50	0	1.0130322937313	0
0	0	51	0	1.06866570074147	0
0	0	52	0	1.1214168245333	0
0	0	53	6.88804348423431E-20	1.17025281477428	-9.35203375398666E-17
0	0	54	0	1.21441366809398	0
0	0	55	0	1.25333343145518	0
0	0	56	0	1.28687624403432	0
0	0	57	0	1.31524877872712	0
0	0	58	0	1.33885640886419	0
0	0	59	0	1.35824097924714	0
0	0	60	0	1.37400354896538	0
0	0	61	0	1.38671010623781	0
0	0	62	-1.49509761153281E-20	1.39690950761001	1.36745669613891E-17
0	0	63	-4.85091060948266E-17	1.40508179591434	2.63248237453706E-17
0	0	64	0	1.41162524304711	0
0	0	65	0	1.41686779389208	0
0	0	66	0	1.42107848811409	0
0	0	67	1.24397957490842E-21	1.42446690366643	0
0	0	68	0	1.42720178068202	0
0	0	69	1.51187264360957E-21	1.42941079546772	1.26240182490209E-18
0	0	70	0	1.43119167485948	0
0	0	71	0	1.43261838088027	0
0	0	72	0	1.43375134448359	0
0	0	73	0	1.43463625375403	0
0	0	74	0	1.43530752969703	0
0	0	75	0	1.43578928640856	0
0	0	76	0	1.43609895733037	0
0	0	77	0	1.43624770757915	0
0	0	78	7.11721687479932E-21	1.43624051967823	5.70214328450034E-17
0	0	79	-7.77145804745016E-17	1.43607721219433	-3.10789097433938E-16
0	0	80	-4.86977876838156E-17	1.43575214841143	0
0	0	81	0	1.43525410613873	0
0	0	82	-3.16108671970999E-17	1.43456481419361	0
0	0	83	0	1.43365820643265	0
0	0	84	0	1.4325007937817	0
0	0	85	0	1.43104551489334	0
0	0	86	0	1.42922791200956	0
0	0	87	3.81930903775609E-20	1.42696644339716	1.34021660639815E-16
0	0	88	0	1.42415353800923	0
0	0	89	0	1.42065225217751	0
0	0	90	0	1.41628355562637	0
0	0	91	0	1.41081997982214	0
0	0	92	0	1.40397542285193	0
0	0	93	0	1.39540025199337	0
0	0	94	-6.66253395669074E-17	1.38468474302957	-9.15585267440311E-17
0	0	95	-6.59399284869736E-17	1.3713620092582	-4.51835865121902E-17
0	0	96	0	1.35490902552748	0
0	0	97	0	1.33476555135995	0
0	0	98	0	1.31034757443869	0
0	0	99	0	1.28115305659711	0
0	0	100	0	1.24688691189524	0
0	0	101	0	1.20755747787461	0
0	0	102	8.17082782542856E-17	1.16349182529457	-1.79691262164861E-16
0	0	103	0	1.11529113993165	0
0	0	104	0	1.06377627542395	0
0	0	105	0	1.00995616535418	0
0	0	106	0	0.955053267632256	0
0	0	107	0	0.900562788135753	0
0	0	108	0	0.84761989864872	0
0	0	109	0	0.796629868402321	0
0	0	110	0	0.747956352326904	0
0	0	111	2.73034534466893E-20	0.701940277873511	4.97083099519508E-18
0	0	112	0	0.658750494238132	0
0	0	113	0	0.618389184369858	0
0	0	114	0	0.580758009149141	0
0	0	115	2.21009955727443E-17	0.545706525972052	-3.07128382054197E-16
0	0	116	1.6422335048241E-17	0.513063659882212	-1.18032453715109E-16
0	0	117	0	0.482649703065961	0
0	0	118	0	0.454287547496227	0
0	0	119	-4.04424382172519E-20	0.427808886111093	1.50685915148451E-17
0	0	120	0	0.403060401536914	0
0	0	121	0	0.379895934713926	0
0	0	122	0	0.358187505279043	0
0	0	123	0	0.337816890502934	0
0	0	124	0	0.318678227514043	0
0	0	125	0	0.300675376038744	0
0	0	126	0	0.283726729477895	0
0	0	127	-6.1506044261692E-21	0.267754453690695	0
0	0	128	1.35676946022489E-20	0.252691171502054	-1.36138692373661E-16
0	0	129	-3.75424006353951E-21	0.238474865802024	-1.49627513007944E-17
0	0	130	0	0.225049737156077	0
0	0	131	6.06174779697997E-22	0.212365424400986	-4.91106579356407E-17
0	0	132	0	0.200376124150371	0
0	0	133	0	0.189040052201041	0
0	0	134	0	0.178317768350606	0
0	0	135	0	0.168174451183171	0
0	0	136	7.33241131163353E-21	0.158577306568939	-6.79059694335093E-17
0	0	137	0	0.149495676574511	0
0	0	138	0	0.140901514338172	0
0	0	139	0	0.1327676209096	0
0	0	140	0	0.12506976870337	0
0	0	141	0	0.11778448914508	0
0	0	142	0	0.11088981689445	0
0	0	143	0	0.104365038301861	0
0	0	144	0	9.81907765314487E-02	0
0	0	145	0	9.23485676707606E-02	0
0	0	146	0	8.68211351854118E-02	0
0	0	147	0	8.15915956943321E-02	0
0	0	148	0	7.66443388054328E-02	0
0	0	149	0	7.19648481116526E-02	0
0	0	150	0	6.75386180533217E-02	0
0	0	151	-3.56126108982912E-21	6.33524922506929E-02	0
0	0	152	0	5.93939672855797E-02	0
0	0	153	0	5.56507578096476E-02	0
0	0	154	0	5.21113917696088E-02	0
0	0	155	0	4.87651250849109E-02	0
0	0	156	0	4.56018651414995E-02	0
0	0	157	0	0.042611441418153	0
0	0	158	0	0.039784765488652	0
0	0	159	0	3.71131608226306E-02	0
0	0	160	-5.27584983412262E-22	3.45882986530751E-02	0
0	0	161	0	0.032202189344402	0
0	0	162	0	2.99474072648769E-02	0
0	0	163	0	2.78168493071249E-02	0
0	0	164	0	2.58038118100239E-02	0
0	0	165	2.35645666531062E-21	2.39019725930727E-02	-5.53023883815835E-17
0	0	166	0	2.21052514920163E-02	0
0	0	167	6.52533535864442E-19	2.04079846456018E-02	0
0	0	168	0	1.88047025096404E-02	0
0	0	169	0	1.72904286254613E-02	0
0	0	170	0	1.58603117091034E-02	0
0	0	171	0	1.45096681165664E-02	0
0	0	172	0	1.32342332872902E-02	0
0	0	173	0	1.20299220608815E-02	0
0	0	174	0	1.08929680335824E-02	0
0	0	175	0	9.81951048217159E-03	0
0	0	176	-4.66147357947625E-23	8.80625199300973E-03	0
0	0	177	5.95937318310702E-22	7.84991825242469E-03	-9.25465369905435E-18
0	0	178	-2.35228358174973E-19	6.94738414683756E-03	-6.05337886306608E-18
0	0	179	0	6.09574319984836E-03	0
0	0	180	2.45237129327857E-19	5.29222397302255E-03	0
0	0	181	0	4.53422924430971E-03	0
0	0	182	0	3.81929198873318E-03	0
0	0	183	0	3.14509560758633E-03	0
0	0	184	1.29486035366094E-19	2.50941060605514E-03	-2.29921286622062E-17
0	0	185	0	1.91017566776829E-03	1.51490824088248E-19
0	0	186	0	1.34541512261318E-03	0
0	0	187	0	8.13297310285406E-04	0
0	0	188	0	3.11991994677782E-04	0
0	0	189	0	-1.60082073053545E-04	0
0	0	190	0	-6.04534100398693E-04	0
0	0	191	0	-1.0228258564151E-03	0
0	0	192	0	-1.41637575175549E-03	0
0	0	193	0	-1.78650408814916E-03	0
0	0	194	0	-2.13448675802998E-03	0
0	0	195	0	-2.46147043272515E-03	0
0	0	196	0	-2.7686216340739E-03	0
0	0	197	0	-3.05700001317277E-03	0
0	0	198	0	-3.32757476500079E-03	0
0	0	199	0	-3.58132554996205E-03	0
0	0	200	-1.58831230949688E-19	-3.81913949179173E-03	1.65336092152419E-19
0	0	201	0	-4.04185487258145E-03	0
0	0	202	0	-4.25029614019172E-03	0
0	0	203	0	-4.44521356234962E-03	0
0	0	204	0	-4.62732379904362E-03	0
0	0	205	0	-4.7973193396187E-03	0
0	0	206	0	-4.95585182813212E-03	0
0	0	207	0	-5.10351095257442E-03	0
0	0	208	0	-5.24088776783216E-03	0
0	0	209	1.71504218712583E-19	-5.36853522895711E-03	0
0	0	210	0	-5.48696492527465E-03	0
0	0	211	0	-5.59667072152385E-03	0
0	0	212	0	-5.69812243804737E-03	0
0	0	213	-1.54455104711327E-23	-5.79174391796231E-03	-4.42301402660144E-19
0	0	214	0	-5.87797564250816E-03	0
0	0	215	0	-5.95719990783203E-03	0
0	0	216	0	-6.02980086256062E-03	0
0	0	217	0	-6.0961304577681E-03	0
0	0	218	0	-6.15652618282183E-03	0
0	0	219	0	-6.21129083732234E-03	0
0	0	220	0	-6.2607602133679E-03	0
0	0	221	0	-6.30519536671602E-03	0
0	0	222	0	-6.34487687734233E-03	0
0	0	223	0	-6.38006621715349E-03	0
0	0	224	0	-6.41100784893554E-03	0
0	0	225	0	-6.43793281882203E-03	0
0	0	226	0	-6.46106030988295E-03	0
0	0	227	-5.83359750195572E-19	-6.48060089881261E-03	-6.15272188395174E-19
0	0	228	0	-6.49675088803132E-03	0
0	0	229	0	-6.50969820734666E-03	0
0	0	230	0	-6.51962298779318E-03	0
0	0	231	0	-6.52669221453436E-03	0
0	0	232	0	-6.53106951104337E-03	0
0	0	233	-1.91660736353405E-23	-6.53290564456177E-03	8.05579487330415E-21
0	0	234	-1.03710173240871E-19	-6.53234463107049E-03	-8.24983322736595E-19
0	0	235	-8.06931907795673E-24	-6.52952980630558E-03	0
0	0	236	0	-6.5245854780788E-03	0
0	0	237	0	-6.51763874941373E-03	0
0	0	238	0	-6.50880522638386E-03	0
0	0	239	0	-6.49819739670593E-03	0
0	0	240	4.6290608996675E-19	-6.48592117422238E-03	0
0	0	241	9.74745191957481E-20	-6.47207641919241E-03	0
0	0	242	0	-6.4567583053128E-03	0
0	0	243	0	-6.44005824764789E-03	0
0	0	244	1.3715934977719E-22	-6.42205957253606E-03	1.98555621214087E-20
0	0	245	0	-6.40285278443031E-03	0
0	0	246	-1.0214069213363E-19	-6.38249925291761E-03	4.08089289467682E-19
0	0	247	0	-6.36108593911927E-03	0
0	0	248	0	-6.33867179134572E-03	0
0	0	249	0	-6.31534876485155E-03	0
0	0	250	8.20197016046878E-23	-6.29115360319221E-03	-3.54252861775155E-20
0	0	251	1.5726215213641E-22	-6.26615241603215E-03	2.15046967161645E-18
0	0	252	-5.01139153685165E-19	-6.24040034782478E-03	1.21600774404504E-18
0	0	253	0	-6.21394949867771E-03	0
0	0	254	0	-6.18685999610842E-03	0
0	0	255	0	-6.15918654831763E-03	0
0	0	256	6.41469602755677E-25	-6.13097058690845E-03	0
0	0	257	6.55151790636419E-20	-6.10225051469123E-03	0
0	0	258	0	-6.07302425964665E-03	0
0	0	259	-7.50280353332314E-23	-6.04342185281506E-03	0
0	0	260	-9.41202600332278E-23	-6.01344850168171E-03	0
0	0	261	-1.20177788136031E-21	-5.98310420624659E-03	0
0	0	262	0	-5.95238916977192E-03	9.89141053526067E-19
0	0	263	-8.03228097230749E-23	-5.92138988588415E-03	-4.05967045982155E-19
0	0	264	6.53645387507332E-22	-5.89015664369021E-03	-2.27836409906367E-19
0	0	265	5.06065527312278E-22	-5.85868280956143E-03	-2.27836409906367E-19
0	0	266	1.79242833558648E-22	-5.82704893688536E-03	-2.27836409906367E-19
0	0	267	-1.05452903461145E-22	-5.79525502566202E-03	1.59961543956264E-19
0	0	268	6.33259467272917E-23	-5.76330107589139E-03	-2.27836409906367E-19
0	0	269	-3.73797594927837E-22	-5.73146013301887E-03	-4.4626278823875E-19
0	0	270	-1.06792887665595E-21	-5.69914208827901E-03	-4.4626278823875E-19
0	0	271	-1.52343949576528E-21	-5.66679778185783E-03	-4.4626278823875E-19
0	0	272	2.17390965317874E-19	-5.63440593453415E-03	1.77165732516688E-19
0	0	273	2.16560897875031E-19	-5.60182083224349E-03	0
0	0	274	2.15076041893641E-19	-5.56929000836708E-03	1.56956443060078E-19
0	0	275	2.13872411007547E-19	-5.53681346290494E-03	0
0	0	276	2.12689850415415E-19	-5.50439119585705E-03	7.82161174971054E-20
0	0	277	0	-5.47202380902478E-03	0
0	0	278	0	-5.43970601872895E-03	0
0	0	279	0	-5.40740909590057E-03	0
0	0	280	0	-5.37513304053964E-03	0
0	0	281	0	-5.34287785264615E-03	0
0	0	282	0	-5.31064353222011E-03	0
0	0	283	0	-5.27843007926152E-03	0
0	0	284	5.78521433995362E-22	-5.24649741398719E-03	3.27215936006136E-19
0	0	285	2.08783892206568E-22	-5.21464165174683E-03	5.47407560587792E-20
0	0	286	4.10363961747627E-23	-5.18288874317938E-03	-8.92178840960764E-20
0	0	287	2.67336116421883E-23	-5.15123867349905E-03	0
0	0	288	0	-5.11972804474051E-03	0
0	0	289	0	-5.08836893126779E-03	0
0	0	290	0	-5.05716133308088E-03	0
0	0	291	-2.13789620576749E-22	-5.02610525017979E-03	3.18543063037606E-19
0	0	292	2.59718197446571E-22	-4.99520068256451E-03	0
0	0	293	0	-4.96444763023504E-03	0
0	0	294	0	-4.93377882230845E-03	0
0	0	295	0	-4.90338811874354E-03	0
0	0	296	0	-4.87317893949782E-03	0
0	0	297	0	-4.84315128457129E-03	0
0	0	298	0	-4.81330515396395E-03	0
0	0	299	0	-4.7836405476758E-03	0
0	0	300	-1.31124815448601E-19	-4.75398243140914E-03	1.12056034802631E-18
0	0	301	-1.31005350424522E-19	-4.72468986871205E-03	0
0	0	302	-1.30656024522942E-19	-4.69559451397456E-03	0
0	0	303	-1.29397317051013E-19	-4.66669636719666E-03	0
0	0	304	-1.28302175451497E-19	-4.63799542837835E-03	1.04091801597822E-18
0	0	305	-1.27602313616042E-19	-4.60949169751965E-03	1.03374107328468E-18
0	0	306	0	-4.58123386807538E-03	0
0	0	307	0	-4.55312556725657E-03	0
0	0	308	0	-4.52523075533907E-03	0
0	0	309	0	-4.4975494323229E-03	0
0	0	310	0	-4.47008159820804E-03	0
0	0	311	0	-4.44282725299449E-03	0
0	0	312	0	-4.41585895563896E-03	0
0	0	313	0	-4.3890001722933E-03	0
0	0	314	0	-4.36235288501938E-03	0
0	0	315	0	-4.33591709381721E-03	0
0	0	316	0	-4.30969279868679E-03	0
0	0	317	0	-4.28367999962812E-03	0
0	0	318	0	-4.25787869664119E-03	0
0	0	319	0	-4.23228888972601E-03	0
0	0	320	0	-4.20691057888258E-03	0
0	0	321	0	-4.1817437641109E-03	0
0	0	322	0	-4.15678844541096E-03	0
0	0	323	0	-4.13204462278277E-03	0
0	0	324	0	-4.10751229622633E-03	0
0	0	325	0	-4.08319146574164E-03	0
0	0	326	0	-4.05908213132869E-03	0
0	0	327	0	-4.03518429298749E-03	0
0	0	328	0	-4.01149795071804E-03	0
0	0	329	-9.92339832056656E-20	-3.98804332052183E-03	9.78643078414506E-19
0	0	330	-9.88168409554516E-20	-3.96481928741418E-03	3.47627696123013E-19
0	0	331	-9.80403196885141E-20	-3.94178931366096E-03	1.10722676313049E-18
0	0	332	-9.76557320684648E-20	-3.91895339926218E-03	3.90622928273859E-19
0	0	333	-9.68639108630131E-20	-3.89631154421784E-03	1.23105208756772E-18
0	0	334	-9.64936932386467E-20	-3.87386374852794E-03	5.25367335545861E-19
0	0	335	0	-3.85161103884976E-03	0
0	0	336	0	-3.82955231922359E-03	0
0	0	337	0	-3.80768685918579E-03	0
0	0	338	0	-3.78601465873638E-03	0
0	0	339	0	-3.76453571787534E-03	0
0	0	340	0	-3.74325003660268E-03	0
0	0	341	0	-3.72215761491841E-03	0
0	0	342	0	-3.70125845282251E-03	0
0	0	343	0	-3.68055255031499E-03	0
0	0	344	0	-3.66003990739585E-03	0
0	0	345	0	-3.63972052406509E-03	0
0	0	346	0	-3.61959440032271E-03	0
0	0	347	0	-3.5996615361687E-03	0
0	0	348	0	-3.57992193160308E-03	0
0	0	349	0	-3.56037558662583E-03	0
0	0	350	0	-3.54099661249649E-03	0
0	0	351	0	-3.52178986372769E-03	0
0	0	352	0	-3.50275712288123E-03	0
0	0	353	0	-3.48389838995712E-03	0
0	0	354	0	-3.46521366495534E-03	0
0	0	355	0	-3.44670294787592E-03	0
0	0	356	0	-3.42836623871883E-03	0
0	0	357	0	-3.41020353748409E-03	0
0	0	358	0	-3.39221484417169E-03	0
0	0	359	0	-3.37440015878163E-03	0
0	0	360	0	-3.35675948131392E-03	0
0	0	361	0	-3.33929281176855E-03	0
0	0	362	0	-3.32200015014552E-03	0
0	0	363	0	-3.30488149644483E-03	0
0	0	364	0	-3.28793685066649E-03	0
0	0	365	0	-3.27116621281049E-03	0
0	0	366	0	-3.25456958287684E-03	0
0	0	367	0	-3.23814696086552E-03	0
0	0	368	0	-3.22189834677655E-03	0
0	0	369	0	-3.20582374060993E-03	0
0	0	370	0	-3.18992314236564E-03	0
0	0	371	0	-3.1741965520437E-03	0
0	0	372	0	-3.15855919427193E-03	0
0	0	373	-1.27482042027181E-22	-3.14291595301267E-03	-6.95440590862742E-19
0	0	374	2.01548025341259E-21	-3.12706898987752E-03	4.9107278964223E-19
0	0	375	1.9088821146458E-21	-3.1118041902554E-03	4.9107278964223E-19
0	0	376	2.21819566262035E-21	-3.09667058006262E-03	4.9107278964223E-19
0	0	377	2.08699795336892E-21	-3.08166815929919E-03	4.9107278964223E-19
0	0	378	2.4447503051469E-21	-3.0667969279651E-03	4.9107278964223E-19
0	0	379	1.48248955957872E-21	-3.05205688606036E-03	4.9107278964223E-19
0	0	380	1.37589142081193E-21	-3.03744803358496E-03	4.9107278964223E-19
0	0	381	1.56220711636329E-21	-3.02297037053891E-03	4.9107278964223E-19
0	0	382	1.43100940711185E-21	-3.0086238969222E-03	4.9107278964223E-19
0	0	383	1.13733523562789E-21	-2.99440861273483E-03	4.9107278964223E-19
0	0	384	1.02253724003288E-21	-2.98032451797681E-03	4.9107278964223E-19
0	0	385	1.10225479681747E-21	-2.96637161264813E-03	4.9107278964223E-19
0	0	386	5.66386606316386E-22	-2.9525498967488E-03	4.9107278964223E-19
0	0	387	4.84388038034237E-22	-2.93885937027882E-03	4.9107278964223E-19
0	0	388	5.23106310677749E-22	-2.92530003323817E-03	4.9107278964223E-19
0	0	389	4.16508171910955E-22	-2.91187188562688E-03	4.9107278964223E-19
0	0	390	4.05266966419332E-22	-2.89857492744492E-03	4.9107278964223E-19
0	0	391	2.50230023849108E-22	-2.88540915869232E-03	4.9107278964223E-19
0	0	392	1.48790393247142E-22	-2.87237457936905E-03	4.9107278964223E-19
0	0	393	-9.88438315611727E-24	-2.85947118947513E-03	4.9107278964223E-19
0	0	394	-1.16482521922914E-22	-2.84669898901056E-03	4.9107278964223E-19
0	0	395	-2.74560813156518E-22	-2.83405797797533E-03	4.9107278964223E-19
0	0	396	-4.31118430058456E-22	-2.82154815636944E-03	4.9107278964223E-19
0	0	397	-6.71195289574195E-22	-2.8091695241929E-03	4.9107278964223E-19
0	0	398	-5.42875076990021E-22	-2.79692208144571E-03	4.9107278964223E-19
0	0	399	-4.99594781351342E-22	-2.78480582812785E-03	4.9107278964223E-19
0	0	400	-5.81593349633491E-22	-2.77282076423935E-03	4.9107278964223E-19
0	0	401	-8.62669493290298E-22	-2.76096688978018E-03	4.9107278964223E-19
0	0	402	-9.69267632057095E-22	-2.74924420475037E-03	4.9107278964223E-19
0	0	403	-3.44330645852892E-19	-2.7383856688968E-03	3.11716211809003E-19
0	0	404	-3.42783219873336E-19	-2.72688765735338E-03	7.02689612978823E-19
0	0	405	-3.41402915524713E-19	-2.71548773603636E-03	3.41402915524713E-19
0	0	406	-3.39867579472185E-19	-2.70418590494576E-03	1.00314565980558E-18
0	0	407	-3.38573417243812E-19	-2.69298216408156E-03	3.38573417243812E-19
0	0	408	-3.37047593763893E-19	-2.68187651344377E-03	9.88779267357888E-19
0	0	409	-3.35793248280568E-19	-2.67086895303239E-03	3.35793248280568E-19
0	0	410	-3.34209399077347E-19	-2.65995948284742E-03	1.27314779046409E-18
0	0	411	-3.32991334852285E-19	-2.64914810288886E-03	6.29050297811904E-19
0	0	412	-3.31800755042854E-19	-2.63843481315671E-03	3.11716211809003E-19
0	0	413	-3.30291590014174E-19	-2.62781961365096E-03	6.62486606945109E-19
0	0	414	-3.29058641637202E-19	-2.61730250437163E-03	3.29058641637202E-19
0	0	415	-3.27578285837105E-19	-2.6068834853187E-03	8.98142919176137E-19
0	0	416	-3.26451125285753E-19	-2.59656255649218E-03	3.26451125285753E-19
0	0	417	-3.25271336122323E-19	-2.58633971789207E-03	3.11716211809003E-19
0	0	418	0	-2.57621451752909E-03	3.05408542698628E-19
0	0	419	0	-2.56618566627784E-03	3.05408542698628E-19
0	0	420	0	-2.55625348520638E-03	3.05408542698628E-19
0	0	421	0	-2.54641797431471E-03	3.05408542698628E-19
0	0	422	0	-2.53667913360284E-03	3.05408542698628E-19
0	0	423	0	-2.52703696307077E-03	3.05408542698628E-19
0	0	424	0	-2.51749146271849E-03	3.05408542698628E-19
0	0	425	0	-2.50804263254602E-03	3.05408542698628E-19
0	0	426	0	-2.49869047255333E-03	3.05408542698628E-19
0	0	427	0	-2.48943498274045E-03	3.05408542698628E-19
0	0	428	0	-2.48027616310736E-03	3.05408542698628E-19
0	0	429	0	-2.47121401365406E-03	3.05408542698628E-19
0	0	430	6.8499580663299E-22	-2.46225376669813E-03	7.24382215993845E-19
0	0	431	1.51203016344535E-22	-2.45348057022816E-03	3.92387355506586E-19
0	0	432	8.17870438102627E-22	-2.44478113301433E-03	8.44935903297654E-19
0	0	433	2.74914276559839E-22	-2.43615545505664E-03	4.85198498402258E-19
0	0	434	9.1408939473329E-22	-2.42760353635508E-03	9.61102948626525E-19
0	0	435	4.12370867384347E-22	-2.41912537690966E-03	6.06358002188493E-19
0	0	436	9.7365267652498E-22	-2.41072097672038E-03	1.07288335198046E-18
0	0	437	5.86482038137006E-22	-2.40239033578724E-03	7.85284356140872E-19
0	0	438	9.62196135771568E-22	-2.39413345411023E-03	1.1494767434214E-18
0	0	439	-1.28292672114761E-22	-2.38595033168935E-03	2.64163340705701E-19
0	0	440	2.68039695161291E-22	-2.37784096852462E-03	5.57341408610065E-19
0	0	441	-5.49824173476368E-23	-2.36980536461602E-03	2.64163340705701E-19
0	0	442	3.5280320594936E-22	-2.36184351996356E-03	6.98922805806947E-19
0	0	443	9.16369972757861E-23	-2.35395543456724E-03	3.99922833521307E-19
0	0	444	3.29892314264177E-22	-2.34614110842705E-03	7.47585717069659E-19
0	0	445	1.28291029748523E-22	-0.002338400541543	4.82443940251976E-19
0	0	446	3.20726205732784E-22	-2.33073373391509E-03	8.51251717173579E-19
0	0	447	1.64943967310435E-22	-2.32314068554332E-03	6.1830987902889E-19
0	0	448	2.74904422362417E-22	-2.31562139642768E-03	9.50531075302559E-19
0	0	449	-7.33069700346418E-23	-2.30817586656818E-03	2.64163340705701E-19
0	0	450	3.43619578844736E-23	-2.30080409596481E-03	4.13295095449755E-19
0	0	451	-1.83256475978336E-23	-2.29350608461759E-03	2.64163340705701E-19
0	0	452	2.06138899982059E-23	-2.2862818325265E-03	5.16514471723564E-19
0	0	453	0	-2.27913133969154E-03	2.73277161662795E-19
0	0	454	-2.9789852727036E-23	-2.27205460611273E-03	6.15347206022434E-19
0	0	455	-1.37475204308555E-23	-2.26505163179005E-03	3.498948742034E-19
0	0	456	-1.23722756778973E-22	-2.25812241672351E-03	7.35618897899528E-19
0	0	457	-6.41512631560993E-23	-2.2512669609131E-03	4.4878067271971E-19
0	0	458	0	-2.24466576772078E-03	0
0	0	459	0	-2.23790729047156E-03	0
0	0	460	0	-2.2312208817432E-03	0
0	0	461	0	-2.22460654153569E-03	0
0	0	462	0	-2.21806426984905E-03	0
0	0	463	0	-2.21159406668326E-03	0
0	0	464	0	-2.20519593203833E-03	0
0	0	465	0	-2.19897742512821E-03	0
0	0	466	0	-2.1928375115549E-03	0
0	0	467	0	-2.18675315567215E-03	0
0	0	468	0	-2.18072435747997E-03	0
0	0	469	0	-2.17475111697834E-03	0
0	0	470	0	-2.16883343416729E-03	0
0	0	471	0	-2.16297130904679E-03	0
0	0	472	0	-2.15716474161686E-03	0
0	0	473	0	-2.15141373187749E-03	0
0	0	474	0	-2.14571827982868E-03	0
0	0	475	0	-2.14007838547044E-03	0
0	0	476	0	-2.13449404880276E-03	0
0	0	477	0	-2.12896526982564E-03	0
0	0	478	0	-2.12349204853909E-03	0
0	0	479	0	-2.1180743849431E-03	0
0	0	480	0	-2.11271227903768E-03	0
0	0	481	0	-2.10740573082281E-03	0
0	0	482	0	-2.10215474029852E-03	0
0	0	483	0	-2.09695930746478E-03	0
0	0	484	0	-2.09181943232161E-03	0
0	0	485	0	-0.002086735114869	0
0	0	486	0	-2.08170635510695E-03	0
0	0	487	0	-2.07673315303547E-03	0
0	0	488	0	-2.07181550865455E-03	0
0	0	489	0	-2.0669534219642E-03	0
0	0	490	0	-2.0621468929644E-03	0
0	0	491	0	-2.05739592165517E-03	0
0	0	492	0	-2.05270050803651E-03	0
0	0	493	0	-2.04806065210841E-03	0
0	0	494	0	-2.04347635387087E-03	0
0	0	495	0	-2.03894761332389E-03	0
0	0	496	0	-2.03447443046748E-03	0
0	0	497	0	-2.03005680530163E-03	0
0	0	498	0	-2.02569473782635E-03	0
0	0	499	0	-2.02138822804162E-03	0
0	0	500	0	-2.01713727594746E-03	0
0	0	501	0	-2.01294188154387E-03	0
0	0	502	0	-2.00880204483084E-03	0
0	0	503	0	-2.00471776580837E-03	0
0	0	504	0	-2.00068904447646E-03	0
0	0	505	0	-1.99671588083512E-03	0
0	0	506	0	-1.99279827488434E-03	0
0	0	507	0	-1.98893622662413E-03	0
0	0	508	0	-1.98512973605447E-03	0
0	0	509	0	-1.98137880317538E-03	0
0	0	510	0	-1.97768342798686E-03	0
0	0	511	0	-1.9740436104889E-03	0
0	0	512	0	-1.9704593506815E-03	0
0	0	513	0	-1.96693064856466E-03	0
0	0	514	0	-1.96345750413839E-03	0
0	0	515	0	-1.96003991740268E-03	0
0	0	516	0	-1.95639425985333E-03	0
0	0	517	0	-1.95297555816417E-03	0
0	0	518	0	-1.94960953165615E-03	0
0	0	519	0	-1.94629618032926E-03	0
0	0	520	0	-1.94303550418351E-03	0
0	0	521	0	-1.93982750321889E-03	0
0	0	522	5.43855407175212E-22	-1.93663284641744E-03	0
0	0	523	1.00568160140636E-21	-1.93347277557332E-03	0
0	0	524	1.15673327725165E-21	-1.93035725196634E-03	0
0	0	525	1.30778495309693E-21	-1.9272862755965E-03	0
0	0	526	1.45883662894222E-21	-1.92425984646381E-03	0
0	0	527	0	-1.92176730134622E-03	0
0	0	528	2.26864272154316E-22	-1.91890410415232E-03	6.13646322797018E-20
0	0	529	2.19259739115289E-22	-1.91608154098994E-03	6.04875315068267E-20
0	0	530	1.69324164861009E-22	-1.91329961185906E-03	4.76883445871612E-20
0	0	531	4.08101346074484E-22	-1.91055831675969E-03	1.17466659922153E-19
0	0	532	0	-1.90785765569182E-03	0
0	0	533	1.88841606959195E-22	-1.90519762865546E-03	5.69791284153263E-20
0	0	534	1.44989659136134E-22	-1.90257823565061E-03	4.4881622113961E-20
0	0	535	0	-1.89999947667726E-03	0
0	0	536	3.32056015684241E-22	-1.89746135173542E-03	1.08695652193402E-19
0	0	537	2.85162254645568E-22	-1.89496386082508E-03	9.62473055828866E-20
0	0	538	1.20655153411258E-22	-1.89250700394626E-03	4.20748996407607E-20
0	0	539	1.14571526980037E-22	-1.89009078109894E-03	4.13732190224606E-20
0	0	540	0	-1.88771519228312E-03	0
0	0	541	2.56010685293998E-22	-1.88538023749881E-03	9.99246444646511E-20
0	0	542	2.40801619215944E-22	-1.88308591674601E-03	9.81704429189008E-20
0	0	543	9.02370212551576E-23	-1.88083223002472E-03	3.85664965492602E-20
0	0	544	8.41533948239397E-23	-1.87861917733493E-03	3.78648159309602E-20
0	0	545	0	-1.87644675867665E-03	0
0	0	546	1.6196881941338E-22	-1.87431497404987E-03	8.20382730623101E-20
0	0	547	8.23781444128531E-23	-1.8722238234546E-03	4.46997175950749E-20
0	0	548	7.47736113738257E-23	-1.87017330689084E-03	4.38226168221998E-20
0	0	549	6.71690783348032E-23	-1.86816342435858E-03	4.29455160493248E-20
0	0	550	0	-1.86619417585783E-03	0
0	0	551	0	-1.86426556138859E-03	0
0	0	552	4.43554792177314E-23	-1.86237758095085E-03	4.03142137306995E-20
0	0	553	2.94007569429634E-23	-1.86053023454462E-03	3.15496903662595E-20
0	0	554	8.1609956791111E-23	-1.8587235221699E-03	1.07968034117858E-19
0	0	555	0	-1.85695744382668E-03	0
0	0	556	0	-1.85523199951497E-03	0
0	0	557	7.5993768271327E-24	-1.85354718923477E-03	4.31144518395888E-20
0	0	558	-1.52606281970102E-24	-1.85190301298607E-03	4.20619309121386E-20
0	0	559	-1.77525041108731E-23	-1.85029947076888E-03	6.83490166411476E-20
0	0	560	-3.29615701889278E-23	-1.84873656258319E-03	6.65948150953974E-20
0	0	561	0	-1.84721428842901E-03	0
0	0	562	-2.5351880938009E-23	-1.84573264830634E-03	2.52345648015588E-20
0	0	563	-3.92943842115383E-23	-1.84429164221518E-03	3.06661052290734E-20
0	0	564	0	-1.84289127015552E-03	0
0	0	565	-1.0900690057917E-22	-1.84153153212737E-03	5.78238073666464E-20
0	0	566	-1.24215966657224E-22	-1.84021242813072E-03	5.60696058208962E-20
0	0	567	-6.97125163676324E-23	-1.83893395816558E-03	2.7157702137573E-20
0	0	568	-9.27804592879916E-23	-1.83769612223195E-03	3.15367216376375E-20
0	0	569	1.69843164891371E-22	-1.83649892032982E-03	0
0	0	570	-1.85052230969413E-22	-1.8353423524592E-03	4.90527996378954E-20
0	0	571	8.01045188189857E-23	-1.83422641862009E-03	0
0	0	572	-3.0165850837571E-22	-1.83315111881248E-03	6.37621551649531E-20
0	0	573	-9.22717716814247E-23	-1.83211645303638E-03	1.75160780002579E-20
0	0	574	-2.45888495281611E-22	-1.83112242129179E-03	4.20359934548946E-20
0	0	575	-2.3498780522369E-22	-1.8301690235787E-03	3.625361271823E-20
0	0	576	1.10522650975083E-22	-1.82925625989712E-03	0
0	0	577	0	-1.82838413024704E-03	0
0	0	578	0	-1.82755263462847E-03	0
0	0	579	0	-1.82674624408275E-03	0
0	0	580	0	-1.82597099993837E-03	0
0	0	581	0	-1.82523454160747E-03	0
0	0	582	0	-1.82453686909003E-03	0
0	0	583	0	-1.82387798238607E-03	0
0	0	584	0	-1.82325788149557E-03	0
0	0	585	0	-1.82267656641855E-03	0
0	0	586	0	-0.001822134037155	0
0	0	587	0	-1.82163029370493E-03	0
0	0	588	0	-1.82116533606832E-03	0
0	0	589	0	-1.82073916424519E-03	0
0	0	590	0	-1.82035177823552E-03	0
0	0	591	0	-1.82000317803933E-03	0
0	0	592	0	-1.81969336365661E-03	0
0	0	593	0	-1.81942233508736E-03	0
0	0	594	0	-1.81919009233158E-03	0
0	0	595	0	-1.81899663538928E-03	0
0	0	596	0	-1.81884196426044E-03	0
0	0	597	0	-1.81872607894508E-03	0
0	0	598	0	-1.81864897944319E-03	0
0	0	599	0	-1.81861066575477E-03	0
0	0	600	-2.16744873068618E-21	-1.81878314515184E-03	-1.31620838666656E-07
