fieldmap_name:     	SWLS Sirius
timestamp:         	2022-08-15_16-19-24
filename:          	2022-08-15_SWLS_Sirius_Model8.0_rotation_y_Z=-600_600mm.txt
MagNet_file:       	SWLS_Sirius_Model8.0_rotation_y.mn
nr_magnets:        	1

magnet_name:       	SWLS
gap[mm]:           	
control_gap[mm]:   	--
magnet_length[mm]: 	
current_main[A]:   	--
NI_main[A.esp]:    	--
center_pos_z[mm]:  	0
center_pos_x[mm]:  	0
rotation[deg]:     	0

X[mm]	Y[mm]	Z[mm]	Bx	By	Bz [T]
------------------------------------------------------------------------------------------------------------------------------------------------------------------
0	0	-600	0	-1.83120661193248E-03	0
0	0	-599	0	-1.83123632821899E-03	0
0	0	-598	0	-1.83130363551982E-03	0
0	0	-597	0	-1.83140853383496E-03	0
0	0	-596	0	-1.83155102316443E-03	0
0	0	-595	0	-1.83173110350823E-03	0
0	0	-594	0	-1.83194877486634E-03	0
0	0	-593	0	-1.83220403723878E-03	0
0	0	-592	0	-1.83249689062553E-03	0
0	0	-591	0	-1.83282733502661E-03	0
0	0	-590	0	-1.83319537044201E-03	0
0	0	-589	0	-1.83360099687173E-03	0
0	0	-588	0	-1.83404421431578E-03	0
0	0	-587	0	-1.83452502277414E-03	0
0	0	-586	0	-1.83504342224683E-03	0
0	0	-585	0	-1.83559941273384E-03	0
0	0	-584	0	-1.83619299423517E-03	0
0	0	-583	0	-1.83682416675082E-03	0
0	0	-582	0	-1.83749293028079E-03	0
0	0	-581	0	-1.83819928482509E-03	0
0	0	-580	0	-1.83894323038371E-03	0
0	0	-579	0	-1.83972476695664E-03	0
0	0	-578	0	-1.84054389454391E-03	0
0	0	-577	0	-1.84140061314549E-03	0
0	0	-576	0	-1.84229492276139E-03	0
0	0	-575	0	-1.84322682339162E-03	0
0	0	-574	0	-1.84419631503616E-03	0
0	0	-573	0	-1.84520339769503E-03	0
0	0	-572	0	-1.84624807136822E-03	0
0	0	-571	6.34018891836783E-23	-1.84671159147205E-03	-3.24527805313396E-20
0	0	-570	4.63783713907525E-23	-1.8478505369034E-03	-2.88000448223968E-20
0	0	-569	2.56081775589027E-23	-1.84902904702488E-03	-1.98556137452874E-20
0	0	-568	1.52230806429773E-23	-1.85024712183648E-03	-1.53833982067328E-20
0	0	-567	0	-1.8515047613382E-03	0
0	0	-566	-9.67596745410439E-24	-1.85280196553005E-03	0
0	0	-565	1.09130768812762E-23	-1.85413873441202E-03	-5.61948730001143E-20
0	0	-564	-1.41825892363289E-24	-1.85551506798411E-03	-3.47002995956029E-20
0	0	-563	-6.2562426506881E-24	-1.85693096624633E-03	-2.37891169274248E-20
0	0	-562	-1.15669793522882E-23	-1.85838642919867E-03	-2.44447007911144E-20
0	0	-561	0	-1.85988145684113E-03	0
0	0	-560	-6.65653582664496E-23	-1.86141604917372E-03	-7.72676055554807E-20
0	0	-559	-6.87479736427058E-23	-1.86299020619643E-03	-6.60286309554578E-20
0	0	-558	-4.92148892380224E-23	-1.86460392790926E-03	-4.06005543688091E-20
0	0	-557	-5.71809942904226E-23	-1.86625721431222E-03	-4.15839301643434E-20
0	0	-556	-2.17156997809403E-23	-1.8679500654053E-03	-1.41891019866259E-20
0	0	-555	-1.46226408790419E-22	-1.86968248118851E-03	-8.71013635108242E-20
0	0	-554	-1.62158618895222E-22	-1.87145446166183E-03	-8.90681151018929E-20
0	0	-553	-1.48409024166682E-22	-1.87326600682528E-03	-7.58623889108013E-20
0	0	-552	0	-1.87510349813331E-03	2.4856256268685E-19
0	0	-551	-2.3505063513067E-23	-1.87696807654194E-03	2.40994089799358E-19
0	0	-550	0	-1.87887690869774E-03	2.49062763662902E-19
0	0	-549	2.03408344545352E-22	-1.8808299946007E-03	2.63638575307831E-19
0	0	-548	1.58319197074318E-22	-1.88282733425084E-03	2.63638575307831E-19
0	0	-547	2.18776180986162E-22	-1.88486892764814E-03	2.63638575307831E-19
0	0	-546	2.26460099206567E-22	-1.88695477479261E-03	2.63638575307831E-19
0	0	-545	-1.75608013070236E-22	-1.88908487568424E-03	1.96922553367836E-19
0	0	-544	0	-1.89125923032305E-03	2.50704156577087E-19
0	0	-543	3.74267780801696E-22	-1.89347783870902E-03	2.63638575307831E-19
0	0	-542	4.50092601154354E-22	-1.89574070084216E-03	2.63638575307831E-19
0	0	-541	4.63539458040062E-22	-1.89804781672247E-03	2.63638575307831E-19
0	0	-540	4.0884541279352E-22	-1.90039918634994E-03	2.63638575307831E-19
0	0	-539	2.10185645062075E-22	-1.90279480972458E-03	2.63638575307831E-19
0	0	-538	2.87931444969838E-22	-1.90523468684639E-03	2.63638575307831E-19
0	0	-537	2.95615363190244E-22	-1.90771881771537E-03	2.63638575307831E-19
0	0	-536	2.27474461057987E-22	-1.91024720233151E-03	2.63638575307831E-19
0	0	-535	5.44220599354357E-22	-1.91281984069482E-03	2.63638575307831E-19
0	0	-534	5.57667456240064E-22	-1.9154367328053E-03	2.63638575307831E-19
0	0	-533	0	-1.91809787866295E-03	2.54261871240335E-19
0	0	-532	0	-1.92080327826776E-03	2.54620497342593E-19
0	0	-531	0	-1.92355293161975E-03	2.54984989694268E-19
0	0	-530	3.49402790733102E-22	-1.9263468387189E-03	2.63638575307831E-19
0	0	-529	3.57086708953507E-22	-1.92918499956521E-03	2.63638575307831E-19
0	0	-528	2.73577970380434E-22	-1.9320674141587E-03	2.63638575307831E-19
0	0	-527	-2.79340909045745E-22	-1.93499408249935E-03	1.83209657709665E-19
0	0	-526	-3.3262115566289E-22	-1.93796500458717E-03	1.70104911934013E-19
0	0	-525	6.78689168211498E-22	-1.94098018042216E-03	2.63638575307831E-19
0	0	-524	6.92136025097208E-22	-1.94403961000431E-03	2.63638575307831E-19
0	0	-523	7.05582881982916E-22	-1.94714329333363E-03	2.63638575307831E-19
0	0	-522	7.19029738868625E-22	-1.95029123041013E-03	2.63638575307831E-19
0	0	-521	4.18558054716778E-22	-1.95348342123378E-03	2.63638575307831E-19
0	0	-520	4.26241972937183E-22	-1.95671986580461E-03	2.63638575307831E-19
0	0	-519	3.25444418368191E-22	-1.9600005641226E-03	2.63638575307831E-19
0	0	-518	4.41609809377993E-22	-1.96332551618776E-03	2.63638575307831E-19
0	0	-517	4.49293727598398E-22	-1.96669472200009E-03	2.63638575307831E-19
0	0	-516	7.99710880182918E-22	-1.97010818155958E-03	2.63638575307831E-19
0	0	-515	0	-1.97356589486625E-03	2.61614677241909E-19
0	0	-514	0	-1.97706786192008E-03	2.62078895833689E-19
0	0	-513	0	-1.98061408272107E-03	2.62548980674887E-19
0	0	-512	0	-1.98396886955209E-03	0
0	0	-511	0	-1.98769095879963E-03	0
0	0	-510	0	-1.9914758995476E-03	0
0	0	-509	0	-1.99531667982834E-03	0
0	0	-508	-1.19222014885438E-19	-2.00010118694662E-03	-1.8182700540323E-19
0	0	-507	-1.19011072348192E-19	-2.0038201573405E-03	-3.39449048651431E-20
0	0	-506	-1.19229052380349E-19	-2.00759902565793E-03	-3.61583919019873E-20
0	0	-505	-1.19042189739689E-19	-2.01143779189892E-03	1.19042189739689E-19
0	0	-504	-1.20078371431185E-19	-2.01533645606347E-03	-2.00422385409491E-19
0	0	-503	-1.19904261978694E-19	-2.01929501815158E-03	-4.27775835106448E-20
0	0	-502	-1.19745024151601E-19	-2.02331347816324E-03	1.19745024151601E-19
0	0	-501	-1.2037212629582E-19	-2.02739183609846E-03	-4.71726533315205E-20
0	0	-500	-1.20576823937239E-19	-2.03153009195723E-03	-3.3947036695799E-20
0	0	-499	-1.20854170280863E-19	-2.03572824573957E-03	-5.15535434844791E-20
0	0	-498	-1.21469253759183E-19	-2.03998629744546E-03	-2.28209107909504E-19
0	0	-497	-1.21350393933823E-19	-2.04430424707491E-03	-5.5920253969521E-20
0	0	-496	-1.21246405733862E-19	-2.04868209462792E-03	1.21246405733862E-19
0	0	-495	-1.221805736617E-19	-2.05311984010448E-03	-2.25528992053597E-19
0	0	-494	-1.22121316290607E-19	-2.0576174835046E-03	-6.24437328197397E-20
0	0	-493	-1.22385380243494E-19	-2.06217502482828E-03	-6.46111359358542E-20
0	0	-492	-1.22318225128288E-19	-2.06679246407552E-03	1.22318225128288E-19
0	0	-491	-1.22954061139374E-19	-2.07146980124632E-03	-8.63471573886444E-20
0	0	-490	-1.22875404327376E-19	-2.07620703634067E-03	1.22875404327376E-19
0	0	-489	-1.23159311302388E-19	-2.08100416935857E-03	1.23159311302388E-19
0	0	-488	-1.24042610642827E-19	-2.08586120030004E-03	-2.56160196812755E-19
0	0	-487	-1.24072066055015E-19	-2.09077812916507E-03	-9.58391905922801E-20
0	0	-486	-1.24305741601861E-19	-2.09575495595365E-03	-6.11640635457337E-20
0	0	-485	-1.24625508877837E-19	-2.10079168066579E-03	-8.18227438535182E-20
0	0	-484	-1.24921477083537E-19	-2.10588830330148E-03	-8.39582427168196E-20
0	0	-483	-1.24937196409029E-19	-2.11104482386074E-03	1.24937196409029E-19
0	0	-482	-1.2580217868885E-19	-2.11626124234355E-03	-3.01683129187866E-19
0	0	-481	-1.2583065120251E-19	-2.12153755874992E-03	-9.03434698048489E-20
0	0	-480	-1.26140799076126E-19	-2.12687377307984E-03	-9.24647890002335E-20
0	0	-479	-1.26454491866722E-19	-2.13226988533332E-03	-9.45825632786389E-20
0	0	-478	-1.26748504390102E-19	-2.13772589551037E-03	-7.64046976229539E-20
0	0	-477	-1.2734232587078E-19	-2.14324180361096E-03	-3.24457652695945E-19
0	0	-476	-1.27660990058104E-19	-2.14881760963512E-03	-3.29001922646623E-19
0	0	-475	-1.27506225235385E-19	-2.15445331358283E-03	1.27506225235385E-19
0	0	-474	-1.2786447174775E-19	-2.1601489154541E-03	1.06664981703171E-19
0	0	-473	-1.28411091866858E-19	-2.16590441524893E-03	-1.07214765692508E-19
0	0	-472	0	-2.17166719804542E-03	0
0	0	-471	0	-2.17748832959699E-03	0
0	0	-470	0	-2.18338200027958E-03	0
0	0	-469	0	-2.18934821009319E-03	0
0	0	-468	0	-2.19538695903782E-03	0
0	0	-467	0	-2.20149824711347E-03	0
0	0	-466	0	-2.20768207432014E-03	0
0	0	-465	0	-2.21393844065784E-03	0
0	0	-464	0	-2.22026734612656E-03	0
0	0	-463	0	-2.2266687907263E-03	0
0	0	-462	0	-2.23314277445705E-03	0
0	0	-461	0	-2.23968929731884E-03	0
0	0	-460	0	-2.24630835931164E-03	0
0	0	-459	0	-2.25299996043546E-03	0
0	0	-458	0	-2.25976410069031E-03	0
0	0	-457	0	-2.26660078007617E-03	0
0	0	-456	0	-2.27350999859306E-03	0
0	0	-455	0	-2.28049175624097E-03	0
0	0	-454	0	-2.2875460530199E-03	0
0	0	-453	0	-2.29467288892985E-03	0
0	0	-452	0	-2.30187226397083E-03	0
0	0	-451	0	-2.30914417814282E-03	0
0	0	-450	0	-2.31648863144584E-03	0
0	0	-449	0	-2.32390562387988E-03	0
0	0	-448	0	-2.33139515544494E-03	0
0	0	-447	0	-2.33895722614102E-03	0
0	0	-446	0	-2.34659183596812E-03	0
0	0	-445	0	-2.35429898492624E-03	0
0	0	-444	0	-2.36207867301539E-03	0
0	0	-443	1.81542474239401E-22	-2.36993898052439E-03	-5.84323703650248E-19
0	0	-442	1.34426581689201E-22	-2.37787432271899E-03	-6.19250581661772E-19
0	0	-441	8.19589733045104E-23	-2.38588318316808E-03	-6.54721335180822E-19
0	0	-440	2.51891990455566E-23	-2.39396556187164E-03	-7.20767962651196E-19
0	0	-439	-4.06576989253645E-23	-2.40212145882969E-03	-7.57598404939059E-19
0	0	-438	-1.1185631273078E-22	-2.41035087404222E-03	-7.94972722734446E-19
0	0	-437	-9.07143092896218E-23	-2.41865380750924E-03	-4.01021552166135E-19
0	0	-436	-1.35154343922576E-22	-2.42703025923073E-03	-4.35676492423897E-19
0	0	-435	0	-2.43548022920671E-03	0
0	0	-434	1.35973510741971E-22	-2.44363110525481E-03	1.23654511292375E-19
0	0	-433	4.70052234958118E-23	-2.45223542538703E-03	2.89819904185618E-19
0	0	-432	0	-2.46094100343541E-03	4.5994692691385E-19
0	0	-431	2.6219230676462E-23	-2.46974783939994E-03	-4.35108946414536E-19
0	0	-430	-6.37574885188028E-23	-2.47865593328064E-03	-2.34398245478151E-19
0	0	-429	-1.10762712014625E-22	-2.48766528507749E-03	-6.42144478000542E-20
0	0	-428	-1.15804871760099E-22	-2.49677589479051E-03	1.09930979713032E-19
0	0	-427	-4.10196632327105E-22	-2.50598776241968E-03	-4.69339878652013E-19
0	0	-426	-3.99461998521549E-22	-2.51530088796501E-03	-2.59090986138393E-19
0	0	-425	-3.62541094516686E-22	-2.5247152714265E-03	-8.09460788237411E-20
0	0	-424	-2.83657126761473E-22	-2.53423091280415E-03	1.011604583259E-19
0	0	-423	-1.6281009525591E-22	-2.54384781209796E-03	2.8722862531053E-19
0	0	-422	-7.35166508524297E-22	-2.55356596930793E-03	-2.83480927066024E-19
0	0	-421	-8.19092636024967E-22	-2.56338538443406E-03	-2.89531099839711E-19
0	0	-420	-6.77264072644248E-22	-2.57330605747635E-03	-1.01434805479366E-19
0	0	-419	-4.93472445513181E-22	-2.5833279884348E-03	9.06231187159686E-20
0	0	-418	-1.39213232408512E-21	-2.59345117730941E-03	-5.45252364663979E-19
0	0	-417	-1.2125370033291E-21	-2.60367562410017E-03	-3.53550860987239E-19
0	0	-416	-1.23872327352839E-21	-2.6140013288071E-03	-3.19498088958825E-19
0	0	-415	-9.25854580720367E-22	-2.62442829143018E-03	-8.06535466967873E-20
0	0	-414	-7.03287764264894E-22	-2.63495651196942E-03	8.05589036882416E-20
0	0	-413	-2.98100331206097E-22	-2.64558599042483E-03	3.28115246590599E-19
0	0	-412	-1.57442778353114E-21	-2.65631672679639E-03	-3.4313103055493E-19
0	0	-411	0	-2.66714897960023E-03	0
0	0	-410	0	-0.002678081792276	0
0	0	-409	0	-2.68911437304518E-03	0
0	0	-408	0	-2.70024672190777E-03	0
0	0	-407	0	-2.71147883886376E-03	0
0	0	-406	0	-2.72281072391316E-03	0
0	0	-405	0	-2.73424237705597E-03	0
0	0	-404	0	-2.74577379829219E-03	0
0	0	-403	0	-2.75740498762182E-03	0
0	0	-402	0	-2.76913594504485E-03	0
0	0	-401	0	-2.78096667056129E-03	0
0	0	-400	0	-2.79289716417113E-03	0
0	0	-399	0	-2.80492742587439E-03	0
0	0	-398	2.34089074982956E-21	-2.81645932525823E-03	-3.18543564281213E-19
0	0	-397	8.19924337224931E-22	-2.82874385507396E-03	-3.18543564281213E-19
0	0	-396	6.43053011037143E-22	-2.84116322689488E-03	-3.18543564281213E-19
0	0	-395	6.30166552294321E-22	-2.85371744072098E-03	-3.18543564281213E-19
0	0	-394	6.17280093551519E-22	-2.86640649655227E-03	-3.18543564281213E-19
0	0	-393	1.35988567831958E-21	-2.87923039438874E-03	-3.18543564281213E-19
0	0	-392	1.33089114614827E-21	-2.8921891342304E-03	-3.18543564281213E-19
0	0	-391	0	-2.9052651512911E-03	0
0	0	-390	0	-2.91847881203119E-03	0
0	0	-389	0	-2.9318301719377E-03	0
0	0	-388	0	-2.94531923101064E-03	0
0	0	-387	0	-2.95894598924999E-03	0
0	0	-386	0	-2.97271044665577E-03	0
0	0	-385	0	-2.98661260322798E-03	0
0	0	-384	0	-3.0006524589666E-03	0
0	0	-383	0	-3.01483001387165E-03	0
0	0	-382	0	-3.02914526794312E-03	0
0	0	-381	0	-3.04359822118101E-03	0
0	0	-380	0	-3.05818887358533E-03	0
0	0	-379	0	-3.07291722515607E-03	0
0	0	-378	0	-3.08778327589323E-03	0
0	0	-377	0	-3.10278702579681E-03	0
0	0	-376	0	-3.11792847486682E-03	0
0	0	-375	0	-3.13320762310325E-03	0
0	0	-374	0	-3.1486244705061E-03	0
0	0	-373	0	-3.16417901707538E-03	0
0	0	-372	0	-3.17987126281107E-03	0
0	0	-371	0	-3.19570120771319E-03	0
0	0	-370	0	-3.21150063505564E-03	0
0	0	-369	0	-3.22755929064773E-03	0
0	0	-368	0	-3.24379071059655E-03	0
0	0	-367	0	-3.2601948949021E-03	0
0	0	-366	0	-3.27677184356439E-03	0
0	0	-365	0	-3.29352155658341E-03	0
0	0	-364	0	-3.31044403395916E-03	0
0	0	-363	0	-3.32753927569165E-03	0
0	0	-362	0	-3.34480728178087E-03	0
0	0	-361	0	-3.36224805222682E-03	0
0	0	-360	0	-3.3798615870295E-03	0
0	0	-359	4.53130363308053E-19	-3.39761974257222E-03	-4.53130363308053E-19
0	0	-358	4.55517007547893E-19	-3.41551505536593E-03	-4.55517007547893E-19
0	0	-357	4.56585759270516E-19	-3.43359548968962E-03	-7.98758044930963E-19
0	0	-356	4.57685164274709E-19	-3.45186104554331E-03	-1.14896758183165E-18
0	0	-355	4.62825074889582E-19	-3.47031172292699E-03	-4.62825074889582E-19
0	0	-354	4.65310475544203E-19	-3.48894752184065E-03	-4.65310475544203E-19
0	0	-353	4.66489912037354E-19	-3.5077684422843E-03	-8.22537890169898E-19
0	0	-352	4.69027672988301E-19	-3.52677448425795E-03	-8.2854457423887E-19
0	0	-351	4.71590123042943E-19	-3.54596564776158E-03	-8.34575947411536E-19
0	0	-350	4.75498969199635E-19	-3.5653419327952E-03	-4.75498969199635E-19
0	0	-349	4.78107815372731E-19	-3.58490333935881E-03	-4.78107815372731E-19
0	0	-348	4.80741350649522E-19	-3.6046498674524E-03	-4.80741350649522E-19
0	0	-347	4.82086814298463E-19	-3.62458151707599E-03	-8.58948331139155E-19
0	0	-346	4.83317400268683E-19	-3.64469828822957E-03	-1.2862372179593E-18
0	0	-345	4.88790091102067E-19	-3.66500018091313E-03	-4.88790091102067E-19
0	0	-344	4.90073700055044E-19	-3.68548719512668E-03	-9.20371795827004E-19
0	0	-343	4.92833994282462E-19	-3.70615933087023E-03	-9.2698644907445E-19
0	0	-342	4.95763183201005E-19	-3.72701658814376E-03	-8.89969315631819E-19
0	0	-341	4.99867392490525E-19	-3.74805896694728E-03	-4.99867392490525E-19
0	0	-340	5.02698440596877E-19	-3.76928646728079E-03	-5.02698440596877E-19
0	0	-339	5.05554177806924E-19	-3.79069908914428E-03	-5.05554177806924E-19
0	0	-338	5.07148682189551E-19	-3.81229683253777E-03	-9.15230507092463E-19
0	0	-337	5.08631290982394E-19	-3.83407969746124E-03	-1.37746064791548E-18
0	0	-336	4.85061405521549E-19	-3.85604688012736E-03	0
0	0	-335	0	-3.87811946415608E-03	-2.34811880882355E-19
0	0	-334	0	-3.9004670454352E-03	-2.34811880882355E-19
0	0	-333	-1.10104308166411E-19	-3.92303362263435E-03	0
0	0	-332	-1.10699265568498E-19	-3.94582560173327E-03	0
0	0	-331	-1.15310187303812E-19	-3.96883041743202E-03	-4.53959707143976E-19
0	0	-330	-1.15846045255615E-19	-3.9920480697306E-03	-4.16491204662935E-19
0	0	-329	-1.14725188820577E-19	-0.004015478558629	0
0	0	-328	-1.15400696096372E-19	-4.03912188412723E-03	0
0	0	-327	-1.16082284271054E-19	-4.06297804622529E-03	0
0	0	-326	-1.16769953344624E-19	-4.08704704492317E-03	0
0	0	-325	-1.17463703317081E-19	-4.11132888022088E-03	0
0	0	-324	-1.15677837145142E-19	-4.13582355211842E-03	0
0	0	-323	-1.16751176524123E-19	-4.16053106061579E-03	0
0	0	-322	-1.16983289028177E-19	-4.18545140571298E-03	0
0	0	-321	-1.17645136318026E-19	-4.21058458740999E-03	0
0	0	-320	-1.18764831532748E-19	-4.23593060570684E-03	0
0	0	-319	-1.18987073594385E-19	-4.26148946060351E-03	0
0	0	-318	-1.19667163580896E-19	-4.28726115210001E-03	0
0	0	-317	-1.2083321463136E-19	-4.31324568019634E-03	0
0	0	-316	-1.26671975181963E-19	-4.33944304489249E-03	-5.16668976922758E-19
0	0	-315	-1.2722876376938E-19	-4.36585324618846E-03	-4.73499631734555E-19
0	0	-314	-1.28036258861397E-19	-4.39247628408427E-03	-4.7730019353933E-19
0	0	-313	-1.29108517027554E-19	-4.41931215857991E-03	-5.29210830878515E-19
0	0	-312	-1.27035814757777E-19	-4.44636086967536E-03	0
0	0	-311	-1.27814697314658E-19	-4.47362241737065E-03	0
0	0	-310	9.48104693232517E-21	-4.50097719435464E-03	5.12910136446038E-19
0	0	-309	7.19340213136993E-21	-4.52865806206515E-03	5.12910136446038E-19
0	0	-308	7.40076968102663E-21	-4.55653999809114E-03	5.12910136446038E-19
0	0	-307	1.30425209668857E-20	-4.58462300243263E-03	5.12910136446038E-19
0	0	-306	1.06067564876042E-20	-4.61290707508961E-03	5.12910136446038E-19
0	0	-305	5.15756078356927E-21	-4.64139221606208E-03	5.12910136446038E-19
0	0	-304	1.70483540364248E-20	-4.67007842535003E-03	5.12910136446038E-19
0	0	-303	1.14510386540636E-20	-4.69896570295349E-03	5.12910136446038E-19
0	0	-302	8.64497497896667E-21	-4.72805404887243E-03	5.12910136446038E-19
0	0	-301	8.85234252862337E-21	-4.75734346310686E-03	5.12910136446038E-19
0	0	-300	1.55309315627658E-20	-4.78683394565678E-03	5.12910136446038E-19
0	0	-299	1.25767482093427E-20	-4.81652549652219E-03	5.12910136446038E-19
0	0	-298	6.09071475702431E-21	-4.8464181157031E-03	5.12910136446038E-19
0	0	-297	1.93636254545002E-20	-4.87651180319949E-03	5.12910136446038E-19
0	0	-296	1.3421030375802E-20	-4.90680655901138E-03	5.12910136446038E-19
0	0	-295	0	-4.93736891812393E-03	0
0	0	-294	0	-4.96810931241007E-03	0
0	0	-293	0	-4.99897682928188E-03	0
0	0	-292	0	-5.02997146873938E-03	0
0	0	-291	0	-5.06109323078254E-03	0
0	0	-290	0	-5.09234211541139E-03	0
0	0	-289	0	-5.12371812262591E-03	0
0	0	-288	0	-5.1552212524261E-03	0
0	0	-287	0	-5.18685150481197E-03	0
0	0	-286	0	-5.21860887978352E-03	0
0	0	-285	0	-5.25049337734074E-03	0
0	0	-284	0	-5.28250499748364E-03	0
0	0	-283	0	-5.31464374021221E-03	0
0	0	-282	0	-5.34690960552646E-03	0
0	0	-281	0	-5.37930259342639E-03	0
0	0	-280	0	-5.41182270391199E-03	0
0	0	-279	0	-5.44446993698326E-03	0
0	0	-278	-2.55907079710974E-19	-5.47710963269466E-03	8.43598372966373E-19
0	0	-277	0	-5.50965041851053E-03	0
0	0	-276	0	-5.54219790878474E-03	0
0	0	-275	0	-5.57494705219062E-03	0
0	0	-274	0	-5.60767849630832E-03	0
0	0	-273	0	-5.6403409829236E-03	0
0	0	-272	0	-5.67293451203643E-03	0
0	0	-271	0	-5.70545908364683E-03	0
0	0	-270	0	-5.7379146977548E-03	0
0	0	-269	0	-5.77030135436033E-03	0
0	0	-268	2.14877097518327E-19	-0.005802614560214	0
0	0	-267	2.18041208793058E-19	-5.83477867520725E-03	0
0	0	-266	2.10269574257983E-19	-5.86676674728398E-03	-2.54627504914745E-19
0	0	-265	2.15235183248074E-19	-5.89857877644418E-03	0
0	0	-264	-5.56846588386843E-21	-5.93027863098388E-03	7.16945005702348E-20
0	0	-263	0	-5.96163967075107E-03	4.22727643421284E-19
0	0	-262	-5.69558828207569E-21	-5.99275720844849E-03	9.86911108791651E-20
0	0	-261	-2.34353859893526E-21	-6.02363868614906E-03	-1.36527051333242E-20
0	0	-260	-1.47714532394843E-20	-6.05416926353829E-03	-6.70447467579653E-19
0	0	-259	-7.74722363128628E-21	-6.0843133316401E-03	-2.74912415660532E-19
0	0	-258	0	-6.11407002844606E-03	0
0	0	-257	0	-6.14341048828228E-03	0
0	0	-256	0	-6.17229075372855E-03	0
0	0	-255	0	-6.20064026956403E-03	0
0	0	-254	0	-6.22845351848518E-03	0
0	0	-253	0	-6.25564930006385E-03	0
0	0	-252	9.82535262988387E-19	-6.28219843380326E-03	2.10497648012048E-19
0	0	-251	8.58087545748805E-19	-6.30803769725183E-03	-4.29043772874402E-19
0	0	-250	0	-6.33312263885025E-03	0
0	0	-249	-2.48320918104098E-19	-6.35739055155989E-03	-2.12134752908882E-19
0	0	-248	0	-6.38078131634094E-03	2.39682226798489E-19
0	0	-247	0	-6.40323531687054E-03	0
0	0	-246	0	-6.42468397909471E-03	0
0	0	-245	0	-6.44505434733003E-03	0
0	0	-244	0	-6.4642752132447E-03	0
0	0	-243	3.75115406746813E-19	-6.4822670444677E-03	6.81060596642332E-19
0	0	-242	0	-6.49894481994502E-03	0
0	0	-241	3.15164553582147E-19	-6.51422241517426E-03	-6.31866960669704E-19
0	0	-240	-4.76160044280235E-20	-6.52801039918126E-03	0
0	0	-239	0	-6.5402090248479E-03	0
0	0	-238	0	-6.55072014340767E-03	-5.78272156795145E-19
0	0	-237	0	-6.55943537549408E-03	0
0	0	-236	0	-6.56624077787566E-03	0
0	0	-235	-2.51053932399307E-19	-6.5710195488636E-03	4.70868720593043E-19
0	0	-234	-3.78437778328895E-19	-6.57364607171819E-03	-1.34996262754293E-20
0	0	-233	2.45754885672055E-19	-6.57398522786855E-03	3.43789727590815E-20
0	0	-232	-1.39952894646202E-19	-6.57190197563236E-03	9.1924171266969E-21
0	0	-231	0	-6.5672492681775E-03	0
0	0	-230	0	-6.55986408561097E-03	0
0	0	-229	-3.7120319786268E-19	-6.54958269693083E-03	9.83446799178049E-20
0	0	-228	0	-6.53624826002221E-03	0
0	0	-227	0	-6.5196769186703E-03	4.51620545320254E-19
0	0	-226	-4.50742490862204E-19	-6.49967939400751E-03	-1.69028434077827E-19
0	0	-225	0	-6.47604828795534E-03	0
0	0	-224	0	-6.44857198431731E-03	0
0	0	-223	0	-6.41703011629635E-03	0
0	0	-222	0	-6.38118476135876E-03	0
0	0	-221	0	-6.34078450902886E-03	0
0	0	-220	0	-6.29558861603197E-03	0
0	0	-219	0	-6.24529734614037E-03	0
0	0	-218	0	-6.18962445585588E-03	0
0	0	-217	-2.22807607686336E-20	-6.12826447639963E-03	7.09413387945706E-19
0	0	-216	0	-6.0609068998418E-03	2.54584057819464E-19
0	0	-215	0	-5.98719813814441E-03	0
0	0	-214	0	-5.90678335940603E-03	0
0	0	-213	-4.96660047567684E-21	-5.81927712535333E-03	1.9695157659101E-19
0	0	-212	0	-5.72427899504092E-03	0
0	0	-211	0	-5.62136781365823E-03	0
0	0	-210	0	-5.51009746018929E-03	0
0	0	-209	0	-5.38999238902361E-03	0
0	0	-208	0	-5.26055356631811E-03	0
0	0	-207	0	-5.12128552529574E-03	0
0	0	-206	0	-4.97156768098829E-03	0
0	0	-205	0	-4.81088167906765E-03	0
0	0	-204	0	-4.63857077549462E-03	0
0	0	-203	0	-4.45400343804342E-03	0
0	0	-202	0	-4.25646210835977E-03	0
0	0	-201	-2.02046196917521E-19	-4.0452341814677E-03	0
0	0	-200	0	-3.8195407251468E-03	0
0	0	-199	0	-3.57856239906132E-03	0
0	0	-198	0	-0.003321440861683	0
0	0	-197	0	-3.04727654957977E-03	0
0	0	-196	0	-2.75509861859865E-03	0
0	0	-195	0	-2.44390290070324E-03	0
0	0	-194	0	-2.11259501354955E-03	0
0	0	-193	-7.76940351128302E-20	-1.76006004071652E-03	6.17522159229364E-18
0	0	-192	0	-1.38506059456566E-03	0
0	0	-191	0	-9.8634964372545E-04	0
0	0	-190	0	-5.62572486178804E-04	0
0	0	-189	-1.15613656274769E-19	-1.12314677326258E-04	1.0467801585105E-17
0	0	-188	-1.04289770303187E-19	3.65959601812206E-04	1.13450357004808E-17
0	0	-187	0	8.73815877526295E-04	0
0	0	-186	0	1.41293820812903E-03	0
0	0	-185	0	1.98509028882876E-03	0
0	0	-184	0	2.59216549578752E-03	0
0	0	-183	0	3.23618759991483E-03	0
0	0	-182	0	3.91927425096001E-03	0
0	0	-181	-2.04751619918454E-19	4.64363831414058E-03	-4.65941345108481E-19
0	0	-180	0	5.41160465149186E-03	0
0	0	-179	0	6.22570526946518E-03	0
0	0	-178	2.30499909655234E-19	7.08860105383283E-03	0
0	0	-177	0	8.00307532791558E-03	0
0	0	-176	0	8.97210677485433E-03	0
0	0	-175	0	9.9988457865301E-03	0
0	0	-174	0	1.10865856244875E-02	0
0	0	-173	0	1.22387979428082E-02	0
0	0	-172	0	1.34591681527428E-02	0
0	0	-171	0	1.47517210660672E-02	0
0	0	-170	0	1.61204835554756E-02	0
0	0	-169	0	1.75699790242605E-02	0
0	0	-168	-5.12919020574376E-20	1.91047862611456E-02	7.4800264462482E-18
0	0	-167	0	2.07297692744421E-02	0
0	0	-166	0	2.24501494895905E-02	0
0	0	-165	0	2.42714058021285E-02	0
0	0	-164	-3.24604962703007E-19	2.61993229474885E-02	5.08298645506322E-17
0	0	-163	0	2.82400383140032E-02	0
0	0	-162	0	3.03998932218559E-02	0
0	0	-161	0	3.26858130766828E-02	0
0	0	-160	0	3.51050263047221E-02	0
0	0	-159	3.6952239490464E-18	3.76651326218673E-02	6.64512919178576E-17
0	0	-158	-1.44909098200339E-19	4.03740902381395E-02	2.18659637204281E-17
0	0	-157	0	0.043240324939394	0
0	0	-156	0	4.62728898129346E-02	0
0	0	-155	0	4.94811131722368E-02	0
0	0	-154	0	0.052874876598702	0
0	0	-153	0	5.64646878001078E-02	0
0	0	-152	0	6.02617099012023E-02	-6.44124657296684E-18
0	0	-151	0	6.42774413079583E-02	0
0	0	-150	0	0.068524206441286	0
0	0	-149	0	7.30150278984549E-02	0
0	0	-148	0	0.077763235506957	0
0	0	-147	0	8.27835214892207E-02	0
0	0	-146	0	0.088090520168033	0
0	0	-145	0	9.37009410254122E-02	0
0	0	-144	-5.28321147010179E-19	9.96309497949994E-02	1.26603958906822E-16
0	0	-143	0	0.105898974886452	0
0	0	-142	0	0.112523567616383	1.05574368940067E-17
0	0	-141	0	0.119524786639506	0
0	0	-140	0	0.126923740295267	0
0	0	-139	-2.3988248992436E-19	0.134743060505694	7.22859501229388E-17
0	0	-138	0	0.143006609525166	0
0	0	-137	0	0.151739971311711	0
0	0	-136	0	0.160970421715066	0
0	0	-135	0	0.170726373506408	0
0	0	-134	0	0.181040482467844	0
0	0	-133	0	0.191946184137482	0
0	0	-132	3.56179161155231E-18	0.20348102503354	2.22255695679917E-16
0	0	-131	-8.85228309734386E-18	0.215683451337011	1.10768653407262E-16
0	0	-130	0	0.228598353344088	0
0	0	-129	-1.67691422410862E-19	0.24227286968062	1.07210312085996E-16
0	0	-128	0	0.256759913356271	0
0	0	-127	0	0.272117136167143	0
0	0	-126	2.74636707806558E-17	0.288409983700973	3.30460338511865E-17
0	0	-125	0	0.305708494416574	0
0	0	-124	0	0.324092639072345	0
0	0	-123	0	0.343650881245263	0
0	0	-122	0	0.364481084271675	0
0	0	-121	0	0.386694697407636	0
0	0	-120	0	0.410413605655436	0
0	0	-119	1.60151517239645E-19	0.435774397685548	1.21521977629211E-16
0	0	-118	0	0.462923247138276	0
0	0	-117	0	0.492019765751173	0
0	0	-116	-2.16384930037889E-17	0.523235022637258	0
0	0	-115	0	0.556744950506358	0
0	0	-114	-1.15725334930847E-17	0.592726876666459	1.97158959874295E-16
0	0	-113	0	0.631338973834128	0
0	0	-112	0	0.672715325651593	0
0	0	-111	0	0.71693009541916	0
0	0	-110	-4.03614578189296E-17	0.76395151750291	4.16601807739921E-16
0	0	-109	0	0.813589968851824	-3.3494264505728E-17
0	0	-108	0	0.865447608522117	0
0	0	-107	0	0.9189395260838	0
0	0	-106	0	0.973381543101778	0
0	0	-105	0	1.02775346734708	0
0	0	-104	-6.32563947704786E-17	1.08068328478168	5.63827102322087E-16
0	0	-103	0	1.13088794985881	0
0	0	-102	0	1.17748142902417	0
0	0	-101	-4.93452734679668E-17	1.21974095777853	-4.96076520785356E-17
0	0	-100	0	1.25701985800521	0
0	0	-99	0	1.28909641359152	0
0	0	-98	0	1.31617784121236	0
0	0	-97	0	1.33868256757218	0
0	0	-96	0	1.35716559476486	0
0	0	-95	0	1.3721672847329	0
0	0	-94	-6.08591074313307E-17	1.38424739655691	7.34701120090964E-17
0	0	-93	0	1.39390140477117	0
0	0	-92	0	1.4016121781401	0
0	0	-91	6.5605712312088E-17	1.40776276580179	0
0	0	-90	0	1.41267558300649	0
0	0	-89	0	1.41660539000158	0
0	0	-88	0	1.41975851667716	0
0	0	-87	0	1.42229060589716	0
0	0	-86	0	1.42432545216969	0
0	0	-85	0	1.42596191894182	0
0	0	-84	0	1.42727016610436	0
0	0	-83	-3.44988069114665E-19	1.42830524354733	4.25798190294589E-18
0	0	-82	0	1.42910685853296	0
0	0	-81	0	1.4297062792399	0
0	0	-80	0	1.43012520584028	0
0	0	-79	0	1.4303787997978	0
0	0	-78	-7.0139677464783E-17	1.4304768619314	1.40161147053955E-16
0	0	-77	-1.70135606324144E-19	1.4304218647707	3.47671067216181E-17
0	0	-76	0	1.43021280649579	0
0	0	-75	0	1.42984234126363	0
0	0	-74	0	1.42929672983128	0
0	0	-73	0	1.42855599899585	0
0	0	-72	0	1.42759327042065	0
0	0	-71	0	1.42636985387025	0
0	0	-70	-2.06284008436495E-19	1.42483557098823	-7.76550696027646E-17
0	0	-69	0	1.42292530286161	0
0	0	-68	0	1.42055596585836	0
0	0	-67	0	1.41761887726853	0
0	0	-66	0	1.41397486672129	0
0	0	-65	0	1.409440024012	0
0	0	-64	0	1.40379096643645	0
0	0	-63	0	1.39673996411519	0
0	0	-62	0	1.38793127462371	0
0	0	-61	-7.15003939090627E-19	1.37692181466055	-1.83079549067223E-16
0	0	-60	0	1.36321265836793	0
0	0	-59	0	1.34623365042102	0
0	0	-58	0	1.3253737901006	0
0	0	-57	0	1.30004557489793	0
0	0	-56	0	1.26972937943274	0
0	0	-55	6.67518618617225E-17	1.23411879168792	-1.82082621669784E-16
0	0	-54	0	1.19324524309133	0
0	0	-53	0	1.1473961836434	0
0	0	-52	4.18649414326378E-17	1.09706898834444	-1.56149947553843E-16
0	0	-51	0	1.04325612385104	0
0	0	-50	0	0.987148812071266	0
0	0	-49	0	0.929808681156542	0
0	0	-48	0	0.872225523514611	0
0	0	-47	0	0.815350273676478	0
0	0	-46	0	0.759837256506425	0
0	0	-45	-1.21140262375115E-18	0.706111728888044	-1.17588201826518E-16
0	0	-44	0	0.654333386594995	0
0	0	-43	0	0.604476608511632	0
0	0	-42	-2.49694615885788E-19	0.556365691327083	-2.49288237571882E-17
0	0	-41	0	0.50970759153764	0
0	0	-40	0	0.464120591077171	0
0	0	-39	0	0.419125661567647	0
0	0	-38	0	0.374186625816015	0
0	0	-37	0	0.328617608960716	0
0	0	-36	0	0.28161859003236	0
0	0	-35	0	0.232165250383553	0
0	0	-34	0	0.178976613789955	0
0	0	-33	0	0.120280712747385	0
0	0	-32	0	5.36674925296981E-02	0
0	0	-31	0	-2.40319592322226E-02	0
0	0	-30	0	-0.117065850400786	0
0	0	-29	1.15817017193943E-17	-0.230461722293888	0
0	0	-28	-7.11857219571061E-19	-0.367553585155013	-5.62738818607643E-17
0	0	-27	0	-0.528993632654623	0
0	0	-26	0	-0.712114888903233	0
0	0	-25	0	-0.912145818744158	0
0	0	-24	0	-1.12484480900196	0
0	0	-23	0	-1.34670441398375	0
0	0	-22	0	-1.57517141547269	0
0	0	-21	1.82561864604288E-16	-1.8084496523738	-2.01472797373123E-16
0	0	-20	0	-2.04529947403449	0
0	0	-19	0	-2.28476189080762	0
0	0	-18	-4.55572577707629E-18	-2.52612751670494	-5.17134316455799E-16
0	0	-17	0	-2.76886910373052	0
0	0	-16	-1.3633107058916E-16	-3.0125777427596	0
0	0	-15	0	-3.25696083220764	0
0	0	-14	0	-3.50181045891428	0
0	0	-13	0	-3.7470264567398	0
0	0	-12	-3.38349858593427E-16	-3.99264850241058	2.05391976961577E-16
0	0	-11	0	-4.23910418254768	0
0	0	-10	0	-4.48782385077893	0
0	0	-9	0	-4.74235933023389	0
0	0	-8	0	-5.00805777550929	0
0	0	-7	0	-5.28681157674613	0
0	0	-6	-1.39891197566403E-18	-5.56556642220546	-1.59642869414882E-16
0	0	-5	0	-5.81652559947139	0
0	0	-4	0	-6.01628375547595	0
0	0	-3	0	-6.15970105667978	0
0	0	-2	0	-6.25314722914807	0
0	0	-1	0	-6.30517664943386	0
0	0	0	0	-6.32187412148489	0
0	0	1	0	-6.30528772350704	0
0	0	2	0	-6.25335635748242	0
0	0	3	0	-6.16027443389763	0
0	0	4	2.00726133048099E-19	-6.01723482149699	1.64560776015031E-17
0	0	5	0	-5.81745399476427	0
0	0	6	0	-5.56610965290987	0
0	0	7	2.27470192873242E-16	-5.28660503923711	-2.63109785754464E-16
0	0	8	1.59796104765297E-18	-5.0074655747234	1.94138515214583E-16
0	0	9	0	-4.74185636102125	0
0	0	10	0	-4.4877394452041	0
0	0	11	0	-4.2392936161226	0
0	0	12	0	-3.99293195930932	0
0	0	13	0	-3.7472611542308	0
0	0	14	0	-3.50198306442981	0
0	0	15	0	-3.25708140242229	0
0	0	16	0	-3.01267285302391	0
0	0	17	0	-2.76896485288104	0
0	0	18	-1.358864434455E-16	-2.52624315497845	6.63659370791985E-16
0	0	19	0	-2.28490904342107	0
0	0	20	9.58001554967638E-17	-2.04547566531582	0
0	0	21	3.68628562028803E-18	-1.80865306925909	4.93600859443096E-16
0	0	22	0	-1.5753637376224	0
0	0	23	0	-1.34688028082856	0
0	0	24	0	-1.12503830157059	0
0	0	25	0	-0.912411752440858	0
0	0	26	0	-0.712394065765491	0
0	0	27	0	-0.529537604126949	0
0	0	28	1.62688853449998E-18	-0.368239429652699	2.08796243697833E-16
0	0	29	0	-0.231082462497488	0
0	0	30	0	-0.117624134079414	0
0	0	31	4.4570978041753E-18	-2.43025844799764E-02	3.6434214463972E-16
0	0	32	0	0.053529577405252	0
0	0	33	0	0.120173844027308	0
0	0	34	0	0.178863764578707	0
0	0	35	0	0.232065801667472	0
0	0	36	0	0.281494572588649	0
0	0	37	1.40556291363746E-18	0.32850372248973	1.53433551000933E-16
0	0	38	1.67257425464233E-18	0.374080478806939	1.95219211883796E-16
0	0	39	0	0.419035686834239	0
0	0	40	0	0.464037045748865	0
0	0	41	1.62032090866584E-17	0.509644994829103	-3.47900542630516E-17
0	0	42	0	0.556310724228313	0
0	0	43	3.27902315162896E-17	0.604435212171136	0
0	0	44	0	0.654306923686945	0
0	0	45	0	0.706100396690661	-1.33877117173635E-17
0	0	46	0	0.75984512260751	0
0	0	47	0	0.815374816394985	0
0	0	48	0	0.872289660544326	0
0	0	49	0	0.929961742203474	0
0	0	50	0	0.987434520316813	0
0	0	51	0	1.04359906015413	0
0	0	52	0	1.09735665081639	0
0	0	53	5.61979465914483E-17	1.1476140515079	5.61979465914483E-17
0	0	54	6.03806923778818E-17	1.19347494701672	3.5085800702668E-16
0	0	55	0	1.23435665898513	0
0	0	56	-4.08523520059796E-17	1.26995333407947	-8.17047040119592E-17
0	0	57	-4.16219962188921E-17	1.30026208828129	0
0	0	58	0	1.32563206419719	0
0	0	59	0	1.34654916494846	0
0	0	60	0	1.36359174686476	0
0	0	61	0	1.37734377208264	0
0	0	62	0	1.3883954370642	0
0	0	63	0	1.39725156434929	0
0	0	64	0	1.40433259569968	0
0	0	65	0	1.41000539643036	0
0	0	66	0	1.41455542255837	0
0	0	67	0	1.41821395842891	0
0	0	68	0	1.42116260100773	0
0	0	69	-6.46704069055103E-17	1.42354247265908	1.29205760763163E-16
0	0	70	0	1.42546260045647	0
0	0	71	0	1.42700516332731	0
0	0	72	0	1.4282354635256	0
0	0	73	0	1.4292050288169	0
0	0	74	0	1.42995136824379	0
0	0	75	0	1.43050088634664	0
0	0	76	0	1.43087482108179	0
0	0	77	0	1.43108673371684	0
0	0	78	0	1.43114376995794	0
0	0	79	0	1.43104734921882	0
0	0	80	0	1.43079401647073	0
0	0	81	0	1.43037495372425	0
0	0	82	0	1.42977463184696	0
0	0	83	0	1.42897098669716	0
0	0	84	0	1.42793399304075	0
0	0	85	0	1.42662149481335	0
0	0	86	0	1.42497789454899	0
0	0	87	1.59035914788548E-19	1.42293100871247	-1.97623073615687E-17
0	0	88	0	1.42038422265395	0
0	0	89	0	1.41720998392083	0
0	0	90	4.55492022504383E-17	1.41324413610055	-2.46753858310707E-17
0	0	91	0	1.40829059034258	0
0	0	92	-8.08565177647924E-17	1.40208010305669	1.61713035529585E-16
0	0	93	0	1.39429601226022	0
0	0	94	-8.79750888128496E-17	1.38456255756158	-7.80216561531435E-17
0	0	95	4.37649246362847E-17	1.37243876295449	-4.36675955721737E-17
0	0	96	0	1.35738869413479	0
0	0	97	0	1.33885837950081	0
0	0	98	0	1.31630610056701	0
0	0	99	0	1.28917641830583	0
0	0	100	0	1.25710578404063	0
0	0	101	0	1.21994906379912	0
0	0	102	5.66157784067192E-17	1.17792198185189	0
0	0	103	0	1.13149585871645	0
0	0	104	0	1.08134056235706	0
0	0	105	4.3206764591379E-20	1.02840303060684	-6.4998705175172E-17
0	0	106	7.2536930397835E-20	0.973841660159166	0
0	0	107	0	0.919244752139211	0
0	0	108	0	0.865809189166309	0
0	0	109	0	0.814016561392662	0
0	0	110	0	0.764343264530565	0
0	0	111	0	0.717264534463046	0
0	0	112	0	0.672994972929331	0
0	0	113	0	0.631573829823242	0
0	0	114	0	0.59292666523036	0
0	0	115	0	0.556920579036796	0
0	0	116	0	0.523390092984319	0
0	0	117	0	0.492159452787867	0
0	0	118	-1.18776177793002E-19	0.463051179946584	-3.50108858357692E-17
0	0	119	0	0.435892670405941	0
0	0	120	0	0.410524907885146	0
0	0	121	0	0.386800165488415	0
0	0	122	0	0.364578938023336	0
0	0	123	0	0.343741097107574	0
0	0	124	0	0.324180104799624	0
0	0	125	0	0.305791158613432	0
0	0	126	0	0.288487554802709	0
0	0	127	0	0.272190921889182	0
0	0	128	0	0.25682968141033	0
0	0	129	0	0.242338848462774	0
0	0	130	0	0.228660962560396	0
0	0	131	0	0.215742490992588	0
0	0	132	0	0.203536773299167	0
0	0	133	0	0.191999626894158	0
0	0	134	0	0.181090890649566	0
0	0	135	-1.65486956144041E-17	0.17077382401205	0
0	0	136	-1.89907662611197E-19	0.161014809824482	-1.25531141064147E-18
0	0	137	0	0.151782282007842	0
0	0	138	0	0.143046771325859	0
0	0	139	0	0.134780605094417	0
0	0	140	0	0.126959760486479	0
0	0	141	6.68762371451855E-18	0.119558887035774	1.40361130045485E-17
0	0	142	0	0.112555833168873	0
0	0	143	8.09290897722622E-18	0.10592950494668	2.02322724430655E-18
0	0	144	0	9.96597987051957E-02	0
0	0	145	0	9.37279943995715E-02	0
0	0	146	0	8.81164180406512E-02	0
0	0	147	0	8.28078716718802E-02	0
0	0	148	0	7.77864120807207E-02	0
0	0	149	0	7.30368565512431E-02	0
0	0	150	0	0.068545192485938	0
0	0	151	2.25095337111622E-19	6.42973917264894E-02	-5.1206615887796E-17
0	0	152	0	6.02806968952946E-02	0
0	0	153	0	5.64827888789455E-02	0
0	0	154	-2.25784462033709E-18	5.28920515697094E-02	4.61739042407808E-18
0	0	155	0	4.94974766765436E-02	0
0	0	156	0	0.04628858373832	0
0	0	157	0	4.32552460741454E-02	0
0	0	158	0	4.03878571200931E-02	-4.26308669310774E-18
0	0	159	0	3.76787096838512E-02	0
0	0	160	0	3.51180568738044E-02	0
0	0	161	-6.8908543040272E-19	3.26982957363688E-02	-2.5970173101454E-18
0	0	162	0	3.04118375009793E-02	0
0	0	163	0	2.82513848660755E-02	0
0	0	164	0	2.62102111853227E-02	0
0	0	165	0	2.42818664871182E-02	0
0	0	166	0	2.24602074066811E-02	0
0	0	167	0	2.07394526001006E-02	-1.80751732506292E-18
0	0	168	0	1.91141430321924E-02	0
0	0	169	0	1.75790260137588E-02	0
0	0	170	0	1.61292267870091E-02	0
0	0	171	0	1.47601542505786E-02	0
0	0	172	0	1.34673443748699E-02	0
0	0	173	0	1.22466437569056E-02	0
0	0	174	0	1.10941559123467E-02	0
0	0	175	0	1.00061336870249E-02	0
0	0	176	0	8.97915254819292E-03	0
0	0	177	1.00901836079216E-20	8.00990193737161E-03	-6.93230150197818E-19
0	0	178	0	7.09517308035933E-03	0
0	0	179	0	6.23208791792527E-03	0
0	0	180	0	5.4177755823715E-03	0
0	0	181	0	4.64965221599641E-03	0
0	0	182	0	3.92508470215686E-03	0
0	0	183	0	3.24183830113495E-03	0
0	0	184	0	2.59761218954487E-03	0
0	0	185	0	1.99035198395767E-03	-5.60219024130064E-20
0	0	186	0	1.41803183586526E-03	0
0	0	187	0	8.78800144093323E-04	0
0	0	188	5.69385849912472E-20	3.70810114837436E-04	-4.27158657969452E-18
0	0	189	0	-1.07579729070102E-04	0
0	0	190	8.93882264056998E-21	-5.57990005631315E-04	-8.6786369840107E-19
0	0	191	0	-9.81898498055455E-04	0
0	0	192	0	-1.38072961332615E-03	0
0	0	193	1.41431565622733E-19	-1.75584168935827E-03	-5.69575550798181E-18
0	0	194	0	-2.10850076339513E-03	0
0	0	195	0	-2.4398894402673E-03	0
0	0	196	0	-2.75118445570006E-03	0
0	0	197	0	-3.04347163542339E-03	0
0	0	198	0	-3.31772210546533E-03	0
0	0	199	0	-3.57493723479139E-03	0
0	0	200	0	-3.81601508003555E-03	0
0	0	201	0	-4.04179254983889E-03	0
0	0	202	6.02259928699643E-21	-4.25311317676979E-03	-3.76101214188776E-19
0	0	203	-1.45666376177023E-19	-4.45073174450113E-03	-2.2831002450647E-18
0	0	204	0	-4.63538189075729E-03	0
0	0	205	0	-4.80776893895897E-03	0
0	0	206	0	-4.96853249454067E-03	0
0	0	207	0	-5.11830785013564E-03	0
0	0	208	0	-5.25766737914465E-03	0
0	0	209	0	-5.38716671651006E-03	0
0	0	210	0	-5.50733151094285E-03	0
0	0	211	1.88335008488303E-19	-5.61866483509517E-03	0
0	0	212	-1.85934145126667E-19	-5.72163799117607E-03	-2.93152721268545E-19
0	0	213	0	-5.81669201832948E-03	0
0	0	214	-1.11232168379446E-19	-5.90425814162955E-03	4.44928673517785E-19
0	0	215	0	-5.98473025305661E-03	0
0	0	216	0	-6.05849365643521E-03	3.88404022620494E-19
0	0	217	0	-0.006125904996133	0
0	0	218	0	-6.18730780579767E-03	0
0	0	219	0	-6.24302514910389E-03	0
0	0	220	0	-6.29336316829003E-03	0
0	0	221	0	-6.33861296936046E-03	0
0	0	222	0	-6.37904855897827E-03	0
0	0	223	0	-6.41493751852804E-03	0
0	0	224	0	-6.44652074563122E-03	0
0	0	225	0	-6.47403808751167E-03	0
0	0	226	0	-6.49771628623857E-03	0
0	0	227	0	-6.5177589590343E-03	0
0	0	228	0	-6.53436687162265E-03	0
0	0	229	0	-6.54773524840769E-03	0
0	0	230	1.53249645958192E-19	-6.55804508568096E-03	6.13627631329248E-19
0	0	231	0	-6.56546058116335E-03	-6.13627631329248E-19
0	0	232	0	-6.57015176342767E-03	4.67887335558439E-19
0	0	233	0	-6.57227089938525E-03	0
0	0	234	0	-6.57196951360859E-03	0
0	0	235	0	-6.56937829264982E-03	0
0	0	236	0	-6.5646322741832E-03	0
0	0	237	0	-6.55786081798906E-03	0
0	0	238	0	-6.54917910427165E-03	0
0	0	239	0	-6.53870280515054E-03	0
0	0	240	0	-6.5265291469858E-03	0
0	0	241	0	-6.51276492830365E-03	0
0	0	242	0	-6.49751170520177E-03	0
0	0	243	0	-6.48085453409628E-03	0
0	0	244	0	-6.46289048192348E-03	0
0	0	245	0	-6.44369479441755E-03	0
0	0	246	0	-6.42334301115514E-03	0
0	0	247	0	-6.40191776462565E-03	0
0	0	248	0	-6.37948597858403E-03	0
0	0	249	0	-6.35610419764982E-03	0
0	0	250	0	-6.33185480661892E-03	0
0	0	251	0	-0.006306787364752	0
0	0	252	0	-6.28096525561729E-03	0
0	0	253	0	-6.25443270642294E-03	0
0	0	254	0	-6.22726187750882E-03	0
0	0	255	0	-6.19947160770785E-03	0
0	0	256	0	-6.17112697250713E-03	0
0	0	257	0	-6.1422852077686E-03	0
0	0	258	0	-6.11294350373334E-03	0
0	0	259	0	-6.08317702451819E-03	0
0	0	260	0	-6.05304959623704E-03	0
0	0	261	0	-6.02257120273019E-03	0
0	0	262	0	-5.99174789098009E-03	0
0	0	263	0	-5.96057731681151E-03	0
0	0	264	0	-5.92922377440002E-03	4.05006854080747E-19
0	0	265	0	-5.89751194333728E-03	4.05006854080747E-19
0	0	266	0	-5.86567726473471E-03	4.05006854080747E-19
0	0	267	0	-5.83371973859228E-03	4.05006854080747E-19
0	0	268	0	-0.00580163936491	4.05006854080747E-19
0	0	269	0	-5.76943614368787E-03	4.05006854080747E-19
0	0	270	1.09025135409246E-20	-5.73705603892555E-03	1.09627496884766E-18
0	0	271	0	-5.70460211430125E-03	2.01471757677273E-19
0	0	272	4.31451982541214E-21	-5.67201751797247E-03	6.50754923241126E-19
0	0	273	1.94621640272417E-19	-5.63939067579127E-03	0
0	0	274	0	-5.60670896254296E-03	0
0	0	275	0	-5.57401975112924E-03	0
0	0	276	0	-5.54137143229808E-03	0
0	0	277	0	-5.50876400604948E-03	0
0	0	278	0	-5.47619747238344E-03	0
0	0	279	0	-5.44367183129996E-03	0
0	0	280	0	-5.41118708279904E-03	0
0	0	281	0	-5.37874322688068E-03	0
0	0	282	0	-5.34634026354488E-03	0
0	0	283	-1.87309657162467E-19	-5.31400149688943E-03	3.61985543620374E-19
0	0	284	-1.86373376067561E-19	-5.28185156008856E-03	3.60809857930047E-19
0	0	285	-1.85440857166863E-19	-5.24980621227806E-03	3.59634172239719E-19
0	0	286	0	-5.21783475234792E-03	0
0	0	287	0	-5.18597620822596E-03	0
0	0	288	0	-5.15426937000131E-03	0
0	0	289	0	-5.12271423767399E-03	0
0	0	290	0	-5.09131081124398E-03	0
0	0	291	0	-5.06005909071129E-03	0
0	0	292	0	-5.02895907607592E-03	0
0	0	293	0	-4.99801076733786E-03	0
0	0	294	0	-4.96721416449712E-03	0
0	0	295	0	-4.9365692675537E-03	0
0	0	296	0	-4.90607607650759E-03	0
0	0	297	0	-4.8757345913588E-03	0
0	0	298	5.9763268098501E-19	-4.84574380748221E-03	1.9829087874358E-18
0	0	299	5.83775311486031E-19	-4.81583460508693E-03	1.07828538553241E-18
0	0	300	5.83793569336862E-19	-4.78613027557019E-03	1.16758713867372E-18
0	0	301	5.83186531407078E-19	-0.004756630818932	1.55258036631746E-18
0	0	302	5.70834819332416E-19	-4.72733623517235E-03	1.07828538553241E-18
0	0	303	5.69878319122502E-19	-4.69824652429125E-03	1.07828538553241E-18
0	0	304	5.69550590646745E-19	-4.6693616862887E-03	1.13910118129349E-18
0	0	305	5.5787778150148E-19	-4.6406817211647E-03	1.07828538553241E-18
0	0	306	5.57572160675884E-19	-4.61220662891924E-03	1.07828538553241E-18
0	0	307	5.65317318341813E-19	-4.58393640955233E-03	2.08457931251136E-18
0	0	308	5.54388395063664E-19	-4.55587106306396E-03	1.07828538553241E-18
0	0	309	5.53572440590112E-19	-4.52801058945414E-03	1.31623185959416E-18
0	0	310	5.52256612287453E-19	-4.50035498872287E-03	1.6755139151406E-18
0	0	311	5.42132013890208E-19	-4.47290426087015E-03	1.07828538553241E-18
0	0	312	0	-4.44567333796533E-03	0
0	0	313	0	-4.41866204609682E-03	0
0	0	314	0	-4.39186666142534E-03	0
0	0	315	2.99547458261793E-21	-4.3653541374191E-03	5.50986453357852E-19
0	0	316	3.20527007963169E-21	-4.33896427614974E-03	5.96280660338399E-19
0	0	317	3.40464551428988E-21	-4.31278580016621E-03	6.40775622219374E-19
0	0	318	-1.54011466568251E-21	-4.28681870946853E-03	0
0	0	319	3.77213619653961E-21	-4.26106300405668E-03	7.27367810682603E-19
0	0	320	3.94025144413113E-21	-4.23551868393068E-03	7.69465037264858E-19
0	0	321	4.09794662936711E-21	-4.21018574909051E-03	8.1076301874754E-19
0	0	322	4.24522175224752E-21	-4.18506419953618E-03	8.51261755130648E-19
0	0	323	4.15144119104752E-21	-4.16015403526769E-03	8.4406854923449E-19
0	0	324	0	-4.13545525628504E-03	0
0	0	325	2.20215559369307E-22	-4.11096786258824E-03	4.60934520801207E-20
0	0	326	4.30011056383058E-22	-4.08669185417727E-03	9.13876590606683E-20
0	0	327	6.29386491041253E-22	-4.06262723105214E-03	1.35882620941643E-19
0	0	328	4.70546571422738E-21	-4.03877399321285E-03	1.0325754419075E-18
0	0	329	4.78501043179668E-21	-4.0151321406594E-03	1.06787908514338E-18
0	0	330	0	-3.99175296419142E-03	0
0	0	331	0	-0.003968560110357	0
0	0	332	3.75383079382629E-21	-3.94556529665177E-03	1.25284622063203E-18
0	0	333	1.83972658838453E-21	-3.92277234000339E-03	8.07121835764734E-19
0	0	334	3.46641880741524E-21	-3.90017469887464E-03	1.20028704291476E-18
0	0	335	3.53069794265459E-21	-3.87777237326551E-03	1.22391710337314E-18
0	0	336	1.72816016279868E-21	-3.85556536317601E-03	7.89506402141659E-19
0	0	337	1.69097135427005E-21	-3.83355366860612E-03	7.83671541115264E-19
0	0	338	3.18035104950278E-21	-3.81173728955587E-03	1.16305433064158E-18
0	0	339	1.61659373721283E-21	-3.79011622602523E-03	7.7205724433442E-19
0	0	340	1.45791224186234E-21	-3.76869047801422E-03	7.34755223874228E-19
0	0	341	1.42358411091284E-21	-3.74746004552284E-03	7.29282936501808E-19
0	0	342	1.6207986432906E-21	-3.72642492855108E-03	7.85719600465996E-19
0	0	343	1.46783850309835E-21	-3.70558512709894E-03	7.49050351860513E-19
0	0	344	1.43064969456973E-21	-3.68494064116642E-03	7.43344816468656E-19
0	0	345	0	-3.66449147075353E-03	3.46627918932588E-19
0	0	346	1.25194345616539E-21	-3.64423761586027E-03	7.02198625999436E-19
0	0	347	1.21761532521589E-21	-3.62417907648663E-03	6.96837189170906E-19
0	0	348	2.39989533196133E-21	-3.60430973807246E-03	7.0167889859352E-19
0	0	349	2.37744580496999E-21	-0.003584615746021	6.9547692809231E-19
0	0	350	2.35499627797865E-21	-3.56509659711219E-03	6.89274957591101E-19
0	0	351	2.33254675098731E-21	-3.54575229134603E-03	6.83072987089891E-19
0	0	352	1.63631886699716E-21	-3.52658282872253E-03	4.79450303416983E-19
0	0	353	2.28764769700467E-21	-3.50758820924166E-03	6.70669046087473E-19
0	0	354	2.26519817001333E-21	-3.48876843290345E-03	6.64467075586263E-19
0	0	355	2.33619650314791E-21	-3.47012349970789E-03	6.85692817796931E-19
0	0	356	2.22029911603065E-21	-3.45165340965497E-03	6.52063134583844E-19
0	0	357	2.19784958903935E-21	-3.43335816274471E-03	6.45861164082635E-19
0	0	358	2.17540006204801E-21	-3.4152377589771E-03	6.39659193581425E-19
0	0	359	2.15295053505667E-21	-3.39729219835213E-03	6.33457223080216E-19
0	0	360	2.8406680107538E-21	-3.37952148086981E-03	8.36340336772009E-19
0	0	361	1.40536765404933E-21	-3.36192560653014E-03	4.14035521385198E-19
0	0	362	6.95200651360893E-22	-3.34450457533313E-03	2.04950437192196E-19
0	0	363	6.87717475697113E-22	-3.32725838727876E-03	2.02883113691793E-19
0	0	364	1.36046860006668E-21	-3.31018704236704E-03	4.01631580382779E-19
0	0	365	1.34550224873912E-21	-3.29329054059797E-03	3.97496933381972E-19
0	0	366	1.41369439099978E-21	-3.27656888197155E-03	4.17947429279989E-19
0	0	367	1.315569546084E-21	-3.26002206648777E-03	3.8922763938036E-19
0	0	368	1.30060319475646E-21	-3.24365009414665E-03	3.85092992379554E-19
0	0	369	1.2856368434289E-21	-3.22745296494818E-03	3.80958345378747E-19
0	0	370	1.27067049210134E-21	-3.21143067889235E-03	3.76823698377941E-19
0	0	371	0	-3.19515365519061E-03	0
0	0	372	0	-3.1794183538531E-03	0
0	0	373	0	-3.16385540797993E-03	0
0	0	374	0	-3.14846481757107E-03	0
0	0	375	0	-3.13272862980499E-03	0
0	0	376	0	-3.11750657596294E-03	0
0	0	377	0	-3.10241492392424E-03	0
0	0	378	0	-3.0874536736889E-03	0
0	0	379	0	-3.07262282525692E-03	0
0	0	380	0	-3.05791790685562E-03	1.83128558963455E-19
0	0	381	-9.54297260953916E-22	-3.04333648693189E-03	1.64547677990853E-19
0	0	382	5.65564024070652E-22	-3.02888835341141E-03	6.12019947999211E-19
0	0	383	1.02517682329335E-21	-3.0145735062942E-03	9.27150763354006E-19
0	0	384	0	-3.00039194558025E-03	1.79683519981955E-19
0	0	385	5.48028192816382E-22	-2.98634367126956E-03	5.45166873355859E-19
0	0	386	1.21231732157409E-21	-2.97242868336214E-03	9.55507102310263E-19
0	0	387	0	-2.95864698185797E-03	1.77183552591298E-19
0	0	388	6.01187864570946E-22	-2.94499856675707E-03	5.32214371523139E-19
0	0	389	-5.30492361562112E-22	-2.93148343805943E-03	1.64547677990853E-19
0	0	390	0	-2.91810159576504E-03	1.7475542392533E-19
0	0	391	7.47825755800584E-22	-2.90485303987392E-03	5.68672522208067E-19
0	0	392	-7.68077059326125E-22	-2.89173777038607E-03	1.64547677990853E-19
0	0	393	0	-2.87875578730147E-03	1.72399133984049E-19
0	0	394	-6.06434749782925E-22	-2.86590709062014E-03	1.64547677990853E-19
0	0	395	7.25227098664929E-22	-2.85319168034206E-03	5.02271240065021E-19
0	0	396	1.48589397849957E-21	-2.84060955646725E-03	8.25936473590148E-19
0	0	397	0	-2.8281607189957E-03	1.69369163189633E-19
0	0	398	8.89584880479421E-22	-2.81584516792741E-03	5.35404854213011E-19
0	0	399	0	-2.80366290326238E-03	1.67902070275551E-19
0	0	400	0	-2.79161392500062E-03	1.67180496939291E-19
0	0	401	8.31546442174056E-22	-2.77969823314211E-03	4.76916999955519E-19
0	0	402	-9.70590094581606E-22	-2.76791582768687E-03	1.64547677990853E-19
0	0	403	-1.5508134136608E-21	-2.75701177604433E-03	-3.52017157394696E-19
0	0	404	-6.56156745739545E-22	-2.74542976613307E-03	-3.52017157394696E-19
0	0	405	-6.47679171338728E-22	-2.73394687432257E-03	-3.52017157394696E-19
0	0	406	-1.49147039285513E-21	-2.72256310061282E-03	-3.52017157394696E-19
0	0	407	7.35844692959967E-22	-2.71127844500383E-03	-3.19032328688964E-20
0	0	408	7.25954189492347E-22	-2.7000929074956E-03	-3.32237075048032E-20
0	0	409	0	-2.68900648808811E-03	-3.38279326762754E-19
0	0	410	0	-2.67801918678139E-03	-3.36897114817397E-19
0	0	411	6.96282679089514E-22	-2.66713100357542E-03	-3.72599462659841E-20
0	0	412	0	-2.6563419384702E-03	-3.34170098353412E-19
0	0	413	0	-2.64565199146574E-03	-3.32825293834785E-19
0	0	414	-7.61841335641892E-22	-2.63506116256203E-03	-3.52017157394696E-19
0	0	415	-1.31344133043808E-21	-2.62456945175909E-03	-3.52017157394696E-19
0	0	416	-1.29366032350284E-21	-2.61417685905689E-03	-3.52017157394696E-19
0	0	417	0	-2.60388338445545E-03	-3.27570767182711E-19
0	0	418	0	-2.59368892052709E-03	-6.91565811116704E-19
0	0	419	6.12147035528823E-22	-2.58359206276237E-03	-3.7351977455659E-19
0	0	420	0	-2.57359247430771E-03	-6.91565811116704E-19
0	0	421	6.8448806192387E-22	-2.56369015516311E-03	-3.35128354881316E-19
0	0	422	0	-2.55388510532858E-03	-6.91565811116704E-19
0	0	423	5.85707072837945E-22	-2.54417732480411E-03	-3.74309951188606E-19
0	0	424	6.61825236760271E-22	-2.5345668135897E-03	-3.36978294181559E-19
0	0	425	0	-2.52505357168536E-03	-6.91565811116704E-19
0	0	426	5.65877100819797E-22	-2.51563759909107E-03	-3.75159551481118E-19
0	0	427	0	-2.50631889580685E-03	-6.91565811116704E-19
0	0	428	0	-2.4970974618327E-03	-6.2827401271935E-19
0	0	429	0	-2.4879732971686E-03	-6.91565811116704E-19
0	0	430	0	-0.002478951992404	0
0	0	431	0	-2.47012024493306E-03	0
0	0	432	0	-2.46136269616862E-03	0
0	0	433	0	-2.45267934611069E-03	0
0	0	434	0	-2.44407019475927E-03	0
0	0	435	0	-2.43553524211436E-03	0
0	0	436	0	-2.42707448817595E-03	0
0	0	437	0	-2.41868793294405E-03	0
0	0	438	0	-2.41037557641866E-03	0
0	0	439	0	-2.40213741859977E-03	0
0	0	440	0	-2.3939734594874E-03	0
0	0	441	0	-2.38588369908152E-03	0
0	0	442	0	-2.37786813738216E-03	0
0	0	443	0	-2.36992677438931E-03	0
0	0	444	0	-2.36205961010296E-03	0
0	0	445	0	-2.35426664452312E-03	0
0	0	446	0	-2.34654787764978E-03	0
0	0	447	0	-2.33890330948296E-03	0
0	0	448	0	-2.33133294002264E-03	0
0	0	449	0	-2.32383676926883E-03	0
0	0	450	0	-2.31641479722153E-03	0
0	0	451	0	-2.30906702388073E-03	0
0	0	452	0	-2.30179344924644E-03	0
0	0	453	0	-2.29459407331866E-03	0
0	0	454	0	-2.28746889609739E-03	0
0	0	455	0	-2.28041791758262E-03	0
0	0	456	0	-2.27344113777436E-03	0
0	0	457	0	-2.26653855667261E-03	0
0	0	458	-1.3568345384241E-19	-2.25998286546402E-03	0
0	0	459	-1.35274812197343E-19	-2.25317641198857E-03	0
0	0	460	-1.35569047523299E-19	-2.24644123140561E-03	0
0	0	461	-1.33937218473417E-19	-2.23977732371512E-03	1.74100522070475E-19
0	0	462	-1.34594586521396E-19	-2.23318468891712E-03	0
0	0	463	-1.33683035995556E-19	-2.2266633270116E-03	0
0	0	464	-1.33295789539729E-19	-2.22021323799857E-03	0
0	0	465	-1.3269217715118E-19	-2.21383442187802E-03	1.66612205836273E-19
0	0	466	0	-2.20761598579353E-03	0
0	0	467	0	-2.20149967740791E-03	0
0	0	468	0	-2.19543892577996E-03	0
0	0	469	0	-2.18943373090969E-03	0
0	0	470	0	-2.18348409279708E-03	0
0	0	471	0	-2.17759001144214E-03	0
0	0	472	0	-2.17175148684487E-03	0
0	0	473	0	-2.16596851900527E-03	0
0	0	474	0	-2.16024110792333E-03	0
0	0	475	0	-2.15456925359907E-03	0
0	0	476	0	-2.14895295603248E-03	0
0	0	477	0	-2.14339221522355E-03	0
0	0	478	0	-2.13788703117229E-03	0
0	0	479	0	-2.13243740387871E-03	0
0	0	480	0	-2.12704333334279E-03	0
0	0	481	0	-2.12170481956454E-03	0
0	0	482	0	-2.11642186254396E-03	0
0	0	483	0	-2.11119446228105E-03	0
0	0	484	0	-2.10602261877581E-03	0
0	0	485	0	-2.10090633202823E-03	0
0	0	486	0	-2.09584560203833E-03	0
0	0	487	0	-2.0908404288061E-03	0
0	0	488	0	-2.08589081233153E-03	0
0	0	489	0	-2.08099675261463E-03	0
0	0	490	0	-2.0761582496554E-03	0
0	0	491	0	-2.07137530345385E-03	0
0	0	492	0	-2.06664791400995E-03	0
0	0	493	0	-2.06197608132373E-03	0
0	0	494	0	-2.05735980539518E-03	0
0	0	495	0	-2.0527990862243E-03	0
0	0	496	0	-2.04829392381109E-03	0
0	0	497	0	-2.04384431815554E-03	0
0	0	498	0	-2.03945026925767E-03	0
0	0	499	0	-2.03511177711746E-03	0
0	0	500	0	-2.03082884173492E-03	0
0	0	501	0	-2.02660146311005E-03	0
0	0	502	0	-2.02242964124285E-03	0
0	0	503	0	-2.01831337613332E-03	0
0	0	504	0	-2.01425266778146E-03	0
0	0	505	0	-2.01024751618727E-03	0
0	0	506	0	-2.00629792135074E-03	0
0	0	507	0	-2.00240388327189E-03	0
0	0	508	0	-1.99856540195071E-03	0
0	0	509	0	-1.99478247738719E-03	0
0	0	510	0	-1.99105510958134E-03	0
0	0	511	0	-1.98738329853316E-03	0
0	0	512	0	-1.98376704424265E-03	0
0	0	513	0	-1.98020634670981E-03	0
0	0	514	0	-1.97670120593464E-03	0
0	0	515	0	-1.97325162191714E-03	0
0	0	516	0	-1.96979066459782E-03	0
0	0	517	0	-1.96633117064806E-03	0
0	0	518	0	-1.96292348961033E-03	0
0	0	519	0	-1.95956762148461E-03	0
0	0	520	0	-1.95626356627092E-03	0
0	0	521	0	-1.95301132396925E-03	0
0	0	522	0	-1.94980523326066E-03	1.8028556608805E-19
0	0	523	0	-1.94662952712444E-03	8.29707990052424E-20
0	0	524	0	-1.94349800480637E-03	1.75303572505846E-19
0	0	525	0	-1.94041066630647E-03	2.53458444381626E-19
0	0	526	0	-1.93736751162474E-03	2.61159754349587E-19
0	0	527	0	-1.93436854076116E-03	1.67830582132542E-19
0	0	528	0	-1.93183998306171E-03	0
0	0	529	0	-1.92899963989039E-03	0
0	0	530	0	-1.92620025017859E-03	0
0	0	531	0	-1.9234418139263E-03	0
0	0	532	0	-1.92072433113353E-03	0
0	0	533	0	-1.91804780180027E-03	0
0	0	534	0	-1.91541222592653E-03	0
0	0	535	0	-1.91281760351231E-03	0
0	0	536	0	-1.9102639345576E-03	0
0	0	537	0	-1.90775121906241E-03	0
0	0	538	0	-1.90527945702674E-03	0
0	0	539	0	-1.90284864845058E-03	0
0	0	540	0	-1.90045879333393E-03	0
0	0	541	0	-1.89810989167681E-03	0
0	0	542	0	-1.8958019434792E-03	0
0	0	543	0	-1.8935349487411E-03	0
0	0	544	0	-1.89130890746252E-03	0
0	0	545	0	-1.88912381964346E-03	0
0	0	546	0	-1.88697968528391E-03	0
0	0	547	0	-1.88487650438388E-03	0
0	0	548	0	-1.88281427694336E-03	0
0	0	549	0	-1.88079300296236E-03	0
0	0	550	0	-1.87881268244088E-03	0
0	0	551	0	-1.87687331537891E-03	0
0	0	552	0	-1.87497490177645E-03	0
0	0	553	0	-1.87311744163352E-03	0
0	0	554	0	-1.8713009349501E-03	0
0	0	555	0	-1.86952538172619E-03	0
0	0	556	0	-1.8677907819618E-03	0
0	0	557	0	-1.86609713565693E-03	0
0	0	558	0	-1.86444444281158E-03	0
0	0	559	0	-1.86283270342574E-03	0
0	0	560	0	-1.86126191749941E-03	0
0	0	561	0	-1.8597320850326E-03	0
0	0	562	0	-1.85824320602531E-03	0
0	0	563	0	-1.85679528047753E-03	0
0	0	564	0	-1.85538830838927E-03	0
0	0	565	0	-1.85402228976053E-03	0
0	0	566	0	-1.8526972245913E-03	0
0	0	567	0	-1.85141311288158E-03	0
0	0	568	0	-1.85016995463139E-03	0
0	0	569	0	-1.84896774984071E-03	0
0	0	570	0	-1.84780649850954E-03	0
0	0	571	0	-1.84668620063789E-03	0
0	0	572	0	-1.84560685622576E-03	0
0	0	573	0	-1.84456846527314E-03	0
0	0	574	0	-1.84357102778004E-03	0
0	0	575	0	-1.84261454374645E-03	0
0	0	576	0	-1.84169901317238E-03	0
0	0	577	0	-1.84082443605783E-03	0
0	0	578	0	-1.83999081240279E-03	0
0	0	579	0	-1.83917757493245E-03	0
0	0	580	0	-1.83838615814853E-03	0
0	0	581	0	-1.83763357695201E-03	0
0	0	582	0	-1.8369198313429E-03	0
0	0	583	0	-1.8362449213212E-03	0
0	0	584	0	-1.8356088468869E-03	0
0	0	585	0	-1.83501160804001E-03	0
0	0	586	0	-1.83445320478052E-03	0
0	0	587	0	-1.83393363710844E-03	0
0	0	588	0	-1.83345290502376E-03	0
0	0	589	0	-1.83301100852649E-03	0
0	0	590	0	-1.83260794761663E-03	0
0	0	591	0	-1.83224372229417E-03	0
0	0	592	0	-1.83191833255911E-03	0
0	0	593	0	-1.83163177841146E-03	0
0	0	594	0	-1.83138405985122E-03	0
0	0	595	0	-1.83117517687839E-03	0
0	0	596	0	-1.83100512949295E-03	0
0	0	597	0	-1.83087391769493E-03	0
0	0	598	0	-1.83078154148431E-03	0
0	0	599	0	-1.8307280008611E-03	0
0	0	600	0	-1.83107943899127E-03	-2.14021785717159E-07
