fieldmap_name:     	SWLS Sirius
timestamp:         	2022-08-15_15-57-44
filename:          	2022-08-15_SWLS_Sirius_Model8.0_dcc+0.2mm_Z=-600_600mm.txt
MagNet_file:       	SWLS_Sirius_Model8.0_dcc+0.2mm.mn
nr_magnets:        	1

magnet_name:       	SWLS
gap[mm]:           	
control_gap[mm]:   	--
magnet_length[mm]: 	
current_main[A]:   	--
NI_main[A.esp]:    	--
center_pos_z[mm]:  	0
center_pos_x[mm]:  	0
rotation[deg]:     	0

X[mm]	Y[mm]	Z[mm]	Bx	By	Bz [T]
------------------------------------------------------------------------------------------------------------------------------------------------------------------
0	0	-600	0	-1.83094435595552E-03	0
0	0	-599	0	-1.83097414906697E-03	0
0	0	-598	0	-1.83104153850186E-03	0
0	0	-597	0	-1.8311465242602E-03	0
0	0	-596	0	-1.83128910634198E-03	0
0	0	-595	0	-1.8314692847472E-03	0
0	0	-594	0	-1.83168705947586E-03	0
0	0	-593	0	-1.83194243052797E-03	0
0	0	-592	0	-1.83223539790353E-03	0
0	0	-591	0	-1.83256596160252E-03	0
0	0	-590	0	-1.83293412162496E-03	0
0	0	-589	0	-1.83333987797085E-03	0
0	0	-588	0	-1.83378323064017E-03	0
0	0	-587	0	-1.83426417963294E-03	0
0	0	-586	0	-1.83478272494916E-03	0
0	0	-585	0	-1.83533886658882E-03	0
0	0	-584	0	-1.83593260455192E-03	0
0	0	-583	0	-1.83656393883846E-03	0
0	0	-582	0	-1.83723286944845E-03	0
0	0	-581	0	-1.83793939638189E-03	0
0	0	-580	0	-1.83868351963876E-03	0
0	0	-579	0	-1.83946523921908E-03	0
0	0	-578	0	-1.84028455512285E-03	0
0	0	-577	0	-1.84114146735005E-03	0
0	0	-576	0	-1.8420359759007E-03	0
0	0	-575	0	-1.8429680807748E-03	0
0	0	-574	0	-1.84393778197234E-03	0
0	0	-573	0	-1.84494507949332E-03	0
0	0	-572	0	-1.84598997333774E-03	0
0	0	-571	1.4457647564885E-22	-1.84645628556935E-03	-3.2459618768973E-20
0	0	-570	1.16404460391428E-22	-1.84759547991927E-03	-2.8806557160524E-20
0	0	-569	7.25908182463716E-23	-1.84877426515102E-03	-1.98603892984284E-20
0	0	-568	5.06839971738428E-23	-1.84999264126458E-03	-1.53873053673806E-20
0	0	-567	0	-1.85125060825997E-03	0
0	0	-566	-5.75543522026296E-23	-1.85254816613717E-03	0
0	0	-565	1.31355492136803E-22	-1.8538853148962E-03	-5.62111518268615E-20
0	0	-564	7.12950622602111E-23	-1.85526205453705E-03	-3.47107178832355E-20
0	0	-563	4.25178861588931E-23	-1.85667838505971E-03	-2.37964964469027E-20
0	0	-562	3.75057308109786E-23	-1.85813430646419E-03	-2.44525143049817E-20
0	0	-561	0	-1.8596298187505E-03	0
0	0	-560	8.24442603454635E-23	-1.86116492191862E-03	-7.72936500634196E-20
0	0	-559	5.61731619181012E-23	-1.86273961596857E-03	-6.60514196980473E-20
0	0	-558	2.61856641289899E-23	-1.86435390090033E-03	-4.0614878605947E-20
0	0	-557	1.86674311071182E-23	-1.86600777671391E-03	-4.15989053930655E-20
0	0	-556	3.71639936174929E-24	-1.86770124340932E-03	-1.4194310726728E-20
0	0	-555	7.26193012677426E-24	-1.86943430098654E-03	-8.71339179346054E-20
0	0	-554	-7.77453591697141E-24	-1.87120694944559E-03	-8.91019715088425E-20
0	0	-553	-1.90091683005936E-23	-1.87301918878645E-03	-7.58916875692331E-20
0	0	-552	0	-1.87485736144217E-03	2.48529934958951E-19
0	0	-551	-1.03744895742178E-23	-1.87672260063872E-03	2.40958761466893E-19
0	0	-550	0	-1.87863211815564E-03	2.49030314379688E-19
0	0	-549	9.65200369766356E-23	-1.88058591399292E-03	2.63611234259515E-19
0	0	-548	7.74615728760608E-23	-1.88258398815059E-03	2.63611234259515E-19
0	0	-547	1.10044157359524E-22	-1.88462634062862E-03	2.63611234259515E-19
0	0	-546	1.16806217550968E-22	-1.88671297142702E-03	2.63611234259515E-19
0	0	-545	-9.26762083068154E-23	-1.8888438805458E-03	1.96870213426837E-19
0	0	-544	0	-1.89101906798495E-03	2.5067232080574E-19
0	0	-543	2.05638597187972E-22	-1.89323853374447E-03	2.63611234259515E-19
0	0	-542	2.51745302054327E-22	-1.89550227782436E-03	2.63611234259515E-19
0	0	-541	2.63578907389353E-22	-1.89781030022463E-03	2.63611234259515E-19
0	0	-540	2.3606786804947E-22	-1.90016260094527E-03	2.63611234259515E-19
0	0	-539	1.2310547916833E-22	-1.90255917998628E-03	2.63611234259515E-19
0	0	-538	1.7090269908255E-22	-1.90500003734766E-03	2.63611234259515E-19
0	0	-537	1.77664759273994E-22	-1.90748517302941E-03	2.63611234259515E-19
0	0	-536	1.38320114599079E-22	-1.91001458703154E-03	2.63611234259515E-19
0	0	-535	3.34580539399555E-22	-1.91258827935403E-03	2.63611234259515E-19
0	0	-534	3.46414144734581E-22	-1.9152062499969E-03	2.63611234259515E-19
0	0	-533	0	-1.91786849896014E-03	2.5423146480847E-19
0	0	-532	0	-1.92057502624376E-03	2.54590240395133E-19
0	0	-531	0	-1.92332583184774E-03	2.54954885488622E-19
0	0	-530	2.24999180614124E-22	-1.9261209157721E-03	2.63611234259515E-19
0	0	-529	2.31761240805568E-22	-1.92896027801683E-03	2.63611234259515E-19
0	0	-528	1.78892475747759E-22	-1.93184391858193E-03	2.63611234259515E-19
0	0	-527	-1.83964020891349E-22	-1.9347718374674E-03	1.83148809516449E-19
0	0	-526	-2.2054149370742E-22	-1.93774403467325E-03	1.70038288956657E-19
0	0	-525	4.52916592749876E-22	-1.94076051019947E-03	2.63611234259515E-19
0	0	-524	4.64750198084904E-22	-1.94382126404605E-03	2.63611234259515E-19
0	0	-523	4.7658380341993E-22	-1.94692629621301E-03	2.63611234259515E-19
0	0	-522	4.88417408754957E-22	-1.95007560670035E-03	2.63611234259515E-19
0	0	-521	2.85857722337149E-22	-1.95326919550805E-03	2.63611234259515E-19
0	0	-520	2.92619782528593E-22	-1.95650706263613E-03	2.63611234259515E-19
0	0	-519	2.24536382040028E-22	-1.95978920808458E-03	2.63611234259515E-19
0	0	-518	3.06143902911481E-22	-1.9631156318534E-03	2.63611234259515E-19
0	0	-517	3.12905963102925E-22	-1.96648633394259E-03	2.63611234259515E-19
0	0	-516	5.59419040765158E-22	-1.96990131435216E-03	2.63611234259515E-19
0	0	-515	0	-1.9733605730821E-03	2.61587459912896E-19
0	0	-514	0	-1.9768641101324E-03	2.6205188662244E-19
0	0	-513	0	-1.98041192550309E-03	2.62522182838811E-19
0	0	-512	0	-1.98375785522081E-03	0
0	0	-511	0	-1.98748242541021E-03	0
0	0	-510	0	-1.99126920613699E-03	0
0	0	-509	0	-1.99511179165577E-03	0
0	0	-508	-1.18908235115964E-19	-1.99990404007636E-03	-1.81994657566502E-19
0	0	-507	-1.18844292323785E-19	-2.00362494854645E-03	-3.40361787199566E-20
0	0	-506	-1.19058218566339E-19	-2.00740579742523E-03	-3.62512771799113E-20
0	0	-505	-1.19030873712841E-19	-2.01124658671271E-03	1.19030873712841E-19
0	0	-504	-1.19731697514292E-19	-2.01514731640888E-03	-2.00603392788243E-19
0	0	-503	-1.19721281882171E-19	-2.01910798651375E-03	-4.28752879716055E-20
0	0	-502	-1.19734082398717E-19	-2.02312859702732E-03	1.19734082398717E-19
0	0	-501	-1.20181061249534E-19	-2.02720914794958E-03	-4.727355800926E-20
0	0	-500	-1.20398486013517E-19	-2.03134963928054E-03	-3.40411903149396E-20
0	0	-499	-1.20655030342343E-19	-2.0355500710202E-03	-5.16576383214674E-20
0	0	-498	-1.21073314052634E-19	-2.03981044316855E-03	-2.28410072680005E-19
0	0	-497	-1.211431891606E-19	-2.0441307557256E-03	-5.60275289082283E-20
0	0	-496	-1.21236280417233E-19	-2.04851100869134E-03	1.21236280417233E-19
0	0	-495	-1.21778696741471E-19	-2.05295120206578E-03	-2.2573076843587E-19
0	0	-494	-1.21902033123197E-19	-2.05745133584892E-03	-6.2555759053157E-20
0	0	-493	-1.22162075973453E-19	-2.06201141004075E-03	-6.47247409054098E-20
0	0	-492	-1.22308694390144E-19	-2.06663142464127E-03	1.22308694390144E-19
0	0	-491	-1.22702543741347E-19	-2.0713113796505E-03	-8.64736740228855E-20
0	0	-490	-1.2286618596477E-19	-2.07605127506842E-03	1.2286618596477E-19
0	0	-489	-1.23150252899125E-19	-2.08085111089503E-03	1.23150252899125E-19
0	0	-488	-1.2358607844999E-19	-2.08571088713035E-03	-2.56383989569968E-19
0	0	-487	-1.23802992776462E-19	-2.09063060377435E-03	-9.59726055078087E-20
0	0	-486	-1.24076434393098E-19	-2.09561026082706E-03	-6.12781017854689E-20
0	0	-485	-1.24370126304521E-19	-2.10064985828846E-03	-8.19488881944115E-20
0	0	-484	-1.24662096037032E-19	-2.10574939615855E-03	-8.40859431644091E-20
0	0	-483	-1.24929150563853E-19	-2.11090887443735E-03	1.24929150563853E-19
0	0	-482	-1.25275306074537E-19	-2.11612829312483E-03	-3.01936871138379E-19
0	0	-481	-1.25559289822735E-19	-2.12140765222102E-03	-9.04758234862318E-20
0	0	-480	-1.25865449280693E-19	-2.1267469517259E-03	-9.25986887307826E-20
0	0	-479	-1.26175156170012E-19	-2.13214619163947E-03	-9.47180065439717E-20
0	0	-478	-1.26490293141258E-19	-2.13760537196175E-03	-7.65298772373712E-20
0	0	-477	-1.26774668727871E-19	-2.14312449269272E-03	-3.24727755510132E-19
0	0	-476	-1.27085183552622E-19	-2.14870355383238E-03	-3.29275290090398E-19
0	0	-475	-1.27499670273078E-19	-2.15434255538074E-03	1.27499670273078E-19
0	0	-474	-1.27831489896875E-19	-2.1600414973378E-03	1.06646191149009E-19
0	0	-473	-1.28107893564525E-19	-2.16580037970355E-03	-1.07359417364511E-19
0	0	-472	0	-2.17156667916006E-03	0
0	0	-471	0	-2.17739141962591E-03	0
0	0	-470	0	-2.18328877192668E-03	0
0	0	-469	0	-2.18925873606237E-03	0
0	0	-468	0	-2.19530131203298E-03	0
0	0	-467	0	-2.20141649983851E-03	0
0	0	-466	0	-2.20760429947896E-03	0
0	0	-465	0	-2.21386471095433E-03	0
0	0	-464	0	-2.22019773426463E-03	0
0	0	-463	0	-2.22660336940984E-03	0
0	0	-462	0	-2.23308161638998E-03	0
0	0	-461	0	-2.23963247520503E-03	0
0	0	-460	0	-0.002246255945855	0
0	0	-459	0	-2.2529520283399E-03	0
0	0	-458	0	-2.25972072265972E-03	0
0	0	-457	0	-2.26656202881445E-03	0
0	0	-456	0	-2.27347594680411E-03	0
0	0	-455	0	-2.28046247662869E-03	0
0	0	-454	0	-2.28752161828819E-03	0
0	0	-453	0	-2.2946533717826E-03	0
0	0	-452	0	-2.30185773711194E-03	0
0	0	-451	0	-2.3091347142762E-03	0
0	0	-450	0	-2.31648430327538E-03	0
0	0	-449	0	-2.32390650410948E-03	0
0	0	-448	0	-2.3314013167785E-03	0
0	0	-447	0	-2.33896874128245E-03	0
0	0	-446	0	-2.34660877762131E-03	0
0	0	-445	0	-2.35432142579509E-03	0
0	0	-444	0	-2.36210668580379E-03	0
0	0	-443	1.05953145258637E-21	-2.36997315913384E-03	-5.84792613800927E-19
0	0	-442	1.06891508627114E-21	-2.37791491602734E-03	-6.19754777818962E-19
0	0	-441	1.07414701148499E-21	-2.38593034360741E-03	-6.5526194501109E-19
0	0	-440	1.12197623815089E-21	-2.39401944187404E-03	-7.213712508285E-19
0	0	-439	1.11682889218747E-21	-2.40218221082724E-03	-7.58240925955863E-19
0	0	-438	1.10752983775314E-21	-2.41041865046701E-03	-7.9565560425732E-19
0	0	-437	5.26778813815625E-22	-2.41872876079335E-03	-4.01370322760272E-19
0	0	-436	5.38238301735843E-22	-2.42711254180625E-03	-4.36059985191259E-19
0	0	-435	0	-2.43556999350572E-03	0
0	0	-434	6.56964864715023E-22	-2.44372502330281E-03	1.23392372840169E-19
0	0	-433	3.13171220411196E-22	-2.4523366276026E-03	2.8969503911227E-19
0	0	-432	0	-2.46104969187877E-03	4.59967240653776E-19
0	0	-431	1.46925374189661E-21	-2.46986421613133E-03	-4.35875761785282E-19
0	0	-430	1.06895033828906E-21	-2.47878020036027E-03	-2.34997344712424E-19
0	0	-429	7.5577911787785E-22	-2.48779764456559E-03	-6.46682549266115E-20
0	0	-428	4.73230321359271E-22	-2.4969165487473E-03	1.09630370128607E-19
0	0	-427	1.15078053341333E-21	-2.50613691290539E-03	-4.7018239241118E-19
0	0	-426	8.23970947148069E-22	-2.51545873703987E-03	-2.59746750294786E-19
0	0	-425	5.72044574522108E-22	-2.52488202115073E-03	-8.14406644739572E-20
0	0	-424	3.50740625788776E-22	-2.53440676523797E-03	1.00834956616277E-19
0	0	-423	1.60059100948074E-22	-2.5440329693016E-03	2.87080112975917E-19
0	0	-422	5.78991556007081E-22	-2.55376063334161E-03	-2.84192751907511E-19
0	0	-421	5.17746708221849E-22	-2.56358975735801E-03	-2.90256845440437E-19
0	0	-420	3.42376395327444E-22	-2.57352034135079E-03	-1.01979514575839E-19
0	0	-419	1.97628506325666E-22	-2.58355238531996E-03	9.02673515581652E-20
0	0	-418	4.34215814325955E-22	-2.59368588926551E-03	-5.46262990555471E-19
0	0	-417	2.86405682934908E-22	-2.60392085318744E-03	-3.54373256177393E-19
0	0	-416	2.11522469295619E-22	-2.61425727708576E-03	-3.20292871883532E-19
0	0	-415	1.05194335057249E-22	-2.62469516096046E-03	-8.12045173846276E-20
0	0	-414	4.45163868625505E-23	-2.63523450481155E-03	8.017381520261E-20
0	0	-413	5.55758518796827E-24	-2.64587530863902E-03	3.27991354744586E-19
0	0	-412	-3.34569218453717E-23	-2.65661757244288E-03	-3.43980363572167E-19
0	0	-411	0	-2.6674614639913E-03	0
0	0	-410	0	-2.67840595053482E-03	0
0	0	-409	0	-2.68945034946046E-03	0
0	0	-408	0	-2.70059466076822E-03	0
0	0	-407	0	-2.7118388844581E-03	0
0	0	-406	0	-2.7231830205301E-03	0
0	0	-405	0	-2.73462706898422E-03	0
0	0	-404	0	-2.74617102982046E-03	0
0	0	-403	0	-2.75781490303882E-03	0
0	0	-402	0	-2.76955868863929E-03	0
0	0	-401	0	-2.78140238662189E-03	0
0	0	-400	0	-2.79334599698661E-03	0
0	0	-399	0	-2.80538951973345E-03	0
0	0	-398	-2.14568774411599E-22	-2.81693327185318E-03	-3.18506842666378E-19
0	0	-397	-1.13852778056524E-22	-2.82923339039163E-03	-3.18506842666378E-19
0	0	-396	-1.20859080772854E-22	-2.84166862548225E-03	-3.18506842666378E-19
0	0	-395	-1.50635939100508E-22	-2.85423897712503E-03	-3.18506842666378E-19
0	0	-394	-1.80412797428142E-22	-2.86694444531997E-03	-3.18506842666378E-19
0	0	-393	-4.72926725450536E-22	-2.87978503006708E-03	-3.18506842666378E-19
0	0	-392	-5.39924656687712E-22	-2.89276073136635E-03	-3.18506842666378E-19
0	0	-391	0	-2.90585285406561E-03	0
0	0	-390	0	-2.91908311894246E-03	0
0	0	-389	0	-2.93245158511843E-03	0
0	0	-388	0	-2.94595825259352E-03	0
0	0	-387	0	-2.95960312136773E-03	0
0	0	-386	0	-2.97338619144106E-03	0
0	0	-385	0	-2.9873074628135E-03	0
0	0	-384	0	-3.00136693548507E-03	0
0	0	-383	0	-3.01556460945575E-03	0
0	0	-382	0	-3.02990048472555E-03	0
0	0	-381	0	-3.04437456129446E-03	0
0	0	-380	0	-3.0589868391625E-03	0
0	0	-379	0	-3.07373731832965E-03	0
0	0	-378	0	-3.08862599879593E-03	0
0	0	-377	0	-3.10365288056132E-03	0
0	0	-376	0	-3.11881796362582E-03	0
0	0	-375	0	-3.13412124798945E-03	0
0	0	-374	0	-3.1495627336522E-03	0
0	0	-373	0	-3.16514242061406E-03	0
0	0	-372	0	-3.18086030887504E-03	0
0	0	-371	0	-3.19671639843514E-03	0
0	0	-370	0	-3.21252980492758E-03	0
0	0	-369	0	-3.22861644771041E-03	0
0	0	-368	0	-3.24487643434184E-03	0
0	0	-367	0	-3.26130976482189E-03	0
0	0	-366	0	-3.27791643915055E-03	0
0	0	-365	0	-3.29469645732782E-03	0
0	0	-364	0	-3.31164981935369E-03	0
0	0	-363	0	-3.32877652522818E-03	0
0	0	-362	0	-3.34607657495127E-03	0
0	0	-361	0	-3.36354996852298E-03	0
0	0	-360	0	-3.38119670594329E-03	0
0	0	-359	-7.1888512362633E-22	-3.39898800933686E-03	-7.0622149023259E-19
0	0	-358	-3.11537629725571E-22	-3.41691636341317E-03	-3.38017421817885E-19
0	0	-357	-2.82550727207084E-22	-3.43503086459071E-03	-3.41508874578227E-19
0	0	-356	-5.35301407675938E-22	-3.45333151286947E-03	-7.28334024381425E-19
0	0	-355	0	-3.47181830824945E-03	0
0	0	-354	-1.95590019651635E-22	-3.49049125073066E-03	-3.51983232859254E-19
0	0	-353	-1.48091659673909E-22	-3.50935034031308E-03	-3.1597749832853E-19
0	0	-352	0	-3.52839557699672E-03	0
0	0	-351	0	-3.54762696078159E-03	0
0	0	-350	-1.68133975775125E-22	-3.56704449166768E-03	-7.72559092679094E-19
0	0	-349	-1.01311014118408E-22	-3.58664816965498E-03	-7.38880993321932E-19
0	0	-348	-2.16686045407238E-23	-3.60643799474352E-03	-3.72931949421308E-19
0	0	-347	8.13144219751594E-24	-3.62641396693327E-03	-4.18248224646278E-19
0	0	-346	7.26104009924915E-23	-3.64657608622424E-03	-7.59829709883986E-19
0	0	-345	0	-3.66692435261644E-03	0
0	0	-344	9.42790055332136E-23	-3.68745876610985E-03	-3.86897760462678E-19
0	0	-343	1.23265908051701E-22	-3.70817932670449E-03	-3.9038921322302E-19
0	0	-342	0	-3.72908603440035E-03	0
0	0	-341	0	-3.75017888919743E-03	0
0	0	-340	2.33585128452389E-22	-3.77145789109573E-03	-4.4540396833783E-19
0	0	-339	2.3921351812564E-22	-3.79292304009525E-03	-4.0435502426439E-19
0	0	-338	2.98000467382364E-22	-0.003814574336196	-4.53162752249702E-19
0	0	-337	6.27395460009954E-22	-3.83641177939796E-03	-8.68380073990713E-19
0	0	-336	-3.88320539185199E-23	-3.85843562391122E-03	-4.13200262482319E-19
0	0	-335	-2.57884114968718E-22	-3.88056557551819E-03	-2.35266140631788E-19
0	0	-334	-7.99258311458565E-23	-3.90296307936267E-03	-2.35266140631788E-19
0	0	-333	-1.11949924523755E-19	-3.92559067932277E-03	-4.42724222093034E-19
0	0	-332	-1.12682158431917E-19	-3.94844401516878E-03	-4.42724222093034E-19
0	0	-331	-1.13417571005062E-19	-3.97151219405496E-03	-4.42724222093034E-19
0	0	-330	-1.13990762793151E-19	-3.99479521598132E-03	-4.42724222093034E-19
0	0	-329	-1.14721532145425E-19	-4.01829308094786E-03	-4.42724222093034E-19
0	0	-328	-1.15413599832004E-19	-4.04200578895456E-03	-4.42724222093034E-19
0	0	-327	-1.1608684508189E-19	-4.06593334000145E-03	-4.42724222093034E-19
0	0	-326	-1.16819816728556E-19	-4.0900757340885E-03	-4.42724222093034E-19
0	0	-325	-1.1752663223797E-19	-4.11443297121574E-03	-4.42724222093034E-19
0	0	-324	-1.18238171389971E-19	-4.13900505138314E-03	-4.42724222093034E-19
0	0	-323	-1.1896601163047E-19	-4.16379197459073E-03	-4.42724222093034E-19
0	0	-322	-1.19694908663278E-19	-4.18879374083848E-03	-4.42724222093034E-19
0	0	-321	-1.20444741717396E-19	-4.21401035012642E-03	-4.42724222093034E-19
0	0	-320	-1.21171117402007E-19	-4.23944180245452E-03	-4.42724222093034E-19
0	0	-319	-1.21918429107929E-19	-4.2650880978228E-03	-4.42724222093034E-19
0	0	-318	-1.22706556064163E-19	-4.29094923623126E-03	-4.42724222093034E-19
0	0	-317	-1.23431467192887E-19	-4.31702521767989E-03	-4.42724222093034E-19
0	0	-316	-1.24197193571923E-19	-4.3433160421687E-03	-4.42724222093034E-19
0	0	-315	-1.25023614430273E-19	-4.36982170969768E-03	-4.42724222093034E-19
0	0	-314	-1.25747061003109E-19	-4.39654222026683E-03	-4.42724222093034E-19
0	0	-313	-1.26517640240405E-19	-4.42347757387617E-03	-4.42724222093034E-19
0	0	-312	-1.27395916815726E-19	-4.45062777052567E-03	-4.42724222093034E-19
0	0	-311	-1.28101686453953E-19	-4.47799281021535E-03	-4.42724222093034E-19
0	0	-310	4.72498475029778E-19	-4.50544176740371E-03	0
0	0	-309	4.75650912373297E-19	-4.53323872866409E-03	0
0	0	-308	4.78684898908909E-19	-4.56123935943485E-03	0
0	0	-307	4.813576047293E-19	-4.58944365971598E-03	0
0	0	-306	4.84474832266328E-19	-4.61785162950748E-03	0
0	0	-305	4.87631493756112E-19	-4.64646326880936E-03	0
0	0	-304	4.90735276804462E-19	-4.67527857762161E-03	0
0	0	-303	4.93618991154359E-19	-4.70429755594423E-03	0
0	0	-302	4.9676454068134E-19	-4.73352020377723E-03	0
0	0	-301	4.99954191372323E-19	-4.7629465211206E-03	0
0	0	-300	5.03110042286713E-19	-4.79257650797434E-03	0
0	0	-299	5.06206438225731E-19	-4.82241016433846E-03	0
0	0	-298	5.09405757604499E-19	-4.85244749021295E-03	0
0	0	-297	5.12619005221929E-19	-4.88268848559781E-03	0
0	0	-296	5.15838664345798E-19	-4.91313315049305E-03	0
0	0	-295	0	-4.94383412219873E-03	0
0	0	-294	0	-4.97473955299385E-03	0
0	0	-293	0	-5.00577778033371E-03	0
0	0	-292	0	-5.03694880421832E-03	0
0	0	-291	0	-5.06825262464766E-03	0
0	0	-290	0	-5.09968924162174E-03	0
0	0	-289	0	-5.13125865514056E-03	0
0	0	-288	0	-5.16296086520413E-03	0
0	0	-287	0	-5.19479587181243E-03	0
0	0	-286	0	-5.22676367496548E-03	0
0	0	-285	0	-5.25886427466326E-03	0
0	0	-284	0	-5.29109767090579E-03	0
0	0	-283	0	-5.32346386369305E-03	0
0	0	-282	0	-5.35596285302506E-03	0
0	0	-281	0	-5.38859463890181E-03	0
0	0	-280	0	-5.42135922132329E-03	0
0	0	-279	0	-5.45425660028952E-03	0
0	0	-278	-1.04407403117606E-19	-5.48715325146487E-03	-5.07804551341766E-19
0	0	-277	-1.52747458370533E-22	-5.51996428370417E-03	-2.19875195299723E-19
0	0	-276	-5.25737178495726E-22	-5.55279096279117E-03	-1.99037877890402E-19
0	0	-275	0	-5.58582412091551E-03	0
0	0	-274	0	-5.6188465218814E-03	0
0	0	-273	0	-5.65180987511344E-03	0
0	0	-272	0	-5.68471418061161E-03	0
0	0	-271	0	-5.71755943837592E-03	0
0	0	-270	0	-5.75034564840636E-03	0
0	0	-269	0	-5.78307281070295E-03	0
0	0	-268	2.65761062660654E-20	-5.81573646035682E-03	8.74549243678475E-19
0	0	-267	2.66620715697599E-20	-5.84826217039963E-03	8.74549243678475E-19
0	0	-266	2.65646252233084E-20	-5.88062354764179E-03	8.74549243678475E-19
0	0	-265	2.67727805278311E-20	-5.91282059208329E-03	8.74549243678475E-19
0	0	-264	2.63499421357653E-22	-5.94491129856134E-03	-1.37777861177681E-18
0	0	-263	2.57957318369944E-23	-5.97668104928037E-03	-1.01703259076511E-18
0	0	-262	-1.44344003489414E-22	-6.00821832519038E-03	-1.00956313687567E-18
0	0	-261	1.07350852569482E-23	-6.03953424016957E-03	-1.52149391507276E-20
0	0	-260	-6.68991106660092E-23	-6.07050884374242E-03	-6.81848781938585E-19
0	0	-259	-1.00658206601654E-22	-6.10111025849491E-03	-2.80688337792548E-19
0	0	-258	0	-6.13133776200333E-03	0
0	0	-257	0	-6.16116396832926E-03	0
0	0	-256	0	-6.19055899709957E-03	0
0	0	-255	0	-6.21941824423377E-03	0
0	0	-254	0	-6.24775049131753E-03	0
0	0	-253	0	-6.27549379608598E-03	0
0	0	-252	1.00741099866339E-18	-6.30260480559445E-03	1.97497607604935E-19
0	0	-251	8.6094655709674E-19	-6.32905507646894E-03	-4.3047327854837E-19
0	0	-250	0	-6.35475936806901E-03	0
0	0	-249	-2.42316911874157E-19	-6.37965939621708E-03	-2.17974091088545E-19
0	0	-248	0	-6.40372353189364E-03	2.40544008614657E-19
0	0	-247	0	-6.4268669446418E-03	0
0	0	-246	0	-6.44904491863746E-03	0
0	0	-245	0	-6.4702177378859E-03	0
0	0	-244	0	-6.49021217695149E-03	0
0	0	-243	3.7660835013855E-19	-6.50902751722595E-03	6.83860753277021E-19
0	0	-242	0	-6.52654057710779E-03	0
0	0	-241	3.58637047167103E-19	-6.54268913168923E-03	-6.69013077120408E-19
0	0	-240	-4.75554392935721E-20	-6.55737019540772E-03	0
0	0	-239	0	-6.57049795568752E-03	0
0	0	-238	2.85750846405579E-22	-6.58197355893383E-03	-5.80951720185918E-19
0	0	-237	0	-6.59168127949318E-03	0
0	0	-236	0	-6.59949666863038E-03	0
0	0	-235	-2.46694090616755E-19	-6.60532870279001E-03	4.6826175304211E-19
0	0	-234	-3.6984663404533E-19	-6.60904720498562E-03	-2.27490916574758E-20
0	0	-233	2.96792706797235E-19	-6.61049798283324E-03	-1.10118955453585E-20
0	0	-232	-1.3730994100112E-19	-6.60959091240854E-03	5.96218005515922E-21
0	0	-231	0	-6.60611404569043E-03	0
0	0	-230	0	-6.6000552150126E-03	0
0	0	-229	-3.62247056898639E-19	-6.59115422311671E-03	8.63116871453139E-20
0	0	-228	0	-6.57922738343786E-03	0
0	0	-227	1.13469855423296E-22	-6.56410477231824E-03	4.54764895272259E-19
0	0	-226	-4.53924602168466E-19	-6.54556524639132E-03	-1.70221725809921E-19
0	0	-225	0	-6.52345133252861E-03	0
0	0	-224	0	-6.49759028212463E-03	0
0	0	-223	0	-6.46769208419294E-03	0
0	0	-222	0	-6.43355911792992E-03	0
0	0	-221	0	-6.39496260610569E-03	0
0	0	-220	0	-6.35167650446628E-03	0
0	0	-219	0	-6.30338288885144E-03	0
0	0	-218	0	-6.24977512048058E-03	0
0	0	-217	-3.45723583495527E-22	-6.19055217037721E-03	6.85469547783651E-19
0	0	-216	5.11348483395895E-22	-6.12542411646311E-03	2.57352393424391E-19
0	0	-215	0	-6.05401087196506E-03	0
0	0	-214	0	-5.97598204988468E-03	0
0	0	-213	-8.09565535572201E-23	-5.89095773334507E-03	1.91575841890829E-19
0	0	-212	0	-5.7985361844999E-03	0
0	0	-211	0	-5.69831219589695E-03	0
0	0	-210	0	-5.58982994904029E-03	0
0	0	-209	0	-5.47260603837924E-03	0
0	0	-208	0	-5.34619317881519E-03	0
0	0	-207	0	-5.21015010551348E-03	0
0	0	-206	0	-5.06374360169216E-03	0
0	0	-205	0	-4.9065527164795E-03	0
0	0	-204	0	-4.73785087574644E-03	0
0	0	-203	0	-4.55704931774749E-03	0
0	0	-202	0	-4.36343369142058E-03	0
0	0	-201	-2.1010119093795E-19	-4.15630553447621E-03	0
0	0	-200	0	-3.93489147282557E-03	0
0	0	-199	0	-3.69841054436785E-03	0
0	0	-198	0	-3.44595428646836E-03	0
0	0	-197	0	-3.1766643418847E-03	0
0	0	-196	0	-2.88959257323057E-03	0
0	0	-195	0	-2.58373418461624E-03	0
0	0	-194	0	-2.25803763286047E-03	0
0	0	-193	-2.58830148814766E-21	-1.91129832051263E-03	6.06402282139821E-18
0	0	-192	0	-0.001542413247179	0
0	0	-191	0	-1.15007947844747E-03	0
0	0	-190	0	-7.32989877918832E-04	0
0	0	-189	-2.85684619766256E-21	-2.89724275040487E-04	1.03060996352388E-17
0	0	-188	8.20459730114082E-21	1.81196058382593E-04	1.1171726665697E-17
0	0	-187	0	6.81365734539235E-04	0
0	0	-186	0	1.21245825437913E-03	0
0	0	-185	0	1.77619781074072E-03	0
0	0	-184	0	2.37445616186353E-03	0
0	0	-183	0	3.00921928647112E-03	0
0	0	-182	0	3.68257902006896E-03	0
0	0	-181	-1.9252915044101E-19	4.39680567286256E-03	-4.43186819520291E-19
0	0	-180	0	5.15407153528721E-03	0
0	0	-179	0	5.95702866811072E-03	0
0	0	-178	2.18819022296982E-19	6.80819525852651E-03	0
0	0	-177	0	7.71034414769921E-03	0
0	0	-176	0	8.66642205053147E-03	0
0	0	-175	0	9.67956248399188E-03	0
0	0	-174	0	1.07530014303538E-02	0
0	0	-173	0	1.18901510186971E-02	0
0	0	-172	0	1.30947779221553E-02	0
0	0	-171	0	1.43708089211587E-02	0
0	0	-170	0	1.57222617280432E-02	0
0	0	-169	0	1.71533961194685E-02	0
0	0	-168	-1.33198634419789E-21	1.86690608468212E-02	7.38659670574542E-18
0	0	-167	0	2.02738790092767E-02	0
0	0	-166	2.73908134842495E-21	0.021973033971807	0
0	0	-165	0	0.023771926738423	0
0	0	-164	-1.12646712920121E-20	2.56763525405305E-02	5.02118537085324E-17
0	0	-163	0	2.76923535148679E-02	0
0	0	-162	0	2.98262818361278E-02	0
0	0	-161	0	3.20848505986937E-02	0
0	0	-160	0	3.44753151675476E-02	0
0	0	-159	4.01484978053557E-18	3.70051597388163E-02	6.56918010610335E-17
0	0	-158	-5.74183045605701E-21	3.96822551541913E-02	2.16296586195448E-17
0	0	-157	0	4.25149705324703E-02	0
0	0	-156	0	0.045512254085119	0
0	0	-155	0	0.048683391914539	0
0	0	-154	0	5.20381026109562E-02	0
0	0	-153	0	5.55868347528927E-02	0
0	0	-152	3.24827229861899E-21	5.93405755140919E-02	-6.34327103305615E-18
0	0	-151	0	6.33107588843758E-02	0
0	0	-150	0	6.75095790666736E-02	0
0	0	-149	0	7.19498665982072E-02	0
0	0	-148	0	7.66449170082376E-02	0
0	0	-147	0	8.16091317292385E-02	0
0	0	-146	0	8.68573097843651E-02	0
0	0	-145	0	9.24056924729598E-02	0
0	0	-144	-2.4899406133242E-20	0.098270324486589	1.25224836193249E-16
0	0	-143	0	0.104469521568263	0
0	0	-142	2.38287208289099E-20	0.111021582428904	1.04163843218592E-17
0	0	-141	0	0.117946280231018	0
0	0	-140	2.40288054534315E-20	0.12526462227834	0
0	0	-139	-8.95517693393201E-21	0.132998733614959	7.14995083503439E-17
0	0	-138	0	0.141172417680236	0
0	0	-137	0	0.149810799127627	0
0	0	-136	0	0.158940895003375	0
0	0	-135	0	0.168590498740608	0
0	0	-134	0	0.178791927552301	0
0	0	-133	0	0.189578256082185	0
0	0	-132	3.97238515326339E-18	0.200985743245538	2.19803422308025E-16
0	0	-131	-8.53735983220612E-18	0.213053189094881	1.09538309374078E-16
0	0	-130	0	0.225824061849188	0
0	0	-129	-7.02391511823907E-21	0.239344628248783	1.05997069544346E-16
0	0	-128	0	0.253666805134695	0
0	0	-127	0	0.268847041652002	0
0	0	-126	2.68286964358349E-17	0.284949444638395	3.26491768671693E-17
0	0	-125	0	0.30204255707804	0
0	0	-124	0	0.320204606622414	0
0	0	-123	0	0.339522015176503	0
0	0	-122	0	0.360090686671892	0
0	0	-121	0	0.382019560135717	0
0	0	-120	0	0.405428094421567	0
0	0	-119	-2.82351502242104E-21	0.430450134862341	1.19884869547897E-16
0	0	-118	0	0.457229433002604	0
0	0	-117	3.72093791718441E-21	0.485923600687755	0
0	0	-116	-2.11789628362363E-17	0.516701956160628	0
0	0	-115	0	0.549739923353021	0
0	0	-114	-1.20154853815689E-17	0.585216033515493	1.94399470457995E-16
0	0	-113	0	0.623292201464486	0
0	0	-112	0	0.664109065118985	0
0	0	-111	0	0.70775134561365	0
0	0	-110	-3.7960650620528E-19	0.7542065114377	3.93208703248117E-16
0	0	-109	0	0.803317839963241	-3.30704217305798E-17
0	0	-108	0	0.854744869397541	0
0	0	-107	0	0.907979189780592	0
0	0	-106	0	0.962375122456847	0
0	0	-105	0	1.01689888399689	0
0	0	-104	-4.58371295457248E-19	1.0702090380819	2.40772575526026E-16
0	0	-103	0	1.12105086447189	0
0	0	-102	0	1.16838614196465	0
0	0	-101	-4.82504968030055E-17	1.21141968779922	-4.92946318311262E-17
0	0	-100	0	1.2496858677624	0
0	0	-99	0	1.28289466937528	0
0	0	-98	0	1.31105254626553	0
0	0	-97	0	1.33450778512074	0
0	0	-96	0	1.35379349650644	0
0	0	-95	0	1.36946424648631	0
0	0	-94	-6.0492282963584E-17	1.38209924003815	0
0	0	-93	0	1.39220944064068	0
0	0	-92	0	1.40028966443471	0
0	0	-91	-6.88588938798476E-17	1.40673570006631	1.37633493452408E-16
0	0	-90	0	1.41188293926308	0
0	0	-89	0	1.41600023392047	0
0	0	-88	0	1.41930246220896	0
0	0	-87	0	1.42195243449574	0
0	0	-86	0	1.42408013166829	0
0	0	-85	0	1.42579249806517	0
0	0	-84	0	1.42716393227618	0
0	0	-83	2.67388587053465E-17	1.42825152149683	0
0	0	-82	0	1.42909794637721	0
0	0	-81	0	1.42973657190836	0
0	0	-80	6.16258232392026E-20	1.43019103460487	0
0	0	-79	0	1.43047729534975	0
0	0	-78	-7.01826694073621E-17	1.43060679891469	1.45063938247429E-19
0	0	-77	0	1.43058299747599	0
0	0	-76	0	1.43040572851621	0
0	0	-75	0	1.43006889469594	0
0	0	-74	0	1.42956007201613	0
0	0	-73	0	1.42886105895244	0
0	0	-72	0	1.42794672469584	0
0	0	-71	0	1.4267811231581	0
0	0	-70	-1.52034593084627E-19	1.42531656283127	5.90198235424055E-17
0	0	-69	0	1.42349185667947	0
0	0	-68	0	1.4212273664812	0
0	0	-67	2.17724606224746E-20	1.41841840534424	0
0	0	-66	0	1.41493233078039	0
0	0	-65	0	1.41059333559111	0
0	0	-64	0	1.40518594540053	0
0	0	-63	0	1.39843237669436	0
0	0	-62	0	1.38999729462978	0
0	0	-61	-3.53374261212099E-20	1.37945162960679	-1.9034032614647E-16
0	0	-60	0	1.36631398305742	0
0	0	-59	0	1.35002701839806	0
0	0	-58	0	1.32998232535216	0
0	0	-57	0	1.30559092079249	0
0	0	-56	0	1.27633219884402	0
0	0	-55	6.81484988273307E-17	1.24185603627966	-2.39004787382859E-16
0	0	-54	0	1.20205153349772	0
0	0	-53	0	1.15708963895144	0
0	0	-52	4.45107804646547E-17	1.10748733109505	-1.5332764379192E-16
0	0	-51	0	1.05419368936729	0
0	0	-50	0	0.99835825056968	0
0	0	-49	0	0.941057576162242	0
0	0	-48	0	0.883307460626131	0
0	0	-47	0	0.826104786286473	0
0	0	-46	0	0.770148309246128	0
0	0	-45	-9.64584477272071E-21	0.715904544517327	-1.18812137921105E-16
0	0	-44	1.24119050129586E-21	0.663566003338009	0
0	0	-43	0	0.613137541934347	0
0	0	-42	4.09641170629182E-22	0.564464168052115	-2.52197929308475E-17
0	0	-41	-1.87543912064371E-20	0.517266796767634	0
0	0	-40	0	0.471171674028282	0
0	0	-39	0	0.425703630951521	0
0	0	-38	0	0.380327280077603	0
0	0	-37	0	0.334356127096066	0
0	0	-36	0	0.28698816744961	0
0	0	-35	0	0.237196653758439	0
0	0	-34	0	0.183698213166613	0
0	0	-33	0	0.124717288687073	0
0	0	-32	0	0.057844788572215	0
0	0	-31	8.80026990211108E-20	-0.020085126554419	0
0	0	-30	0	-0.113313420241785	0
0	0	-29	-1.05788891293906E-17	-0.226886382752944	0
0	0	-28	-3.38173036335067E-17	-0.364169254822666	0
0	0	-27	0	-0.525827608141442	0
0	0	-26	0	-0.709154145248267	0
0	0	-25	0	-0.909333660668953	0
0	0	-24	0	-1.12215332865808	0
0	0	-23	0	-1.34413772741634	0
0	0	-22	0	-1.57272005675387	0
0	0	-21	1.3161263136726E-20	-1.80609705664392	-2.33651567671578E-16
0	0	-20	0	-2.0430337386781	0
0	0	-19	0	-2.28257751752143	0
0	0	-18	1.19981899895307E-16	-2.5240207922571	0
0	0	-17	0	-2.76683496852592	0
0	0	-16	-1.36242131243731E-16	-3.01061240432766	0
0	0	-15	0	-3.25505854596398	0
0	0	-14	0	-3.4999536899695	0
0	0	-13	0	-3.74518256147212	0
0	0	-12	-1.60861731851658E-23	-3.99078739906812	0
0	0	-11	0	-4.23719902870629	0
0	0	-10	0	-4.48587298892949	0
0	0	-9	0	-4.74042375269005	0
0	0	-8	0	-5.00611942921737	0
0	0	-7	0	-5.28468036240453	0
0	0	-6	0	-5.56347480252074	0
0	0	-5	0	-5.81468715084637	0
0	0	-4	0	-6.01448606079593	0
0	0	-3	0	-6.1578428284038	0
0	0	-2	0	-6.2512406455249	0
0	0	-1	0	-6.30324016234695	0
0	0	0	0	-6.31991019778802	0
0	0	1	0	-6.3032804081472	0
0	0	2	0	-6.25127371048622	0
0	0	3	0	-6.15811838412558	0
0	0	4	6.1911085874221E-20	-6.01511053496953	1.64396621267946E-17
0	0	5	0	-5.81575787211241	0
0	0	6	0	-5.56496052952888	0
0	0	7	3.07732680484031E-20	-5.28505503182043	5.08566467020724E-17
0	0	8	-2.29729271861488E-16	-5.00512253949689	0
0	0	9	0	-4.73937994321941	0
0	0	10	0	-4.48546709743528	0
0	0	11	0	-4.23708955320033	0
0	0	12	0	-3.99074031855797	0
0	0	13	0	-3.74504375570274	0
0	0	14	0	-3.49972032460001	0
0	0	15	0	-3.25476106189152	0
0	0	16	0	-3.01028576287362	0
0	0	17	0	-2.76650169690046	0
0	0	18	1.36161851425242E-16	-2.52369812963902	0
0	0	19	4.18182531562296E-20	-2.2822780152155	4.60194417558145E-16
0	0	20	4.2323922598459E-21	-2.04275689617772	2.78643014372707E-16
0	0	21	5.90195185680157E-20	-1.80584398326425	6.86830873967619E-16
0	0	22	0	-1.57246350615332	0
0	0	23	0	-1.34387947153662	0
0	0	24	0	-1.12191573920226	0
0	0	25	0	-0.909161933277329	0
0	0	26	0	-0.709077742540204	0
0	0	27	0	-0.526249166538257	0
0	0	28	0	-0.364902560927927	0
0	0	29	0	-0.227599537350774	0
0	0	30	0	-0.113918321376696	0
0	0	31	1.05245061119026E-18	-2.03385820402449E-02	3.6546113914041E-16
0	0	32	0	5.77491885991568E-02	0
0	0	33	0	0.12464235534715	0
0	0	34	0	0.183591528845812	0
0	0	35	0	0.237077863731717	0
0	0	36	0	0.286824719771481	0
0	0	37	-6.3946556305804E-20	0.334188934872726	1.54677607787469E-16
0	0	38	-1.01448569928999E-19	0.380159049733574	1.97089482542497E-16
0	0	39	0	0.425545993138737	0
0	0	40	0	0.471017006778379	0
0	0	41	1.66556382802733E-17	0.517130576985449	-3.52909201172086E-17
0	0	42	0	0.564333775383132	0
0	0	43	3.42405582970197E-17	0.613018537221229	0
0	0	44	0	0.663459166278338	0
0	0	45	0	0.715808586608677	-1.35645453370556E-17
0	0	46	0	0.770067205341475	0
0	0	47	0	0.826029048388113	0
0	0	48	0	0.883243480082576	0
0	0	49	0	0.941023319918231	0
0	0	50	0	0.998356351583774	0
0	0	51	0	1.05412761286975	0
0	0	52	0	1.1073104311179	0
0	0	53	5.69025125717148E-17	1.15692331285951	5.66609465283845E-17
0	0	54	5.89776393373977E-17	1.20206576229528	3.47236234533232E-16
0	0	55	0	1.24198772608791	0
0	0	56	-4.07589937757776E-17	1.27649540709302	-8.21037405048201E-17
0	0	57	-4.17110083305132E-17	1.30576206580956	0
0	0	58	0	1.33019271095017	0
0	0	59	0	1.35028730765984	0
0	0	60	0	1.36663212320342	0
0	0	61	0	1.37980403262126	0
0	0	62	0	1.39037982306838	0
0	0	63	0	1.3988515529671	0
0	0	64	0	1.40562618399206	0
0	0	65	0	1.4110561898775	0
0	0	66	0	1.4154139406379	0
0	0	67	0	1.41891926328196	0
0	0	68	0	1.42174556544018	0
0	0	69	-6.46519085674193E-17	1.42402727757929	1.29250738807702E-16
0	0	70	0	1.4258675046686	0
0	0	71	0	1.42734459219698	0
0	0	72	0	1.42852012598864	0
0	0	73	0	1.42944284258661	0
0	0	74	0	1.43014895917676	0
0	0	75	0	1.43066352991215	0
0	0	76	0	1.43100538612204	0
0	0	77	1.46696080206606E-16	1.43118638398108	-7.38814769931805E-17
0	0	78	0	1.43121334690939	0
0	0	79	0	1.43108646029166	0
0	0	80	0	1.43080168718105	0
0	0	81	0	1.43034853132068	0
0	0	82	0	1.42971087705501	0
0	0	83	0	1.42886459720588	0
0	0	84	0	1.42777781256445	0
0	0	85	0	1.42640510604257	0
0	0	86	0	1.42468797748144	0
0	0	87	9.98705008095851E-20	1.42255113243288	-5.64801531924926E-17
0	0	88	0	1.41989379433885	0
0	0	89	0	1.41658099017813	0
0	0	90	4.51954257053105E-17	1.41243807454644	-2.57971865121454E-17
0	0	91	0	1.40725649806453	0
0	0	92	-8.05995098398372E-17	1.40075789688841	-2.04271180819305E-18
0	0	93	0	1.39261176932769	0
0	0	94	9.15460899986293E-20	1.38240901045615	-5.28259693592884E-17
0	0	95	4.37886652284975E-17	1.36967451642542	-4.35678852508514E-17
0	0	96	0	1.35385829465297	0
0	0	97	0	1.33444003950364	0
0	0	98	0	1.31102764011827	0
0	0	99	0	1.28313195534196	0
0	0	100	0	1.25021025576467	0
0	0	101	0	1.2120720560728	0
0	0	102	5.60215388204102E-17	1.16897963415445	0
0	0	103	0	1.12155907838824	0
0	0	104	0	1.07068002165626	0
0	0	105	0	1.01734772300872	-6.42894139168444E-17
0	0	106	3.49822014412826E-17	0.9626950132748	-5.55056095111021E-16
0	0	107	0	0.908222599347865	0
0	0	108	0	0.855082732589671	0
0	0	109	0	0.803729982323784	0
0	0	110	0	0.754580419951351	0
0	0	111	0	0.708058407934491	0
0	0	112	0	0.664357650564451	0
0	0	113	0	0.623499522972685	0
0	0	114	0	0.585394663801357	0
0	0	115	0	0.549901566046825	0
0	0	116	0	0.516849523204255	0
0	0	117	0	0.486060975223612	0
0	0	118	1.09872358038323E-20	0.457358937096956	-3.44597983805287E-17
0	0	119	0	0.430572449544228	0
0	0	120	0	0.405544900722216	0
0	0	121	0	0.382131608542332	0
0	0	122	0	0.360195455244143	0
0	0	123	0	0.339619137687131	0
0	0	124	0	0.32029860854121	0
0	0	125	0	0.302131338106967	0
0	0	126	0	0.285032691860625	0
0	0	127	0	0.268926023663092	0
0	0	128	0	0.253741457902614	0
0	0	129	0	0.239415304314577	0
0	0	130	0	0.225891082678847	0
0	0	131	0	0.213116490451775	0
0	0	132	0	0.201045584710635	0
0	0	133	0	0.189635228054956	0
0	0	134	0	0.178845773232723	0
0	0	135	-1.62658919105897E-17	0.168641181130369	0
0	0	136	-5.16998371888983E-21	0.158988294858123	-1.23934447522976E-18
0	0	137	0	0.149856008129528	0
0	0	138	0	0.141215325274001	0
0	0	139	-1.19359590890588E-22	0.13303891396945	0
0	0	140	0	0.125303094081143	0
0	0	141	6.71870032223594E-18	0.11798277053283	1.38517697568262E-17
0	0	142	0	0.111056134902264	0
0	0	143	7.98386801279191E-18	0.104502248639607	1.99596700319798E-18
0	0	144	0	9.83013962171627E-02	0
0	0	145	0	9.24348434194607E-02	0
0	0	146	0	8.68852018587588E-02	0
0	0	147	0	8.16355127901781E-02	0
0	0	148	0	7.66700674745997E-02	0
0	0	149	0	7.19734999282813E-02	0
0	0	150	0	6.75321718082529E-02	0
0	0	151	5.03194718546946E-22	6.33323110446426E-02	-5.06166079892333E-17
0	0	152	-2.86971104893463E-21	5.93610957259833E-02	0
0	0	153	0	5.56063582982914E-02	0
0	0	154	-2.18277027589285E-18	5.20566619623703E-02	4.54505096816396E-18
0	0	155	0	4.87010708852584E-02	0
0	0	156	0	4.55292154415337E-02	0
0	0	157	0	4.25311059432848E-02	0
0	0	158	0	3.96971671079154E-02	-4.18916799394571E-18
0	0	159	0	3.70197938540586E-02	0
0	0	160	0	3.44893767199498E-02	0
0	0	161	-6.50294322494316E-19	3.20983347725316E-02	-2.5494741499214E-18
0	0	162	0	2.98390706399592E-02	0
0	0	163	0	2.77046991468112E-02	0
0	0	164	0	2.56881500566654E-02	0
0	0	165	0	2.37832849583392E-02	0
0	0	166	0	2.19839393494205E-02	0
0	0	167	0	2.02843101502477E-02	-1.76726679020646E-18
0	0	168	0	1.86790739575827E-02	0
0	0	169	0	1.71631200738443E-02	0
0	0	170	0	1.57315478089177E-02	0
0	0	171	0	1.43797969155524E-02	0
0	0	172	0	1.31033846473807E-02	0
0	0	173	0	1.18982898200983E-02	0
0	0	174	0	1.07609456790418E-02	0
0	0	175	0	9.68721544824483E-03	0
0	0	176	0	8.67384749343018E-03	0
0	0	177	-2.43828123551414E-22	7.7175110123086E-03	-6.95527066580377E-19
0	0	178	0	6.81513945280264E-03	0
0	0	179	0	5.96373927916222E-03	0
0	0	180	0	5.16059612600878E-03	0
0	0	181	0	4.40312408414038E-03	0
0	0	182	0	3.68876141199733E-03	0
0	0	183	0	3.01519789579514E-03	0
0	0	184	0	2.38024012299706E-03	0
0	0	185	5.27252993579601E-23	1.78181979159053E-03	-4.93779160805198E-20
0	0	186	0	1.21793170199551E-03	0
0	0	187	0	6.86663716501581E-04	0
0	0	188	4.94573581808828E-21	1.86291923526398E-04	-4.20458109534495E-18
0	0	189	0	-2.84683228719116E-04	0
0	0	190	7.63344902754026E-23	-7.28070261964401E-04	-8.75264615298089E-19
0	0	191	-3.39064301048955E-22	-1.14528132942984E-03	0
0	0	192	-4.1647937847208E-23	-1.53772305578807E-03	0
0	0	193	8.02094044013775E-20	-1.90672082356088E-03	-5.61721189285443E-18
0	0	194	0	-2.25354168665499E-03	0
0	0	195	0	-2.57936018058706E-03	0
0	0	196	0	-2.88534192340761E-03	0
0	0	197	0	-3.1724698824384E-03	0
0	0	198	0	-3.44183522265796E-03	0
0	0	199	0	-3.69434511885932E-03	0
0	0	200	0	-3.93096307869027E-03	0
0	0	201	0	-4.15245981081584E-03	0
0	0	202	1.03706879583304E-22	-4.35967459765027E-03	-3.68688501494298E-19
0	0	203	-1.81117301654457E-19	-4.55335927264406E-03	-2.25216054794377E-18
0	0	204	0	-4.73420781946723E-03	0
0	0	205	0	-4.90300844042963E-03	0
0	0	206	0	-0.005060315602922	0
0	0	207	0	-5.20676051491632E-03	0
0	0	208	0	-5.34296077638955E-03	0
0	0	209	0	-5.4694180206852E-03	0
0	0	210	0	-5.58664645001265E-03	0
0	0	211	1.90997685127693E-19	-5.69517237774928E-03	0
0	0	212	-1.95328532216122E-19	-5.79545356258964E-03	-2.85338473384535E-19
0	0	213	0	-5.88792026947958E-03	0
0	0	214	-1.11840767440642E-19	-5.97300825658258E-03	4.49981668708607E-19
0	0	215	0	-6.0511010271503E-03	0
0	0	216	-3.56835021554143E-22	-6.12257021460817E-03	3.92473916042628E-19
0	0	217	0	-6.18775513534073E-03	0
0	0	218	0	-6.24705393398436E-03	0
0	0	219	0	-6.30072589131949E-03	0
0	0	220	0	-6.34908881324959E-03	0
0	0	221	0	-6.39242400347478E-03	0
0	0	222	0	-6.43106506541029E-03	0
0	0	223	0	-6.46519133110648E-03	0
0	0	224	0	-6.49511476798681E-03	0
0	0	225	0	-6.52102823858377E-03	0
0	0	226	0	-6.54315433030942E-03	0
0	0	227	0	-6.56172167266726E-03	0
0	0	228	0	-6.57689394559307E-03	0
0	0	229	0	-6.58885615106143E-03	0
0	0	230	1.54377529769613E-19	-6.59784550206488E-03	6.17278218390978E-19
0	0	231	0	-6.60399473081372E-03	-6.17278218390978E-19
0	0	232	-5.08113764929359E-24	-6.60748281946127E-03	4.7052603474524E-19
0	0	233	0	-6.60836858308321E-03	0
0	0	234	0	-6.60692662949564E-03	0
0	0	235	0	-6.60322666258615E-03	0
0	0	236	0	-6.5973963732282E-03	0
0	0	237	0	-6.58954841861863E-03	0
0	0	238	0	-6.5798769336441E-03	0
0	0	239	0	-6.56838550302017E-03	0
0	0	240	0	-6.55531323803516E-03	0
0	0	241	0	-6.54066997401719E-03	0
0	0	242	0	-6.52459361046053E-03	0
0	0	243	0	-6.50716423899723E-03	0
0	0	244	0	-6.4883736100552E-03	0
0	0	245	0	-6.46841196357266E-03	0
0	0	246	0	-6.44732918283435E-03	0
0	0	247	0	-6.42513476715904E-03	0
0	0	248	0	-6.40198851012538E-03	0
0	0	249	0	-6.37799924743747E-03	0
0	0	250	0	-6.35312242073036E-03	0
0	0	251	0	-6.32744539900538E-03	0
0	0	252	0	-6.30103986401857E-03	0
0	0	253	0	-6.27393649370201E-03	0
0	0	254	0	-6.2462298793579E-03	0
0	0	255	0	-6.21791809329967E-03	0
0	0	256	0	-6.18907242718106E-03	0
0	0	257	0	-6.15974075187324E-03	0
0	0	258	0	-6.12992347148467E-03	0
0	0	259	0	-6.09969047637951E-03	0
0	0	260	0	-6.06910949550946E-03	0
0	0	261	0	-6.0381898263375E-03	0
0	0	262	0	-6.0069370321458E-03	0
0	0	263	0	-5.9753489175164E-03	0
0	0	264	2.12780218315354E-22	-5.94360458071483E-03	4.05843523726763E-19
0	0	265	8.96951703324172E-23	-5.91150258333934E-03	4.05843523726763E-19
0	0	266	-4.97575867516836E-23	-5.87928844659718E-03	4.05843523726763E-19
0	0	267	-1.892103438358E-22	-5.84696217048836E-03	4.05843523726763E-19
0	0	268	-3.28663100919916E-22	-5.81452375501285E-03	4.05843523726763E-19
0	0	269	-2.3405792900201E-22	-5.78197320017068E-03	4.05843523726763E-19
0	0	270	0	-5.7492579565976E-03	1.10586808069644E-18
0	0	271	0	-5.71647705221229E-03	2.01891149698891E-19
0	0	272	0	-5.68357564121545E-03	6.55463739619199E-19
0	0	273	1.9963348532718E-19	-5.65064017703529E-03	0
0	0	274	0	-5.61766323068533E-03	0
0	0	275	0	-5.58468387560125E-03	0
0	0	276	0	-5.55175353692216E-03	0
0	0	277	0	-5.51887221464804E-03	0
0	0	278	0	-5.4860399087789E-03	0
0	0	279	0	-5.45325661931473E-03	0
0	0	280	0	-5.42052234625553E-03	0
0	0	281	0	-5.38783708960131E-03	0
0	0	282	0	-5.35520084935207E-03	0
0	0	283	-1.91104958879303E-19	-5.32262942786563E-03	3.64511115703905E-19
0	0	284	-1.9007313726829E-19	-5.29025739179875E-03	3.63277525153785E-19
0	0	285	-1.89045263147036E-19	-5.25799509593813E-03	3.62043934603664E-19
0	0	286	0	-5.22581324650825E-03	0
0	0	287	0	-5.19375079521217E-03	0
0	0	288	0	-5.16184528556668E-03	0
0	0	289	0	-5.13009671757177E-03	0
0	0	290	0	-5.09850509122743E-03	0
0	0	291	0	-5.06707040653368E-03	0
0	0	292	0	-5.03579266349051E-03	0
0	0	293	0	-5.00467186209792E-03	0
0	0	294	0	-4.97370800235592E-03	0
0	0	295	0	-4.94290108426449E-03	0
0	0	296	0	-4.91225110782365E-03	0
0	0	297	0	-4.88175807303338E-03	0
0	0	298	5.92678562896584E-19	-4.85161950304341E-03	1.98827594512021E-18
0	0	299	5.87647599343625E-19	-4.82156453159415E-03	1.07936017746061E-18
0	0	300	5.84475108359379E-19	-4.79171775498241E-03	1.16895021671876E-18
0	0	301	5.81191807141187E-19	-4.76207917320817E-03	1.55574343267669E-18
0	0	302	5.76684001722384E-19	-4.73264878627145E-03	1.07936017746061E-18
0	0	303	5.73415175010423E-19	-4.70342659417225E-03	1.07936017746061E-18
0	0	304	5.70166681093632E-19	-4.67441259691056E-03	1.14033336218726E-18
0	0	305	5.66098304750426E-19	-4.64560679448637E-03	1.07936017746061E-18
0	0	306	5.628895015453E-19	-4.61700918689971E-03	1.07936017746061E-18
0	0	307	5.59956117825707E-19	-4.58861977415055E-03	2.08975387070942E-18
0	0	308	5.56230299055345E-19	-4.56043855623891E-03	1.07936017746061E-18
0	0	309	5.52864603707747E-19	-4.53246553316478E-03	1.31816401218297E-18
0	0	310	5.49438043097734E-19	-4.50470070492816E-03	1.67882915626025E-18
0	0	311	5.46201598374503E-19	-4.47714407152906E-03	1.07936017746061E-18
0	0	312	0	-4.44981457366712E-03	0
0	0	313	0	-4.42270449932681E-03	0
0	0	314	0	-4.39581172412297E-03	0
0	0	315	6.80316844029256E-23	-4.36920867087233E-03	5.52953196405902E-19
0	0	316	7.2001057948188E-23	-4.34272522624432E-03	5.9838117245219E-19
0	0	317	7.56012106539805E-23	-4.31645515164634E-03	6.43002399106104E-19
0	0	318	-3.37852039372729E-23	-4.29039844707842E-03	0
0	0	319	8.16938535471548E-23	-4.26455511254053E-03	7.29824604236808E-19
0	0	320	8.41863437345362E-23	-4.23892514803269E-03	7.72025582713598E-19
0	0	321	8.63096130824475E-23	-4.21350855355489E-03	8.13419811798012E-19
0	0	322	8.80636615908887E-23	-4.18830532910714E-03	8.54007291490053E-19
0	0	323	8.47406740356568E-23	-4.16331547468942E-03	8.4674654695868E-19
0	0	324	0	-4.13853899030176E-03	0
0	0	325	4.33859438473302E-24	-4.11397587594413E-03	4.62347254386631E-20
0	0	326	8.30796792999572E-24	-4.08962613161655E-03	9.16627014849515E-20
0	0	327	1.19081206357882E-23	-4.06548975731901E-03	1.36283928138865E-19
0	0	328	8.70495518871339E-23	-4.04156675305152E-03	1.03556583105232E-18
0	0	329	8.64036649390181E-23	-4.01785711881407E-03	1.07090943969393E-18
0	0	330	0	-0.003994413315643	0
0	0	331	0	-3.97116058417422E-03	0
0	0	332	1.38707817469111E-22	-3.94810590276677E-03	1.25547666186111E-18
0	0	333	6.36882133767206E-23	-3.9252513994863E-03	8.08526360125651E-19
0	0	334	1.11581765420941E-22	-3.90259351462954E-03	1.2027177524785E-18
0	0	335	1.04713645322081E-22	-3.88013224819647E-03	1.22638024665023E-18
0	0	336	4.66911273032049E-23	-3.8578676001871E-03	7.90819099483721E-19
0	0	337	4.10254319453555E-23	-3.83579957060143E-03	7.84953875937045E-19
0	0	338	6.79994934375473E-23	-3.81392815943947E-03	1.16527091138696E-18
0	0	339	2.96940412296899E-23	-3.7922533667012E-03	7.73279223844643E-19
0	0	340	2.21800115740057E-23	-3.77077519238663E-03	7.35870688170235E-19
0	0	341	1.69501389359904E-23	-3.74949363649576E-03	7.30370456921441E-19
0	0	342	1.36736440143418E-23	-3.7284086990286E-03	7.86924642410532E-19
0	0	343	7.03125979832296E-24	-3.70752037998513E-03	7.50153099663638E-19
0	0	344	1.3655644404736E-24	-3.68682867936536E-03	7.44418064452512E-19
0	0	345	0	-3.66633359716929E-03	3.46802167515508E-19
0	0	346	-9.19922425402386E-24	-3.64603513339692E-03	7.03148275682221E-19
0	0	347	-1.44290968920381E-23	-3.62593328804824E-03	6.97759634435327E-19
0	0	348	-9.94631879767039E-24	-3.6060210357844E-03	7.0319203688995E-19
0	0	349	1.53042744456809E-23	-3.5862848028057E-03	6.96960498511169E-19
0	0	350	4.05548676890322E-23	-3.56672424653386E-03	6.90728960132388E-19
0	0	351	6.5805460932382E-23	-3.54733936696888E-03	6.84497421753607E-19
0	0	352	6.44980383744904E-23	-3.52813016411076E-03	4.80438334057168E-19
0	0	353	1.16306647419124E-22	-3.50909663795949E-03	6.72034344996044E-19
0	0	354	1.41557240662475E-22	-3.49023878851508E-03	6.65802806617263E-19
0	0	355	1.73758160318566E-22	-3.47155661577753E-03	6.87053404415085E-19
0	0	356	1.92058427149174E-22	-3.45305011974684E-03	6.533397298597E-19
0	0	357	2.17309020392564E-22	-3.43471930042301E-03	6.47108191480919E-19
0	0	358	2.42559613635915E-22	-3.41656415780604E-03	6.40876653102137E-19
0	0	359	2.67810206879264E-22	-3.39858469189592E-03	6.34645114723356E-19
0	0	360	3.90747733496851E-22	-3.38078090269267E-03	8.37884768459433E-19
0	0	361	2.12207595577321E-22	-3.36315279019627E-03	4.14788025310529E-19
0	0	362	1.14520662203117E-22	-3.34570035440673E-03	2.05316833195671E-19
0	0	363	1.22937526617567E-22	-3.32842359532404E-03	2.03239653736077E-19
0	0	364	2.62708782064048E-22	-3.31132251294822E-03	4.02324948552966E-19
0	0	365	2.79542510892949E-22	-3.29439710727926E-03	3.98170589633778E-19
0	0	366	3.14899754704465E-22	-3.27764737831715E-03	4.18642245134253E-19
0	0	367	3.13209968550749E-22	-3.2610733260619E-03	3.89861871795403E-19
0	0	368	3.30043697379676E-22	-3.24467495051351E-03	3.85707512876216E-19
0	0	369	3.46877426208577E-22	-3.22845225167198E-03	3.81553153957028E-19
0	0	370	3.63711155037477E-22	-3.21240522953731E-03	3.77398795037841E-19
0	0	371	0	-3.19611365632173E-03	0
0	0	372	0	-3.18035979258073E-03	0
0	0	373	0	-3.16477961285147E-03	0
0	0	374	0	-3.14937311713396E-03	0
0	0	375	0	-3.13358395652982E-03	0
0	0	376	0	-3.11833857099693E-03	0
0	0	377	0	-3.1032240495079E-03	0
0	0	378	0	-3.08824039206272E-03	0
0	0	379	0	-3.0733875986614E-03	0
0	0	380	0	-3.05866129394635E-03	1.83173077950172E-19
0	0	381	9.02638041571835E-22	-3.04405909027235E-03	1.64583695710745E-19
0	0	382	-4.78284933731242E-22	-3.0295905602973E-03	6.12666940376928E-19
0	0	383	-7.71359226487526E-22	-3.0152557040212E-03	9.28229967480368E-19
0	0	384	0	-3.00105452144403E-03	1.79723199452377E-19
0	0	385	-3.2004020570162E-22	-2.98698701256581E-03	5.45704281093816E-19
0	0	386	-6.15472504136883E-22	-2.97305317738654E-03	9.5659178586648E-19
0	0	387	0	-2.9592530159062E-03	1.77219845959962E-19
0	0	388	-2.21581094388403E-22	-2.94558652812481E-03	5.32718020808124E-19
0	0	389	1.61795477672E-22	-2.93205371404236E-03	1.64583695710745E-19
0	0	390	0	-2.91865457365886E-03	1.74788539936916E-19
0	0	391	-1.40710837800212E-22	-2.9053891069743E-03	5.69205192684252E-19
0	0	392	1.03202604918992E-22	-2.89225731398868E-03	1.64583695710745E-19
0	0	393	0	-0.002879259194702	1.7242928138324E-19
0	0	394	2.11396043673961E-23	-2.86639474911427E-03	1.64583695710745E-19
0	0	395	8.15683200910621E-24	-2.85366397722548E-03	5.0269693141128E-19
0	0	396	8.19530715603614E-23	-2.84106687903563E-03	8.26738380605238E-19
0	0	397	0	-2.82860345454473E-03	1.69395677152914E-19
0	0	398	1.21846792368371E-22	-2.81627370375277E-03	5.3584990651047E-19
0	0	399	0	-2.80407762665975E-03	1.67926906683997E-19
0	0	400	0	-2.79201522326568E-03	1.672045293611E-19
0	0	401	2.05075054635541E-22	-2.78008649357055E-03	4.7727677477173E-19
0	0	402	-2.71879723893267E-22	-2.76829143757436E-03	1.64583695710745E-19
0	0	403	-2.75065052764867E-22	-2.75737785324838E-03	-3.51991180433312E-19
0	0	404	-1.17224168061077E-22	-2.7457834208165E-03	-3.51991180433312E-19
0	0	405	-1.16563313508616E-22	-2.73428827722257E-03	-3.51991180433312E-19
0	0	406	-2.70439070897698E-22	-2.72289242246659E-03	-3.51991180433312E-19
0	0	407	1.34448538471003E-22	-2.71159585654855E-03	-3.16177537114397E-20
0	0	408	1.33677541493133E-22	-2.70039857946847E-03	-3.29414500053682E-20
0	0	409	0	-2.68930059122633E-03	-3.38316325190254E-19
0	0	410	0	-2.67830189182215E-03	-3.36932679354442E-19
0	0	411	1.3136455055955E-22	-2.66740248125591E-03	-3.69874826139285E-20
0	0	412	0	-2.65660235952762E-03	-3.34202859546206E-19
0	0	413	0	-2.64590152663728E-03	-3.32856685573781E-19
0	0	414	-1.47487496715363E-22	-2.63529998258489E-03	-3.51991180433312E-19
0	0	415	-2.5656112529615E-22	-2.62479772737045E-03	-3.51991180433312E-19
0	0	416	-2.55019131340409E-22	-2.61439476099396E-03	-3.51991180433312E-19
0	0	417	0	-2.60409108345542E-03	-3.27596895895375E-19
0	0	418	0	-2.59388642108228E-03	-6.91719529663032E-19
0	0	419	1.29292769193759E-22	-2.5837794582421E-03	-3.73292403087659E-19
0	0	420	0	-2.57377002347568E-03	-6.91719529663032E-19
0	0	421	1.4996663410836E-22	-2.56385811678303E-03	-3.34873152954845E-19
0	0	422	0	-2.55404373816415E-03	-6.91719529663032E-19
0	0	423	1.33148840495869E-22	-2.54432688761905E-03	-3.74101544565842E-19
0	0	424	1.53271838081607E-22	-2.53470756514771E-03	-3.36740660679303E-19
0	0	425	0	-2.52518577075014E-03	-6.91719529663032E-19
0	0	426	1.36040893972461E-22	-2.51576150442634E-03	-3.7496605209961E-19
0	0	427	0	-2.50643476617632E-03	-6.91719529663032E-19
0	0	428	0	-2.49720555600006E-03	-6.28301209397621E-19
0	0	429	0	-2.48807387389757E-03	-6.91719529663032E-19
0	0	430	0	-2.47904387972462E-03	0
0	0	431	0	-2.47020517097772E-03	0
0	0	432	0	-2.46144074372819E-03	0
0	0	433	0	-2.45275059797604E-03	0
0	0	434	0	-2.44413473372126E-03	0
0	0	435	0	-2.43559315096385E-03	0
0	0	436	0	-2.42712584970381E-03	0
0	0	437	0	-2.41873282994115E-03	0
0	0	438	0	-2.41041409167586E-03	0
0	0	439	0	-2.40216963490795E-03	0
0	0	440	0	-2.39399945963741E-03	0
0	0	441	0	-2.38590356586424E-03	0
0	0	442	0	-2.37788195358844E-03	0
0	0	443	0	-2.36993462281002E-03	0
0	0	444	0	-2.36206157352897E-03	0
0	0	445	0	-2.3542628057453E-03	0
0	0	446	0	-2.34653831945899E-03	0
0	0	447	0	-2.33888811467007E-03	0
0	0	448	0	-2.33131219137851E-03	0
0	0	449	0	-2.32381054958433E-03	0
0	0	450	0	-2.31638318928752E-03	0
0	0	451	0	-2.30903011048808E-03	0
0	0	452	0	-2.30175131318602E-03	0
0	0	453	0	-2.29454679738133E-03	0
0	0	454	0	-2.28741656307401E-03	0
0	0	455	0	-2.28036061026407E-03	0
0	0	456	0	-2.2733789389515E-03	0
0	0	457	0	-2.2664715491363E-03	0
0	0	458	-1.35679048052882E-19	-2.25990948135889E-03	0
0	0	459	-1.35270108254785E-19	-2.25309806176031E-03	0
0	0	460	-1.35283389895119E-19	-2.24635808868579E-03	0
0	0	461	-1.34174553483091E-19	-2.23968956213533E-03	1.74219562349593E-19
0	0	462	-1.34315193228441E-19	-2.23309248210893E-03	0
0	0	463	-1.33677243684732E-19	-2.22656684860659E-03	0
0	0	464	-1.33289751197802E-19	-2.22011266162831E-03	0
0	0	465	-1.32916592278794E-19	-2.21372992117409E-03	1.6671300344122E-19
0	0	466	0	-2.20751235278537E-03	0
0	0	467	0	-2.2013923494167E-03	0
0	0	468	0	-2.19532795335267E-03	0
0	0	469	0	-2.18931916459327E-03	0
0	0	470	0	-2.1833659831385E-03	0
0	0	471	0	-2.17746840898836E-03	0
0	0	472	0	-2.17162644214285E-03	0
0	0	473	0	-2.16584008260198E-03	0
0	0	474	0	-2.16010933036574E-03	0
0	0	475	0	-2.15443418543413E-03	0
0	0	476	0	-2.14881464780715E-03	0
0	0	477	0	-2.1432507174848E-03	0
0	0	478	0	-2.13774239446709E-03	0
0	0	479	0	-2.13228967875401E-03	0
0	0	480	0	-2.12689257034556E-03	0
0	0	481	0	-2.12155106924174E-03	0
0	0	482	0	-2.11626517544256E-03	0
0	0	483	0	-0.002111034888948	0
0	0	484	0	-2.10586020975808E-03	0
0	0	485	0	-2.10074113787279E-03	0
0	0	486	0	-2.09567767329214E-03	0
0	0	487	0	-2.09066981601611E-03	0
0	0	488	0	-2.08571756604472E-03	0
0	0	489	0	-2.08082092337796E-03	0
0	0	490	0	-2.07597988801583E-03	0
0	0	491	0	-2.07119445995833E-03	0
0	0	492	0	-2.06646463920547E-03	0
0	0	493	0	-2.06179042575724E-03	0
0	0	494	0	-2.05717181961363E-03	0
0	0	495	0	-2.05260882077467E-03	0
0	0	496	0	-2.04810142924033E-03	0
0	0	497	0	-2.04364964501063E-03	0
0	0	498	0	-2.03925346808555E-03	0
0	0	499	0	-2.03491289846512E-03	0
0	0	500	0	-2.03062793614931E-03	0
0	0	501	0	-2.02639858113813E-03	0
0	0	502	0	-2.02222483343159E-03	0
0	0	503	0	-2.01810669302968E-03	0
0	0	504	0	-2.0140441599324E-03	0
0	0	505	0	-2.01003723413975E-03	0
0	0	506	0	-2.00608591565173E-03	0
0	0	507	0	-2.00219020446835E-03	0
0	0	508	0	-1.9983501005896E-03	0
0	0	509	0	-1.99456560401548E-03	0
0	0	510	0	-1.99083671474599E-03	0
0	0	511	0	-1.98716343278114E-03	0
0	0	512	0	-1.98354575812092E-03	0
0	0	513	0	-1.97998369076533E-03	0
0	0	514	0	-1.97647723071437E-03	0
0	0	515	0	-1.97302637796804E-03	0
0	0	516	0	-1.96956012179029E-03	0
0	0	517	0	-1.9660993438725E-03	0
0	0	518	0	-1.96269046637133E-03	0
0	0	519	0	-1.9593334892868E-03	0
0	0	520	0	-1.95602841261889E-03	0
0	0	521	0	-1.95277523636762E-03	0
0	0	522	0	-1.94956809636181E-03	1.80376141053134E-19
0	0	523	0	-1.94639080935275E-03	8.30117154236391E-20
0	0	524	0	-1.94325775754579E-03	1.75388353619605E-19
0	0	525	0	-1.94016894094094E-03	2.53578541190833E-19
0	0	526	0	-1.93712435953819E-03	2.61280868151983E-19
0	0	527	0	-1.93412401333755E-03	1.67906672469311E-19
0	0	528	0	-1.93159762390007E-03	0
0	0	529	0	-1.9287561735103E-03	0
0	0	530	0	-1.92595569368148E-03	0
0	0	531	0	-1.92319618441362E-03	0
0	0	532	0	-1.92047764570671E-03	0
0	0	533	0	-1.91780007756077E-03	0
0	0	534	0	-1.91516347997578E-03	0
0	0	535	0	-1.91256785295174E-03	0
0	0	536	0	-1.91001319648867E-03	0
0	0	537	0	-1.90749951058655E-03	0
0	0	538	0	-1.90502679524539E-03	0
0	0	539	0	-1.90259505046519E-03	0
0	0	540	0	-1.90020427624594E-03	0
0	0	541	0	-1.89785447258765E-03	0
0	0	542	0	-1.89554563949032E-03	0
0	0	543	0	-1.89327777695394E-03	0
0	0	544	0	-1.89105088497852E-03	0
0	0	545	0	-1.88886496356406E-03	0
0	0	546	0	-1.88672001271056E-03	0
0	0	547	0	-1.88461603241801E-03	0
0	0	548	0	-1.88255302268642E-03	0
0	0	549	0	-1.88053098351579E-03	0
0	0	550	0	-1.87854991490611E-03	0
0	0	551	0	-1.87660981685739E-03	0
0	0	552	0	-1.87471068936963E-03	0
0	0	553	0	-1.87285253244283E-03	0
0	0	554	0	-1.87103534607698E-03	0
0	0	555	0	-1.86925913027209E-03	0
0	0	556	0	-1.86752388502816E-03	0
0	0	557	0	-1.86582961034518E-03	0
0	0	558	0	-1.86417630622316E-03	0
0	0	559	0	-1.8625639726621E-03	0
0	0	560	0	-0.001860992609662	0
0	0	561	0	-1.85946221722285E-03	0
0	0	562	0	-1.85797279534466E-03	0
0	0	563	0	-1.85652434402742E-03	0
0	0	564	0	-1.85511686327115E-03	0
0	0	565	0	-1.85375035307583E-03	0
0	0	566	0	-1.85242481344147E-03	0
0	0	567	0	-1.85114024436806E-03	0
0	0	568	0	-1.84989664585561E-03	0
0	0	569	0	-1.84869401790412E-03	0
0	0	570	0	-1.84753236051359E-03	0
0	0	571	0	-1.84641167368401E-03	0
0	0	572	0	-1.84533195741539E-03	0
0	0	573	0	-1.84429321170773E-03	0
0	0	574	0	-1.84329543656103E-03	0
0	0	575	0	-1.84233863197528E-03	0
0	0	576	0	-1.84142279795049E-03	0
0	0	577	0	-1.84054793448665E-03	0
0	0	578	0	-1.83971404158378E-03	0
0	0	579	0	-1.83890057523762E-03	0
0	0	580	0	-1.83810897728836E-03	0
0	0	581	0	-1.83735624606053E-03	0
0	0	582	0	-1.83664238155414E-03	0
0	0	583	0	-1.83596738376917E-03	0
0	0	584	0	-1.83533125270564E-03	0
0	0	585	0	-1.83473398836353E-03	0
0	0	586	0	-1.83417559074286E-03	0
0	0	587	0	-1.83365605984362E-03	0
0	0	588	0	-1.8331753956658E-03	0
0	0	589	0	-1.83273359820942E-03	0
0	0	590	0	-1.83233066747447E-03	0
0	0	591	0	-1.83196660346094E-03	0
0	0	592	0	-1.83164140616885E-03	0
0	0	593	0	-1.83135507559818E-03	0
0	0	594	0	-1.83110761174895E-03	0
0	0	595	0	-1.83089901462115E-03	0
0	0	596	0	-1.83072928421478E-03	0
0	0	597	0	-1.83059842052983E-03	0
0	0	598	0	-1.83050642356632E-03	0
0	0	599	0	-1.83045329332424E-03	0
0	0	600	0	-1.83079962107547E-03	-2.10776535225918E-07
