fieldmap_name:     	SWLS Sirius
timestamp:         	2022-08-15_16-13-38
filename:          	2022-08-15_SWLS_Sirius_Model8.0_longshift_X=-10_10mm.txt
MagNet_file:       	SWLS_Sirius_Model8.0_longshift.mn
nr_magnets:        	1

magnet_name:       	SWLS
gap[mm]:           	
control_gap[mm]:   	--
magnet_length[mm]: 	
current_main[A]:   	--
NI_main[A.esp]:    	--
center_pos_z[mm]:  	0
center_pos_x[mm]:  	0
rotation[deg]:     	0

X[mm]	Y[mm]	Z[mm]	Bx	By	Bz [T]
------------------------------------------------------------------------------------------------------------------------------------------------------------------
-10	0	0	-9.40597116970294E-04	-6.27541140571523	-0.333960619484726
-9	0	0	-8.5728779936883E-04	-6.28382393965058	-0.334916876713184
-8	0	0	-7.35925044126948E-04	-6.29141936028702	-0.336083690493028
-7	0	0	-6.81143653254836E-04	-6.29680654314357	-0.336789119754451
-6	0	0	-7.44847649424349E-04	-6.30133202360552	-0.337406962501132
-5	0	0	-5.90636821266567E-04	-6.30512691000166	-0.338094411101884
-4	0	0	-6.18842162777157E-04	-6.30828541880043	-0.338666860361334
-3	0	0	4.67284734201116E-04	-6.31072917261138	-0.337690183845686
-2	0	0	-5.87182036798719E-04	-6.31205276664821	-0.339026244202892
-1	0	0	-4.97477257970136E-04	-6.31286856028059	-0.339336259857566
0	0	0	-5.08084566255092E-04	-6.31305118864661	-0.33937011871726
1	0	0	-4.62779506134315E-04	-6.31314919795612	-0.339282395421849
2	0	0	-4.5774567254967E-04	-6.31227017802704	-0.339100316612878
3	0	0	-4.60603217610341E-04	-6.31043991470449	-0.338910273570787
4	0	0	-4.97516978401626E-04	-6.30811456965097	-0.338398843843857
5	0	0	-5.38872480829392E-04	-6.30526314832488	-0.337943491026265
6	0	0	-5.53782653395868E-04	-6.30137310848978	-0.337492772385625
7	0	0	-6.49425055370026E-04	-6.29653760304102	-0.336607221010261
8	0	0	-4.21437362810899E-04	-6.29092297144781	-0.335182802116078
9	0	0	-7.86296379996896E-04	-6.28365805657348	-0.334641225937414
10	0	0	-8.21845925630592E-04	-6.27512847670631	-0.333238761118677
